0,1,10,11,12,13,14,15,16,17,18,19,2,20,21,22,23,24,25,26,27,28,29,3,30,31,32,33,34,35,36,37,38,39,4,40,41,42,43,44,45,46,47,48,49,5,50,51,52,53,54,55,56,57,58,59,6,60,61,62,63,7,8,9,chain_break_fraction,energy,num_occurrences
0,0,1,1,0,0,0,0,1,1,1,0,1,1,1,0,0,0,1,0,1,0,1,0,0,1,1,0,0,0,0,1,0,0,0,0,1,1,1,0,1,1,0,1,1,1,0,0,1,1,0,1,1,0,1,1,0,0,1,1,0,1,1,0,0.015625,-256.1882458952831,1
1,0,0,1,0,1,0,0,0,0,0,0,0,1,1,1,0,1,0,1,1,1,0,1,1,0,0,0,1,1,0,1,1,0,0,0,0,1,1,1,1,1,0,1,1,1,0,0,0,1,1,0,1,0,1,0,1,1,1,0,0,0,1,0,0.0,-256.18093609446646,1
1,1,0,0,0,1,0,1,0,1,1,0,1,0,1,0,0,1,1,1,0,0,0,0,1,1,1,0,0,1,1,1,1,1,0,0,0,1,1,0,1,1,0,1,1,1,0,0,0,0,1,1,1,0,0,1,0,0,0,1,0,1,0,0,0.0,-256.1785917022717,1
1,0,1,0,0,1,0,0,0,0,0,0,1,1,1,0,0,1,1,1,0,1,0,1,0,1,1,0,0,0,1,1,0,0,1,0,0,1,1,1,1,0,1,0,1,1,0,0,1,0,1,1,0,1,0,0,1,1,0,0,0,1,1,1,0.015625,-256.17045588574655,1
1,0,1,0,1,1,0,0,0,1,0,1,0,1,1,0,1,1,0,0,0,1,0,1,0,1,1,0,1,0,0,0,0,0,0,0,0,1,1,1,0,1,1,1,1,1,0,0,1,1,0,1,1,1,0,0,0,0,1,1,1,1,0,0,0.015625,-256.1692950026189,1
1,0,0,0,1,1,1,1,1,0,0,0,0,1,1,0,0,1,1,1,1,0,0,1,0,1,1,0,0,1,0,0,1,0,1,0,0,1,1,0,0,1,1,1,1,0,0,0,0,1,1,1,1,0,1,0,0,1,1,0,0,1,0,0,0.015625,-256.16832244981896,1
0,0,0,0,1,0,1,0,0,1,1,0,0,1,1,0,0,1,1,1,0,1,0,0,1,1,1,0,1,1,0,0,0,0,1,1,0,1,1,0,1,1,0,1,1,1,0,0,1,1,1,1,0,0,0,0,0,0,0,0,1,1,1,1,0.0,-256.16805651509407,1
1,0,1,0,1,1,0,1,0,0,1,0,1,0,0,1,0,1,0,1,0,1,0,0,1,1,0,0,0,1,1,1,1,1,0,0,0,1,0,0,1,0,1,0,1,1,0,0,0,0,0,1,1,0,1,0,1,1,1,1,0,1,1,0,0.0,-256.1678505092427,1
1,0,0,0,0,0,1,0,0,1,0,0,1,1,1,0,0,1,1,1,0,1,0,1,0,1,0,1,1,1,0,0,1,0,1,1,0,1,0,1,1,1,1,0,0,1,0,0,1,0,1,1,1,0,0,0,1,0,1,0,1,1,0,0,0.015625,-256.1674473136993,1
0,0,1,0,1,1,0,0,1,1,1,1,1,0,0,0,0,1,1,1,1,1,0,1,0,0,1,1,0,0,0,1,1,0,0,1,0,0,1,0,1,1,1,0,1,0,0,0,1,0,0,1,1,0,0,0,0,1,0,1,1,0,1,1,0.046875,-256.1651673928384,1
0,0,1,0,1,1,1,0,1,1,0,0,1,1,0,0,1,1,1,1,1,1,0,1,0,0,0,0,1,1,0,0,0,1,1,0,1,0,0,0,1,1,0,1,0,0,0,0,1,0,1,1,0,0,1,0,1,0,1,1,1,1,0,0,0.0,-256.1635454756613,1
0,0,1,0,1,0,0,0,0,1,0,1,0,0,1,0,0,1,1,1,0,0,0,1,0,1,0,0,1,1,1,1,0,0,0,1,0,1,1,1,1,0,0,0,1,1,1,1,0,1,0,0,0,0,1,0,1,1,1,0,1,1,1,1,0.0,-256.1621698364834,1
0,0,1,1,0,0,0,1,0,1,1,0,1,1,1,0,0,1,0,1,1,0,0,0,1,1,1,1,0,1,0,0,0,0,1,0,0,1,1,0,1,0,0,1,1,1,0,0,0,0,1,1,1,1,0,1,1,1,1,0,0,0,1,0,0.03125,-256.16073914199137,1
1,1,0,0,1,0,0,0,0,1,1,0,0,1,0,0,0,1,1,1,1,0,1,1,0,1,0,0,1,0,1,1,0,0,0,0,1,1,1,1,1,0,1,0,1,1,0,0,1,1,0,1,0,0,0,0,1,1,1,1,0,1,0,0,0.03125,-256.15823363338313,1
0,0,1,0,1,0,0,1,0,1,0,0,1,1,1,0,0,0,0,1,1,1,1,0,1,1,0,0,1,0,0,1,0,0,1,0,0,1,0,1,0,0,1,1,0,1,0,0,1,1,0,1,0,0,0,1,1,1,1,1,0,1,1,1,0.0,-256.15820917283463,1
0,1,1,0,1,1,1,0,0,0,0,0,1,1,0,0,0,1,1,0,0,1,0,0,1,1,1,0,1,1,0,1,0,0,1,0,0,1,1,1,0,1,1,0,1,0,0,0,0,0,1,1,0,0,1,0,0,1,0,1,1,1,1,1,0.0,-256.1569810726955,1
0,0,1,0,0,1,0,1,1,1,1,0,0,1,1,1,1,1,1,1,1,0,0,1,0,0,1,0,1,1,1,0,1,0,0,0,1,0,1,0,0,0,0,1,1,0,0,1,0,1,0,0,1,0,0,1,0,0,1,1,0,1,1,0,0.0,-256.15676179010916,1
1,1,0,1,1,0,1,0,0,1,0,1,1,0,0,0,1,0,0,1,0,0,1,1,0,1,1,1,0,1,0,0,0,0,0,1,0,0,1,0,1,1,0,1,1,0,0,0,1,0,0,1,1,0,0,0,1,0,1,1,1,1,1,1,0.0,-256.1558527356839,1
1,0,0,1,0,1,0,0,1,0,1,0,1,0,1,0,0,0,0,1,0,1,0,0,1,0,1,1,0,1,1,1,0,0,0,0,0,1,0,1,1,1,0,1,1,1,0,1,1,0,1,1,1,0,0,1,1,0,1,1,0,1,0,0,0.0,-256.1557835312826,1
1,0,1,1,0,0,1,0,1,0,0,0,1,1,1,0,0,0,1,0,1,1,0,0,0,1,0,0,1,0,1,0,1,1,1,1,0,1,0,0,0,0,1,0,1,1,1,0,1,0,1,1,1,0,0,0,0,1,1,1,0,1,1,0,0.0,-256.15573235197553,1
1,0,1,1,0,0,0,1,0,1,0,1,0,1,1,1,0,0,1,1,1,1,0,1,0,1,1,1,1,0,1,0,1,1,1,1,0,1,0,0,1,0,0,0,0,0,0,1,0,0,0,1,1,0,0,1,1,0,0,0,0,1,1,0,0.0,-256.1534970803186,1
0,0,1,1,0,1,0,1,0,1,1,0,1,1,1,0,0,1,1,0,1,1,0,0,0,0,1,0,1,0,1,0,0,0,0,0,0,1,0,1,1,0,0,0,1,1,0,1,1,0,1,1,1,0,0,0,1,1,1,1,0,0,1,1,0.0,-256.1530148533963,1
0,0,1,0,0,0,0,0,1,0,0,0,1,1,1,0,0,1,1,1,0,1,0,0,0,1,0,0,1,1,1,1,0,0,0,1,0,0,1,1,0,1,1,1,1,0,1,0,1,1,0,1,1,1,1,0,1,0,1,0,0,0,1,1,0.0,-256.1523100120466,1
0,1,1,1,0,0,1,1,0,0,1,0,0,1,1,0,1,1,0,1,1,0,1,0,0,1,1,0,0,0,1,0,1,0,1,1,0,0,1,0,0,0,0,1,0,1,0,0,1,0,1,0,0,0,1,1,1,1,1,0,1,1,0,1,0.0,-256.1519582829105,1
1,0,0,1,0,1,0,1,0,1,0,1,0,0,0,1,0,0,0,1,1,0,0,1,0,0,0,1,1,1,0,1,1,0,1,0,0,1,1,0,0,0,1,1,1,0,0,0,1,0,0,1,1,1,0,1,1,0,1,1,1,1,1,0,0.0,-256.1505518367105,1
1,1,0,0,0,1,0,1,0,1,1,0,1,0,1,0,0,0,0,1,1,0,0,0,1,0,1,0,0,1,0,1,0,1,1,0,0,0,1,0,1,1,1,0,1,1,1,0,0,1,1,1,0,0,1,0,0,1,0,1,0,1,1,1,0.0,-256.1492163324775,1
1,0,0,1,0,1,0,0,0,1,0,0,0,1,1,1,0,0,0,1,1,0,0,1,1,1,1,0,0,1,0,0,1,0,1,0,1,1,1,0,1,1,0,1,1,1,0,0,1,1,1,1,0,0,0,0,1,0,1,0,0,1,0,1,0.0,-256.1491995705053,1
0,0,1,0,1,1,1,0,1,1,0,0,1,1,1,0,0,1,0,0,1,0,0,0,1,1,1,0,1,0,0,1,0,0,1,0,0,0,1,1,1,0,0,1,0,1,0,0,1,1,1,0,1,0,0,0,1,1,1,0,0,1,1,1,0.0,-256.1483242356792,1
0,1,1,1,0,1,0,0,0,1,0,0,0,1,1,0,0,1,1,1,0,0,0,0,1,0,1,1,0,0,1,0,1,0,0,1,0,1,0,1,0,1,1,0,1,1,0,0,1,0,1,1,1,1,0,0,1,1,1,1,0,1,0,0,0.0,-256.1480782653066,1
1,0,1,0,0,1,0,0,0,1,1,0,0,1,1,0,0,1,1,0,1,0,0,1,0,1,1,0,1,0,1,0,0,0,1,1,0,1,1,1,1,0,0,0,1,1,1,0,1,0,0,1,0,0,1,0,1,0,1,0,1,1,1,0,0.0,-256.1472856250024,1
0,0,1,0,0,1,1,0,1,0,0,0,1,0,1,1,1,1,1,0,1,0,1,0,0,1,0,0,1,1,0,0,0,0,0,1,0,1,1,0,1,1,1,0,1,1,0,0,0,0,0,1,1,0,1,0,1,0,1,1,1,1,1,0,0.03125,-256.1462750445929,1
0,0,0,1,0,1,1,0,0,1,0,0,1,1,0,0,0,1,0,0,1,1,0,1,0,1,1,1,1,1,0,1,1,1,0,0,0,1,1,0,0,1,1,0,1,1,0,1,0,0,1,1,1,1,0,0,0,1,0,1,1,0,0,0,0.015625,-256.14608010907807,1
0,1,1,0,1,0,0,0,0,0,0,0,1,1,1,0,1,0,0,1,1,0,0,1,1,1,0,1,0,0,1,1,0,0,0,0,0,1,1,1,1,1,0,1,1,0,0,0,1,1,1,1,0,1,1,0,1,1,1,0,0,0,0,1,0.0,-256.14533516465633,1
1,1,1,1,0,1,0,0,0,0,0,0,0,1,1,0,0,0,0,1,0,1,0,0,0,1,1,0,1,0,1,1,0,0,0,1,1,1,1,1,1,1,0,1,0,1,1,0,1,0,1,1,1,0,1,0,1,0,1,0,0,1,0,0,0.0,-256.1451252854164,1
1,1,1,1,0,0,0,0,0,0,0,0,1,1,0,1,0,1,0,1,1,0,1,0,0,0,0,1,1,1,1,1,0,1,1,0,0,1,1,1,0,1,1,0,1,1,0,0,0,0,1,0,0,0,0,0,1,1,1,0,1,1,0,1,0.015625,-256.1449159685077,1
0,0,0,1,1,1,1,0,0,0,1,0,0,1,1,1,0,1,1,1,1,0,1,0,0,1,1,0,1,1,0,0,1,0,0,1,0,0,1,1,0,1,0,0,1,1,0,0,1,0,0,0,1,0,0,1,1,1,1,0,0,0,1,1,0.0,-256.1448490645216,1
0,1,0,0,1,1,0,0,1,1,0,0,1,0,1,0,1,1,0,1,1,0,0,1,1,1,1,0,0,0,1,0,0,0,0,0,0,1,1,1,0,0,1,0,1,1,0,0,1,0,0,1,1,1,0,1,0,1,1,1,0,1,1,0,0.0,-256.14367455577633,1
1,0,1,1,0,1,0,0,1,0,1,0,1,1,1,0,0,0,0,1,1,1,0,1,0,0,0,0,1,1,0,0,1,0,0,1,1,1,1,0,0,1,1,1,1,1,0,0,1,0,1,0,1,1,0,0,1,1,0,0,0,0,0,1,0.0,-256.1420622800756,1
0,1,1,0,0,1,0,0,0,1,0,0,1,0,1,0,1,1,0,1,0,0,0,0,1,0,1,1,1,1,1,1,0,1,1,1,1,1,1,0,1,0,1,1,1,1,0,0,0,0,0,0,1,0,0,0,1,0,0,1,1,0,0,1,0.0,-256.1420081287399,1
1,1,0,1,0,0,0,1,0,0,1,0,0,0,1,0,0,0,1,1,1,0,1,1,0,1,0,0,1,1,0,0,0,0,1,1,1,1,0,1,0,0,1,0,1,1,0,0,1,1,0,1,0,1,0,1,1,1,0,0,0,1,1,1,0.015625,-256.14179702738545,1
1,1,0,1,0,1,1,0,0,1,0,1,0,1,0,0,0,1,1,1,1,0,0,1,0,0,1,0,0,1,1,0,1,0,1,1,0,1,1,1,0,1,1,0,1,1,0,0,0,1,1,0,0,0,0,0,1,0,1,1,0,1,0,0,0.0,-256.1415820598778,1
1,1,0,0,0,1,1,0,0,1,1,0,1,1,1,1,0,0,1,0,1,1,0,1,0,1,0,0,1,0,0,1,0,0,1,0,0,1,1,1,0,1,0,0,1,0,0,1,1,0,1,1,1,0,1,0,0,1,1,0,0,0,1,0,0.0,-256.14153943341034,1
1,0,0,1,1,1,1,0,0,1,0,0,0,1,1,0,0,1,0,0,1,1,0,0,0,1,1,1,0,0,1,0,1,0,0,1,1,0,1,1,0,0,1,0,0,0,0,0,1,0,1,1,1,0,0,1,1,1,0,1,1,1,1,0,0.015625,-256.14083820863596,1
1,0,0,0,0,0,0,1,0,0,0,1,1,0,1,1,0,1,0,1,0,0,0,1,1,1,1,1,0,1,0,0,0,1,0,1,1,1,1,0,0,1,0,1,1,1,0,0,1,0,1,1,1,1,0,0,0,1,1,0,0,1,1,0,0.0,-256.14043808778683,1
1,0,0,0,1,1,1,0,1,1,0,1,0,0,1,1,0,0,0,0,0,1,0,1,1,0,1,0,1,1,1,1,0,0,0,1,0,0,0,1,1,0,1,0,1,1,0,0,1,0,0,1,1,1,0,0,0,1,1,0,0,1,1,1,0.015625,-256.1400946445413,1
0,1,0,0,0,1,1,0,0,1,1,0,0,1,0,0,1,1,0,1,1,0,0,1,0,1,1,0,1,1,1,1,0,0,0,1,0,1,0,1,1,0,0,0,1,0,0,1,1,0,1,1,1,0,1,0,0,1,1,0,0,1,1,0,0.0,-256.1398543025591,1
0,0,0,1,1,1,1,0,1,0,0,0,1,1,1,1,1,0,0,1,1,0,0,1,0,1,1,0,1,1,0,0,1,0,0,1,0,0,1,0,1,1,1,0,1,1,0,1,0,0,1,1,0,0,0,0,0,0,1,0,0,1,1,1,0.0,-256.13980998728033,1
0,0,1,1,0,0,1,0,0,1,1,0,1,1,0,0,0,0,0,1,1,1,0,1,0,1,1,0,1,1,0,1,1,0,1,0,0,0,1,1,0,0,1,1,1,0,0,1,1,1,1,1,0,1,0,0,0,0,1,0,0,1,1,0,0.0,-256.1385226372871,1
0,1,0,1,1,1,0,1,1,0,0,0,0,1,1,0,1,0,0,1,1,0,0,1,1,1,0,0,0,1,1,0,0,0,0,1,1,0,0,0,1,0,0,1,1,1,1,0,1,0,1,0,1,0,1,1,1,0,0,1,0,0,1,1,0.015625,-256.1382393666608,1
0,1,1,0,1,0,1,1,0,0,0,0,1,1,0,0,0,1,1,0,1,1,0,1,1,1,0,1,1,1,1,0,1,1,0,1,0,0,1,1,1,0,1,0,0,1,0,0,0,1,1,0,0,0,1,1,0,0,0,0,1,1,0,0,0.0,-256.1375864412537,1
0,0,0,0,1,0,1,1,0,1,0,0,1,0,1,0,0,0,1,1,1,0,0,1,1,1,1,0,0,0,0,0,1,0,0,1,0,1,1,0,1,1,1,1,0,1,0,1,0,1,1,1,1,0,0,1,1,0,1,0,0,1,0,1,0.015625,-256.1372457364904,1
0,1,1,1,0,0,0,1,0,1,0,0,1,1,1,1,0,1,0,1,1,0,0,0,0,1,1,0,1,0,1,1,0,0,0,0,1,1,0,1,0,1,1,1,0,0,0,1,0,1,1,1,0,0,1,1,0,0,0,0,0,1,1,1,0.0,-256.13672588905405,1
0,0,1,0,0,1,1,0,0,0,1,0,1,1,1,1,0,1,0,0,1,1,0,1,1,1,1,0,0,0,1,1,0,0,0,1,0,0,1,1,0,1,1,1,1,1,0,0,1,0,0,0,1,1,0,0,0,1,1,1,0,0,1,0,0.0,-256.13541047739295,1
0,0,1,0,0,1,0,0,0,1,0,1,1,1,1,1,0,1,0,1,1,0,0,1,1,1,1,1,0,1,0,1,1,0,0,0,0,1,1,0,0,1,0,1,0,0,1,0,0,0,1,1,0,0,1,0,1,0,1,1,1,1,0,0,0.0,-256.13506659444886,1
1,0,1,0,0,0,1,0,1,0,0,0,1,1,0,0,0,1,0,1,1,0,0,1,1,1,0,0,1,1,0,1,1,0,0,0,1,0,0,1,1,0,1,0,1,1,0,1,1,1,1,0,1,0,1,0,0,1,1,0,0,0,1,1,0.0,-256.1347474908105,1
1,0,0,1,1,1,1,0,0,0,0,0,1,1,0,0,1,0,0,0,1,1,1,0,1,1,1,0,0,1,0,1,0,0,1,1,0,1,1,1,0,0,0,1,0,1,0,1,0,1,0,1,1,0,0,0,0,1,1,1,1,1,0,0,0.0,-256.13412259243256,1
0,1,1,0,0,1,0,0,0,1,1,0,1,1,1,0,0,1,0,1,1,1,0,1,1,0,1,0,0,0,1,1,0,0,0,1,1,1,1,0,1,1,0,1,1,0,0,1,0,0,1,0,0,1,1,0,0,1,1,0,0,0,1,0,0.015625,-256.133210611025,1
0,1,0,1,0,0,1,0,1,1,0,0,1,1,1,1,0,1,1,0,1,0,1,0,0,1,1,0,0,1,1,0,0,0,0,0,0,1,1,0,0,1,1,0,1,1,1,0,0,0,0,1,1,1,0,0,1,1,0,0,1,1,1,0,0.0,-256.1324125575255,1
0,1,1,0,1,1,0,0,1,1,0,0,1,1,1,0,0,0,0,0,1,1,1,1,1,1,1,0,1,1,0,0,1,0,0,1,1,1,0,1,0,0,1,0,1,1,0,0,0,1,0,1,0,0,0,0,1,1,0,1,0,1,0,0,0.0,-256.13235253303515,1
1,0,1,1,1,0,1,0,1,0,0,1,1,1,0,0,0,0,1,1,1,1,0,1,0,0,0,0,0,1,1,0,0,1,0,0,0,1,0,1,1,0,1,0,1,1,0,1,0,1,1,1,1,0,0,0,1,1,0,0,0,1,0,1,0.0,-256.13116855276337,1
0,0,1,1,0,0,1,1,0,1,0,0,0,1,1,0,0,1,0,0,1,1,0,1,0,1,0,0,0,1,1,1,1,1,0,0,1,0,1,1,0,0,1,1,1,0,0,1,1,1,1,1,0,0,0,0,0,1,1,0,0,1,0,1,0.0,-256.1305255388851,1
0,1,0,0,0,1,1,1,0,0,1,0,1,1,1,0,0,1,1,0,0,0,0,1,1,1,0,1,0,0,1,0,1,1,0,1,0,1,1,1,1,0,0,0,0,1,0,0,1,1,0,1,1,0,1,0,1,1,0,0,0,1,1,0,0.0,-256.130028516655,1
1,0,1,0,0,0,0,0,1,1,0,0,1,1,1,1,0,1,1,1,0,0,1,1,0,1,0,0,0,1,1,0,0,0,0,1,1,1,1,1,0,0,1,0,1,1,1,1,0,0,1,1,1,0,0,0,0,0,1,1,1,0,0,0,0.0,-256.1299845327326,1
0,0,1,1,1,1,1,1,1,1,0,0,1,1,0,0,1,0,0,1,0,0,0,1,1,1,1,0,0,1,1,1,1,0,0,1,0,1,1,0,0,0,0,0,1,1,0,1,0,1,1,1,0,1,0,0,1,0,1,0,0,0,0,0,0.0,-256.1299167699491,1
0,0,0,0,0,1,1,1,1,0,0,0,1,0,1,0,0,0,0,1,1,1,0,1,0,0,1,1,0,1,1,0,1,0,0,0,1,1,1,1,1,1,0,0,1,1,0,1,1,1,0,1,0,0,1,0,0,0,1,1,1,0,1,0,0.0,-256.12982463173375,1
0,0,1,0,0,1,1,1,0,0,0,1,0,1,0,0,0,0,1,1,1,0,0,0,0,0,1,0,1,1,1,1,0,1,0,1,0,1,1,1,1,0,0,1,0,1,1,1,0,0,0,0,0,0,1,1,1,1,1,0,1,1,1,0,0.015625,-256.12975810265857,1
0,1,0,0,1,1,0,0,1,0,0,0,1,0,0,1,1,1,1,1,1,1,0,1,1,0,1,0,0,1,1,0,1,0,0,1,0,1,1,1,0,1,1,0,1,0,0,1,1,1,0,0,0,0,1,1,0,0,0,0,0,1,1,0,0.015625,-256.1291609319005,1
0,0,1,0,0,1,1,1,0,1,1,0,1,1,0,0,0,0,1,1,1,1,0,1,1,0,0,0,1,1,0,1,1,1,0,1,0,1,1,1,0,0,1,1,1,0,0,0,0,0,0,1,0,1,0,0,0,0,1,0,1,1,1,0,0.0,-256.129078174176,1
0,0,0,0,0,1,1,0,1,1,1,0,1,0,0,1,0,0,1,1,1,1,1,0,1,0,1,0,1,0,0,1,1,0,0,0,1,1,1,1,1,1,0,0,1,0,0,0,0,0,0,0,1,0,0,0,1,0,1,1,1,1,1,1,0.0,-256.1288882347404,1
0,1,0,1,1,0,0,1,0,1,0,0,1,1,1,0,1,0,1,1,1,0,0,0,1,1,1,0,1,0,1,0,1,0,1,0,0,0,0,1,0,0,0,0,1,1,1,0,0,1,1,1,1,1,1,0,0,0,0,0,0,1,1,1,0.0,-256.12871049626835,1
0,0,1,1,0,1,1,0,0,0,1,0,1,1,0,1,0,1,0,0,1,0,0,0,1,0,1,1,0,0,0,1,0,1,1,1,1,1,1,1,1,1,1,1,1,0,0,0,0,1,1,0,0,0,0,0,0,1,0,0,1,1,1,0,0.0,-256.12845894844327,1
0,0,1,0,1,0,0,0,1,1,0,1,0,1,1,0,0,1,1,1,1,0,1,1,1,1,0,0,1,1,0,0,1,1,0,1,0,0,0,1,1,0,0,0,1,0,1,0,0,0,1,1,1,1,1,0,0,0,1,0,0,1,1,0,0.015625,-256.12817725435104,1
1,0,1,0,1,0,1,0,0,1,0,0,1,1,1,0,0,1,1,1,1,0,0,1,1,1,1,1,0,0,0,0,1,0,0,0,0,1,1,0,1,1,0,0,0,1,1,1,1,1,0,1,0,0,0,0,0,0,1,0,0,1,1,1,0.0,-256.1276707321864,1
0,1,1,0,0,0,0,0,0,1,1,1,1,1,1,1,0,1,0,1,0,1,0,0,0,1,1,0,1,0,1,1,1,0,0,1,0,0,1,1,0,0,0,0,1,0,1,1,0,0,0,0,1,0,1,0,1,1,1,0,0,1,1,1,0.015625,-256.1276541145015,1
0,0,0,1,1,1,1,0,0,1,0,1,0,1,0,0,0,1,1,0,1,1,1,1,1,1,1,0,0,0,1,1,0,0,0,1,0,1,1,0,0,0,0,1,1,0,0,1,1,1,0,1,0,0,1,0,0,0,1,0,0,1,1,1,0.0,-256.1269425796836,1
1,1,1,0,0,0,1,0,0,1,1,0,0,1,0,0,0,1,1,1,1,0,0,1,0,1,0,0,1,1,1,0,1,0,1,1,0,1,1,1,0,0,0,1,1,1,1,1,0,0,1,1,0,0,0,0,1,1,0,0,0,0,1,0,0.0,-256.12413877066393,1
0,0,1,1,0,1,0,0,1,0,1,0,0,1,1,1,0,0,0,1,1,0,1,0,1,1,1,1,1,1,0,1,1,0,0,1,1,1,0,0,1,0,0,1,0,0,0,1,1,0,1,1,1,0,0,0,0,0,1,1,0,0,0,1,0.0,-256.12281010252764,1
0,0,0,1,1,1,0,0,0,1,0,0,1,1,1,1,0,0,0,1,1,0,0,0,1,0,0,1,0,0,0,1,1,1,0,1,0,1,1,1,1,0,0,0,1,1,0,1,1,1,0,1,1,0,1,0,1,0,1,1,0,1,0,0,0.015625,-256.12246659717243,1
0,1,1,0,0,0,1,0,1,0,0,0,0,1,0,0,1,1,1,1,0,1,0,1,1,0,0,1,1,1,1,0,0,0,0,1,1,1,1,1,0,0,0,0,1,1,0,1,0,1,0,1,1,0,0,1,0,1,1,0,1,1,0,0,0.0,-256.12189773581156,1
0,1,1,1,1,1,0,0,0,1,0,0,1,1,0,1,0,0,1,1,1,0,0,0,1,0,1,0,1,1,0,0,1,1,0,1,1,1,0,1,1,1,0,0,1,0,0,1,0,0,0,1,1,0,0,0,1,0,1,0,0,1,1,0,0.015625,-256.1210236914601,1
0,1,0,1,1,1,1,0,0,1,0,1,1,1,1,1,0,0,0,1,0,0,1,1,1,1,1,0,0,1,0,0,1,1,0,1,0,0,1,0,0,0,1,0,0,1,1,0,0,0,0,1,1,0,1,1,0,0,0,0,1,1,1,0,0.0,-256.12043276025986,1
1,0,1,1,0,0,0,1,0,1,0,1,1,1,0,1,0,0,0,1,1,1,0,1,1,1,1,0,1,1,0,0,0,1,1,1,0,0,1,0,0,0,0,0,1,0,0,1,1,0,1,1,1,0,0,1,1,1,0,0,0,0,0,1,0.0,-256.1203461735678,1
0,1,0,1,0,1,0,0,1,1,0,0,1,1,1,1,0,1,0,1,1,0,0,0,0,1,1,1,1,1,0,0,1,0,1,1,0,1,1,1,0,1,0,0,1,0,1,0,1,1,1,1,0,0,0,0,0,0,0,1,0,1,0,0,0.0,-256.12034100167216,1
0,0,1,1,0,1,0,0,1,1,0,0,0,1,0,1,0,0,1,1,1,1,1,1,1,1,0,0,1,1,0,0,0,0,0,0,0,1,1,1,0,1,0,0,1,1,0,1,0,0,1,1,0,1,0,0,0,1,1,1,0,1,0,1,0.015625,-256.12007156518894,1
1,0,0,0,0,1,1,0,1,0,0,0,1,0,1,0,0,1,0,0,1,0,0,1,0,1,1,0,1,1,1,1,0,0,1,1,0,1,1,1,1,0,0,0,0,1,1,1,1,0,0,0,1,1,0,1,0,1,1,1,0,0,0,1,0.0,-256.11979873427725,1
1,0,0,0,0,0,0,0,0,1,0,0,0,1,1,0,0,1,0,1,1,0,1,1,1,1,0,0,1,1,0,1,0,0,0,1,1,1,1,1,1,1,0,0,1,1,0,1,1,0,1,1,1,1,0,0,0,0,1,0,0,1,1,0,0.0,-256.1192753821489,1
1,0,1,1,1,1,1,0,0,1,0,0,1,0,1,0,0,1,0,1,1,1,1,0,1,1,0,0,1,1,0,0,0,0,0,0,1,0,1,1,0,1,1,0,0,0,0,1,0,0,0,1,0,0,0,0,0,1,1,1,1,1,1,1,0.0,-256.1169031213436,1
0,0,0,0,0,1,0,1,0,1,1,0,1,1,0,1,0,1,1,1,1,0,0,1,0,1,1,1,0,0,0,1,1,1,0,1,1,1,0,1,0,0,0,0,0,1,1,1,1,0,1,0,1,0,0,0,1,0,0,1,0,1,1,0,0.0,-256.1167610745589,1
0,1,0,1,0,1,0,0,0,1,0,1,1,1,1,1,0,0,1,1,1,0,0,1,0,1,0,0,1,0,0,0,0,1,0,1,0,0,1,1,0,1,1,0,0,1,1,1,0,0,1,1,1,0,1,1,1,0,0,0,0,1,1,0,0.0,-256.11660831313793,1
0,0,0,0,0,1,1,1,0,0,1,0,0,1,1,0,0,1,1,1,1,1,1,1,1,1,1,0,0,0,1,0,0,0,1,0,0,1,1,0,1,0,1,0,1,1,1,1,0,0,0,0,1,1,0,0,0,1,1,1,0,0,1,0,0.0,-256.11660662869133,1
1,0,1,0,0,1,1,0,0,0,0,0,0,1,0,0,0,1,0,0,1,0,1,1,1,1,0,0,0,1,0,1,1,0,0,0,0,1,1,0,0,1,1,1,1,1,1,1,1,1,1,0,1,0,1,0,1,0,0,1,0,1,1,0,0.0,-256.116403786973,1
1,0,0,0,0,1,1,0,0,0,0,0,1,1,0,0,0,1,1,1,1,0,0,0,1,1,0,0,0,1,1,1,1,0,1,0,0,0,1,1,0,1,1,0,1,1,1,0,1,1,1,0,1,1,0,0,1,0,1,1,0,0,1,0,0.0,-256.1157385109319,1
1,0,0,0,0,0,1,0,0,1,1,0,1,1,1,1,0,1,1,1,1,1,1,0,1,1,0,0,1,1,0,0,0,0,1,1,0,1,1,1,1,1,0,0,0,1,1,0,0,0,1,1,0,1,1,0,0,0,0,0,0,0,1,0,0.0,-256.11509517441675,1
1,0,1,1,0,1,0,1,1,0,0,0,1,1,1,1,0,0,0,1,1,0,0,1,0,0,1,1,0,1,1,1,0,0,0,1,1,1,0,1,0,1,1,0,1,1,0,1,1,0,0,1,0,0,0,1,0,0,0,0,0,1,0,1,0.0,-256.11406445229136,1
0,1,1,0,1,0,1,0,0,0,0,0,1,1,0,0,0,1,1,1,1,1,1,1,1,1,0,0,0,1,1,0,0,0,0,1,1,1,1,1,0,1,0,1,0,0,0,1,0,1,0,0,1,0,0,1,0,0,1,0,1,1,1,0,0.0,-256.11402936318984,1
0,0,1,0,0,1,1,0,0,1,1,1,0,1,1,0,0,1,1,0,1,1,1,1,1,0,0,0,0,1,0,1,1,0,0,0,0,1,1,0,1,0,1,0,1,1,1,0,0,1,0,0,1,1,0,0,0,1,0,1,0,1,0,1,0.0,-256.1138247251058,1
1,0,0,0,0,1,1,1,1,1,1,1,1,1,1,0,0,1,0,0,1,0,0,1,0,1,0,0,0,1,0,1,1,0,1,1,1,1,1,0,1,0,1,0,0,1,1,0,0,1,1,1,0,0,0,0,1,0,1,0,0,0,0,0,0.0,-256.11375921558886,1
1,0,1,1,0,1,0,1,1,1,0,1,1,1,1,0,0,1,0,0,1,1,1,0,1,1,0,1,1,0,0,1,1,0,0,0,0,1,0,0,0,0,0,1,1,1,0,1,0,1,0,1,1,1,0,0,0,0,1,0,0,0,0,1,0.0,-256.1136371234297,1
0,0,1,1,1,1,1,0,0,1,1,0,1,1,1,0,0,0,0,1,0,0,1,0,0,1,0,0,1,0,1,0,0,0,1,1,1,1,1,1,0,0,1,0,1,1,0,1,1,1,0,1,1,0,0,0,1,0,0,0,1,0,1,0,0.0,-256.11261024784073,1
0,1,1,0,1,0,1,0,0,0,0,1,1,1,1,0,0,1,0,1,1,0,0,0,1,1,1,0,0,0,1,1,0,0,1,0,0,1,1,1,1,0,1,1,1,0,1,0,0,0,0,1,1,0,0,1,0,0,1,1,1,1,0,0,0.0,-256.1108975046114,1
0,0,1,0,0,1,1,1,0,1,0,0,1,1,0,1,0,0,0,1,1,0,0,1,1,1,1,0,1,0,0,1,1,0,0,1,1,0,1,0,0,1,0,0,1,1,0,0,0,0,1,1,1,1,0,1,1,0,0,1,0,0,1,1,0.0,-256.1101822621959,1
0,1,1,0,1,0,1,1,0,1,1,0,0,1,1,0,0,1,0,1,1,0,0,0,1,1,1,0,1,1,0,0,0,0,0,1,0,1,1,1,1,0,0,0,1,1,0,1,0,0,0,1,0,0,0,1,1,0,0,1,1,1,0,1,0.015625,-256.10949041881724,1
1,1,0,0,0,0,1,0,1,0,1,0,1,0,1,1,0,0,0,1,1,1,0,0,0,0,0,0,1,1,1,0,0,0,0,1,1,1,1,1,0,1,0,0,1,1,0,0,1,0,1,1,0,1,1,1,1,0,0,1,0,0,1,1,0.0,-256.1091936460733,1
0,1,0,0,1,1,0,1,0,0,0,0,1,1,1,0,0,1,0,1,1,0,0,1,1,1,1,1,1,1,1,0,1,0,0,0,0,1,1,1,0,0,0,0,1,1,0,0,1,0,1,1,1,0,0,1,1,0,0,0,0,1,0,1,0.0,-256.1080840510491,1
0,0,0,0,0,1,0,0,0,1,0,0,1,1,1,1,0,0,0,1,1,0,1,1,0,1,0,1,0,0,0,1,0,1,0,1,1,1,1,1,1,0,1,0,0,1,1,0,1,0,0,1,1,1,1,1,0,0,1,0,1,1,0,0,0.0,-256.10806377310837,1
0,1,0,0,0,1,0,0,1,1,0,0,1,0,1,0,1,1,0,1,1,0,0,1,1,1,1,0,1,0,1,0,1,0,0,1,1,1,1,1,0,1,1,0,1,0,1,0,1,1,1,0,1,1,0,0,0,1,0,0,0,0,0,0,0.0,-256.10587044220097,1
0,1,0,1,1,1,1,1,0,0,0,0,1,1,1,0,0,0,1,1,1,0,1,0,1,1,0,0,0,1,1,0,1,1,0,0,0,1,1,1,1,0,0,0,1,0,0,1,0,0,0,1,1,1,0,0,0,1,0,1,0,1,1,0,0.0,-256.10520644883695,1
0,0,1,0,0,1,0,0,1,1,1,0,1,1,0,0,1,0,0,1,1,0,0,0,1,1,1,0,1,1,1,1,0,0,0,1,0,1,1,1,1,1,0,1,1,0,1,1,0,0,1,1,1,0,0,0,1,0,0,0,0,1,0,0,0.0,-256.10490635632766,1
0,1,0,0,0,1,1,1,1,0,0,1,1,1,0,0,0,1,0,0,1,0,0,1,1,1,1,0,1,0,1,0,1,0,0,1,0,1,1,1,1,1,0,1,1,1,0,0,1,0,1,1,1,0,0,0,1,1,0,0,0,0,0,0,0.0,-256.10461277928215,1
0,1,0,0,0,1,0,0,1,1,0,0,0,1,1,1,0,1,0,0,1,1,0,1,1,1,1,0,1,0,1,0,0,0,0,0,0,1,1,1,1,0,0,0,1,0,1,1,0,1,0,1,1,1,0,0,1,1,1,0,0,1,1,0,0.0,-256.1045643413669,1
0,0,1,0,0,1,1,0,0,0,0,1,1,1,1,1,1,1,0,0,1,0,1,0,0,0,1,0,1,0,1,0,1,1,1,1,0,1,0,1,0,1,0,0,1,1,0,0,1,0,0,1,1,0,1,0,1,0,1,0,1,1,0,0,0.0,-256.10424987601965,1
1,1,1,0,0,1,1,0,0,0,1,1,1,1,1,1,0,0,0,1,0,1,0,1,0,0,1,1,0,0,1,1,0,0,0,0,0,1,1,1,0,1,0,0,0,0,1,1,1,1,0,1,0,0,0,0,0,0,1,1,0,1,1,1,0.015625,-256.1030807767627,1
0,1,1,0,1,0,1,0,1,0,0,0,1,0,1,0,0,1,0,1,1,1,1,1,0,1,1,1,0,1,1,1,0,0,1,1,1,1,1,1,0,0,0,0,0,0,0,0,1,1,0,1,0,1,0,0,0,0,0,1,0,1,0,1,0.0,-256.1028065060085,1
0,0,1,0,0,1,1,1,1,1,0,0,0,1,1,1,1,1,0,1,0,1,0,0,1,1,0,0,1,0,0,0,0,0,0,1,0,1,1,0,1,0,0,1,1,0,1,1,1,1,0,1,1,0,0,1,1,0,1,0,0,0,0,1,0.0,-256.1027877576561,1
0,1,1,0,0,1,1,0,0,0,0,0,1,0,0,0,0,1,1,1,1,1,1,0,0,1,1,0,0,1,0,1,1,0,0,1,1,1,1,1,1,0,0,1,1,0,0,1,1,0,1,1,0,1,0,0,1,0,0,1,0,1,0,0,0.0,-256.10168544906145,1
1,1,1,0,0,1,0,0,1,1,0,0,1,0,1,0,0,1,1,0,1,0,0,1,1,1,0,0,0,0,0,0,0,0,0,1,0,1,1,1,1,0,1,0,1,1,1,1,1,0,1,1,0,1,0,0,1,0,1,0,0,1,1,0,0.0,-256.1010951705931,1
0,0,1,0,1,1,1,0,0,1,0,0,1,1,1,0,0,0,0,0,1,1,0,0,1,1,0,1,1,1,0,1,1,0,0,1,1,0,1,0,1,0,0,1,0,1,1,0,0,0,0,1,1,1,0,1,1,0,1,1,0,0,0,1,0.0,-256.1003181764886,1
1,1,0,1,0,1,1,1,0,1,0,0,1,1,0,1,0,0,0,0,1,1,0,0,0,1,0,1,1,1,1,0,0,1,1,1,0,1,1,0,1,0,1,0,0,1,1,0,1,0,1,1,0,1,1,0,1,0,0,0,0,0,0,0,0.0,-256.099414551766,1
0,1,1,1,0,1,0,1,0,0,0,0,1,1,1,0,0,1,1,1,1,0,0,0,0,1,0,0,0,1,1,0,1,1,1,1,0,1,1,0,1,1,0,0,1,1,1,1,1,0,0,1,1,1,0,0,0,0,0,0,0,1,0,0,0.0,-256.0989186726823,1
1,0,1,0,0,0,1,1,0,1,1,1,1,1,1,0,0,1,0,1,1,1,0,1,1,1,1,0,0,0,0,0,0,0,1,1,0,1,1,1,0,1,1,0,1,1,0,1,0,0,1,1,1,0,0,0,1,0,0,0,0,0,0,0,0.0,-256.09773821901456,1
1,1,0,0,0,1,1,0,0,1,1,0,1,0,0,1,0,1,1,1,1,1,0,1,1,1,0,0,1,1,1,0,0,0,0,1,0,1,1,0,0,0,1,0,0,0,1,1,1,0,0,0,1,0,1,0,1,0,1,0,0,1,1,0,0.015625,-256.09696539505,1
1,1,1,0,0,1,1,0,1,0,0,0,1,1,0,0,1,0,0,1,1,0,0,1,1,1,0,0,1,0,0,1,1,0,1,1,1,1,1,1,1,0,0,0,1,1,0,1,1,0,0,1,0,0,0,0,1,0,0,0,0,1,1,0,0.0,-256.0962929010087,1
1,1,0,0,0,1,1,0,0,0,0,1,0,0,0,0,0,0,1,1,1,0,0,1,1,0,1,0,1,1,0,0,1,1,1,0,1,1,1,1,0,1,1,0,1,0,0,1,1,1,1,0,0,1,1,1,0,0,1,0,0,1,0,0,0.0,-256.0945433859531,1
0,1,0,0,0,0,1,1,0,1,1,1,0,0,1,1,1,1,1,0,1,0,0,1,1,1,0,1,0,1,0,0,0,1,0,1,1,1,1,1,0,0,0,0,1,1,0,1,0,0,1,1,1,0,1,0,0,1,0,0,0,1,0,0,0.0,-256.09382741381694,1
1,1,1,0,0,1,1,1,0,1,0,1,1,1,0,1,1,1,0,1,1,0,0,0,1,0,0,0,0,1,1,0,0,0,0,1,1,1,1,1,0,0,0,0,1,1,0,0,0,0,0,0,1,0,1,1,0,1,0,1,1,1,0,0,0.0,-256.0893509909645,1
1,0,1,1,0,1,1,1,0,0,0,0,1,1,0,1,0,1,0,0,1,0,1,0,0,0,0,0,1,0,1,0,1,1,0,1,0,1,1,1,0,0,0,0,1,0,0,1,0,1,1,1,1,1,0,1,0,0,1,1,0,1,1,0,0.0,-256.08704352811225,1
1,0,0,0,0,1,0,0,0,0,0,0,1,1,0,0,0,0,0,1,1,1,1,1,1,1,0,1,0,0,1,0,1,0,1,1,0,1,1,0,1,1,1,0,1,0,1,1,1,1,0,1,1,0,0,0,1,0,1,0,0,1,0,1,0.0,-256.08438964337165,1
0,0,0,1,0,1,0,0,0,0,0,1,0,1,1,0,0,1,0,1,1,0,0,0,1,1,0,0,1,0,0,0,0,1,1,1,1,1,1,1,0,1,0,1,1,1,1,1,1,0,0,1,1,1,0,0,0,0,0,1,1,0,1,1,0.0,-256.077260361442,1
0,0,1,0,1,1,0,0,1,1,0,0,1,1,0,1,0,0,0,1,1,0,0,0,1,1,0,0,1,1,1,0,0,0,1,1,1,1,1,1,0,1,0,0,1,1,0,1,1,0,0,1,1,1,0,0,1,0,1,0,0,1,0,0,0.015625,-256.073221701293,1
1,1,1,0,0,1,1,0,1,0,0,0,1,1,0,0,0,0,0,1,1,0,1,1,1,0,0,0,1,1,1,0,0,0,0,1,0,1,1,1,0,1,1,0,1,0,1,1,1,0,0,1,0,0,0,0,0,1,1,1,0,1,0,1,0.0,-256.0714296629519,1
1,1,0,0,1,0,0,0,0,1,1,0,0,1,1,1,0,0,1,0,1,0,0,1,1,0,1,0,1,1,1,1,1,1,0,1,0,1,1,1,1,0,0,0,1,0,0,0,0,0,1,0,1,0,0,0,1,1,1,1,1,0,1,0,0.015625,-255.9346747820984,1
0,0,0,0,1,0,0,0,0,1,0,0,1,1,0,1,0,1,1,1,1,0,0,1,0,0,0,0,0,1,0,1,0,0,0,1,0,1,1,1,1,1,1,1,0,1,0,0,0,1,1,1,1,1,1,0,0,0,1,0,1,1,1,0,0.0,-255.9217033445693,1
0,0,0,0,0,1,0,1,0,0,0,0,1,1,1,0,0,0,1,1,1,0,0,1,0,1,1,0,1,1,0,1,0,1,0,0,0,1,0,1,1,0,0,1,1,1,0,1,0,0,0,1,1,0,0,1,1,1,0,1,0,1,1,1,0.0,-255.9215207648191,1
0,1,1,0,1,0,0,0,0,1,0,0,1,1,0,0,0,1,0,1,1,0,0,1,0,1,1,0,1,0,0,1,1,1,0,1,0,1,1,1,1,0,0,1,1,0,0,0,1,1,1,1,1,0,1,1,0,0,1,0,0,0,0,0,0.0,-255.92002012603848,1
1,1,1,1,0,1,0,0,0,0,0,0,0,1,1,0,0,0,0,1,1,0,0,1,0,1,1,1,1,1,1,0,0,0,0,0,0,0,1,1,1,1,1,0,1,0,0,0,0,1,1,1,1,0,0,0,1,1,0,1,0,1,1,0,0.0,-255.91932548430756,1
1,1,0,0,0,1,0,1,0,1,0,0,1,1,1,1,1,0,1,0,1,0,0,1,0,1,1,0,0,1,0,0,1,0,0,1,1,1,1,0,1,1,0,0,1,0,0,0,0,0,1,1,1,0,0,1,1,0,0,1,0,0,1,0,0.0,-255.9184605928078,1
1,0,1,1,1,1,0,0,1,0,0,0,0,1,1,0,0,0,1,1,0,1,0,1,0,1,0,0,0,1,1,0,1,0,1,0,0,1,1,1,0,0,1,0,0,1,1,0,0,1,0,1,0,1,1,1,1,1,0,1,0,0,0,0,0.0,-255.91814073640612,1
0,1,1,0,0,0,0,0,0,1,1,0,0,1,1,1,0,1,1,0,1,0,0,1,0,0,1,0,0,1,0,0,0,1,1,0,1,1,0,1,0,1,0,1,1,1,0,1,0,1,1,0,1,0,1,0,1,0,0,1,1,0,1,0,0.0,-255.9173951068901,1
1,1,1,1,0,0,0,0,0,1,1,0,0,1,1,0,0,1,1,1,1,0,1,1,0,0,0,0,1,0,0,0,1,0,0,1,1,1,0,1,0,1,1,0,0,0,0,0,0,0,1,1,1,0,1,0,1,1,0,1,0,0,1,1,0.0,-255.9173045521795,1
1,0,1,0,0,1,0,0,0,1,0,0,0,1,1,0,1,0,0,0,1,0,0,1,1,0,1,0,1,0,0,1,1,0,0,0,1,0,0,0,0,1,1,1,1,1,0,1,1,1,1,1,1,0,1,0,0,1,1,1,1,1,1,0,0.0,-255.9155245241538,1
1,1,0,1,0,1,0,0,1,0,0,0,1,1,1,0,0,1,1,1,0,0,1,1,0,0,1,0,0,1,1,1,0,0,0,1,0,1,1,1,0,0,0,0,1,1,0,0,1,0,0,0,1,1,1,0,1,0,1,0,0,1,1,0,0.0,-255.9150455495017,1
1,1,1,0,1,0,1,0,1,1,0,0,1,1,0,0,0,1,0,1,0,1,0,1,1,0,1,0,0,1,0,1,1,1,1,0,0,0,0,1,0,1,1,0,0,1,0,1,0,0,1,0,1,0,0,0,0,0,1,1,1,0,1,0,0.0,-255.91469596671337,1
0,1,0,0,1,1,0,0,0,0,0,0,1,1,1,0,0,0,0,1,1,0,0,1,0,1,0,0,1,1,1,1,0,1,1,1,1,0,1,0,1,1,1,0,0,0,0,0,0,1,1,1,1,0,1,1,0,1,1,0,0,0,1,0,0.0,-255.91452515082753,1
1,0,0,0,1,1,1,0,0,0,1,1,0,1,1,0,0,0,1,1,1,0,0,1,0,1,0,0,0,1,1,1,1,1,1,0,0,1,1,0,1,0,0,1,1,1,0,1,0,1,0,0,0,0,0,1,0,0,1,1,1,1,1,0,0.015625,-255.91450317798757,1
0,0,1,1,1,1,1,0,0,1,0,0,0,0,1,0,0,1,0,1,0,0,0,1,1,0,1,0,1,1,1,1,0,1,0,1,0,1,1,0,0,0,1,1,0,0,0,0,1,0,1,1,1,0,0,1,1,0,1,0,0,1,1,0,0.0,-255.9136086264491,1
0,0,1,0,0,1,0,0,0,1,0,0,1,1,1,1,0,0,0,1,0,1,1,1,0,1,1,1,1,1,0,1,0,1,0,1,0,1,0,1,1,1,0,0,1,1,0,1,1,1,0,1,0,0,0,1,0,1,0,0,0,1,1,0,0.015625,-255.91265469810918,1
0,0,1,0,0,1,0,0,0,1,0,1,0,1,1,0,0,1,0,0,1,0,0,1,0,1,0,0,1,0,1,1,0,0,0,0,0,1,1,1,1,1,0,0,0,1,0,1,1,1,1,0,1,0,1,0,0,1,1,1,1,1,1,0,0.0,-255.91088773760822,1
0,0,1,0,0,1,1,0,0,1,1,0,1,0,1,0,1,0,1,1,1,1,0,1,0,1,0,1,1,1,0,1,1,1,0,0,0,0,0,0,1,0,0,0,0,1,0,1,1,1,1,1,1,0,0,1,1,0,1,0,0,1,1,0,0.0,-255.90998055620923,1
0,0,1,1,1,1,1,1,0,1,1,0,0,1,1,0,0,0,1,0,1,0,0,1,0,1,1,0,0,0,0,0,1,0,0,1,0,1,0,1,1,0,0,1,0,1,0,0,1,0,1,1,1,0,0,0,1,0,1,1,0,1,0,1,0.0,-255.90979536893596,1
0,0,1,1,1,0,1,0,0,1,0,1,0,1,0,0,0,0,1,1,1,0,1,1,0,1,0,0,0,1,1,1,0,1,1,1,0,1,1,1,1,1,0,1,1,1,0,0,0,1,0,0,0,0,1,0,1,0,1,0,1,1,0,0,0.0,-255.9097314731539,1
1,0,1,0,1,1,1,0,0,1,0,0,1,1,0,0,0,1,0,1,0,1,0,0,0,1,1,0,1,1,1,0,1,0,1,1,0,1,0,1,0,0,1,1,1,0,0,0,0,0,0,1,0,0,1,1,1,0,0,0,1,1,1,0,0.015625,-255.90906119537905,1
0,0,1,0,1,0,0,0,1,1,0,0,1,1,1,0,0,0,1,1,1,1,0,0,1,1,0,0,1,1,0,0,1,0,0,0,1,1,1,1,1,0,1,0,0,1,0,0,0,0,0,1,1,0,0,1,1,1,0,0,1,1,1,0,0.015625,-255.90899967235268,1
0,0,0,0,0,1,0,1,1,1,1,1,1,1,1,0,0,0,1,1,1,0,1,1,0,1,0,0,1,1,1,0,0,0,0,1,0,1,1,0,0,1,0,1,1,1,0,0,0,0,1,1,0,0,0,0,0,1,0,1,0,1,1,0,0.0,-255.90824104885783,1
1,1,1,1,0,0,1,1,0,1,0,0,1,1,1,0,1,0,0,1,1,1,1,0,1,1,1,0,1,1,0,1,0,0,0,1,0,0,0,0,0,1,1,0,0,0,0,0,0,1,0,1,0,0,1,0,1,0,1,1,0,1,1,1,0.0,-255.90690426866917,1
0,0,1,1,0,1,0,1,0,1,1,0,0,0,1,0,0,1,0,0,1,1,0,1,1,1,1,0,1,1,1,1,0,0,0,1,0,0,1,1,0,0,1,0,0,1,0,0,0,0,1,1,1,0,0,0,1,1,1,1,0,1,1,1,0.0,-255.90599533489075,1
0,1,1,1,0,0,1,0,0,1,0,0,0,0,1,0,0,1,1,0,1,0,0,1,1,1,0,0,0,0,0,0,0,1,0,1,0,0,1,1,1,1,1,1,1,1,0,0,1,0,1,1,1,0,0,0,0,0,1,0,1,1,1,1,0.0,-255.90533804993396,1
1,1,1,1,0,1,0,1,1,1,0,0,1,0,0,1,1,1,0,0,1,0,0,0,0,1,1,0,0,1,0,0,1,1,1,1,0,1,0,1,1,1,0,1,0,0,1,0,0,0,0,1,1,0,1,0,0,1,1,1,0,1,0,0,0.0,-255.90369721998934,1
1,1,0,0,0,0,0,0,0,0,0,0,1,1,1,0,0,0,1,1,1,0,0,1,1,0,0,0,0,1,1,1,1,0,1,1,1,1,1,1,0,1,1,1,1,1,0,0,0,1,1,1,0,0,0,0,1,0,1,1,0,1,1,0,0.0,-255.90324949674493,1
1,0,1,0,0,0,1,0,0,1,0,0,0,1,0,0,0,1,0,1,1,1,0,0,0,1,0,0,1,1,1,1,1,0,0,0,1,1,1,1,1,0,0,1,1,1,0,0,1,0,0,1,1,0,0,1,1,0,1,1,1,0,1,1,0.015625,-255.90289146450033,1
1,0,1,0,1,1,0,0,0,0,1,0,1,1,0,0,0,1,0,1,0,1,0,1,1,1,1,0,1,1,1,0,0,0,0,1,0,1,0,0,1,0,1,0,0,1,0,1,1,0,1,1,1,0,0,1,0,0,1,1,0,0,1,0,0.0,-255.90261927986197,1
1,0,0,0,0,1,0,0,0,0,0,0,1,1,1,0,0,0,0,1,0,0,0,1,1,1,1,0,0,1,0,1,0,1,0,1,0,0,1,0,0,1,1,1,0,0,1,1,1,0,0,1,1,0,1,0,1,1,1,1,0,1,1,1,0.0,-255.9021701386677,1
1,0,0,1,0,1,0,1,0,0,0,0,1,1,1,0,0,1,0,1,1,1,0,0,0,1,0,1,0,1,1,0,1,1,1,0,0,1,0,0,0,0,0,1,1,0,1,0,1,1,1,0,0,1,0,0,0,1,1,1,0,1,1,0,0.0,-255.90145249407703,1
1,0,1,0,0,0,1,0,0,1,1,0,1,1,1,0,0,1,0,1,1,0,0,0,0,1,1,1,1,1,0,1,1,1,0,0,0,1,1,0,0,0,1,1,1,1,0,1,1,0,0,1,0,0,0,1,1,0,1,0,0,0,1,1,0.03125,-255.90128524399006,1
0,0,0,1,0,1,1,1,0,0,1,0,0,0,1,1,0,0,1,1,0,0,1,0,0,1,1,1,1,0,0,0,1,0,0,1,1,0,0,0,1,1,1,0,1,1,0,0,1,1,0,1,0,0,0,0,1,1,1,0,0,1,1,1,0.015625,-255.9008004613606,1
0,1,0,0,0,1,1,1,0,0,0,0,1,1,1,1,1,0,1,0,1,0,0,1,0,1,1,0,1,0,1,1,1,0,0,0,0,1,1,0,1,1,1,1,1,1,0,1,0,0,1,1,0,0,0,1,0,0,0,0,1,0,0,0,0.0,-255.90062196978124,1
0,0,1,0,0,1,1,1,0,0,0,0,1,0,1,0,1,1,0,1,0,0,0,1,0,1,1,0,1,0,1,0,1,0,1,1,0,1,1,1,1,0,0,0,0,1,0,0,1,1,0,1,1,0,0,0,1,1,1,0,0,1,1,0,0.0,-255.90023760632877,1
0,0,1,0,0,1,1,0,1,0,0,0,0,0,1,0,0,1,1,1,1,0,0,1,0,1,1,1,1,1,1,0,1,1,0,1,0,1,1,1,1,1,1,1,0,1,1,0,0,0,0,1,0,0,0,1,1,1,0,0,0,0,1,0,0.0,-255.89985855724905,1
1,1,0,1,1,0,0,0,1,1,0,0,1,0,1,1,1,0,0,1,1,0,0,0,0,1,1,0,0,0,0,0,0,0,0,0,1,1,1,1,0,1,0,0,0,1,0,1,0,0,1,0,1,1,1,0,1,0,1,1,1,1,1,0,0.015625,-255.89965261066615,1
0,0,1,0,1,1,0,0,0,1,0,0,1,1,0,1,0,1,1,1,1,0,0,0,0,0,0,1,1,1,0,0,1,0,1,1,0,1,1,0,0,0,1,1,0,1,0,0,0,1,1,1,0,1,0,0,1,1,0,1,0,1,1,0,0.0,-255.89936447512446,1
1,1,1,0,0,1,0,1,1,0,0,0,1,1,1,0,0,1,1,1,1,0,0,0,0,0,1,1,1,0,1,0,0,0,1,1,0,1,1,0,0,0,0,0,1,1,1,0,0,0,1,0,1,0,1,0,0,1,1,1,0,0,1,0,0.0,-255.89895937057193,1
1,0,1,0,0,1,0,0,0,1,1,0,1,1,1,1,1,1,0,1,0,1,0,1,1,0,0,0,0,1,0,1,1,0,1,0,1,1,1,1,0,0,0,0,1,1,0,0,0,0,0,0,0,1,0,0,0,0,1,1,1,0,1,1,0.0,-255.8987140417528,1
0,0,0,0,0,0,0,0,0,1,1,1,0,1,1,0,0,1,1,1,1,0,0,1,1,0,1,0,0,1,1,1,0,0,0,1,0,1,1,1,0,1,1,1,0,0,1,0,1,0,0,1,1,0,0,0,0,0,1,1,1,1,1,0,0.0,-255.89817247180272,1
0,0,1,1,0,0,1,0,0,1,0,0,1,1,1,0,0,0,0,1,1,1,0,1,0,0,1,0,0,1,1,1,1,0,0,0,0,1,0,1,1,0,0,0,1,1,0,1,0,0,1,1,1,1,1,0,1,0,1,1,0,1,0,0,0.0,-255.89790624264265,1
0,0,1,0,0,1,1,0,0,0,0,0,0,1,0,0,1,1,1,0,1,1,0,1,1,1,0,0,0,0,1,0,1,0,0,0,0,1,0,1,1,1,0,1,1,1,0,1,0,0,1,0,1,0,1,1,1,1,1,1,0,0,0,1,0.03125,-255.89788772126425,1
1,1,1,1,0,1,0,0,0,1,0,1,1,1,0,1,0,1,1,1,0,1,0,1,0,1,0,0,0,0,0,0,0,0,0,1,0,0,1,1,1,0,1,1,1,0,0,1,0,1,1,0,1,1,0,0,1,1,0,0,0,0,1,0,0.0,-255.89770559283423,1
1,0,1,1,1,1,0,1,1,0,1,0,0,1,1,0,0,1,0,1,1,0,0,0,0,0,1,0,0,1,1,1,0,0,0,1,0,1,1,0,0,0,1,1,1,1,0,1,1,1,1,0,0,0,1,0,0,1,1,0,0,1,0,1,0.0,-255.89728506681024,1
1,0,1,1,0,1,1,0,0,0,1,0,1,1,1,1,0,0,1,0,1,0,0,0,0,1,1,0,0,1,0,0,1,0,0,0,1,0,1,1,1,1,0,1,1,0,0,0,1,1,0,1,1,0,1,1,0,0,0,1,0,0,0,1,0.0,-255.89695543128562,1
1,0,1,1,0,1,1,1,1,1,1,0,1,1,1,1,0,0,1,1,1,0,0,0,0,0,0,1,0,1,0,0,0,0,0,0,0,1,1,1,1,0,0,1,1,1,0,0,1,0,0,0,1,0,1,1,0,0,1,0,0,1,1,1,0.015625,-255.89663493546936,1
0,0,1,0,0,1,0,1,1,1,0,0,0,1,1,0,1,1,0,0,1,1,0,0,1,1,0,1,0,0,0,0,1,0,1,0,0,1,1,1,0,1,0,0,1,1,0,0,1,1,1,1,1,0,1,0,0,1,1,1,0,1,1,0,0.0,-255.8963611333213,1
0,0,0,0,1,0,0,0,0,0,0,1,1,0,0,1,0,1,1,1,1,1,1,1,1,1,1,0,1,1,0,1,1,0,0,0,0,1,1,1,0,0,1,1,0,1,0,0,1,0,0,1,0,1,1,1,1,0,1,0,0,1,1,0,0.0,-255.89589434053732,1
1,0,0,1,0,1,0,0,1,1,0,0,0,0,0,1,0,1,1,1,0,1,1,1,0,1,0,0,0,1,1,1,1,0,0,0,1,1,1,1,0,1,0,0,0,0,1,1,1,1,0,1,0,0,0,1,0,0,1,0,1,0,1,0,0.015625,-255.8958785735821,1
1,1,0,1,0,1,1,0,0,1,0,0,0,1,0,0,0,0,0,0,1,1,0,1,0,0,1,1,0,1,0,1,1,0,1,1,0,0,1,0,1,1,1,1,0,1,0,1,1,0,1,0,1,0,1,1,1,0,0,0,0,1,0,0,0.0,-255.8958488193899,1
1,0,1,0,0,1,1,0,0,0,0,0,1,1,1,0,0,1,1,0,1,0,1,1,1,0,0,0,1,0,0,1,1,0,1,1,0,0,1,1,1,1,0,1,0,1,0,1,0,0,0,0,1,0,1,0,1,1,0,1,0,0,1,0,0.015625,-255.8957048969439,1
0,1,1,0,0,1,0,0,1,1,0,1,1,1,1,0,0,1,0,0,0,0,0,1,0,1,1,0,1,0,0,1,0,1,0,1,0,1,1,1,0,1,1,0,1,1,0,0,0,0,1,1,1,0,0,0,1,0,0,0,1,1,0,1,0.0,-255.89561684310485,1
0,0,1,1,0,1,1,0,1,1,0,0,1,1,1,0,1,0,0,0,1,1,0,0,0,1,0,0,0,1,1,1,0,0,0,0,0,1,1,0,1,1,1,0,1,1,0,1,0,1,0,1,1,0,0,1,1,0,1,0,0,1,0,0,0.0,-255.89551988093265,1
1,0,1,1,0,1,1,0,1,0,0,0,0,1,0,1,1,1,1,1,0,1,0,0,1,1,1,0,1,1,0,1,0,0,0,0,0,1,1,1,0,0,0,0,1,0,0,1,1,1,1,1,1,0,0,0,0,1,1,1,0,0,0,1,0.0,-255.895136336956,1
1,1,0,0,0,0,1,1,1,0,1,0,0,1,0,0,0,1,0,1,1,0,0,0,1,0,0,0,1,1,0,1,1,0,0,1,1,1,1,1,1,1,0,0,1,1,0,0,0,1,0,0,0,0,0,1,0,1,1,1,1,0,1,0,0.0,-255.89496775968345,1
1,0,0,1,0,1,1,0,0,1,1,0,1,1,0,1,1,1,1,0,0,1,0,0,1,1,0,0,0,0,0,0,1,0,0,0,0,0,1,1,1,1,0,0,1,0,0,1,0,1,1,1,1,0,0,0,1,1,1,1,0,1,0,0,0.0,-255.89402808609861,1
0,1,1,0,0,1,1,0,1,0,0,0,0,1,1,1,0,1,1,1,0,0,0,1,1,1,0,0,1,0,1,1,0,0,1,1,1,1,1,0,1,0,1,0,1,1,0,0,1,0,1,0,1,0,0,0,0,1,0,0,0,0,1,0,0.015625,-255.89402071955024,1
0,0,1,0,0,0,1,0,0,1,1,0,0,1,1,0,1,1,1,1,1,1,0,1,1,0,1,0,1,0,0,0,0,1,1,1,0,0,1,0,0,1,0,0,1,1,1,0,1,0,0,1,1,0,1,0,0,1,0,0,0,1,1,0,0.015625,-255.89398456829187,1
0,1,1,0,0,1,0,1,1,1,1,0,1,1,1,0,0,1,0,1,1,1,1,1,0,1,1,0,1,1,0,0,1,0,0,0,0,1,1,0,1,0,0,1,1,0,0,0,1,1,0,0,1,1,1,0,1,0,0,0,0,1,0,0,0.0,-255.89367847045685,1
0,0,0,0,0,1,0,0,0,1,1,0,1,1,1,0,0,1,1,1,1,0,0,1,0,1,1,0,0,0,0,0,0,0,0,0,0,1,1,1,1,0,0,1,1,1,1,0,1,1,0,1,1,1,1,0,0,0,1,0,0,1,1,1,0.0,-255.8936417555476,1
0,0,0,1,0,1,1,1,1,0,1,0,1,1,0,0,1,0,1,1,1,0,1,1,0,0,1,0,0,0,1,0,1,0,0,1,1,1,0,1,0,0,0,0,1,1,0,0,0,1,1,0,0,1,1,0,1,1,1,0,0,0,1,0,0.0,-255.89314372876086,1
1,0,1,0,0,1,1,1,1,1,0,1,1,1,0,0,1,0,0,1,0,0,0,0,1,0,0,0,0,1,0,1,0,0,0,1,0,0,0,0,1,0,0,1,1,1,0,0,1,1,1,1,1,1,0,0,1,0,1,1,0,1,1,0,0.0,-255.89263978443552,1
0,1,1,0,0,0,0,0,0,1,0,1,1,1,1,1,0,0,1,1,1,0,0,0,0,1,1,1,1,1,1,0,1,0,1,0,1,0,1,0,0,1,0,1,0,1,0,0,1,0,0,1,0,1,0,0,0,0,1,1,0,0,1,1,0.015625,-255.8924434373511,1
0,0,0,0,0,1,1,1,1,1,1,0,1,1,1,1,1,1,0,0,1,0,0,1,0,0,1,0,0,0,1,0,1,0,1,1,0,1,1,0,1,0,1,1,1,0,0,0,1,0,0,1,0,0,1,1,0,1,1,0,0,1,0,1,0.0,-255.89239001791105,1
0,1,0,0,0,1,0,0,0,1,0,0,1,0,1,1,0,1,0,1,0,1,0,1,0,1,1,0,0,0,0,1,1,0,1,1,1,1,1,1,1,1,0,0,1,1,1,0,1,1,1,1,0,0,1,0,0,0,0,1,1,1,0,0,0.0,-255.89237277888975,1
1,0,1,1,1,1,1,1,1,0,0,0,1,1,0,1,0,1,0,1,0,1,0,0,0,1,1,1,0,1,1,0,1,1,0,0,0,0,1,1,0,0,1,1,0,0,0,0,1,0,1,1,0,0,0,0,1,1,0,0,0,0,0,1,0.015625,-255.89232918824476,1
1,0,0,0,0,0,0,0,0,1,1,1,0,1,1,0,0,1,0,0,1,1,1,0,1,1,1,0,1,1,0,1,1,1,0,1,0,1,1,1,1,1,1,0,0,1,0,0,0,0,0,0,1,1,1,0,1,0,0,0,0,1,0,0,0.0,-255.89191041850458,1
0,1,1,1,0,0,0,0,0,1,0,0,1,1,1,0,0,1,0,1,0,0,1,1,1,1,0,1,0,1,0,0,0,0,1,0,1,1,1,1,1,1,0,1,1,0,0,1,1,0,1,0,0,0,0,1,0,0,1,0,0,1,1,0,0.0,-255.89187212812033,1
1,0,1,0,0,1,1,1,1,0,1,0,0,1,0,0,0,1,0,1,1,0,1,1,1,1,0,0,1,0,1,1,0,1,0,0,0,1,0,0,1,1,0,1,1,1,0,0,1,0,1,0,1,0,0,0,0,1,1,1,0,1,0,1,0.0,-255.89174912553034,1
1,1,1,0,0,1,1,0,0,1,0,0,0,1,0,0,0,1,0,1,0,0,0,0,0,1,1,1,1,0,0,1,0,0,0,1,0,1,1,1,1,0,0,0,0,1,0,1,1,1,0,1,1,0,1,0,1,1,1,1,0,0,0,1,0.0,-255.89171323851284,1
0,1,1,0,1,1,0,0,0,0,1,0,1,1,1,0,0,0,1,1,1,0,1,1,1,1,1,0,1,0,1,1,1,0,0,1,0,1,0,1,0,1,1,0,1,0,0,0,0,1,0,1,1,0,0,0,0,0,0,0,0,1,1,0,0.03125,-255.89167825370882,1
0,1,1,1,0,1,1,1,0,0,0,0,0,1,0,1,0,0,0,0,1,0,0,1,0,1,0,0,1,0,0,1,0,1,0,1,1,1,0,1,1,1,0,1,1,1,0,0,0,0,0,0,1,0,1,0,1,1,1,1,0,1,0,1,0.0,-255.89150520271227,1
1,0,1,0,0,1,1,0,0,1,0,0,0,0,1,0,0,1,1,0,1,1,0,1,1,1,0,0,0,0,1,1,1,1,0,0,0,1,1,1,1,1,0,0,1,1,0,0,0,1,0,1,1,1,0,1,0,1,1,0,0,1,0,1,0.0,-255.89107637104422,1
0,1,1,0,0,1,0,0,1,0,1,1,1,1,0,1,0,0,1,0,1,0,0,1,1,0,1,0,1,1,0,0,0,0,1,1,0,0,1,1,0,0,0,1,1,0,0,0,1,1,1,1,1,0,0,0,0,1,1,1,0,0,1,0,0.0,-255.89074460906068,1
0,0,1,1,1,1,1,1,0,0,1,0,0,1,1,0,0,0,0,1,0,1,0,0,1,0,0,0,1,1,0,0,1,0,1,1,1,1,1,1,1,0,0,1,1,1,0,0,1,1,1,1,0,0,0,1,0,1,1,0,0,0,1,0,0.0,-255.89063762180433,1
0,1,0,1,1,1,0,1,0,0,0,0,1,1,0,0,0,1,1,0,1,0,1,1,1,1,0,0,1,1,1,1,0,0,0,1,1,1,1,1,1,1,0,1,0,1,0,1,0,1,1,0,0,0,0,0,0,1,0,1,0,0,1,0,0.0,-255.89063308204987,1
0,1,0,1,0,1,0,0,0,0,1,0,1,1,1,0,0,1,0,1,1,1,0,0,1,0,1,0,0,1,0,0,1,0,0,1,0,1,1,0,0,0,0,1,1,1,0,1,0,1,1,0,0,1,1,0,0,1,0,1,1,1,1,0,0.015625,-255.8902454129252,1
0,1,1,0,1,0,1,1,0,1,1,0,1,1,0,0,0,1,1,0,1,0,1,1,0,0,1,0,0,0,1,0,1,1,0,0,0,0,1,1,1,1,1,0,1,0,0,1,1,0,0,0,1,0,1,1,0,1,1,0,0,0,0,0,0.0,-255.8901756177411,1
0,1,0,0,0,1,0,0,0,1,0,1,0,1,1,0,0,1,1,1,1,0,1,0,1,1,1,0,1,1,0,0,1,1,1,1,0,1,1,0,1,1,0,0,0,1,0,0,1,0,1,1,1,0,0,1,0,0,0,0,1,0,0,0,0.0,-255.8899798008507,1
1,0,0,0,0,0,1,0,0,0,0,0,1,1,1,1,0,0,1,1,1,0,0,1,1,0,1,1,1,1,0,1,0,0,0,1,0,1,1,1,0,0,0,1,1,1,0,1,1,1,0,1,1,0,0,1,0,0,1,0,0,0,1,0,0.0,-255.88976384606977,1
1,1,1,0,1,1,0,0,0,0,1,0,1,1,1,0,0,1,0,1,1,0,0,0,0,0,1,1,0,1,1,1,0,0,0,0,0,1,0,1,0,1,1,0,1,0,0,0,1,1,1,1,1,0,0,0,0,0,1,1,0,1,0,1,0.0,-255.88961739595135,1
0,1,0,0,1,1,0,0,0,1,1,1,1,1,1,1,1,1,0,1,0,0,1,0,0,0,0,0,1,1,0,0,1,0,0,1,0,1,1,0,1,1,0,0,0,0,0,0,1,1,0,1,0,1,1,0,0,0,1,0,1,1,1,0,0.0,-255.88919407994803,1
1,0,1,1,1,1,0,0,0,0,0,0,1,1,1,0,0,0,0,0,1,0,0,0,1,0,1,0,1,1,0,0,0,0,0,1,0,1,1,1,1,1,1,1,0,1,1,0,1,1,0,1,0,1,0,0,1,1,1,0,0,0,1,0,0.0,-255.8890288296796,1
1,1,1,1,0,1,0,1,0,0,1,0,1,1,1,0,0,0,0,1,1,0,0,1,1,1,0,0,1,0,0,0,0,0,1,1,0,1,0,1,1,0,0,1,1,0,0,0,1,0,1,0,1,1,0,1,1,0,1,0,0,0,1,0,0.0,-255.88899380949883,1
0,1,1,0,0,0,1,0,1,1,0,0,1,1,1,0,0,1,0,0,1,0,0,0,1,1,0,0,0,0,0,1,0,1,0,1,0,1,1,0,1,1,1,0,1,1,0,0,1,0,1,1,0,0,0,1,1,0,1,0,0,1,1,1,0.0,-255.88880197071805,1
1,0,0,0,0,1,1,0,0,0,0,0,1,1,1,0,1,0,1,0,1,0,0,0,0,0,1,0,1,1,0,0,0,0,1,1,0,1,1,1,0,0,0,0,1,0,1,0,1,1,1,1,1,0,1,1,1,1,1,0,0,0,1,1,0.015625,-255.88851588571643,1
1,1,0,0,1,0,0,0,1,1,0,0,0,1,1,0,1,1,1,1,1,1,0,0,1,1,0,0,0,1,1,0,0,0,0,1,1,1,1,1,0,1,0,0,0,1,0,1,0,1,1,0,0,0,1,0,0,0,1,0,1,1,0,0,0.0,-255.88841622790656,1
0,0,1,0,0,1,0,0,1,0,0,0,0,1,1,0,1,1,0,0,0,1,0,1,1,0,1,1,1,0,0,1,0,0,1,1,0,1,1,1,0,0,1,1,0,1,1,0,1,0,0,1,1,0,0,0,1,1,0,0,0,1,1,1,0.015625,-255.88830651047147,1
0,1,0,0,1,0,1,0,1,1,0,1,0,1,1,1,0,0,1,1,1,1,1,0,1,0,1,1,1,1,0,0,1,0,0,0,0,1,0,0,0,1,0,0,1,1,0,0,0,1,0,1,1,0,0,0,1,1,1,1,0,0,0,0,0.0,-255.887820753944,1
0,0,0,1,0,1,0,0,0,0,1,0,1,1,1,0,0,1,0,1,1,0,1,1,1,0,0,0,1,0,1,1,0,0,0,0,1,1,1,0,0,1,1,1,1,0,0,0,0,1,1,1,0,0,1,0,1,0,1,0,0,1,1,1,0.0,-255.88757967809437,1
0,0,1,0,0,1,0,0,0,0,0,1,0,1,1,1,0,0,0,1,1,0,0,1,1,0,1,0,0,1,1,1,0,1,0,0,0,1,1,1,1,0,1,0,0,1,0,1,1,1,0,0,1,0,1,0,1,1,0,0,1,1,1,0,0.0,-255.88754093903896,1
0,0,1,0,0,0,1,0,0,0,0,0,1,1,0,1,0,0,1,0,0,1,1,1,1,0,1,0,0,1,0,0,1,1,1,1,0,1,1,1,0,0,0,1,0,0,0,1,0,0,1,1,0,1,0,0,1,1,1,1,1,1,1,0,0.0,-255.88738020110048,1
0,1,0,0,0,1,1,0,1,1,0,0,1,0,0,0,0,1,0,1,1,0,0,0,0,0,0,0,0,0,0,1,1,1,0,1,0,1,1,1,1,1,0,1,0,1,0,1,1,0,1,1,1,0,1,0,0,1,1,1,0,1,1,0,0.0,-255.887363706823,1
0,0,0,1,0,1,0,0,1,1,0,0,1,1,1,1,1,1,1,1,1,1,0,0,0,1,0,0,1,0,0,0,1,1,1,0,0,0,1,1,1,1,1,0,1,1,1,1,0,0,0,1,0,0,0,0,1,0,0,0,1,0,0,0,0.015625,-255.887043562266,1
1,0,0,0,0,0,1,0,0,1,1,1,1,1,0,0,0,1,0,1,1,1,1,1,1,0,0,0,1,0,1,1,0,1,1,0,0,0,1,0,1,1,0,0,1,1,0,0,1,0,1,0,1,1,0,0,0,1,1,1,0,1,1,0,0.0,-255.88698494969634,1
0,0,0,1,0,1,1,1,0,0,0,0,0,1,1,0,1,1,1,1,1,1,0,1,1,0,0,0,1,0,1,1,1,1,0,0,1,1,1,0,0,0,1,1,1,0,0,1,0,0,1,0,0,0,1,0,0,1,1,0,0,0,0,1,0.0,-255.88684351497832,1
1,1,0,0,1,1,1,0,1,1,1,1,0,1,0,0,0,0,0,1,1,1,0,1,1,1,1,0,1,1,0,0,0,0,1,0,0,0,1,1,1,0,0,0,1,1,0,0,0,0,1,0,0,0,1,0,0,1,0,0,0,1,1,1,0.0,-255.88683259679425,1
0,1,1,0,0,1,0,1,1,1,0,1,0,1,0,1,0,1,0,1,1,0,0,1,1,0,0,0,0,0,0,1,1,0,0,0,0,1,1,1,1,0,1,1,0,1,0,0,1,1,1,0,1,0,0,0,0,0,1,1,1,1,0,0,0.0,-255.886656036082,1
0,1,1,1,0,0,0,0,0,0,1,0,1,1,0,0,1,1,1,1,1,0,0,1,1,1,0,0,0,1,0,0,0,1,0,0,0,1,1,1,1,1,0,1,0,0,1,1,1,1,0,1,1,0,1,0,1,1,0,0,0,0,0,0,0.0,-255.88662138027533,1
0,1,1,0,0,0,1,0,1,1,0,1,1,1,0,0,0,1,0,1,1,1,0,1,0,0,1,1,1,1,0,1,0,0,0,0,1,1,1,0,0,0,0,0,1,1,0,1,1,0,1,0,0,0,0,0,1,1,0,1,1,0,1,0,0.0,-255.8861830706278,1
0,1,0,0,1,0,0,0,1,1,0,1,0,1,0,0,0,1,0,1,1,1,1,1,1,0,1,0,0,1,1,1,0,0,1,0,0,1,1,1,0,1,0,1,1,1,0,0,1,1,0,0,0,1,1,0,0,0,1,0,0,1,0,0,0.0,-255.88590486048165,1
0,0,1,0,0,0,1,0,1,0,0,0,1,1,1,0,1,1,0,1,1,1,0,1,0,1,1,1,0,1,1,0,1,0,0,1,0,1,0,1,0,0,0,0,1,1,0,0,0,1,1,1,1,1,1,0,1,0,1,0,1,0,0,1,0.0,-255.88586911003227,1
0,0,1,1,0,0,0,1,0,1,1,1,1,1,1,0,0,0,0,1,0,1,0,1,1,1,1,0,1,1,0,0,0,0,1,0,0,1,0,1,1,1,0,1,1,0,1,1,0,0,0,1,1,0,0,1,0,0,1,0,0,0,0,1,0.0,-255.88582865265744,1
1,0,1,0,0,0,1,0,0,0,0,1,0,1,1,0,0,1,0,1,0,0,0,1,1,0,1,0,1,1,0,1,0,0,0,1,0,1,0,0,0,0,1,0,1,0,1,1,1,1,0,1,1,0,0,0,1,1,1,1,1,1,1,0,0.0,-255.885732082498,1
1,0,0,0,0,1,1,1,1,0,1,0,0,1,1,0,0,1,0,1,1,1,1,0,0,1,0,0,1,1,0,0,0,0,0,1,1,1,0,0,1,1,0,0,1,1,0,0,0,1,1,1,1,0,1,0,0,0,1,0,0,1,1,0,0.0,-255.88546140967594,1
0,1,0,1,1,0,0,1,1,0,0,0,0,1,0,0,0,1,0,0,1,1,0,0,1,0,0,0,1,0,1,1,1,1,1,1,0,1,1,0,1,0,0,1,1,1,0,1,0,1,1,1,1,0,1,0,0,1,0,0,0,1,0,0,0.0,-255.88522837696027,1
0,1,1,0,1,1,0,0,0,0,0,0,1,0,1,0,0,1,1,1,0,1,0,1,0,0,1,0,0,0,1,1,1,0,1,1,1,1,1,1,0,0,0,1,0,1,1,1,0,0,1,1,1,0,0,1,0,0,0,1,1,0,0,0,0.0,-255.88476505054763,1
1,1,1,1,1,0,1,0,0,0,0,0,0,1,1,1,0,1,1,1,1,1,0,0,1,1,0,0,0,0,1,1,0,0,0,0,0,1,1,1,0,1,0,0,0,1,0,0,0,1,1,1,0,1,0,1,1,1,0,0,0,1,0,0,0.0,-255.88452546300215,1
0,0,1,0,0,1,1,0,0,1,0,1,1,1,1,0,0,1,0,1,1,1,0,1,0,1,0,1,0,1,0,1,1,0,0,1,0,1,1,0,0,0,0,0,0,1,0,0,1,1,1,1,0,0,1,0,1,0,1,0,0,1,1,0,0.0,-255.88446515560764,1
0,0,1,1,1,0,0,0,1,1,0,1,0,1,1,0,0,0,0,1,1,0,0,1,1,1,0,0,0,1,0,0,1,1,1,1,1,1,1,1,0,0,0,0,1,1,0,0,1,1,0,1,1,0,0,0,1,1,1,0,0,1,1,0,0.0,-255.88439350378428,1
1,1,1,1,1,0,0,0,0,0,0,0,1,1,1,0,0,1,0,1,1,0,0,0,1,1,0,1,1,0,0,0,0,0,1,1,0,0,1,1,0,0,1,0,1,1,0,0,1,1,0,1,1,1,0,0,0,1,1,0,1,0,1,0,0.0,-255.8843756987949,1
0,0,0,1,0,0,1,0,1,0,0,0,1,1,1,0,1,0,1,0,1,1,1,0,1,1,0,0,0,0,0,0,1,0,0,0,0,1,1,1,1,1,1,0,1,1,0,1,0,1,0,1,1,1,1,0,1,1,1,1,0,0,0,1,0.0,-255.8842233987666,1
0,0,0,1,1,1,0,0,0,0,0,0,1,1,1,1,1,0,0,0,1,0,0,0,1,1,0,0,1,1,1,1,0,0,0,1,0,1,0,1,0,1,0,1,0,1,0,1,1,1,1,1,1,0,1,0,1,0,0,0,0,1,1,0,0.015625,-255.88409150090624,1
0,1,1,1,0,1,1,0,0,0,0,0,0,1,0,0,0,1,0,1,0,1,1,1,0,0,0,0,1,1,1,1,1,1,0,1,0,1,1,0,1,0,1,0,1,0,1,0,1,1,0,1,0,0,0,1,1,1,0,0,0,1,0,0,0.0,-255.88347118467098,1
1,0,1,0,0,1,0,1,0,1,0,0,1,1,0,0,1,1,0,1,0,1,0,0,1,1,0,1,1,0,1,1,0,1,0,1,0,1,1,1,1,0,0,0,1,1,1,0,0,0,0,0,0,1,0,0,1,0,1,0,1,0,1,0,0.0,-255.88324862610642,1
0,0,1,0,1,1,1,0,0,0,0,0,0,1,0,0,1,1,1,0,1,0,0,1,1,0,0,1,1,0,0,1,0,1,0,1,0,1,1,1,1,0,0,1,1,0,0,1,0,1,0,1,0,0,0,1,0,0,1,1,0,1,1,1,0.015625,-255.8829621987622,1
0,1,1,1,0,1,0,0,0,0,0,0,0,1,0,0,0,1,0,1,1,0,0,1,0,1,1,0,1,1,0,1,0,0,0,0,1,1,1,0,0,1,1,1,1,1,1,1,0,0,0,1,0,1,1,1,1,0,1,1,0,1,1,0,0.0,-255.88263706335619,1
0,1,1,1,0,0,0,0,0,1,1,1,1,1,1,0,0,0,0,1,1,0,0,1,1,1,0,0,1,0,0,1,0,0,1,1,1,1,1,1,0,1,1,0,1,1,0,1,0,1,1,0,0,0,0,1,0,1,1,1,0,0,0,0,0.015625,-255.88258411152037,1
0,1,1,0,1,1,0,1,0,0,0,0,1,1,0,0,1,0,1,1,1,1,0,1,0,0,0,0,0,1,1,0,1,0,0,0,0,0,1,0,1,1,0,0,0,1,0,1,1,1,1,1,0,1,0,0,1,1,1,0,0,1,0,1,0.03125,-255.88239373820713,1
0,1,0,1,0,1,1,0,0,1,0,0,1,1,0,1,0,0,0,0,1,0,0,0,0,1,0,1,0,1,1,1,1,1,0,1,0,0,1,1,1,0,1,0,1,1,0,1,0,0,0,0,1,0,0,0,1,1,1,1,0,1,1,0,0.0,-255.8823438753207,1
0,1,1,0,0,1,1,1,0,1,1,0,0,0,1,0,0,0,1,1,1,1,0,1,1,0,1,0,1,1,0,0,1,0,1,1,0,1,0,0,0,1,0,1,0,0,0,1,1,0,1,1,1,0,0,0,1,0,0,1,0,0,1,0,0.0,-255.88227429639275,1
0,1,0,0,0,0,1,0,1,1,0,0,1,1,0,1,1,0,1,1,1,0,1,1,1,1,1,0,1,1,1,0,1,0,0,0,0,1,1,1,1,0,1,0,0,0,0,1,0,1,0,1,0,0,0,0,0,1,1,0,0,1,0,0,0.0,-255.8820356212015,1
0,1,0,0,1,1,0,0,0,0,0,0,1,1,0,0,1,1,1,1,0,0,0,1,1,0,1,1,0,0,1,1,1,0,1,1,1,0,1,0,1,1,0,0,1,0,0,1,1,0,1,1,0,0,0,0,1,1,1,0,0,0,0,1,0.0,-255.88199245132665,1
1,0,1,1,0,0,1,0,0,1,1,0,1,1,1,0,0,1,0,0,1,0,1,1,0,1,0,1,1,1,0,1,0,0,0,1,1,1,0,1,1,0,0,1,0,1,1,1,1,1,1,0,1,0,0,0,0,0,1,0,0,0,1,0,0.0,-255.8818280023296,1
0,1,0,0,1,1,0,0,0,1,0,1,1,1,1,0,0,1,1,1,1,1,1,0,1,1,0,0,0,0,1,1,0,0,0,0,0,1,1,0,1,1,0,0,0,1,1,0,0,0,0,1,0,0,1,1,1,1,0,0,0,1,1,0,0.0,-255.88167312193312,1
0,0,0,1,1,0,1,0,0,1,1,0,0,1,1,1,0,1,1,0,1,0,0,1,1,1,1,0,0,1,1,0,1,0,0,1,0,1,1,1,1,0,1,1,1,0,0,1,0,0,1,1,1,0,0,0,1,0,0,0,0,0,0,0,0.0,-255.8816340311297,1
0,0,0,1,0,1,1,1,0,1,0,0,1,1,1,0,0,0,0,0,1,1,0,0,1,1,1,0,1,1,1,0,1,0,0,1,0,1,1,0,1,1,0,0,1,0,1,0,0,0,1,0,1,0,1,1,0,1,1,1,0,1,0,1,0.0,-255.88142725829448,1
0,0,1,1,0,1,1,0,1,1,1,0,0,1,1,1,0,0,0,0,1,1,0,0,0,1,0,0,0,1,1,1,1,0,1,1,0,1,1,1,0,0,0,1,1,1,0,1,0,1,1,1,0,0,0,0,1,1,0,1,0,1,0,0,0.0,-255.88082805346625,1
0,1,0,1,0,1,1,1,0,1,0,1,0,1,1,0,0,0,1,1,1,0,0,1,1,0,1,0,0,0,1,0,0,1,0,1,0,1,1,1,0,0,1,1,0,1,0,0,0,1,1,1,0,0,0,0,1,0,1,1,0,1,0,0,0.0,-255.8808066940615,1
0,1,1,0,0,0,1,0,0,0,0,0,0,1,1,0,0,1,0,0,1,0,0,1,1,1,1,0,1,1,1,1,1,1,0,1,0,1,0,1,1,0,1,0,1,1,0,1,0,0,1,1,1,0,0,0,0,1,1,0,0,1,0,0,0.0,-255.88058974531458,1
1,0,1,0,1,0,1,0,1,0,0,0,1,0,0,0,0,1,1,1,1,1,0,0,1,1,1,0,1,1,0,0,0,0,1,1,0,1,1,1,0,0,0,1,0,1,1,0,1,1,1,1,1,0,0,0,0,1,1,1,0,0,0,1,0.0,-255.88049984473867,1
0,1,0,1,1,0,1,0,0,0,0,0,0,1,0,1,0,1,1,1,1,0,1,1,1,1,0,0,1,1,1,0,0,0,0,1,0,0,1,1,1,1,1,1,0,1,0,1,1,1,1,0,0,0,1,0,0,0,1,1,0,1,0,0,0.0,-255.88049795210503,1
1,0,1,1,0,0,1,0,0,1,0,0,1,1,1,1,0,0,0,1,1,0,0,0,1,1,0,0,0,1,1,0,1,0,1,1,0,0,0,0,0,1,0,0,1,1,0,1,1,0,1,1,0,0,0,0,0,1,0,1,1,1,1,1,0.0,-255.8801174888805,1
0,1,1,0,0,0,1,0,1,0,0,1,1,1,0,0,0,1,1,1,1,0,0,1,0,1,0,1,1,1,0,1,0,0,0,0,0,1,1,1,0,1,1,1,1,1,0,0,0,0,1,1,1,1,0,0,1,0,1,0,0,1,1,0,0.0,-255.8799301436543,1
0,0,1,0,0,0,0,1,1,0,1,1,0,0,0,0,0,0,1,1,0,0,1,1,1,1,0,0,0,0,1,0,1,0,1,1,1,1,1,1,1,0,1,0,1,1,0,0,1,1,0,1,0,1,1,1,0,1,0,1,0,1,1,0,0.0,-255.8797664699942,1
0,1,0,0,0,0,1,0,1,0,0,0,0,1,1,1,0,1,0,1,0,1,0,1,1,0,1,0,1,0,1,1,0,0,1,1,0,0,1,1,0,1,1,1,1,1,0,1,1,0,1,1,0,0,0,0,0,0,1,1,0,0,0,1,0.0,-255.8797413152072,1
1,1,1,1,0,0,1,0,1,0,0,0,1,1,0,0,0,1,1,1,1,1,0,0,0,1,0,1,0,1,1,1,0,1,0,0,1,1,1,0,0,1,0,0,0,1,1,0,1,1,0,0,0,1,0,0,0,0,0,0,1,0,1,1,0.03125,-255.87958302767998,1
0,0,0,0,0,1,1,0,0,1,1,1,1,1,0,0,0,0,1,0,1,0,0,1,1,1,1,0,1,1,0,1,0,0,0,0,1,1,1,1,0,1,0,1,0,1,0,1,0,0,1,0,0,0,1,1,1,0,1,0,1,1,0,0,0.0,-255.87932879231488,1
0,0,1,1,0,1,1,0,1,0,0,1,1,1,1,0,0,0,0,1,0,1,0,1,1,0,0,0,0,0,1,0,1,0,0,1,0,1,0,1,0,0,0,1,1,1,0,0,1,1,0,1,1,1,1,0,0,0,1,1,0,1,1,0,0.0,-255.87927741607456,1
1,1,1,0,0,1,1,0,1,1,0,0,1,1,1,1,0,0,0,1,1,0,1,0,0,1,0,0,0,0,0,0,1,0,0,0,0,1,1,0,1,1,1,0,0,0,0,0,0,1,0,1,1,1,0,0,1,1,0,1,0,1,1,1,0.0,-255.87920260796892,1
0,0,0,1,0,1,0,0,1,0,0,0,1,1,1,1,0,1,0,1,1,0,0,1,0,1,0,0,1,0,0,0,0,0,0,1,1,1,1,1,0,1,1,1,1,0,1,0,1,1,0,1,0,0,0,0,0,0,1,1,1,1,1,0,0.0,-255.87907621190277,1
0,0,1,1,0,1,0,0,0,1,0,1,1,1,0,1,0,0,0,0,1,1,0,1,1,0,0,0,0,0,0,1,1,1,0,0,0,1,1,1,0,0,0,0,1,1,0,0,1,1,1,1,0,1,1,0,1,0,1,1,0,1,1,0,0.0,-255.87890362015392,1
1,1,1,1,0,0,1,1,1,1,1,0,1,0,0,1,0,1,1,0,1,0,0,1,0,0,0,0,1,1,0,0,0,0,1,1,0,1,1,1,0,1,0,1,1,1,0,0,0,1,1,1,0,1,0,1,0,0,0,0,0,1,0,1,0.0,-255.87859867451022,1
0,0,1,1,0,0,0,0,0,0,1,1,1,0,1,0,0,1,1,1,1,1,1,0,1,1,0,1,1,1,0,0,1,0,1,1,1,1,0,1,0,0,1,1,1,0,0,0,1,0,0,0,0,0,0,0,1,0,0,1,0,1,1,0,0.015625,-255.8781508773574,1
1,1,0,1,1,0,1,0,0,0,0,0,1,1,1,1,0,1,1,0,1,0,0,0,1,1,1,0,0,0,0,0,1,0,0,1,0,0,1,1,1,1,1,1,1,0,0,0,1,1,1,1,1,1,0,0,0,1,0,0,0,1,0,1,0.0,-255.87766810231363,1
1,1,0,1,0,1,1,0,0,0,0,0,0,1,1,0,0,1,0,1,1,0,1,1,1,1,1,1,0,1,1,0,0,0,0,1,0,1,1,0,1,1,0,0,1,1,0,0,1,1,1,1,0,0,0,0,1,0,1,0,0,1,1,0,0.0,-255.87702673696896,1
1,1,1,1,0,1,1,1,0,0,1,0,1,1,1,0,0,0,0,1,1,0,0,1,1,1,1,0,1,0,1,0,0,0,1,1,0,1,1,0,1,1,1,0,1,1,0,0,0,0,1,0,1,0,0,0,1,0,0,0,0,1,1,0,0.0,-255.87699231731926,1
0,0,0,1,0,0,1,1,0,0,0,0,1,1,1,1,0,1,0,1,1,0,1,1,0,0,0,1,1,1,0,1,0,0,1,1,0,1,1,1,0,1,1,0,1,1,0,0,1,0,1,1,1,0,0,0,1,0,0,0,0,0,1,0,0.0,-255.8766793552843,1
0,0,1,1,1,1,0,0,0,0,1,0,1,1,1,0,0,0,0,1,1,1,0,1,0,1,0,0,1,0,1,0,1,0,0,1,0,1,1,1,0,1,1,1,1,0,1,0,1,0,0,0,0,1,0,0,1,0,1,0,0,1,1,0,0.0,-255.87619684672828,1
0,0,1,1,0,1,1,1,0,0,1,0,1,1,1,0,1,0,0,0,1,1,0,1,1,0,1,1,1,0,0,1,0,0,1,1,1,1,1,0,0,1,0,0,0,1,0,0,0,0,1,0,1,1,0,0,0,1,0,1,0,1,0,0,0.0,-255.87608890706775,1
0,1,0,0,0,0,1,1,1,0,1,0,0,1,1,0,0,0,0,1,1,0,0,1,1,0,1,1,0,0,1,1,1,0,0,1,0,1,1,1,0,1,1,1,1,0,1,0,1,0,0,1,0,0,1,0,0,1,0,1,0,0,1,0,0.0,-255.87575769658616,1
0,1,1,1,0,0,0,1,0,0,1,0,0,0,0,0,0,1,1,1,1,0,0,0,1,0,1,1,1,0,1,1,1,1,0,0,0,1,1,1,0,0,1,1,0,1,1,1,0,1,0,1,0,0,0,0,1,1,0,0,0,0,1,1,0.0,-255.87465563484346,1
0,1,0,1,0,1,1,1,0,0,0,0,1,0,1,0,0,1,1,1,1,0,0,1,0,1,0,0,0,0,0,1,0,0,1,0,0,1,1,1,0,1,1,0,1,0,1,0,1,1,1,1,0,1,0,0,0,1,1,0,1,1,0,0,0.0,-255.8746484664375,1
0,1,1,1,1,1,1,0,0,0,1,0,0,1,0,1,0,1,1,1,1,0,1,1,0,1,0,0,0,0,0,1,0,0,0,0,1,1,1,1,0,1,0,0,1,1,0,1,0,1,0,0,0,0,0,0,1,1,1,1,0,1,1,1,0.0,-255.87432069312774,1
0,0,1,0,0,0,0,0,0,0,0,1,1,1,1,0,0,1,0,0,0,1,0,0,1,1,1,0,1,1,1,1,0,0,0,1,1,1,1,1,1,1,1,1,1,0,1,1,0,0,0,0,0,1,0,0,1,1,1,1,0,0,0,0,0.0,-255.873815254937,1
1,0,1,1,0,1,1,1,0,0,0,0,1,0,1,1,1,0,0,1,0,1,0,1,1,1,0,0,1,1,1,0,1,0,0,1,0,1,0,1,0,0,1,1,0,1,1,0,1,1,0,1,0,0,0,0,0,0,1,0,0,1,1,1,0.03125,-255.87323449032664,1
1,1,1,1,0,1,0,0,0,0,1,1,0,1,1,0,0,0,0,1,0,1,0,1,1,0,0,1,0,0,0,0,0,0,1,0,0,1,1,1,0,1,1,1,1,1,0,1,0,1,0,1,0,1,0,0,1,0,0,1,0,1,1,0,0.015625,-255.8730752193891,1
0,1,1,0,0,1,0,0,1,0,1,0,1,1,1,0,0,1,0,1,1,0,0,0,1,1,0,0,1,0,0,0,1,0,0,0,1,1,1,0,1,0,1,1,1,1,0,0,0,1,1,1,0,0,0,0,1,0,1,0,1,1,0,1,0.0,-255.87300507825987,1
1,1,1,0,0,1,1,0,0,0,0,0,1,1,1,0,0,1,0,1,1,1,1,0,0,0,0,0,1,1,0,0,0,0,1,0,1,1,1,1,0,0,0,0,0,1,0,0,1,0,1,1,1,0,1,1,0,1,0,1,0,1,1,0,0.0,-255.87286844641457,1
0,0,1,1,0,1,1,0,1,0,0,1,1,1,1,0,0,1,1,1,0,0,0,1,1,0,0,1,1,1,0,0,1,0,0,0,0,0,1,1,0,1,0,1,0,1,0,1,1,1,0,1,1,1,0,0,1,1,1,1,0,0,0,0,0.0,-255.87278579268548,1
1,0,0,0,1,0,1,0,0,1,0,0,0,1,1,1,0,1,0,1,1,1,0,1,1,0,0,0,0,0,0,1,0,0,1,1,0,1,1,1,1,1,1,0,0,1,1,0,0,0,0,1,1,0,1,0,1,0,1,0,1,1,0,0,0.046875,-255.87269535561288,1
0,0,1,0,1,0,1,1,0,0,1,1,0,1,0,1,0,0,1,1,1,0,0,1,1,1,1,0,0,1,0,1,1,0,0,1,0,0,1,1,1,0,1,0,0,1,0,1,0,0,1,0,1,0,0,0,1,1,1,0,0,1,1,1,0.0,-255.87234848981052,1
0,1,1,1,0,1,1,1,1,1,1,0,1,1,0,0,0,0,0,1,1,0,0,0,0,1,1,1,0,0,1,0,1,0,0,1,1,1,0,0,1,1,0,1,0,0,1,0,0,0,1,1,0,0,0,1,1,1,1,1,0,0,0,1,0.0,-255.8720468350324,1
1,1,1,0,1,1,1,0,1,1,1,1,1,1,0,0,0,1,0,0,1,0,0,0,0,0,1,1,1,1,0,0,1,0,1,0,0,1,1,1,0,0,1,0,0,1,0,0,0,1,0,1,0,0,0,0,1,0,1,1,1,0,0,0,0.015625,-255.8719026727708,1
0,1,1,1,0,1,0,0,0,1,1,0,1,1,1,0,0,0,0,0,1,0,1,1,1,0,0,0,1,0,0,0,1,1,0,1,1,0,1,1,1,1,0,0,0,0,0,1,1,1,0,1,0,0,1,0,0,1,0,1,0,1,1,0,0.0,-255.87177265127684,1
0,0,1,1,1,1,1,1,1,1,1,0,1,1,0,1,0,1,0,1,0,1,0,1,1,0,0,0,1,1,0,1,0,1,0,1,0,1,1,1,0,0,0,1,1,1,0,1,1,0,0,1,1,0,0,0,0,1,0,0,0,0,0,0,0.0,-255.8714440843787,1
1,1,1,0,0,1,0,0,0,1,0,1,1,1,1,0,1,0,1,0,1,1,0,1,1,0,1,0,0,0,0,0,0,0,0,1,1,1,1,0,1,1,0,0,1,1,0,0,1,1,0,1,0,1,0,1,1,0,0,0,1,1,0,1,0.0,-255.871051477587,1
1,1,0,0,0,0,1,1,0,0,0,0,0,1,1,0,0,1,0,1,1,1,1,1,1,1,0,0,1,1,0,0,0,1,0,1,0,0,1,1,0,1,1,1,1,1,0,1,0,0,1,1,0,0,1,1,0,0,1,0,0,0,0,0,0.0,-255.87068173612454,1
1,1,1,0,0,0,0,1,0,0,1,1,1,1,1,0,0,1,1,1,1,1,1,0,1,1,0,0,1,0,0,0,0,0,0,1,0,1,0,1,1,0,0,0,0,1,0,0,0,1,1,1,0,1,1,0,1,1,1,0,0,1,0,1,0.0,-255.87046077264586,1
0,1,0,0,0,0,0,0,1,1,0,1,0,1,1,0,0,1,0,0,1,0,1,1,1,0,0,1,0,1,0,1,0,0,1,0,1,1,1,0,1,1,1,1,1,0,1,0,0,0,0,0,1,1,0,0,1,1,1,0,0,1,1,0,0.0,-255.8703324863159,1
1,0,1,0,1,0,1,1,0,1,0,1,1,1,1,1,0,0,0,1,0,0,0,1,0,1,0,0,1,1,0,0,0,1,1,0,1,1,1,1,0,0,1,0,1,0,0,1,1,1,0,1,0,1,0,1,0,0,1,0,1,0,1,0,0.0,-255.86977391151106,1
0,0,0,0,0,0,1,0,1,1,0,1,1,0,1,1,1,1,0,1,0,1,0,0,0,1,1,1,0,1,0,0,1,1,0,1,1,1,1,1,0,0,0,0,0,0,1,0,1,0,1,1,1,1,0,0,0,1,1,1,0,1,1,0,0.0,-255.86974425299553,1
0,0,0,1,0,1,1,0,0,1,0,0,1,1,0,1,0,1,1,1,0,0,0,1,1,0,1,1,0,0,0,0,1,0,0,1,1,1,1,1,0,1,1,0,1,1,0,1,0,1,1,1,1,0,1,0,0,0,1,0,0,1,1,0,0.0,-255.86952499281608,1
1,0,0,0,0,1,0,1,0,1,0,1,1,1,1,0,1,0,1,1,1,0,0,1,1,1,0,1,0,1,0,0,0,1,0,0,0,1,1,1,1,1,0,1,0,1,1,1,0,0,0,1,0,1,1,0,0,0,0,1,0,0,0,0,0.0,-255.86923404694255,1
0,1,0,0,0,1,0,1,1,0,0,0,1,1,1,0,0,0,1,0,1,1,1,0,1,1,0,1,0,0,0,1,0,1,0,1,0,1,1,1,1,0,0,1,1,1,1,0,0,0,0,1,1,0,0,0,1,0,0,0,1,1,1,0,0.0,-255.86902159542467,1
0,1,0,0,1,1,1,0,0,1,0,0,1,1,1,0,0,1,0,1,1,1,0,0,0,1,0,0,0,1,0,0,1,1,1,1,1,0,1,1,1,1,1,0,1,1,0,0,1,0,1,0,0,1,0,1,0,1,1,0,0,1,0,0,0.0,-255.86899517956488,1
0,0,0,0,0,1,1,0,0,1,1,1,1,1,0,0,0,0,1,1,1,0,0,0,0,1,1,1,1,1,0,0,0,0,0,1,1,0,1,1,1,1,1,0,1,0,0,0,1,0,0,1,0,0,0,0,1,1,1,0,0,1,1,1,0.0,-255.86888403536875,1
1,1,1,0,0,0,1,0,0,0,1,0,1,1,1,0,0,0,0,1,1,0,0,1,0,0,1,0,1,1,1,1,1,0,0,1,1,1,1,1,0,1,1,0,0,0,1,0,1,0,1,1,1,0,0,0,0,1,1,0,1,1,0,0,0.0,-255.86824396165014,1
0,1,0,0,1,1,0,0,1,1,1,0,1,1,0,0,0,1,0,1,1,0,0,1,0,0,0,1,1,1,1,0,0,0,0,1,0,1,1,1,1,1,0,0,1,0,0,1,0,1,1,1,0,1,0,1,0,1,1,0,0,0,1,1,0.0,-255.8679456240763,1
1,1,0,0,0,0,1,1,0,1,0,0,1,1,0,0,0,1,0,1,1,0,1,0,1,1,0,0,0,1,0,0,0,1,0,0,0,1,0,0,0,1,1,1,0,0,1,1,0,1,0,1,1,0,1,1,1,1,0,1,0,0,1,1,0.0,-255.86770861334765,1
0,0,1,0,0,1,1,0,0,1,1,1,0,1,1,0,0,0,0,1,1,0,0,0,1,1,1,0,1,1,0,0,1,0,0,0,1,1,1,1,0,0,1,0,0,1,0,0,0,1,0,1,1,0,0,0,0,1,1,0,1,1,1,1,0.015625,-255.86739061593033,1
0,0,0,0,0,1,1,0,0,0,1,0,0,1,1,0,0,0,0,0,1,0,0,1,1,1,1,0,1,1,1,0,1,0,0,1,0,1,1,1,1,1,1,1,1,1,0,1,1,1,1,0,1,1,0,0,0,0,0,1,0,1,1,0,0.0,-255.86737954665392,1
0,0,1,0,0,1,1,1,0,1,1,1,0,1,1,0,0,1,0,0,0,0,0,0,1,1,0,1,1,0,1,1,0,1,0,1,0,1,1,1,1,0,0,1,0,0,1,0,1,0,0,0,1,0,0,1,0,1,1,0,1,1,0,0,0.0,-255.86727097728655,1
0,1,1,0,0,1,0,0,0,1,0,0,1,1,0,1,0,1,0,1,1,1,0,1,1,1,0,0,1,0,0,0,0,0,1,1,0,1,1,0,0,0,0,1,1,1,0,1,1,1,1,0,1,0,1,0,1,0,0,0,0,1,1,0,0.0,-255.86711833212783,1
0,0,1,0,0,1,1,1,1,0,0,0,1,1,0,0,0,0,0,1,0,0,1,0,1,0,0,1,1,1,1,1,1,1,1,1,0,1,1,1,1,1,0,0,0,0,0,1,0,1,0,1,0,0,1,1,0,0,0,0,1,0,1,0,0.0,-255.86690207852922,1
1,0,0,0,0,1,1,1,0,1,1,0,1,1,0,0,0,0,0,1,1,1,0,1,1,1,0,1,1,1,0,0,1,1,0,0,1,1,1,1,1,1,1,0,1,0,0,0,0,0,0,0,1,0,0,0,1,1,0,0,0,1,0,0,0.0,-255.86657206254822,1
1,1,1,0,1,1,0,1,1,1,0,0,1,1,0,0,0,1,0,1,1,1,0,1,1,0,0,0,1,0,0,0,0,0,1,0,1,1,1,0,1,0,0,0,1,0,0,1,1,1,1,1,1,0,0,0,1,1,0,0,1,0,1,0,0.0,-255.86641992649072,1
0,1,0,0,0,0,1,0,0,1,1,0,0,1,1,1,1,0,0,0,1,0,0,1,0,0,0,0,0,0,1,1,0,1,1,1,1,1,1,1,0,0,1,0,1,1,0,1,1,1,1,1,1,0,0,1,1,0,0,0,1,1,1,0,0.015625,-255.866129955244,1
0,1,1,1,0,0,1,0,1,1,1,0,0,0,1,0,0,0,0,0,0,1,0,0,0,0,0,1,1,0,0,0,1,0,1,1,1,1,1,1,1,1,1,0,1,0,1,1,0,1,1,1,0,1,1,0,0,1,0,1,0,1,1,0,0.015625,-255.8659595819026,1
0,0,0,1,0,1,1,0,1,0,0,1,1,1,1,1,0,1,0,0,0,0,0,1,1,1,0,0,1,1,0,1,0,1,0,0,1,1,1,1,1,1,0,0,1,0,1,0,0,1,1,1,0,0,1,0,0,0,1,0,0,1,0,0,0.015625,-255.86552514630435,1
0,1,0,1,0,1,0,0,1,0,1,1,1,1,0,0,0,0,1,1,0,1,0,0,0,1,0,1,1,1,1,0,1,0,0,1,0,1,1,1,0,0,1,0,1,0,1,1,0,0,0,0,1,0,1,0,1,1,0,1,0,0,0,1,0.0,-255.86537493293065,1
1,0,1,1,1,0,0,0,1,0,1,0,1,1,1,1,0,1,0,1,1,0,0,0,1,0,0,0,1,0,0,1,0,0,0,1,0,0,1,1,1,1,0,0,1,1,0,1,0,1,1,1,0,1,0,1,0,0,1,0,0,1,1,1,0.0,-255.86534104918582,1
0,0,0,1,1,1,1,0,0,1,0,0,0,1,0,0,0,1,0,1,0,1,0,1,1,1,0,0,0,1,1,0,0,0,1,1,1,1,1,0,1,1,1,0,0,0,1,1,1,0,0,0,1,1,0,0,0,0,1,1,1,0,1,0,0.0,-255.86520085084263,1
0,1,0,0,0,1,1,0,1,0,0,1,0,1,1,0,0,0,1,1,1,1,1,0,0,1,0,0,1,0,1,1,1,0,1,0,1,0,1,0,1,0,0,1,0,1,0,1,1,1,0,1,0,0,0,0,1,0,1,1,1,1,0,1,0.0,-255.86506764196105,1
0,0,0,1,1,1,0,1,0,1,0,1,1,1,1,1,1,0,1,1,1,0,0,0,1,1,1,0,1,1,1,0,0,0,0,1,0,0,1,1,0,1,0,0,1,0,1,0,1,1,0,0,1,0,0,0,0,0,1,0,0,1,0,0,0.0,-255.86487341668945,1
0,0,1,0,1,1,1,1,1,0,1,0,1,1,0,1,0,0,0,1,1,0,0,1,1,1,0,1,1,0,0,1,0,0,1,0,0,0,1,0,0,1,1,1,1,1,0,1,0,1,0,1,0,0,0,0,1,1,1,1,0,0,0,1,0.0,-255.86459234244114,1
1,1,0,0,0,0,0,1,0,1,0,1,0,0,1,0,0,1,0,1,1,0,1,1,1,1,1,1,0,0,1,0,0,0,1,1,0,1,1,0,1,0,0,0,1,1,1,0,1,0,1,0,1,0,0,0,0,1,1,0,0,1,0,1,0.0,-255.86448774942937,1
1,1,1,0,0,0,1,0,0,1,0,0,1,1,1,1,0,1,0,0,1,0,0,0,1,1,1,0,1,1,1,0,1,0,1,0,0,1,0,1,0,0,0,1,1,1,0,1,0,0,0,1,0,1,0,0,1,1,1,0,0,1,0,0,0.0,-255.8644474015539,1
0,1,0,1,1,0,1,1,1,0,0,1,1,1,1,0,0,1,0,0,1,1,0,0,0,1,0,1,0,1,0,0,0,0,0,1,0,1,1,1,1,1,1,0,0,1,1,0,1,1,1,0,1,0,1,0,0,1,0,0,1,1,0,0,0.0,-255.86408573230477,1
1,0,1,0,0,1,0,1,1,0,1,0,0,1,0,1,0,0,0,1,0,0,0,1,1,1,0,1,1,1,1,1,1,0,0,0,0,1,1,1,1,1,0,0,1,1,1,0,0,1,0,1,1,1,0,0,0,1,1,0,0,0,0,1,0.0,-255.86372379301378,1
1,1,1,0,0,0,1,0,1,1,0,1,1,1,0,0,0,0,0,0,1,1,0,0,1,1,0,0,0,1,1,0,1,0,0,0,0,1,1,1,1,1,1,0,0,0,0,1,1,0,0,0,1,0,1,0,0,0,1,0,1,1,1,1,0.0,-255.86352363258516,1
0,0,1,0,1,0,1,1,0,1,0,0,1,1,1,0,0,1,0,1,1,1,1,1,1,1,0,0,1,1,0,0,0,0,0,1,0,1,1,1,0,1,0,0,0,1,0,0,1,0,1,1,0,1,1,0,0,0,0,1,0,0,0,1,0.0,-255.86344409601242,1
0,0,1,0,1,1,1,0,1,1,0,0,0,1,0,0,0,1,1,1,0,0,1,0,1,1,1,0,1,0,1,1,0,1,0,1,1,0,1,1,0,0,1,0,1,1,1,0,0,0,1,1,1,0,0,0,1,1,0,1,0,0,0,1,0.0,-255.86333238735017,1
0,1,0,0,1,1,0,1,0,1,0,1,1,1,0,0,0,1,0,0,1,0,0,1,0,1,1,1,0,1,1,0,1,1,1,1,1,0,1,1,1,0,0,0,1,1,0,0,0,0,0,0,1,1,0,0,0,0,1,1,0,1,0,0,0.0,-255.86282283290967,1
0,1,1,0,0,0,0,0,0,0,0,0,1,1,1,0,0,1,1,1,1,1,1,1,0,1,1,0,1,1,1,0,1,0,0,1,1,1,1,1,1,1,1,0,0,1,1,0,1,0,0,1,1,1,0,0,0,0,0,0,0,1,0,0,0.0,-255.86261232963227,1
0,1,1,1,0,1,0,0,0,1,0,0,0,1,1,0,1,1,0,1,1,0,1,1,1,0,0,0,1,0,0,0,0,0,0,1,1,1,1,1,1,1,0,0,1,1,0,1,0,1,1,1,0,1,0,0,1,0,1,1,1,0,0,0,0.0,-255.8621150344,1
1,0,1,0,0,1,1,0,0,0,0,1,1,1,1,1,0,1,1,0,1,1,1,1,1,1,0,0,0,1,1,0,1,0,0,0,0,0,1,1,1,1,0,0,1,0,0,0,0,1,1,1,1,0,0,0,1,0,0,1,1,0,0,1,0.015625,-255.86208509867248,1
1,0,1,0,0,1,1,0,1,1,0,0,1,1,0,1,1,0,1,0,1,0,0,0,1,1,0,0,1,0,1,1,0,0,0,0,1,1,1,1,0,0,0,0,1,1,0,1,0,0,1,1,1,0,0,0,0,1,1,0,0,1,1,0,0.0,-255.86162284339795,1
0,0,1,0,0,1,1,0,1,0,0,1,1,1,1,0,0,1,0,0,1,0,0,1,1,0,1,1,1,0,1,0,1,0,0,1,0,1,1,1,1,1,1,1,1,1,0,0,0,0,0,1,0,0,0,0,0,0,1,1,1,1,0,1,0.0,-255.86150269096493,1
0,0,1,0,1,1,1,0,0,1,1,0,1,1,0,1,0,1,1,0,1,1,0,0,1,0,1,0,0,0,1,0,0,0,0,1,0,0,1,1,1,1,1,0,1,1,0,0,1,1,1,1,1,0,1,0,0,0,0,1,0,1,0,1,0.015625,-255.86107145907005,1
0,0,1,0,0,1,1,0,0,1,0,1,1,1,1,0,0,0,1,1,1,0,0,0,1,1,0,0,1,0,0,0,0,1,0,1,1,1,1,0,1,1,0,0,1,1,0,0,1,1,0,1,1,1,0,0,0,1,0,0,0,0,1,1,0.015625,-255.86044148780917,1
0,1,1,0,0,0,1,0,0,1,0,1,1,0,1,0,0,1,1,0,1,0,1,0,1,1,0,0,1,0,1,0,1,0,0,1,0,1,1,0,1,0,0,1,1,0,0,1,0,0,1,1,0,1,0,1,0,0,1,1,0,0,1,1,0.0,-255.85987015071757,1
1,1,0,0,0,1,1,0,0,0,1,0,0,0,0,0,0,1,0,1,1,1,0,0,1,1,0,0,1,1,0,1,1,0,1,1,0,0,1,0,0,1,0,0,1,1,0,1,1,1,0,0,1,0,0,1,1,1,0,1,0,1,0,1,0.0,-255.85972210541024,1
0,0,0,1,1,1,1,0,0,0,0,0,0,1,1,0,0,1,0,1,1,0,0,1,1,0,1,0,0,0,1,0,0,0,0,1,1,1,1,0,1,0,1,0,1,0,0,1,1,0,0,1,1,0,1,0,1,0,1,1,0,1,1,1,0.015625,-255.85867411210558,1
0,0,1,0,0,1,0,0,0,0,0,1,1,1,1,1,0,0,0,1,1,0,0,0,1,1,0,1,1,1,1,1,1,0,0,0,0,1,1,1,1,1,0,1,0,1,0,1,0,0,0,1,1,1,0,1,0,0,1,1,1,1,0,0,0.0,-255.85855248573864,1
1,0,1,0,0,1,0,0,0,1,0,1,1,1,1,0,0,1,1,1,1,0,0,1,1,0,0,0,1,1,1,0,1,0,1,0,0,1,0,1,1,1,1,0,1,0,1,0,1,1,0,1,1,1,0,0,0,0,1,0,0,1,0,0,0.015625,-255.858525715013,1
1,0,0,0,0,1,0,1,0,1,1,0,1,1,1,1,0,1,1,1,1,0,1,0,1,1,0,1,0,0,0,0,0,0,0,0,1,1,1,1,1,0,0,1,1,0,0,1,0,0,0,1,1,0,0,0,1,0,0,0,1,1,1,0,0.0,-255.8578978166024,1
0,0,0,0,1,0,1,0,1,1,1,0,1,1,0,0,1,1,1,1,1,1,0,1,1,1,0,0,1,1,0,0,1,0,1,0,1,0,1,1,0,0,0,0,0,1,1,0,1,0,0,1,1,0,0,0,1,0,1,0,0,1,0,0,0.0,-255.85760680287783,1
0,0,1,0,0,1,1,1,1,1,1,1,1,1,1,0,0,0,1,1,1,1,0,1,0,1,0,0,0,0,1,1,0,1,0,1,0,1,1,1,0,1,0,1,0,0,1,1,0,0,1,1,1,0,0,0,0,0,1,0,0,0,1,0,0.0,-255.85707196510128,1
0,0,1,0,0,1,0,0,0,1,0,1,1,0,0,0,0,0,0,1,1,1,1,1,1,1,0,0,1,1,1,1,1,0,1,1,0,1,1,0,1,1,1,1,0,0,1,1,0,1,0,1,0,0,0,0,0,0,1,0,0,1,0,0,0.0,-255.85696966299452,1
0,0,0,1,0,1,0,0,0,0,0,1,1,1,0,1,0,1,1,1,0,1,0,1,1,1,0,0,1,0,0,0,1,1,0,1,1,0,1,1,1,1,0,0,1,1,1,0,1,0,0,1,0,1,0,1,1,0,0,1,0,1,1,0,0.0,-255.85680737606884,1
0,0,1,0,1,1,1,0,0,1,1,0,1,1,0,0,0,1,0,1,1,1,0,1,1,1,1,1,0,1,0,0,0,1,1,1,1,1,0,1,1,1,0,0,0,1,0,1,0,0,1,1,0,0,0,0,0,1,1,0,0,1,0,0,0.0,-255.85679131861303,1
0,1,1,1,0,1,1,0,0,0,0,0,1,1,1,0,0,0,0,1,1,1,1,0,0,1,0,0,0,1,1,1,0,1,0,0,0,1,1,1,0,0,1,0,1,1,0,1,1,0,1,1,1,0,1,0,1,0,0,0,0,1,1,1,0.0,-255.85671184644644,1
1,1,1,0,0,1,1,0,0,0,0,0,1,1,0,0,0,1,0,1,1,0,0,1,1,1,1,0,1,0,1,0,1,0,1,0,0,1,1,1,0,1,0,1,1,0,0,1,1,0,0,0,0,1,0,0,0,1,1,1,0,1,0,0,0.015625,-255.85657800299143,1
1,1,1,1,1,0,1,0,0,0,0,1,1,1,0,1,0,1,1,1,1,0,0,1,0,1,0,0,0,1,1,0,0,0,0,0,0,0,1,1,1,0,1,0,1,1,1,1,0,0,0,1,0,0,1,0,1,0,1,0,0,1,1,1,0.0,-255.8558648370789,1
0,1,0,0,0,0,1,0,0,0,0,0,1,1,0,0,0,1,0,1,0,0,0,1,1,1,0,1,0,1,0,0,0,0,1,1,0,1,1,1,0,1,1,0,1,1,1,0,1,1,1,1,0,1,1,0,1,0,0,1,0,1,1,0,0.0,-255.85585144633586,1
0,1,0,1,0,1,0,0,1,0,0,1,0,1,0,0,0,1,0,1,1,0,0,1,1,1,1,0,0,1,0,0,0,1,0,1,0,1,0,1,0,0,1,0,1,1,1,1,1,0,0,1,0,0,0,1,0,0,1,1,0,1,1,1,0.0,-255.85573471764732,1
1,0,1,1,1,0,1,0,0,0,0,0,1,1,0,0,1,1,0,0,1,0,0,0,1,1,0,1,1,0,0,0,0,1,1,1,0,1,1,1,0,0,0,0,1,0,0,1,1,0,1,1,1,0,1,0,0,0,0,0,1,1,1,1,0.0,-255.85422489781865,1
1,0,1,1,1,1,1,0,0,0,0,1,1,1,0,0,0,1,0,1,1,0,0,1,0,1,0,1,1,0,0,1,0,0,0,1,0,1,0,1,1,0,0,0,1,1,1,1,1,0,1,1,1,0,0,0,1,0,1,0,1,0,1,0,0.0,-255.8533082714,1
0,1,0,0,0,1,1,0,1,0,1,0,1,0,0,0,1,0,1,1,1,1,1,0,1,1,0,0,0,1,0,0,0,1,0,1,0,1,1,1,1,0,0,0,1,1,0,1,1,0,0,1,0,1,0,1,1,1,1,0,0,0,1,1,0.0,-255.85286575977233,1
1,1,1,0,0,1,1,0,0,0,0,0,1,1,0,1,0,1,0,1,1,1,0,0,0,1,0,0,1,0,1,1,0,0,1,1,0,1,1,1,0,0,1,0,1,1,0,1,1,1,1,1,1,0,0,1,0,0,1,1,0,0,0,0,0.0,-255.85283278545148,1
0,0,0,0,0,0,1,0,1,0,0,0,1,1,0,1,0,0,1,0,1,1,0,0,1,1,1,1,1,1,1,0,0,0,1,1,0,1,1,1,0,0,0,0,1,1,0,1,1,0,1,1,1,0,1,0,1,0,1,0,0,1,1,1,0.0,-255.85245532635355,1
0,1,1,1,0,1,0,0,0,0,0,0,1,0,0,0,0,1,0,0,1,0,0,1,1,1,1,0,1,0,1,0,1,0,0,0,1,1,1,1,0,0,0,1,1,0,0,1,0,1,0,1,1,1,0,1,1,0,0,1,0,1,1,1,0.0,-255.8517545519484,1
1,1,0,1,0,1,1,1,0,0,0,0,1,0,0,1,0,0,0,1,1,0,0,0,1,1,0,1,0,1,1,1,0,0,0,1,1,1,0,1,1,0,0,0,1,1,0,0,0,1,0,1,0,1,1,0,1,1,0,1,0,1,0,0,0.0,-255.85030550608562,1
1,1,1,0,0,1,0,0,0,0,0,0,1,1,1,0,0,0,0,0,0,1,0,1,1,1,0,1,1,1,0,0,1,0,1,1,0,1,1,1,1,1,0,1,1,1,1,1,1,0,0,1,0,1,0,0,0,0,0,0,0,1,0,0,0.0,-255.85023038484601,1
1,1,0,1,0,1,1,0,0,0,0,1,1,1,1,0,0,1,0,0,1,1,0,1,0,1,1,0,0,1,1,0,1,0,0,1,0,1,1,1,1,0,0,0,0,0,1,1,0,1,0,0,1,1,0,1,1,0,0,1,0,1,1,0,0.0,-255.85006666356634,1
1,1,1,0,1,1,1,1,0,0,0,0,1,1,1,0,0,0,0,0,1,0,0,0,1,0,0,1,0,1,1,0,0,1,0,1,0,1,1,1,1,1,0,0,1,1,0,1,1,1,1,1,0,0,1,0,1,1,0,1,0,0,0,0,0.0,-255.84867819205715,1
0,0,0,0,0,1,1,1,0,1,0,1,1,1,0,0,0,1,0,1,1,0,0,1,1,1,0,0,1,1,1,1,1,1,1,1,0,1,1,1,1,1,0,0,1,0,0,1,1,0,0,0,0,0,0,1,1,0,0,0,0,1,1,0,0.0,-255.8483719676778,1
0,0,1,1,0,1,1,1,0,0,0,0,1,1,1,1,0,1,0,1,1,1,0,1,0,1,0,0,0,1,1,0,0,0,0,0,0,1,1,1,1,0,0,0,1,1,1,1,1,1,0,1,1,0,0,1,0,0,1,0,1,0,0,1,0.0,-255.84827579498165,1
0,1,0,0,0,0,0,0,1,1,1,1,1,1,1,0,0,1,0,0,1,0,1,1,1,0,1,0,0,1,0,0,0,1,1,0,1,1,0,0,1,0,0,0,1,1,1,1,0,1,1,0,1,1,0,0,0,1,0,0,0,1,0,1,0.015625,-255.8482708039108,1
1,0,0,0,0,1,1,0,0,1,0,0,0,1,0,0,0,0,0,1,0,1,1,0,1,0,0,0,0,1,1,0,1,0,1,1,1,1,1,1,0,1,1,0,1,1,1,0,0,0,1,1,1,1,0,0,1,1,1,1,0,1,1,0,0.015625,-255.84745594267923,1
1,0,1,0,0,1,1,0,0,1,1,0,0,1,0,1,0,0,0,1,1,0,0,1,1,0,0,0,0,1,1,0,0,0,1,1,0,1,1,0,1,1,0,0,1,1,1,0,1,0,0,1,0,1,0,0,0,1,1,0,0,1,1,1,0.0,-255.846850436559,1
0,1,1,0,1,1,1,1,1,0,0,1,1,0,0,1,0,0,0,0,1,1,0,0,0,1,1,0,1,1,1,0,1,0,1,1,0,0,1,1,0,1,1,1,1,0,0,1,1,1,0,1,0,0,0,0,0,1,0,1,0,1,0,0,0.0,-255.8464298706661,1
0,1,1,0,0,1,1,0,0,1,0,0,1,1,0,0,0,0,0,1,1,0,0,1,1,1,0,0,1,1,1,1,0,0,1,0,0,1,1,1,0,0,1,0,0,1,1,1,1,0,1,1,0,0,0,0,0,0,1,1,0,1,1,0,0.015625,-255.84616348026034,1
0,1,0,1,0,1,0,0,0,1,0,1,0,0,0,1,0,1,0,1,1,0,1,0,1,0,0,0,0,1,0,0,0,1,0,0,0,1,1,0,1,1,1,1,1,1,1,1,0,0,0,1,1,1,1,0,1,1,1,0,0,1,0,0,0.015625,-255.84413269855702,1
0,0,1,0,0,1,1,0,1,0,0,1,1,0,1,1,0,1,1,1,1,0,1,1,0,1,0,1,0,0,1,0,0,0,1,0,1,1,0,1,0,1,1,0,1,0,0,0,0,0,0,1,0,1,1,1,0,0,0,0,0,1,1,1,0.0,-255.84404708496598,1
0,0,1,1,0,1,1,0,1,0,0,1,1,1,1,0,0,1,0,1,1,1,0,1,0,1,0,0,0,0,1,1,0,1,0,0,0,1,1,1,0,1,0,1,1,0,1,1,1,1,1,0,0,1,0,0,0,0,0,0,0,1,0,0,0.0,-255.84312006196714,1
0,0,0,0,0,1,1,0,0,1,1,0,1,1,1,1,0,1,0,1,1,1,0,0,0,0,0,1,1,1,1,1,0,0,0,1,0,1,1,0,1,0,0,1,1,1,0,1,1,0,1,1,1,1,0,0,1,0,0,0,0,1,0,1,0.0,-255.84228796481125,1
0,0,0,1,0,1,1,1,0,1,0,0,1,1,0,1,1,1,0,0,1,0,0,1,1,1,0,0,0,0,0,0,0,1,0,1,1,1,1,1,1,0,0,1,0,1,1,1,0,0,1,1,1,1,0,0,0,1,1,1,0,0,1,0,0.0,-255.84221632117988,1
0,1,0,1,1,1,0,0,0,0,0,1,0,1,1,1,0,1,1,1,1,0,0,1,1,1,0,0,0,0,1,0,1,0,0,1,1,1,1,1,0,0,0,1,1,0,1,0,1,0,0,1,1,0,1,0,0,0,1,0,0,1,1,1,0.0,-255.8384490621442,1
0,1,1,0,0,1,1,1,1,0,1,1,1,1,1,0,0,1,0,1,0,1,1,0,0,1,1,0,1,0,1,0,0,0,1,1,1,1,1,1,0,0,0,0,1,1,0,1,1,0,1,0,0,0,0,0,0,0,1,0,0,0,0,0,0.0,-255.83824090865653,1
1,1,1,0,0,1,1,0,0,0,0,0,1,1,1,0,0,0,0,1,1,0,0,0,1,1,1,0,1,1,1,0,1,0,1,1,1,1,1,1,0,0,0,0,1,1,0,1,1,0,0,1,1,1,0,1,0,1,0,0,0,0,0,1,0.0,-255.82208232631314,1
1,1,0,1,0,1,0,0,0,1,1,0,1,1,1,0,1,0,1,0,1,0,1,1,1,0,1,0,1,0,1,1,0,0,0,0,0,1,1,1,1,0,0,1,0,1,0,0,0,0,1,0,1,0,0,0,0,1,0,1,0,0,1,0,0.0,-255.19050002931507,1
0,0,0,1,0,1,0,0,1,1,1,0,0,1,1,0,0,1,1,0,0,0,0,1,0,1,1,1,1,1,1,0,1,0,0,1,0,0,1,1,0,0,1,1,0,1,0,0,1,0,1,0,0,1,0,0,0,1,0,1,1,1,0,0,0.03125,-255.1858460759316,1
1,1,1,1,0,1,1,0,1,1,0,0,1,1,0,0,0,0,1,1,0,0,0,0,0,1,1,0,0,1,0,1,0,1,0,0,0,1,1,1,1,0,0,0,1,0,0,0,1,0,1,1,1,0,0,0,1,1,1,1,0,0,0,0,0.015625,-255.18133536595593,1
0,0,0,1,1,0,0,1,0,1,1,0,0,1,1,1,0,1,1,0,1,1,1,1,0,1,0,0,1,0,0,0,0,0,1,0,0,0,1,0,0,0,0,1,1,1,0,0,1,0,1,0,1,0,0,1,0,0,1,1,0,1,1,1,0.0,-255.17911896723052,1
1,0,0,1,1,1,0,0,1,0,0,0,1,1,0,0,1,0,0,1,1,1,0,1,1,0,0,0,0,1,0,0,1,0,1,0,0,1,1,0,1,1,0,1,1,1,0,0,0,1,1,0,1,0,1,0,0,0,0,1,0,0,1,1,0.015625,-255.17658060378494,1
1,0,1,0,0,1,1,0,0,0,1,0,0,1,1,0,1,0,1,0,0,0,0,1,1,1,1,1,0,1,0,1,0,1,0,1,0,1,1,1,1,0,1,0,0,0,0,0,0,0,0,0,1,0,0,1,1,1,1,0,0,1,1,0,0.0,-255.17543292494412,1
0,1,0,1,1,1,0,0,0,0,1,0,1,1,1,0,0,0,1,0,1,0,0,1,0,1,1,1,0,0,0,1,1,0,0,0,0,1,1,1,0,0,0,1,1,1,1,0,0,1,1,1,1,0,0,0,0,1,0,1,0,0,1,0,0.0,-255.17184180216043,1
0,1,0,1,1,1,1,0,1,1,0,0,0,1,1,0,0,1,1,0,0,0,1,1,0,1,0,1,0,0,0,1,0,1,0,0,1,1,1,1,1,1,0,1,0,0,0,0,0,0,1,0,1,1,0,1,0,1,1,0,0,0,0,0,0.0,-255.1708134742049,1
0,0,0,0,0,1,0,0,0,1,1,0,1,0,1,0,0,1,1,1,1,1,0,0,0,1,1,0,1,1,0,0,0,1,0,1,0,1,1,1,1,1,1,1,0,1,0,0,1,0,1,0,1,1,0,0,0,0,1,0,0,0,1,0,0.015625,-255.1701901109668,1
0,0,1,0,0,0,1,0,0,1,0,0,1,1,1,1,0,1,1,1,0,1,0,1,1,1,1,0,1,0,1,1,1,0,1,0,0,1,1,1,0,0,1,1,1,0,0,0,0,1,1,1,0,0,0,1,1,1,0,1,0,1,0,0,0.0,-255.16886663451163,1
0,1,1,0,0,1,0,0,0,1,0,1,1,1,1,0,0,0,0,1,0,0,0,1,0,1,0,0,0,0,1,1,1,0,0,1,0,0,1,1,1,1,0,0,1,1,0,0,0,0,1,0,0,1,0,1,1,1,1,1,0,1,1,0,0.0,-255.16787275685886,1
1,1,0,1,1,0,0,1,0,0,1,0,1,1,0,1,0,0,1,1,1,0,0,1,0,1,1,0,0,0,1,0,1,1,0,1,0,1,0,0,0,0,0,0,1,1,0,0,0,0,1,0,0,1,1,1,0,0,1,1,1,1,0,0,0.0,-255.16744466464368,1
0,0,1,0,0,0,1,1,1,1,0,0,1,0,1,0,0,0,1,1,1,0,0,1,0,1,1,0,0,1,0,1,1,0,0,1,0,1,0,1,1,0,0,0,0,1,0,1,0,1,0,0,1,1,0,0,0,1,1,1,0,1,1,0,0.0,-255.16710510118568,1
0,1,0,0,0,0,0,0,0,0,0,0,0,1,1,0,0,1,1,1,1,0,1,0,1,1,1,0,1,1,1,1,1,1,1,0,0,1,1,0,1,1,1,1,1,0,0,0,1,0,0,1,0,0,1,1,1,0,1,0,0,1,1,1,0.0,-255.16635523263386,1
1,0,1,1,0,1,0,0,1,1,0,0,1,1,1,0,1,0,1,0,1,1,1,1,0,0,0,1,1,0,0,0,0,0,0,1,0,1,0,1,0,0,0,0,1,1,0,0,0,1,1,1,1,0,0,0,1,1,1,0,0,0,0,1,0.0,-255.16514318889838,1
0,0,1,1,1,1,0,0,1,0,1,0,1,1,1,0,0,0,1,1,0,1,0,1,0,1,1,0,1,1,0,0,0,0,1,1,0,1,1,1,0,0,1,1,1,1,1,0,1,1,0,1,0,0,0,0,0,1,1,0,1,1,0,0,0.03125,-255.16447199536435,1
1,0,1,0,0,1,0,0,0,0,0,0,1,1,1,0,0,1,1,1,1,0,0,1,1,0,0,0,1,0,0,0,1,0,0,1,0,1,1,0,0,1,0,1,0,1,0,0,1,0,0,1,1,0,1,1,0,0,1,1,1,0,1,1,0.0,-255.16420395264356,1
0,0,1,1,0,1,0,0,1,0,1,0,0,1,1,1,0,1,0,0,1,0,0,1,1,1,1,0,0,0,0,0,1,0,0,0,0,1,1,1,1,1,0,1,1,0,0,0,0,0,0,1,0,0,0,1,1,1,1,0,1,0,1,1,0.0,-255.1641650323198,1
0,1,1,0,1,0,0,0,1,0,0,0,0,1,1,0,0,1,0,1,1,0,0,1,1,0,1,0,0,1,1,1,1,0,0,0,0,0,0,1,1,1,0,0,1,1,0,0,1,0,0,1,1,0,0,0,1,1,1,0,0,1,1,1,0.0,-255.16018192069083,1
0,1,0,0,0,1,0,0,0,1,0,0,1,0,1,1,1,0,0,1,0,0,0,1,1,1,1,0,1,1,0,0,0,0,1,0,0,1,1,1,1,1,0,0,1,0,1,0,0,1,1,0,1,0,1,0,0,0,1,1,0,1,1,0,0.0,-255.1600710558893,1
0,0,1,1,0,1,0,1,0,1,0,0,0,1,1,0,0,1,1,1,1,0,1,0,0,1,0,1,1,0,0,0,0,1,0,1,0,1,0,1,0,1,1,0,1,0,0,0,1,0,1,0,0,0,0,1,1,0,1,0,1,1,1,0,0.0,-255.15981284992398,1
0,1,1,0,0,1,1,0,0,1,1,0,1,1,0,0,0,1,0,1,0,0,0,1,0,1,0,1,1,1,0,1,1,0,0,0,0,1,0,1,1,0,0,1,1,0,0,0,0,0,1,1,1,0,1,0,0,1,0,0,0,1,1,1,0.0,-255.15934338855345,1
0,1,0,0,0,0,1,1,1,0,0,0,1,1,0,1,0,0,1,1,1,0,0,1,0,1,0,0,0,1,1,1,0,0,0,1,0,0,1,1,1,1,1,1,1,1,0,0,1,0,0,0,0,0,0,0,0,1,1,0,0,1,1,1,0.0,-255.15720707244753,1
1,0,0,1,1,0,0,0,0,1,1,0,1,1,1,0,0,0,0,1,1,0,1,0,1,1,0,1,1,0,1,1,0,0,1,1,0,0,1,0,1,1,0,0,0,0,0,0,1,1,0,0,0,0,1,0,1,0,0,1,0,1,1,1,0.0,-255.1571367607974,1
0,0,1,1,1,1,1,0,0,0,0,0,0,1,1,0,0,1,1,1,1,0,0,1,1,1,0,0,1,0,1,0,0,0,1,0,0,1,1,0,0,0,0,1,1,1,0,0,1,1,1,0,1,0,0,1,1,1,0,0,0,0,1,0,0.0,-255.1568226426536,1
0,1,1,0,0,1,1,0,1,1,0,0,0,1,1,0,1,0,1,0,1,1,0,0,0,1,0,0,1,1,0,0,0,0,0,1,0,1,1,1,0,0,0,0,0,0,0,0,1,0,1,1,1,0,0,0,1,1,1,1,1,1,1,0,0.03125,-255.15614190638055,1
0,0,0,0,0,1,1,0,0,0,0,0,0,1,1,1,1,0,1,0,0,1,1,1,1,0,0,0,0,1,0,1,1,0,0,0,1,1,1,1,0,1,0,0,1,0,0,0,0,0,1,1,1,1,1,0,0,1,1,1,1,0,1,0,0.015625,-255.15508025743475,1
0,0,1,0,0,0,1,0,1,1,1,0,0,1,0,1,0,0,1,1,1,0,0,0,0,0,1,0,1,1,0,0,0,1,0,0,0,1,1,1,0,1,0,1,1,1,0,1,1,0,0,1,0,0,1,0,0,1,1,1,0,1,1,0,0.015625,-255.1549321948241,1
0,0,1,0,1,0,0,1,0,0,0,0,0,0,1,1,0,1,0,1,1,1,0,1,1,1,1,0,1,0,0,1,0,0,1,0,0,1,1,1,1,0,0,1,0,1,0,1,0,0,1,0,1,0,0,1,0,0,1,1,0,1,1,0,0.0,-255.1540191685925,1
0,0,0,0,1,0,0,0,0,1,0,0,1,1,1,0,0,1,1,1,1,1,0,1,0,1,0,0,1,0,0,0,0,0,1,1,0,0,1,0,0,1,1,0,1,1,0,1,1,1,1,1,0,0,0,0,0,0,1,0,1,1,1,1,0.0,-255.15355667250884,1
0,1,0,1,0,0,0,0,1,1,0,0,1,1,1,1,1,1,1,0,1,0,1,1,1,0,0,0,1,1,0,1,0,0,1,0,0,0,1,1,0,1,1,0,1,0,0,1,0,1,0,0,0,0,0,0,1,0,0,0,1,1,1,0,0.0,-255.1530578957571,1
1,1,0,1,0,0,0,0,0,1,0,0,1,1,1,0,0,1,1,0,1,0,0,0,0,1,0,0,0,1,1,1,1,0,1,1,1,1,1,1,0,1,1,0,1,1,0,0,1,0,1,1,0,1,0,1,0,0,0,1,1,1,1,0,0.0,-255.15305601314964,1
1,1,0,0,0,1,1,0,0,1,0,0,0,0,0,1,0,1,0,1,0,1,0,0,1,0,0,0,1,1,0,1,0,0,1,0,0,1,0,1,1,1,0,0,0,0,0,0,1,0,1,0,1,1,1,1,0,1,0,1,1,1,1,1,0.0,-255.15289750540106,1
0,0,1,0,1,1,0,0,0,0,1,0,1,1,1,0,0,1,1,0,1,0,0,1,0,0,1,0,1,1,1,0,0,0,1,1,0,1,1,1,1,1,1,0,1,0,0,0,1,0,1,0,0,1,0,0,0,0,0,1,0,1,1,0,0.0,-255.15279124028223,1
0,1,1,1,0,0,0,0,0,1,0,0,0,1,1,1,0,0,1,1,1,0,0,0,1,0,1,0,0,0,0,0,0,1,1,1,0,1,1,0,0,1,0,1,0,0,1,0,0,1,1,1,1,0,1,0,0,0,1,1,0,1,1,1,0.0,-255.15241118460733,1
0,0,0,0,0,0,0,0,1,1,0,0,1,0,1,0,0,1,1,0,1,0,0,1,1,1,0,1,1,0,1,0,1,1,1,1,0,1,1,0,1,1,1,1,1,0,1,0,0,1,0,1,0,0,0,0,1,0,1,0,1,0,0,0,0.0,-255.15223404024897,1
1,0,0,0,0,0,1,0,1,1,1,0,1,1,1,1,0,1,1,1,1,0,0,0,0,1,0,0,1,1,1,0,0,1,1,0,0,0,0,1,1,0,1,0,1,1,1,0,1,0,1,0,1,0,0,0,0,0,0,1,0,0,1,0,0.0,-255.15144651278464,1
0,1,0,0,1,0,0,0,1,1,0,0,1,1,1,1,0,1,0,0,1,0,0,0,0,1,1,0,1,0,1,1,0,0,1,1,1,1,1,1,0,0,1,1,0,1,0,0,0,0,1,1,0,0,0,0,0,0,1,0,1,1,1,0,0.015625,-255.15109916036442,1
0,0,1,0,0,1,0,0,0,0,0,0,1,1,1,0,0,1,0,0,0,0,1,1,1,1,0,1,1,0,0,0,0,0,0,1,0,1,1,1,0,1,1,1,1,1,0,0,1,0,1,0,1,0,0,1,1,1,1,0,0,1,1,0,0.015625,-255.14946768357646,1
0,0,0,0,0,1,1,1,0,1,0,0,1,0,1,0,0,0,1,0,1,1,0,1,1,0,1,0,1,0,1,1,0,1,0,0,0,1,1,1,0,1,1,0,0,1,0,0,0,1,1,1,1,0,1,0,1,1,0,0,0,1,0,0,0.0,-255.14903269403243,1
1,0,1,0,0,0,0,1,1,0,0,0,0,1,1,0,0,1,0,1,1,0,0,1,1,1,0,0,1,1,1,1,1,0,0,0,1,1,1,0,1,0,0,0,1,1,1,0,1,0,1,0,0,0,0,0,1,1,0,1,0,0,1,0,0.0,-255.14850225778372,1
0,0,0,0,0,1,0,1,0,1,1,0,1,1,0,0,0,0,1,1,1,0,0,0,1,1,0,0,0,1,1,0,0,0,0,1,0,0,1,0,1,1,0,0,1,1,0,0,1,0,1,1,1,0,1,0,1,0,1,1,1,1,1,0,0.015625,-255.1483596333397,1
0,0,0,0,1,1,1,1,0,0,0,0,1,1,1,1,0,0,0,0,1,0,0,1,0,1,1,0,1,1,0,1,0,1,0,0,0,1,1,1,1,1,1,0,0,1,0,1,1,0,0,1,1,0,1,1,0,1,1,1,0,1,1,0,0.0,-255.1482252987969,1
0,0,0,0,0,1,0,0,0,0,0,1,1,1,0,0,1,0,1,0,1,0,1,1,0,1,1,0,1,1,1,1,1,1,1,0,0,0,1,1,1,1,0,1,1,1,1,0,0,0,0,1,1,0,0,0,1,0,1,0,0,0,0,0,0.0,-255.14745432248426,1
1,0,0,1,0,1,0,1,0,0,0,0,0,0,1,1,1,1,0,1,1,0,1,1,0,1,0,0,1,0,0,0,0,1,0,0,0,0,0,1,0,0,0,1,0,1,1,0,1,0,0,1,1,1,1,0,1,1,0,1,1,1,1,0,0.0,-255.1465937504388,1
1,0,1,0,0,0,0,0,0,1,0,0,1,1,1,0,0,1,1,1,1,0,0,0,1,1,1,0,1,0,1,1,1,0,0,0,0,1,1,1,1,0,1,1,1,0,1,0,0,0,1,1,1,1,0,1,1,0,1,0,1,0,1,0,0.015625,-255.14634756534508,1
0,1,1,1,0,0,1,0,0,0,0,0,0,1,1,1,1,1,1,1,1,0,0,0,1,0,1,0,0,1,1,0,0,1,0,1,1,0,0,1,1,0,0,1,0,1,0,0,1,0,0,0,1,0,0,0,1,1,1,1,0,1,0,0,0.0,-255.14562232911814,1
0,1,1,0,0,1,0,0,0,0,0,0,0,1,1,0,0,0,0,1,1,0,0,1,0,1,1,0,0,1,1,0,1,1,0,0,1,1,1,1,1,1,0,0,0,1,1,0,0,1,0,1,1,0,1,0,1,1,0,1,1,0,0,0,0.0,-255.1454007537032,1
0,1,1,0,1,0,0,0,1,0,0,0,1,1,0,0,0,1,0,1,1,0,0,1,0,1,0,1,0,1,1,1,0,1,1,0,0,1,1,1,1,0,0,0,0,1,0,1,0,1,1,1,0,0,1,0,1,1,0,0,1,0,0,0,0.015625,-255.1453809799767,1
0,0,1,1,0,1,0,0,1,0,0,0,1,1,1,0,0,1,1,1,1,0,1,0,0,1,0,1,0,1,0,1,1,0,0,0,1,0,1,1,1,0,0,0,0,0,0,1,1,0,1,0,1,0,0,0,0,1,1,0,1,1,1,0,0.0,-255.14537729284265,1
0,0,1,1,1,1,1,1,0,1,1,0,0,1,1,0,0,1,1,0,1,0,0,1,1,1,0,0,1,0,1,0,1,0,0,0,0,1,1,1,1,0,0,1,1,0,0,0,0,1,0,1,0,0,1,0,0,0,0,0,0,1,1,0,0.0,-255.14440392451138,1
0,0,0,0,0,1,1,0,0,0,0,1,1,1,1,0,0,0,1,1,1,0,0,1,1,1,1,1,0,1,0,0,1,0,0,1,0,0,1,0,0,1,0,1,0,1,0,0,1,0,1,1,1,0,1,0,1,1,1,0,0,0,1,0,0.0,-255.1440684553676,1
0,0,0,1,0,1,0,0,0,1,0,1,0,1,1,0,1,0,1,0,1,0,1,0,1,1,1,0,0,0,1,0,1,1,0,1,1,1,1,1,1,0,0,0,0,0,0,0,0,1,1,0,0,1,1,1,0,1,1,0,0,1,0,0,0.015625,-255.1440565609847,1
0,0,1,0,0,1,1,0,1,1,1,0,1,0,1,0,0,0,0,1,0,1,1,1,0,0,1,1,1,0,1,0,0,1,1,0,0,1,1,1,1,1,1,1,1,0,0,0,1,0,0,1,0,1,0,0,0,0,0,0,1,0,0,0,0.0,-255.14388693006222,1
0,0,0,1,0,1,1,1,1,0,1,0,1,1,1,0,0,1,1,1,1,0,0,0,1,0,1,0,1,1,0,0,1,0,1,1,0,1,1,1,0,1,1,1,1,1,0,0,1,0,0,1,0,0,1,0,0,1,1,0,0,0,1,0,0.0,-255.1424516300948,1
0,1,0,1,0,1,0,0,0,1,0,0,1,1,0,0,0,0,1,0,1,0,0,1,1,1,1,0,0,0,1,0,0,0,0,1,1,0,1,1,0,0,1,0,1,1,0,0,0,1,1,1,0,1,1,1,0,1,0,1,0,1,1,0,0.0,-255.1407279349779,1
0,0,1,0,0,1,1,0,0,1,0,0,1,0,1,0,0,0,1,0,1,1,0,1,0,1,0,0,0,0,0,0,1,0,1,0,0,1,1,1,0,1,0,1,1,0,1,0,0,1,1,1,0,1,0,0,1,0,1,1,1,1,1,0,0.0,-255.14071608165125,1
1,0,1,0,0,1,0,1,1,1,0,0,1,1,0,1,0,1,1,1,1,1,0,0,1,1,0,1,1,1,1,1,0,1,0,1,0,1,1,0,1,0,1,1,0,0,1,0,0,0,0,0,1,0,1,0,1,0,1,0,0,0,1,0,0.0,-255.14055583300689,1
0,1,1,0,0,1,0,0,1,1,1,0,1,1,1,1,0,0,0,1,1,1,0,0,1,1,1,1,1,1,1,1,1,1,0,1,1,0,1,0,1,0,1,1,1,0,0,0,0,0,0,0,0,0,0,0,1,1,0,0,0,1,1,0,0.0,-255.1403159188484,1
0,1,1,1,1,0,0,0,0,0,0,0,1,1,0,1,0,1,1,1,1,1,0,1,1,0,1,1,1,0,1,0,1,0,1,1,0,1,1,1,1,0,1,1,1,1,0,1,1,0,0,0,0,0,0,0,0,1,1,0,1,0,0,0,0.0,-255.14028982435633,1
1,1,1,1,0,0,0,1,0,1,0,1,1,1,1,0,0,0,0,1,1,1,0,1,0,1,1,1,0,1,0,0,1,0,0,1,0,1,0,1,0,0,0,1,1,1,0,1,1,1,0,1,1,0,0,0,0,1,0,0,0,1,1,1,0.0,-255.13994253557564,1
0,1,0,0,0,1,0,0,1,1,0,1,1,1,1,0,0,1,1,1,0,1,0,0,0,0,1,0,1,0,1,0,1,0,0,1,1,1,1,1,1,0,1,0,1,1,0,0,1,0,0,0,0,1,0,1,0,1,0,0,0,1,0,0,0.0,-255.13977223684586,1
1,0,0,0,0,0,0,1,0,1,0,0,0,1,1,1,0,0,0,1,1,0,1,1,0,1,1,0,1,0,0,0,0,1,0,0,1,1,1,1,1,1,1,0,1,0,1,1,1,1,0,0,0,0,0,0,1,1,0,1,0,0,1,0,0.015625,-255.139525874304,1
0,0,0,1,0,0,1,0,0,0,0,1,1,1,0,0,0,1,1,0,1,0,0,0,1,1,0,0,1,0,1,1,1,0,1,0,0,1,1,0,1,1,1,1,0,0,0,1,1,0,1,1,1,0,0,1,0,1,0,0,1,0,1,0,0.015625,-255.13941190993586,1
0,1,0,1,1,1,1,0,1,1,0,0,1,0,0,0,0,1,0,1,1,1,0,1,0,1,1,0,0,1,0,1,0,1,1,1,0,1,1,0,0,0,0,1,1,1,0,1,1,1,0,1,0,1,0,0,0,0,1,1,0,1,1,0,0.0,-255.13894017197202,1
1,0,0,0,0,1,0,0,1,1,0,0,0,1,1,0,1,1,1,1,1,1,1,0,1,0,0,0,0,1,0,0,1,0,1,0,0,0,1,1,1,1,0,0,1,1,0,1,1,1,1,1,0,0,0,0,0,1,0,0,0,1,0,0,0.0,-255.13883625219472,1
1,0,0,1,0,1,0,0,1,1,0,1,1,1,1,0,0,0,1,0,1,0,0,1,0,0,0,0,0,1,0,1,1,1,0,1,1,1,1,1,1,0,0,0,1,0,1,0,0,0,1,1,0,0,1,0,1,0,1,0,0,0,0,1,0.0,-255.13867016207203,1
1,0,0,0,0,0,0,0,0,1,1,0,0,1,1,1,0,0,1,1,1,0,0,0,1,1,1,0,1,0,1,0,0,0,0,0,1,1,1,1,0,0,0,0,1,1,1,0,0,1,0,0,1,0,1,1,1,0,1,1,0,0,1,1,0.0,-255.13859995777833,1
1,1,0,1,1,0,0,0,0,0,0,0,0,0,1,0,0,1,1,1,1,1,1,1,1,1,0,0,0,1,1,1,0,0,0,0,1,1,1,1,1,1,0,0,1,1,1,1,0,1,0,0,0,0,1,0,1,0,1,0,1,1,1,0,0.0,-255.13848891307617,1
0,0,0,0,0,1,1,0,1,0,0,0,0,1,1,0,0,1,0,0,0,0,1,1,1,1,1,0,0,0,1,0,0,0,0,0,0,1,1,0,1,1,1,1,1,1,1,0,1,1,1,1,1,1,0,1,0,0,1,0,0,0,1,0,0.015625,-255.1380915808343,1
0,0,1,0,1,1,1,1,1,1,1,0,0,1,0,0,0,1,1,0,1,0,0,1,0,1,0,1,1,0,0,0,0,0,0,1,0,1,1,0,0,1,1,1,0,0,0,0,0,1,1,1,1,1,0,1,1,0,1,0,0,0,0,0,0.015625,-255.1379863030269,1
1,1,0,1,0,0,1,0,0,0,0,0,1,1,0,1,1,1,1,1,1,0,0,0,1,1,0,1,1,1,0,1,1,0,0,0,0,1,1,1,1,1,0,1,1,0,0,1,1,0,0,0,0,0,0,0,0,0,0,0,0,1,1,0,0.015625,-255.13703229631844,1
1,0,1,0,0,0,1,1,0,1,0,1,0,1,1,0,0,1,0,1,0,1,1,1,1,1,0,0,0,1,0,1,1,0,1,0,0,1,1,0,1,1,1,0,1,1,0,0,1,1,0,0,1,1,1,0,1,0,1,0,0,1,0,0,0.015625,-255.13701582486203,1
1,0,0,1,1,0,1,0,0,1,1,1,0,0,0,0,0,0,0,0,1,0,0,0,1,1,0,0,1,1,1,1,0,0,1,0,1,1,1,1,1,0,0,0,1,1,0,1,0,1,0,0,0,0,0,1,0,1,0,1,1,0,1,1,0.0,-255.1367219403886,1
0,0,1,1,0,1,0,0,1,1,1,0,0,1,0,0,0,1,0,0,0,1,0,0,1,1,1,0,1,1,1,1,1,0,1,1,1,1,1,0,1,1,1,0,1,0,1,0,1,0,0,1,1,0,0,1,0,1,1,0,0,0,0,1,0.0,-255.13629768082353,1
0,0,0,1,0,0,1,0,0,1,0,1,0,0,0,0,0,0,1,1,1,1,1,0,1,0,0,0,1,1,0,0,0,0,0,1,1,1,1,0,0,1,0,0,1,1,0,0,0,1,1,1,1,0,0,1,0,1,1,1,0,1,1,1,0.0,-255.13621593746575,1
0,0,0,0,1,1,1,0,0,1,1,0,1,1,1,0,0,1,0,0,0,1,0,1,1,1,1,1,1,1,0,0,1,1,1,1,0,0,1,0,0,0,1,0,0,0,0,0,1,1,1,0,1,0,0,0,1,0,1,0,0,0,0,1,0.0,-255.1358574659075,1
1,1,0,1,1,0,0,0,0,0,0,1,1,0,1,0,0,1,1,1,1,1,0,1,1,0,1,0,0,1,1,0,0,0,0,1,0,1,1,1,1,1,0,0,1,0,1,0,0,0,0,1,1,0,0,0,0,1,0,1,0,1,0,0,0.015625,-255.13559388732838,1
0,0,0,0,0,1,1,0,1,1,0,0,0,1,0,0,0,1,1,0,1,1,0,0,1,1,0,0,0,0,1,1,0,0,0,0,0,1,0,1,1,1,1,1,1,1,0,1,0,1,1,1,1,0,0,0,1,0,1,1,0,0,0,1,0.015625,-255.13540785612366,1
1,0,0,0,0,1,1,0,0,1,0,0,1,1,1,1,1,0,1,1,1,1,0,0,1,1,0,0,1,1,0,0,0,0,0,0,0,1,0,1,1,1,0,0,1,1,0,0,0,0,0,1,1,0,0,1,1,0,1,0,0,1,0,1,0.015625,-255.1351717377836,1
0,0,1,0,0,0,1,0,0,0,0,0,1,1,1,0,0,1,1,1,1,0,0,1,1,1,0,1,1,0,0,0,1,0,1,0,0,1,1,0,0,1,0,0,1,1,1,0,0,1,0,1,1,0,0,0,1,1,1,1,1,0,0,0,0.0,-255.13505301665174,1
1,0,0,0,0,0,0,0,0,0,1,1,1,1,1,0,0,1,1,1,1,0,0,0,1,0,0,1,0,1,0,0,1,0,1,1,1,1,0,1,1,0,1,1,1,1,0,0,1,0,0,0,1,0,1,0,1,1,1,0,0,0,0,0,0.0,-255.13482517797905,1
0,0,1,0,0,1,1,1,0,1,1,1,1,1,1,0,0,0,1,1,0,0,0,0,0,1,1,0,1,0,1,0,1,0,0,1,0,1,1,1,1,0,0,0,0,0,0,1,1,1,0,1,1,0,0,1,0,0,0,1,0,0,1,0,0.0,-255.1346895177039,1
1,0,1,0,0,1,0,0,0,1,1,0,1,1,1,1,1,1,0,0,1,0,0,1,1,1,0,0,0,0,0,0,1,0,0,0,1,1,1,1,1,1,0,0,1,1,0,0,1,1,0,1,0,0,0,0,0,0,1,0,0,1,1,0,0.0,-255.13444573307285,1
0,0,1,0,0,1,1,1,0,1,1,0,0,1,0,0,0,0,1,1,1,1,0,0,0,1,0,0,1,0,0,1,0,1,0,1,1,1,1,1,1,0,0,0,1,1,0,0,0,0,0,1,0,0,1,0,1,1,0,0,0,1,1,1,0.0,-255.1341974316575,1
1,1,0,1,0,0,1,0,0,1,0,1,0,1,1,0,0,1,0,0,0,0,0,1,1,1,1,1,1,1,0,1,0,1,1,1,0,1,1,0,0,0,0,0,0,0,0,1,1,0,1,1,0,0,1,0,1,0,1,0,0,1,0,0,0.0,-255.13393043954107,1
0,1,1,1,0,0,0,1,1,1,1,0,1,1,1,1,1,0,0,1,1,0,0,1,1,1,1,0,1,0,0,1,0,0,1,1,1,1,1,1,1,0,0,0,1,1,0,1,1,0,0,0,1,0,0,0,0,0,0,1,0,0,1,0,0.0,-255.13382433490165,1
1,0,1,1,1,1,0,0,0,0,0,0,1,1,1,0,0,1,0,0,1,0,1,0,0,0,1,1,1,1,1,1,0,0,1,1,0,0,1,1,1,0,0,1,1,0,1,1,1,0,0,1,1,0,0,1,0,1,1,1,0,0,1,0,0.0,-255.1335147079089,1
0,0,0,0,0,1,1,0,1,1,1,1,0,1,1,0,0,1,1,0,0,1,0,1,1,1,1,0,0,1,0,0,1,0,0,1,1,1,1,1,1,0,1,0,0,1,1,0,0,0,0,0,1,0,0,1,0,0,1,1,0,0,0,0,0.0,-255.1334590598335,1
0,1,0,1,0,0,1,1,0,1,0,0,1,1,1,0,0,0,1,1,1,0,1,1,1,1,0,1,0,1,0,0,0,0,0,1,1,1,0,1,0,1,1,0,1,0,0,0,1,0,1,1,1,0,0,1,0,1,0,1,1,0,1,1,0.0,-255.13323078115081,1
0,0,0,0,1,1,1,0,1,0,1,0,0,1,1,1,1,1,0,0,0,0,0,1,1,1,0,1,0,0,1,1,0,0,0,1,0,0,0,1,1,1,0,1,0,0,0,1,0,1,1,0,0,1,1,0,0,0,1,0,0,1,1,1,0.0,-255.1332291409888,1
0,1,1,0,1,1,1,0,1,1,0,0,1,1,0,0,0,1,1,1,1,0,0,1,1,1,1,0,1,0,0,1,1,0,0,1,1,0,1,1,0,1,1,0,1,1,0,0,0,1,0,1,1,0,0,0,0,1,0,1,1,0,0,0,0.015625,-255.1332126818915,1
0,0,1,0,1,0,1,0,0,0,0,0,1,1,1,0,0,1,1,1,0,0,0,1,1,1,0,1,0,0,0,1,0,0,0,1,1,1,1,1,1,1,1,1,0,1,0,1,1,1,1,1,0,1,0,0,1,1,1,0,1,0,0,0,0.0,-255.13288818505686,1
0,1,1,0,1,0,0,0,0,0,0,0,1,1,0,1,0,1,0,1,1,0,0,1,0,1,1,0,1,0,1,0,1,0,0,1,1,0,1,1,1,1,0,0,1,1,0,1,0,1,0,1,0,0,1,0,1,1,0,1,0,0,0,0,0.0,-255.13228395621178,1
0,0,0,0,0,0,0,1,0,1,1,1,1,1,1,0,1,1,0,1,1,0,0,0,1,1,1,0,0,1,0,0,0,0,0,0,0,1,1,1,1,0,0,0,0,1,1,0,0,1,1,0,1,1,1,0,0,0,1,1,1,1,0,0,0.015625,-255.13225303577346,1
1,1,0,0,0,1,1,0,1,1,1,0,0,0,1,0,0,0,0,1,0,1,0,1,1,1,0,0,1,1,0,0,0,0,1,0,1,1,1,1,0,1,0,0,1,0,0,0,1,0,1,1,1,1,0,0,0,1,1,1,0,0,0,0,0.0,-255.13204666704075,1
1,0,1,1,1,0,1,0,0,0,0,0,1,0,1,0,0,1,0,0,1,1,0,1,0,1,1,0,0,1,1,1,0,0,1,1,0,1,0,1,0,1,0,0,1,0,1,0,1,0,1,0,1,1,0,0,1,0,1,0,0,1,0,0,0.0,-255.13184804715857,1
0,0,1,0,0,1,1,0,1,1,0,0,0,1,1,0,0,0,0,0,1,0,0,1,1,1,1,1,1,0,1,0,1,0,1,0,0,1,0,1,1,0,0,0,1,0,0,0,1,0,1,1,0,1,1,0,0,1,1,1,0,1,0,0,0.0,-255.1317868962527,1
1,0,0,1,1,1,0,1,1,0,1,0,1,0,1,1,1,1,0,1,1,0,0,0,0,1,1,0,0,0,0,0,0,1,1,0,1,1,0,0,0,0,0,1,0,1,0,1,0,1,1,1,1,1,0,0,0,0,0,0,0,1,1,0,0.0,-255.13164415017587,1
0,0,1,0,1,1,1,0,0,1,0,0,0,1,0,1,0,0,1,0,1,0,1,1,0,1,0,0,0,1,0,1,0,0,1,1,0,0,0,1,1,0,1,1,1,1,1,1,0,1,0,1,0,0,1,1,1,1,1,1,0,1,0,1,0.0,-255.13159137636438,1
0,0,1,0,0,0,1,0,0,1,0,0,0,1,1,0,0,1,0,0,1,0,0,1,0,1,0,0,0,1,1,0,1,1,0,1,0,1,0,0,1,1,0,0,1,1,0,1,1,1,1,1,0,1,0,1,1,0,1,0,0,1,0,1,0.0,-255.13110896664335,1
0,0,1,1,0,1,1,0,0,0,0,0,0,1,1,1,0,1,1,1,1,0,1,0,1,1,0,0,1,0,1,1,1,0,0,1,0,1,1,1,0,1,1,0,0,0,0,0,1,0,1,0,0,0,0,0,1,1,0,0,0,1,1,0,0.0,-255.13089917233523,1
0,0,1,0,0,1,1,1,0,0,0,0,1,1,1,0,0,1,0,1,1,0,0,1,0,0,1,0,1,1,1,0,1,0,0,1,0,1,1,1,0,1,0,0,0,1,0,0,1,1,1,1,1,1,1,0,0,1,1,1,0,1,1,0,0.0,-255.13079518543663,1
0,1,1,1,0,1,0,1,0,0,1,1,1,1,0,0,0,0,1,1,1,0,1,1,1,1,0,0,1,0,1,1,1,0,0,0,0,1,1,1,0,1,0,1,1,1,0,0,1,1,0,0,0,0,0,0,0,0,0,1,1,1,1,1,0.0,-255.13077251089146,1
0,0,0,0,1,1,0,0,1,1,1,1,0,1,0,1,0,1,1,0,1,0,0,1,1,1,0,0,0,1,1,0,1,0,0,1,0,1,1,0,1,0,0,0,1,1,0,0,1,1,1,1,1,0,0,0,0,0,1,0,0,1,0,0,0.0,-255.13055315202254,1
0,0,1,1,0,1,0,0,0,1,1,0,1,1,1,0,1,0,1,1,0,0,0,0,1,0,1,0,1,1,1,0,0,0,0,1,0,0,1,1,1,1,1,0,1,0,1,1,1,0,1,1,1,0,1,0,1,1,1,0,0,1,0,0,0.015625,-255.13018571599025,1
0,0,0,0,0,0,1,0,1,1,1,0,0,1,0,0,0,1,1,1,1,0,0,1,0,1,0,0,1,1,0,0,0,0,1,0,0,1,1,1,0,0,1,0,1,1,1,0,0,1,0,1,1,1,0,0,1,0,1,1,1,1,0,0,0.0,-255.12992425365124,1
0,1,0,0,0,1,0,0,0,0,0,1,1,1,1,1,0,0,1,1,1,0,1,1,1,0,0,0,1,1,1,1,0,0,1,1,0,1,0,1,1,1,1,1,1,1,0,1,0,0,0,0,1,0,0,1,0,1,1,1,0,1,0,0,0.0,-255.12965424137167,1
0,1,0,0,0,0,1,1,0,1,0,0,1,0,1,0,0,0,1,1,1,1,0,0,1,1,1,0,1,1,0,0,1,0,0,1,0,1,1,1,0,1,0,1,1,0,1,0,1,0,1,1,0,0,0,1,1,0,0,0,0,0,1,0,0.0,-255.12951366831732,1
0,0,0,0,1,1,0,0,0,1,1,1,1,1,1,0,1,0,1,1,1,0,0,0,1,0,0,0,0,1,0,0,1,1,0,0,1,0,1,1,0,0,1,0,1,1,0,0,0,0,1,1,0,1,0,1,0,1,1,0,1,0,0,1,0.015625,-255.12803117850552,1
0,1,0,0,0,0,0,0,1,1,1,0,1,1,1,0,0,1,1,1,1,1,0,0,1,0,0,0,1,1,1,1,1,0,0,1,1,0,1,0,1,1,1,0,1,1,1,0,0,0,1,1,1,1,0,0,0,0,1,1,0,0,1,0,0.0,-255.12792874357518,1
1,0,0,1,0,1,1,0,1,0,0,0,1,1,1,1,0,0,0,1,1,0,0,1,1,1,0,1,0,0,1,0,0,0,1,1,0,0,0,0,1,0,1,0,0,1,0,0,1,1,1,1,1,0,1,0,0,0,0,0,0,1,1,1,0.0,-255.12792398345678,1
0,0,1,0,0,1,1,0,0,1,0,0,1,1,1,0,0,1,1,1,1,1,1,1,1,1,0,1,1,0,1,1,0,0,0,1,0,1,1,1,1,1,0,0,1,0,0,0,0,1,1,0,1,0,0,0,0,0,1,0,0,1,1,1,0.015625,-255.12767759544244,1
1,0,1,0,1,1,1,1,0,0,0,0,1,1,0,0,1,1,0,0,1,0,0,0,0,1,1,0,1,0,1,1,1,1,0,1,0,0,1,0,0,1,0,0,1,1,1,0,0,1,0,1,1,0,0,0,0,0,1,0,0,0,1,1,0.015625,-255.12753231527893,1
1,1,1,0,0,1,0,0,1,1,0,0,0,0,1,0,0,0,0,1,0,1,0,0,1,1,1,0,1,1,1,0,0,1,1,0,1,1,1,1,0,1,1,0,0,1,0,1,1,1,0,1,1,1,0,1,1,0,1,0,0,0,1,0,0.0,-255.12745396168913,1
1,0,0,1,1,1,0,0,1,0,0,0,0,0,1,0,0,0,1,1,1,0,0,0,1,1,0,0,1,1,1,1,0,0,0,1,0,1,1,1,0,1,0,1,0,1,1,0,0,1,0,1,0,1,0,0,1,0,0,1,0,1,0,1,0.0,-255.12740547374446,1
0,0,0,0,0,1,0,0,0,0,1,1,1,0,1,0,0,1,0,1,1,0,0,1,0,0,0,0,1,0,1,0,1,0,1,1,1,0,1,1,1,1,1,1,1,1,0,0,0,0,0,1,1,0,0,0,1,0,1,1,0,0,1,1,0.0,-255.12647060899616,1
0,1,1,0,1,1,1,1,0,1,0,0,0,0,1,0,0,1,1,1,1,0,1,1,0,0,1,0,0,1,0,1,0,0,0,0,0,0,1,0,1,0,1,0,1,1,1,1,0,0,1,1,1,0,0,0,0,0,1,0,0,0,1,1,0.0,-255.12639849033332,1
0,1,1,0,0,0,0,0,0,0,0,1,0,1,0,1,0,1,1,1,1,0,0,1,0,0,0,0,1,1,1,0,1,0,1,0,0,1,1,1,1,1,1,0,1,0,1,0,1,0,1,1,1,0,0,0,0,0,1,0,0,1,1,0,0.0,-255.12619330762064,1
0,0,1,0,0,1,1,0,0,1,1,0,1,0,1,0,0,1,0,0,0,1,0,1,0,1,0,0,1,0,0,1,1,1,0,0,1,1,1,1,1,0,1,1,1,0,1,1,1,1,1,0,0,1,1,0,0,1,0,0,1,0,1,1,0.0,-255.12610228671144,1
1,0,1,1,0,1,0,1,0,0,0,0,1,1,1,0,0,1,0,1,1,0,1,1,1,0,1,1,1,1,0,1,1,0,0,1,0,1,1,1,1,1,0,0,0,1,0,1,0,0,1,1,0,0,0,0,1,0,1,0,0,1,1,0,0.0,-255.1259368631343,1
1,1,1,0,0,1,0,1,1,0,0,0,1,1,1,1,0,0,0,1,0,0,0,0,1,1,0,0,1,1,1,0,1,0,1,1,0,0,1,1,0,1,0,0,1,1,0,1,0,0,0,0,0,0,0,1,0,1,1,0,0,0,1,1,0.015625,-255.12586887450135,1
0,0,0,0,1,1,1,1,0,0,1,0,1,1,0,0,1,1,0,0,1,0,0,1,0,1,0,0,1,1,1,1,0,1,1,0,1,1,1,1,1,0,1,0,0,0,0,1,0,0,0,0,1,0,0,0,0,0,1,1,0,1,1,0,0.0,-255.1255442389304,1
1,0,1,1,1,1,1,0,0,0,0,0,1,1,1,1,0,1,1,1,0,1,1,1,1,0,1,0,0,1,0,0,1,0,0,1,0,1,1,1,0,0,0,0,1,0,1,0,0,0,0,1,0,0,0,0,1,1,0,1,1,1,1,1,0.0,-255.12547870752962,1
0,1,1,0,1,1,0,0,0,0,0,0,1,1,1,0,0,1,0,1,1,0,0,1,0,1,0,1,0,0,1,0,1,1,0,1,0,0,1,1,1,1,0,1,1,1,0,1,0,1,0,1,1,0,0,0,1,1,0,0,1,1,1,1,0.0,-255.12533873050597,1
0,0,0,1,0,1,1,1,1,1,0,0,1,1,1,0,0,1,0,0,1,0,0,1,1,1,1,0,0,0,0,0,1,0,1,1,0,1,1,0,0,0,1,0,1,1,0,0,1,0,1,1,1,0,0,0,1,0,1,0,0,1,0,0,0.0,-255.12502394075082,1
0,1,1,1,1,1,0,1,0,1,1,0,1,1,1,0,0,1,1,1,1,0,0,1,1,0,1,1,0,0,1,0,0,1,0,1,1,0,1,1,1,1,0,0,0,1,0,0,1,0,0,1,0,0,0,0,1,1,1,0,0,1,0,0,0.0,-255.12436732502096,1
0,1,1,0,0,1,1,0,1,1,0,0,0,1,1,0,0,1,0,1,1,1,1,1,1,0,1,0,1,1,0,1,0,0,0,1,1,1,1,1,1,0,0,1,0,0,0,0,1,1,1,0,1,0,0,1,1,1,0,0,0,0,0,1,0.0,-255.12428119450396,1
0,0,1,0,1,0,0,0,0,1,0,0,1,1,1,0,0,1,1,1,1,0,1,0,0,0,0,0,0,1,1,0,0,0,1,0,0,0,1,1,0,1,0,0,0,0,1,1,0,0,1,1,1,1,1,0,1,1,0,1,1,0,1,1,0.0,-255.12390070472645,1
0,0,1,0,0,1,1,0,0,1,0,0,0,1,1,0,0,1,1,1,1,0,0,1,1,0,0,0,0,0,0,0,0,0,0,0,1,0,1,0,1,1,0,0,1,0,1,1,1,1,0,0,1,0,1,0,0,1,1,1,1,1,1,1,0.0,-255.12279621779214,1
0,0,0,0,1,1,1,1,0,1,0,0,0,1,1,1,0,1,0,0,1,0,0,1,1,1,1,1,0,1,0,0,0,0,1,1,0,0,1,0,1,0,1,1,1,1,0,0,1,1,0,1,1,1,0,0,1,1,1,0,0,0,1,1,0.0,-255.1226449706105,1
1,1,1,0,0,1,1,1,0,0,0,0,1,1,0,0,0,1,0,1,1,0,0,0,0,1,1,0,1,1,0,0,0,1,0,1,1,1,1,1,1,1,1,0,1,0,0,0,0,0,1,1,0,0,0,0,1,0,0,0,1,0,1,0,0.0,-255.12244442826218,1
0,1,1,0,0,0,1,0,0,1,0,0,1,1,1,1,0,1,1,1,1,1,0,0,1,1,0,0,0,0,0,0,1,0,0,1,1,1,1,1,0,0,0,0,1,0,0,0,1,1,1,0,0,0,1,0,0,1,0,0,0,1,1,1,0.0,-255.12232814603905,1
1,1,0,1,0,1,1,0,0,0,0,0,0,1,1,1,0,0,0,0,1,1,1,0,1,1,0,0,0,0,0,1,0,0,0,1,0,1,1,0,1,1,0,0,0,1,1,0,0,0,1,1,0,0,1,0,1,1,1,0,0,1,1,1,0.015625,-255.12223480208849,1
1,1,0,0,1,1,1,0,0,1,1,0,0,1,1,0,0,0,1,0,1,0,0,0,1,1,0,1,0,1,1,0,1,0,0,1,0,0,1,1,0,1,0,0,0,1,0,1,0,0,0,1,1,0,1,0,1,0,0,1,1,0,1,0,0.0,-255.1219775895814,1
0,1,0,1,1,1,0,0,0,1,0,0,1,1,0,1,0,1,0,1,1,0,0,1,1,1,1,0,0,0,0,1,0,0,1,0,1,1,0,0,0,1,1,1,1,1,0,1,1,1,1,1,1,0,0,0,1,0,0,0,0,1,1,1,0.0,-255.1213465635576,1
0,1,1,0,0,1,0,0,1,0,0,0,1,1,1,0,0,1,0,1,1,1,1,1,1,1,1,0,1,0,1,1,1,0,1,1,0,1,1,1,1,0,0,0,1,0,0,0,1,1,1,1,0,0,0,0,1,0,0,1,0,0,0,1,0.0,-255.12110560713057,1
1,1,1,0,0,0,0,1,1,1,0,0,1,1,1,0,1,1,1,1,1,0,0,0,0,0,0,0,0,1,1,0,0,0,1,0,1,1,1,0,0,0,0,1,1,0,1,1,0,1,1,1,1,0,0,0,0,0,0,1,0,1,0,0,0.0,-255.1209616319327,1
1,1,0,0,0,0,1,0,0,0,0,1,1,1,1,0,0,0,0,1,1,0,1,1,1,1,0,0,0,1,0,1,1,0,1,1,0,1,1,1,0,1,0,1,0,0,0,0,1,0,1,1,0,0,0,0,1,0,1,1,0,1,0,0,0.0,-255.12065790784453,1
0,0,0,0,1,0,1,0,1,0,0,0,1,1,1,0,0,1,0,1,1,0,1,0,0,1,1,0,0,0,1,0,0,0,0,1,0,1,1,1,0,1,0,1,1,1,0,1,1,0,1,1,1,0,0,0,1,1,0,0,0,1,1,0,0.0,-255.12064985063864,1
1,1,1,0,1,1,0,1,0,1,1,0,1,1,1,0,0,0,0,0,1,0,0,1,1,0,0,1,0,1,0,0,0,1,0,1,0,1,1,1,1,1,0,0,1,1,0,0,1,0,1,1,0,1,0,1,1,1,0,1,0,1,0,0,0.0,-255.11995294605686,1
0,0,0,0,0,1,0,0,1,0,1,0,1,1,1,1,0,1,0,0,1,1,1,0,1,0,0,0,0,1,0,0,0,1,1,1,0,1,1,1,1,1,1,1,1,1,0,1,1,0,0,1,1,0,0,0,0,1,1,1,0,1,1,0,0.0,-255.11976754517372,1
1,0,0,0,1,1,1,0,0,0,0,0,0,1,0,0,0,0,1,1,1,1,1,1,1,1,0,0,1,0,1,0,1,0,1,0,0,1,1,1,1,0,0,1,1,0,1,0,1,1,1,0,1,0,0,0,1,0,1,0,0,0,0,0,0.015625,-255.11937415708965,1
1,0,1,1,0,1,0,1,0,0,1,0,0,1,1,0,0,1,1,1,1,0,0,0,1,1,1,1,1,0,0,0,0,0,0,0,0,1,1,0,1,0,0,0,1,0,1,1,1,1,0,1,0,0,0,0,0,1,0,0,0,1,1,1,0.0,-255.11889383788463,1
0,0,0,0,1,0,0,0,1,0,0,0,1,1,1,1,0,0,0,0,1,1,1,1,0,1,0,1,1,1,1,1,1,0,0,1,1,1,1,1,0,0,0,1,1,1,1,0,0,1,1,1,0,0,0,0,1,1,1,0,0,1,0,1,0.0,-255.11873662384147,1
0,1,1,0,1,0,1,0,0,0,0,0,1,0,0,1,1,0,0,1,1,1,0,0,1,0,1,0,1,1,0,0,1,0,0,1,1,0,1,1,0,0,1,0,1,0,0,0,1,1,0,1,0,0,1,0,1,1,0,1,0,0,1,1,0.0,-255.11849359990444,1
1,0,1,0,0,1,0,0,0,0,1,0,0,1,1,0,0,1,0,1,1,0,1,0,1,0,0,0,0,0,1,1,1,0,0,1,0,1,1,1,1,1,0,0,1,0,0,0,0,0,1,1,1,1,1,0,1,0,1,0,0,1,1,0,0.0,-255.11836061042098,1
0,1,1,1,0,1,0,0,1,1,0,0,0,1,0,0,0,1,1,1,1,1,0,0,0,1,0,0,0,0,0,0,0,0,1,1,1,1,1,0,0,1,1,1,1,0,1,1,1,0,0,1,0,1,0,0,0,0,1,1,0,0,1,0,0.0,-255.11834760287306,1
1,1,1,1,1,1,0,0,1,0,1,1,0,1,1,0,1,1,0,0,1,0,0,1,1,1,0,1,1,1,0,1,0,0,0,0,0,1,1,1,1,1,0,0,0,0,1,1,1,0,1,0,0,0,0,1,0,0,1,0,0,1,1,0,0.0,-255.11817949407703,1
1,0,1,1,0,0,0,1,0,0,0,1,1,1,0,0,0,0,0,0,1,0,0,0,1,1,0,0,0,0,1,0,1,1,1,1,0,1,1,0,0,0,1,0,0,1,1,1,1,1,0,0,1,0,0,0,0,1,1,1,1,1,1,0,0.03125,-255.1178310217077,1
0,0,1,1,0,1,1,0,0,0,1,0,1,0,0,1,0,1,0,0,1,1,0,1,0,0,0,0,0,0,1,0,0,0,1,1,0,1,1,1,0,0,1,1,1,0,0,1,1,1,0,1,0,0,0,0,0,1,1,1,0,1,1,1,0.0,-255.11752742728603,1
0,1,1,0,0,1,0,0,0,1,0,1,1,1,0,0,0,1,0,0,1,0,0,1,1,1,0,0,0,1,0,1,1,1,0,1,0,1,1,1,0,1,0,0,1,0,0,1,1,0,1,0,0,0,1,0,1,1,0,0,0,0,1,1,0.0,-255.1174848632327,1
0,0,0,0,0,1,1,1,0,0,1,0,0,1,1,1,0,0,0,0,0,1,0,1,1,1,0,0,1,1,1,1,0,0,1,0,1,1,1,1,0,1,0,0,1,0,0,0,1,0,1,1,0,0,1,0,1,1,0,0,0,1,0,1,0.0,-255.11503268688526,1
0,1,1,1,0,1,0,0,1,1,1,0,1,1,1,0,0,1,0,1,1,0,0,0,1,1,1,0,1,0,0,0,1,0,0,0,0,1,1,1,1,1,0,0,0,1,1,1,0,0,0,0,1,0,0,0,1,1,0,0,0,1,0,0,0.0,-255.11500711805903,1
0,1,0,0,0,0,1,1,0,0,0,0,0,1,0,1,0,0,1,1,1,0,1,0,1,1,0,0,1,1,1,0,0,0,0,1,0,1,1,0,1,1,1,0,1,1,0,0,1,0,1,1,1,1,0,0,1,0,1,0,0,0,1,0,0.0,-255.11482258431255,1
0,1,0,0,0,1,0,1,0,1,0,0,1,1,0,0,0,1,0,1,1,1,0,1,1,1,0,1,1,1,0,1,0,0,0,1,0,0,1,0,0,0,0,0,1,0,1,0,1,0,1,1,1,0,1,0,1,0,0,0,1,0,1,1,0.0,-255.11458231114693,1
1,0,1,0,1,1,1,0,0,1,0,1,0,1,0,0,0,1,0,1,1,0,0,0,0,1,0,1,0,0,0,1,0,0,1,1,1,1,1,0,0,1,0,0,0,1,0,1,0,0,0,1,1,0,1,1,0,0,1,1,0,1,1,0,0.0,-255.11435988434198,1
0,1,0,1,1,0,0,0,0,1,0,1,1,1,1,0,0,1,0,0,0,0,1,0,1,1,0,0,0,0,0,0,0,0,1,0,0,1,1,1,0,0,1,0,1,1,1,0,1,1,0,1,1,1,0,0,1,1,0,1,1,1,0,0,0.015625,-255.11434004492926,1
0,0,1,0,0,1,1,0,0,0,0,0,1,1,1,0,1,1,0,0,1,0,1,1,1,1,0,0,1,1,1,0,0,0,1,1,1,1,1,1,1,0,1,0,1,1,0,0,1,0,0,1,0,0,0,1,0,1,1,0,1,0,1,1,0.0,-255.1139546340716,1
0,0,0,1,0,1,0,0,0,1,0,1,1,1,1,0,0,1,0,1,1,0,1,0,1,0,0,0,1,1,0,0,1,0,0,0,1,1,1,1,0,0,1,0,1,1,1,0,0,1,1,1,0,0,1,0,1,1,1,1,1,1,1,0,0.0,-255.1134979826689,1
0,0,1,0,0,1,0,0,1,1,0,0,1,1,1,0,0,0,0,0,1,0,0,1,1,1,1,0,0,0,0,1,0,0,0,1,0,1,1,1,0,0,0,0,1,1,1,1,1,0,1,1,1,0,0,0,1,0,1,0,1,1,1,0,0.0,-255.1122434831915,1
0,0,0,0,0,1,1,1,0,0,0,0,1,1,1,1,0,0,0,0,1,0,0,1,1,1,0,0,1,1,0,1,0,0,0,1,0,1,1,0,1,1,0,1,1,1,0,1,1,0,1,0,1,0,0,0,1,0,1,0,0,1,0,1,0.015625,-255.11183723037425,1
1,0,0,0,0,0,1,1,0,1,1,1,1,1,1,0,0,0,0,1,1,0,0,0,1,0,1,0,0,1,0,0,0,0,0,1,0,1,1,0,1,1,0,0,1,1,1,1,1,0,0,1,0,0,1,1,0,1,0,0,0,1,1,0,0.0,-255.1104360725147,1
0,0,0,0,0,1,1,0,0,1,1,1,1,0,1,0,0,0,1,0,1,1,1,0,0,0,1,0,0,0,1,1,0,0,1,1,0,1,1,1,1,1,0,0,1,0,0,1,1,0,1,1,1,0,0,0,1,0,0,0,0,1,1,0,0.0,-255.1103701642401,1
0,1,1,0,0,0,1,0,0,1,0,0,0,1,1,0,0,1,0,1,1,0,0,0,0,0,0,1,1,1,1,1,0,0,0,0,0,1,1,1,0,0,0,1,1,1,1,1,1,1,1,1,0,0,0,0,1,0,1,0,1,1,0,0,0.0,-255.1093821565041,1
0,1,1,0,0,1,0,0,1,0,1,0,1,1,1,0,0,0,0,1,1,1,0,1,1,0,0,0,1,0,0,0,0,0,1,1,1,1,1,1,1,1,1,1,0,0,1,0,0,0,1,0,1,0,0,0,1,1,0,0,0,1,0,0,0.0,-255.10845789294785,1
0,0,1,0,1,1,1,0,0,0,0,1,1,1,1,0,0,1,0,0,1,0,0,1,0,1,0,0,1,0,1,1,1,0,0,1,1,0,0,0,1,0,1,1,1,1,1,0,1,1,0,1,1,1,1,0,0,0,1,1,0,0,1,1,0.015625,-255.1083027400145,1
0,0,1,0,0,1,1,0,0,0,1,1,1,1,1,1,0,1,0,1,1,0,0,0,0,1,1,0,0,0,0,1,1,0,0,0,0,1,1,1,1,0,0,0,0,1,1,0,1,1,1,1,0,0,1,0,1,0,1,0,0,1,0,0,0.0,-255.1082856824923,1
0,1,0,0,1,1,0,0,0,0,1,0,1,1,1,0,0,1,1,1,1,1,0,1,1,1,1,1,0,1,1,0,1,0,0,0,1,1,1,1,0,1,1,0,0,0,1,1,1,0,1,1,0,0,0,0,0,1,0,1,0,0,1,0,0.015625,-255.10754739056307,1
0,0,1,0,0,1,1,1,0,0,0,0,1,0,0,0,0,0,0,1,1,1,0,0,1,1,1,0,0,0,0,1,0,0,1,1,1,1,0,1,0,0,1,0,1,1,0,1,1,1,1,0,0,0,0,0,0,1,1,0,1,1,1,1,0.015625,-255.10733505539585,1
1,1,1,0,0,1,0,0,1,1,1,0,0,1,1,0,0,0,1,1,1,1,1,1,1,1,0,1,1,1,1,0,0,0,1,0,0,0,1,1,0,0,0,0,0,0,1,0,1,0,0,1,1,1,0,1,1,1,0,0,0,0,1,1,0.0,-255.10703668144782,1
0,0,1,0,1,0,1,0,0,0,1,1,1,1,1,0,0,1,0,1,1,1,0,1,1,1,1,0,0,0,0,0,1,0,0,1,0,1,1,1,0,1,1,0,1,1,1,0,0,1,0,0,1,0,0,0,0,0,0,0,0,1,1,0,0.0,-255.10686574435275,1
1,0,1,0,1,1,1,0,0,1,0,0,1,1,1,1,0,0,0,1,1,1,0,0,1,0,0,0,1,1,1,0,0,0,1,0,0,1,1,0,1,1,1,0,1,0,0,1,0,0,0,0,1,1,0,1,0,0,1,0,0,1,0,0,0.015625,-255.10580559014988,1
0,0,1,1,0,0,1,0,0,1,0,0,1,0,1,0,0,1,0,1,1,1,0,0,0,1,0,0,1,0,1,0,1,0,1,1,0,1,1,1,0,1,0,1,1,0,1,1,1,1,0,0,0,1,0,0,1,0,0,0,0,0,1,1,0.0,-255.10549466160185,1
0,0,1,0,1,1,1,1,1,1,0,0,1,1,0,1,0,0,0,0,1,0,0,0,1,1,0,0,0,1,0,1,0,1,0,0,0,1,1,0,1,0,0,1,1,0,1,1,1,0,1,1,0,0,0,0,0,1,1,1,0,1,0,0,0.015625,-255.10500810553688,1
0,0,1,0,0,0,1,0,0,0,0,0,0,1,0,0,0,1,0,1,1,0,0,1,1,1,0,0,1,1,1,0,1,0,1,1,1,1,0,1,0,0,0,1,1,0,0,1,1,0,1,1,1,0,1,1,0,0,1,0,0,0,1,1,0.0,-255.10431321964379,1
1,1,0,1,0,1,1,0,0,1,1,1,1,1,0,0,0,1,1,0,1,1,0,0,1,1,0,1,1,0,1,0,0,0,0,1,0,1,1,0,1,0,0,0,0,1,0,1,1,0,1,0,1,0,0,0,1,1,0,0,0,0,0,0,0.0,-255.10344950819692,1
1,1,0,0,0,1,1,0,0,0,0,1,1,1,1,0,0,1,1,1,1,0,1,1,1,0,0,0,0,1,1,0,1,0,1,1,0,1,1,0,1,0,0,0,1,1,0,1,1,0,0,0,1,0,0,0,1,1,1,0,1,0,1,1,0.015625,-255.10107039905967,1
0,1,1,0,0,1,1,0,0,1,0,0,1,0,1,0,0,0,1,1,1,0,0,0,0,1,0,1,0,0,0,0,0,0,0,1,1,1,1,1,1,1,1,1,0,0,1,1,1,0,0,1,1,0,1,1,0,0,0,0,0,1,1,0,0.0,-255.10032854165442,1
0,0,0,1,0,1,0,0,0,0,0,0,1,1,1,1,0,1,0,1,1,1,1,0,1,1,0,0,1,0,0,0,1,1,1,1,1,1,1,0,0,1,1,0,0,0,0,1,1,1,0,1,0,0,0,0,1,0,0,0,0,0,1,1,0.0,-255.09993204024852,1
1,1,0,0,0,1,1,0,0,1,0,1,1,1,1,0,0,1,0,0,1,0,0,1,1,1,0,0,1,0,0,0,0,0,1,1,0,1,1,1,0,1,1,1,1,1,0,1,0,1,0,1,0,0,0,0,0,0,0,1,0,1,0,0,0.0,-255.09954303055954,1
0,0,0,1,0,1,1,0,0,0,0,1,0,1,1,1,0,0,0,1,1,1,1,1,1,1,0,0,0,0,1,1,0,0,0,1,0,1,1,0,0,1,0,1,1,0,0,1,0,0,1,1,0,1,0,1,1,1,0,0,0,0,0,1,0.0,-255.09802609229806,1
0,1,0,0,1,0,1,0,0,1,0,0,1,1,1,1,1,0,0,1,1,0,0,1,1,0,0,0,0,1,1,0,0,0,0,1,0,0,1,1,0,1,1,0,0,1,0,1,1,1,0,1,0,1,0,0,1,0,0,0,0,1,1,1,0.0,-255.09650951749347,1
0,0,0,0,0,1,1,0,0,0,1,1,0,1,1,0,0,1,0,0,1,1,0,0,1,1,0,1,0,1,1,1,1,0,0,1,1,1,1,0,1,1,1,0,0,1,0,1,1,1,0,0,0,0,1,0,0,0,1,0,0,1,0,0,0.015625,-255.09645448627867,1
0,1,1,0,0,1,1,0,0,1,1,1,0,1,1,0,0,1,0,1,0,0,1,1,1,1,0,0,0,0,0,0,0,0,1,0,1,1,1,1,0,1,1,1,1,0,0,0,0,0,0,1,0,0,0,1,1,0,1,0,0,1,0,1,0.0,-255.09562487306454,1
0,1,1,0,0,1,1,0,1,0,0,0,1,1,1,1,0,1,0,1,1,1,0,1,0,1,0,0,1,0,1,1,1,0,0,0,0,1,1,0,1,1,1,0,1,0,1,1,1,0,0,0,0,1,0,0,0,0,0,0,0,1,0,0,0.0,-255.0949729741073,1
0,0,0,1,0,0,1,0,0,0,1,1,1,1,1,0,1,1,0,1,1,1,0,0,1,0,1,0,0,0,1,1,0,0,1,1,0,0,1,1,0,0,0,1,1,1,1,1,0,0,1,0,1,0,1,0,1,0,0,0,0,1,0,0,0.0,-255.0940729826585,1
1,1,0,1,0,1,1,1,0,1,1,0,0,1,1,0,0,0,0,1,1,0,1,0,1,0,0,0,1,0,1,0,0,1,0,0,0,0,0,1,0,1,0,0,0,1,1,0,1,0,1,1,1,1,0,1,0,1,0,1,0,0,0,1,0.015625,-255.0937777690931,1
0,1,0,0,0,1,1,1,0,0,0,1,1,0,1,0,1,0,1,1,1,0,0,0,1,1,0,1,1,0,0,0,1,0,1,0,0,1,1,0,1,0,1,0,1,1,0,1,0,0,0,1,1,1,0,0,0,1,0,1,0,1,0,0,0.0,-255.09303876312777,1
1,0,0,0,0,0,1,1,1,1,0,1,0,1,0,1,0,1,0,1,1,0,0,0,1,1,1,1,1,1,0,1,1,0,0,1,0,1,1,0,1,1,0,0,1,0,1,1,1,0,1,1,1,0,1,0,1,0,0,1,0,0,0,0,0.015625,-255.0923080254721,1
1,0,0,0,0,1,1,0,0,1,0,1,1,1,1,0,0,1,0,0,1,0,0,0,1,1,1,0,1,1,1,0,0,0,0,0,0,1,0,1,1,0,0,0,1,1,1,1,1,0,0,1,0,1,0,0,0,0,1,0,1,1,1,0,0.0,-255.09091798923282,1
0,1,1,0,1,1,1,0,0,1,1,0,1,1,1,0,0,0,0,1,0,0,1,0,1,0,1,0,1,0,1,0,1,0,0,0,1,1,1,1,1,0,0,1,1,1,1,0,1,0,0,1,1,1,0,0,0,1,1,0,1,1,0,0,0.0,-255.0897204262257,1
0,0,0,0,0,1,1,1,0,0,1,1,1,1,1,0,0,0,0,1,1,1,0,1,1,0,1,0,0,0,0,0,1,1,0,1,1,1,1,0,1,0,0,0,0,0,1,0,1,0,1,1,1,1,0,0,0,1,0,1,1,0,0,0,0.0,-255.0892152619516,1
0,0,1,0,1,1,1,0,1,0,0,1,1,1,0,0,0,1,1,1,1,1,1,1,0,0,0,0,0,1,1,1,0,0,1,1,1,1,1,1,0,0,0,1,1,1,1,0,0,0,1,0,0,1,0,1,1,0,0,0,0,1,1,0,0.0,-255.0879541073072,1
1,1,1,0,0,1,1,1,1,0,0,0,1,1,0,1,0,1,1,1,1,1,0,0,1,1,0,0,1,1,1,0,1,0,0,0,0,0,1,0,0,0,0,0,0,0,1,1,0,1,1,0,1,1,0,0,0,0,0,1,0,0,1,0,0.0,-255.08578405370676,1
0,0,1,0,0,1,1,0,0,0,0,1,1,1,0,0,0,1,0,0,1,0,0,0,1,1,1,0,1,0,0,0,0,0,0,0,1,0,1,1,1,1,0,1,1,1,0,1,1,1,0,1,0,1,1,1,0,0,0,0,0,1,1,1,0.0,-255.08448770772083,1
0,0,1,1,1,1,1,1,0,1,0,0,0,1,0,0,0,0,0,0,1,1,1,1,1,1,0,1,1,0,1,1,0,0,0,1,0,1,1,1,0,0,0,0,0,1,0,1,1,1,1,1,1,1,0,0,0,0,1,0,1,1,0,1,0.0,-255.0792399265763,1
1,1,1,0,0,1,1,0,0,0,1,0,0,1,0,0,0,1,0,1,0,0,1,1,1,0,0,0,0,0,1,1,1,0,0,0,1,1,1,1,0,1,0,0,1,0,1,1,0,0,1,1,1,0,0,1,1,0,1,0,0,1,0,0,0.0,-255.07574251233683,1
0,0,1,0,0,1,1,1,0,0,0,0,1,1,0,1,0,0,0,0,1,1,0,1,1,0,1,0,1,1,1,0,0,0,0,1,0,1,1,1,1,1,1,1,1,1,1,1,0,0,1,1,1,1,0,0,0,1,0,1,0,1,0,0,0.015625,-255.0749317126922,1
0,0,1,0,1,1,1,0,0,0,0,1,1,1,1,0,0,0,1,1,1,1,1,1,1,1,1,0,0,0,0,0,0,0,1,1,1,1,1,1,1,0,1,0,1,0,1,1,0,1,0,1,0,0,1,0,1,0,0,0,1,1,0,0,0.0,-255.07310537440327,1
1,0,0,1,0,0,0,0,1,1,0,0,1,0,0,0,0,1,0,1,1,1,0,1,1,0,1,0,1,1,1,1,0,0,0,1,0,1,1,0,0,1,0,1,0,1,0,0,0,1,1,1,1,0,1,0,0,1,0,1,0,0,0,0,0.0,-253.93353455354784,1
1,0,0,1,1,1,0,0,0,1,0,1,0,1,0,1,0,1,0,0,1,1,0,1,0,1,0,0,1,1,1,1,1,1,1,0,0,1,1,0,1,1,0,0,1,1,0,0,1,1,1,0,0,0,0,1,1,1,1,0,0,1,1,0,0.0,-253.92492299520478,1
1,1,0,0,0,1,1,0,1,1,0,0,1,1,1,0,1,0,1,1,0,0,0,1,0,1,1,0,1,1,0,0,0,1,0,0,1,1,1,0,0,1,1,0,1,1,0,0,1,0,1,0,0,0,0,0,0,1,0,0,0,1,0,0,0.0,-253.92375831631836,1
0,0,0,1,0,0,0,1,0,1,1,0,1,1,1,1,1,0,0,1,0,0,0,1,1,1,1,0,1,0,0,0,1,1,1,0,0,1,1,0,1,0,0,1,1,1,0,0,1,0,0,1,1,0,0,1,0,0,0,0,0,1,0,0,0.0,-253.92262638317032,1
1,1,0,0,0,1,1,0,0,1,0,0,0,1,1,0,0,0,1,1,1,0,0,0,0,0,1,0,1,0,0,1,0,0,1,1,0,1,0,1,1,1,0,1,1,1,0,0,1,0,0,0,1,0,0,0,1,1,1,0,0,1,1,0,0.015625,-253.9206359792506,1
1,0,1,0,0,0,1,0,1,0,0,0,0,1,0,0,0,1,0,0,1,1,0,0,0,0,1,0,1,1,0,0,0,0,0,0,0,1,1,1,1,1,0,1,1,1,0,0,1,0,0,1,1,0,1,0,1,1,1,1,0,1,1,0,0.0,-253.91921587796415,1
1,0,1,0,0,1,0,0,1,0,0,0,1,0,1,0,0,1,1,1,0,0,1,0,0,1,0,0,0,1,1,1,1,0,1,1,0,1,0,1,0,1,0,0,1,1,0,0,0,1,1,1,0,0,0,0,1,1,1,0,0,1,0,0,0.0,-253.91920869453253,1
0,0,0,0,0,1,0,0,1,1,0,0,1,1,1,1,0,0,1,1,1,0,0,1,0,1,1,1,0,0,0,0,1,1,0,1,0,1,1,0,0,0,1,0,0,1,0,0,0,0,1,0,0,1,1,1,1,0,1,0,0,1,1,0,0.015625,-253.91803055398043,1
0,0,0,1,0,1,1,1,1,0,0,0,1,1,1,0,0,1,1,0,0,1,0,1,0,1,0,0,1,1,0,0,0,0,0,0,1,1,1,1,1,0,0,0,1,0,0,0,0,1,0,1,0,0,1,0,0,1,1,1,1,1,0,0,0.0,-253.91766820645518,1
0,0,0,1,0,1,0,1,0,1,1,0,1,1,0,0,0,1,0,0,1,0,0,0,0,1,1,0,0,0,0,0,0,0,1,0,1,1,1,0,1,1,1,0,1,0,0,0,1,1,1,0,0,0,0,0,1,1,1,1,1,1,1,0,0.0,-253.91759526187428,1
0,0,1,0,1,1,0,0,1,1,1,0,0,1,0,1,0,0,1,0,1,0,0,1,0,1,0,0,0,0,0,0,0,0,0,0,1,1,1,1,1,1,0,1,1,0,0,0,1,0,0,0,1,0,1,1,1,1,1,0,0,1,1,0,0.0,-253.91486536747703,1
0,0,1,1,0,1,1,0,0,0,1,0,0,1,0,1,0,1,1,1,1,0,0,0,0,0,1,0,0,1,1,0,0,1,0,0,0,0,1,0,1,1,0,1,1,1,0,0,1,0,0,1,0,0,0,0,1,1,0,1,1,0,1,1,0.015625,-253.91467607970003,1
0,0,1,0,1,1,0,0,0,1,0,1,1,1,0,1,0,1,1,0,0,0,0,0,0,1,0,0,0,0,0,0,1,0,1,1,0,1,1,0,1,0,0,1,1,1,0,0,1,1,1,1,0,0,1,1,1,0,1,0,1,0,0,0,0.0,-253.91413214808253,1
0,0,1,0,1,1,0,0,0,1,0,0,0,1,0,1,0,1,0,1,1,1,0,0,0,1,1,0,1,1,0,1,0,0,1,1,0,1,1,1,1,1,1,1,0,0,0,0,1,0,1,1,0,0,0,1,0,0,0,1,0,0,0,0,0.0,-253.91113680705456,1
1,0,1,1,0,0,1,0,0,1,0,1,1,1,1,1,0,0,1,1,0,0,0,0,0,1,0,1,1,1,0,0,0,0,1,1,0,1,1,0,1,1,0,0,1,0,1,0,0,0,0,0,1,0,0,0,0,0,1,1,1,0,1,0,0.0,-253.9078167150241,1
1,1,0,0,0,1,1,0,1,0,0,0,1,1,0,1,0,0,1,0,1,1,0,1,1,0,1,0,1,0,0,0,0,0,0,1,0,0,0,1,0,1,1,1,1,1,0,0,1,1,0,0,0,0,1,0,1,1,1,0,0,0,1,0,0.015625,-253.90707592903544,1
1,0,1,1,1,0,0,0,0,0,0,1,1,1,1,0,0,0,1,1,1,0,0,1,0,1,0,0,0,0,0,1,0,0,1,0,1,1,1,1,0,0,1,0,1,1,0,0,1,1,1,0,0,1,0,0,0,0,0,1,0,1,1,0,0.0,-253.90686397624876,1
0,1,0,0,0,0,0,0,0,1,0,0,1,1,1,1,0,1,0,1,0,1,1,0,1,1,0,0,0,0,0,0,1,0,0,1,0,1,1,1,1,1,0,0,1,1,0,0,0,0,1,1,1,0,1,0,0,1,0,1,0,1,1,0,0.015625,-253.9068201725139,1
1,1,1,0,1,1,0,0,0,0,0,0,0,0,1,0,0,1,1,0,1,0,0,1,0,1,0,0,1,0,0,0,0,0,1,1,0,1,1,1,0,1,1,1,1,1,0,0,0,1,0,1,1,0,0,0,1,1,0,1,0,0,0,1,0.0,-253.90646971504304,1
0,0,0,0,1,0,1,0,1,0,0,0,1,1,1,1,0,0,1,0,1,1,0,1,1,1,1,0,1,1,1,0,1,0,1,0,0,0,1,1,1,1,0,0,0,0,0,0,1,1,0,0,1,0,0,0,0,0,1,1,0,1,0,0,0.0,-253.9041822191515,1
0,0,1,1,0,1,0,0,1,0,1,0,0,1,0,1,1,1,1,1,1,0,1,1,0,1,0,1,0,0,0,0,0,0,0,1,0,1,1,0,1,0,0,0,0,0,0,0,1,0,0,1,1,1,0,0,0,1,1,1,0,1,1,0,0.0,-253.90376633424543,1
0,0,1,0,1,1,0,0,0,1,1,0,0,1,1,1,1,1,0,1,1,0,0,1,0,1,0,0,0,0,1,1,0,1,1,1,0,1,1,1,0,1,1,1,1,0,0,0,0,0,1,1,1,0,1,1,1,1,0,1,0,1,0,0,0.0,-253.90341533943416,1
0,0,1,0,0,1,1,0,1,1,0,0,1,0,1,0,0,0,0,0,1,0,0,0,0,1,0,0,1,1,0,1,1,1,1,0,0,1,0,1,1,0,1,0,1,1,0,0,0,0,1,1,1,1,0,1,1,0,0,0,1,0,1,0,0.0,-253.9033321891837,1
0,0,0,0,0,1,0,1,0,1,0,0,0,1,0,1,1,1,1,1,0,0,0,1,1,1,0,1,1,0,0,0,0,1,0,1,1,1,1,1,1,0,0,1,0,0,0,0,1,1,1,0,1,0,0,0,0,0,0,1,0,1,1,0,0.0,-253.903328448223,1
0,0,0,0,0,1,0,0,1,1,0,0,0,1,0,0,1,1,0,1,1,0,0,1,1,1,1,1,0,1,0,1,0,0,1,1,1,0,1,0,1,0,1,0,0,1,0,0,1,1,1,0,1,0,0,0,0,0,1,1,0,1,0,0,0.0,-253.9013314315196,1
0,0,1,0,0,0,0,1,1,1,1,0,0,1,1,1,0,1,1,1,1,0,0,1,0,0,0,0,0,1,1,0,0,0,0,1,0,0,1,0,1,1,0,0,0,0,0,1,0,1,0,0,1,1,0,1,0,1,0,1,0,1,1,1,0.015625,-253.9012227200296,1
0,0,0,1,0,0,1,0,1,1,0,0,1,1,1,1,0,1,1,1,1,0,0,1,0,0,1,0,1,0,1,0,0,0,0,1,0,1,1,1,0,1,0,0,1,0,0,0,0,0,1,1,1,1,0,0,0,0,1,1,0,0,1,0,0.0,-253.90111027248406,1
1,1,1,1,0,1,0,0,0,0,1,1,1,1,0,0,0,1,1,1,0,0,0,1,1,0,1,0,0,1,1,0,1,0,0,1,0,0,0,1,0,0,0,1,1,0,0,0,1,0,0,1,0,0,0,0,0,0,1,0,1,1,1,1,0.0,-253.89876553029362,1
0,0,1,0,1,1,0,0,0,1,1,0,1,0,0,0,1,0,0,1,0,0,0,1,0,1,1,0,0,1,1,0,1,0,0,1,0,1,1,1,1,1,0,0,1,0,0,1,0,1,0,1,0,1,0,0,0,1,1,0,1,0,0,1,0.015625,-253.89803804573737,1
0,0,0,0,0,1,0,0,0,0,0,0,1,0,0,0,0,1,1,1,1,0,1,0,1,1,1,1,1,0,0,1,0,0,0,1,0,1,1,1,1,0,1,0,0,1,0,0,0,1,1,1,1,0,0,1,0,0,1,0,1,1,1,0,0.015625,-253.89789338408616,1
1,0,0,0,1,1,0,1,0,1,1,0,0,1,1,0,1,1,0,0,1,0,0,0,1,1,0,0,0,0,1,1,0,0,1,1,0,1,1,1,0,1,0,0,1,0,0,0,0,0,1,1,1,0,0,0,1,1,0,1,0,0,1,0,0.0,-253.8976381240147,1
0,0,1,1,1,1,0,0,1,1,0,0,0,1,1,1,0,1,1,1,1,1,0,1,1,1,1,1,0,1,0,1,1,0,0,1,0,1,1,1,1,1,1,0,0,0,1,0,1,1,1,0,0,0,0,0,1,0,0,1,0,0,0,0,0.015625,-253.89758090714486,1
0,0,1,0,0,1,0,0,0,1,1,0,0,1,1,0,0,1,1,1,0,0,0,1,1,1,0,0,1,0,1,0,0,1,1,0,0,1,0,1,1,1,0,1,1,0,0,1,1,1,1,1,1,1,1,0,1,0,1,1,0,1,1,0,0.0,-253.89733350677278,1
1,0,0,0,0,1,0,1,0,1,0,0,1,1,1,0,0,0,0,0,1,0,0,1,1,1,1,0,1,1,0,0,0,0,0,1,1,0,0,0,1,0,1,1,1,1,0,1,1,0,1,1,0,0,0,0,0,1,1,0,1,0,1,0,0.0,-253.89688091316245,1
1,0,1,0,0,0,1,0,0,1,0,0,0,0,1,0,0,0,0,1,1,0,0,1,1,1,0,0,0,1,1,1,0,0,0,1,0,1,1,1,0,1,0,1,1,1,0,1,0,0,0,0,1,0,0,1,1,0,1,1,0,1,1,0,0.0,-253.89676132496535,1
1,0,1,0,0,0,0,1,0,0,1,0,0,1,1,0,1,0,0,1,1,0,1,0,0,1,0,0,1,1,0,0,1,1,1,0,0,1,1,0,0,1,0,0,1,1,0,1,1,0,1,1,1,0,1,0,1,0,0,0,0,0,1,0,0.0,-253.89518365141373,1
0,0,1,0,0,1,0,0,0,0,0,1,1,1,0,0,0,0,0,1,1,0,1,1,1,1,0,0,1,0,0,1,1,1,0,1,0,1,0,0,0,1,1,0,1,1,0,0,0,1,0,1,0,0,0,1,1,1,1,1,0,1,0,0,0.0,-253.89273679650412,1
1,1,1,0,0,1,0,0,0,0,0,1,0,1,1,0,0,1,1,1,1,1,0,1,0,1,1,1,0,1,0,1,1,0,0,1,0,1,1,1,1,1,1,0,1,0,0,0,1,1,1,1,1,0,0,0,1,0,0,1,0,1,0,0,0.0,-253.89258425668237,1
1,1,0,0,0,0,0,0,0,0,1,0,1,1,0,1,0,0,0,1,1,0,1,1,1,0,1,0,1,1,0,0,1,0,0,0,0,1,1,0,0,1,1,1,1,1,0,1,1,0,0,0,0,0,0,1,1,1,0,1,0,1,0,0,0.0,-253.8922370780348,1
1,1,1,1,0,1,1,0,1,0,0,0,1,0,0,0,0,1,1,1,1,0,0,1,0,1,1,0,1,1,0,0,0,1,0,1,1,1,1,1,0,0,0,1,1,1,0,0,1,1,1,1,0,0,0,1,1,1,1,0,0,0,0,1,0.0,-253.8908945316379,1
1,0,0,1,0,1,0,0,0,0,1,0,1,1,1,1,0,1,1,1,0,0,1,1,0,1,1,1,0,0,1,0,0,0,0,0,0,1,0,1,1,0,0,1,0,0,1,1,0,0,1,0,1,1,0,0,0,0,1,0,0,1,1,0,0.015625,-253.8903142838428,1
1,0,1,0,1,1,0,0,1,1,1,1,1,1,1,0,0,0,1,1,1,1,1,0,0,1,0,1,1,0,1,0,0,0,1,0,0,0,1,1,0,0,1,1,0,1,0,0,0,1,0,1,1,0,1,0,0,0,0,1,1,1,1,1,0.0,-253.89009522910766,1
0,0,0,0,0,0,0,0,0,1,0,0,1,1,0,1,1,0,1,0,1,0,0,1,1,1,1,0,1,0,1,0,1,1,1,1,0,1,1,0,0,0,0,0,1,1,0,1,0,0,1,1,0,1,1,0,0,0,1,0,1,0,1,0,0.0,-253.8900627536589,1
0,0,0,1,0,1,1,0,0,1,0,0,0,1,1,0,0,1,1,1,1,1,0,0,1,1,1,0,0,0,1,0,1,1,1,1,0,1,1,1,0,0,0,1,1,1,0,0,1,0,1,0,0,1,0,0,0,0,0,0,0,0,1,0,0.0,-253.88995329772848,1
0,0,1,0,0,0,0,0,0,1,0,0,1,1,1,0,0,1,0,1,1,0,1,0,0,1,1,0,1,0,0,1,0,0,1,0,0,1,0,1,0,0,0,0,1,0,1,1,0,0,1,1,0,0,0,1,0,1,1,1,1,1,1,1,0.0,-253.88954694503937,1
1,1,1,0,1,1,0,0,1,0,0,0,0,1,1,1,0,1,1,1,0,1,1,0,1,1,0,0,0,0,0,0,0,1,0,0,0,1,1,1,1,1,0,0,0,0,0,1,0,0,0,1,0,0,1,0,1,0,1,0,0,1,1,0,0.03125,-253.88941964443202,1
0,0,0,0,1,0,0,0,0,1,1,1,0,1,1,1,0,0,1,1,1,0,1,0,1,1,0,0,1,1,0,0,1,0,0,0,0,1,1,0,0,0,0,0,1,0,0,0,0,1,0,1,1,1,0,1,1,0,1,1,0,1,1,0,0.0,-253.8890602422318,1
0,1,1,0,0,0,0,0,0,1,0,1,0,1,1,0,0,1,0,1,1,0,0,1,0,1,0,1,1,0,1,1,0,0,0,0,0,1,1,0,1,0,0,0,0,1,0,1,0,1,1,1,1,1,0,1,1,0,1,0,0,0,1,0,0.015625,-253.888707357869,1
1,0,0,0,0,1,1,0,0,0,1,0,1,1,0,0,0,0,0,0,0,0,0,1,0,0,0,0,1,1,1,0,1,1,1,1,0,0,1,1,1,1,1,1,1,1,0,1,0,0,0,1,0,0,0,1,0,0,1,0,0,1,1,1,0.0,-253.8880355060475,1
1,0,1,1,1,0,1,0,0,0,0,0,1,1,1,1,0,1,0,1,1,1,0,0,0,1,0,1,1,0,0,1,0,0,0,1,0,1,1,1,1,0,1,1,0,0,0,1,0,0,0,1,0,0,0,0,1,0,1,0,0,0,1,0,0.0,-253.8878185974229,1
1,0,1,0,0,0,0,0,1,0,0,0,0,1,0,0,0,0,1,0,1,0,0,1,1,1,0,0,1,1,1,0,0,0,1,1,0,1,0,1,0,1,0,0,1,1,0,1,1,0,1,1,0,0,1,1,0,1,1,0,1,1,0,0,0.0,-253.88773393899663,1
1,0,0,1,0,1,0,0,1,0,1,0,1,1,0,0,0,1,0,1,1,0,1,1,1,1,0,0,1,0,0,0,0,0,1,1,0,0,1,1,1,1,0,0,1,1,0,0,0,1,0,0,1,0,0,0,1,1,1,0,0,0,0,1,0.0,-253.88770685665114,1
0,0,1,0,0,1,0,0,0,1,1,0,0,1,1,1,0,1,0,1,1,0,0,1,0,1,1,1,0,0,0,0,0,0,0,0,0,1,1,1,1,1,0,0,1,1,0,1,1,0,0,0,1,1,1,0,1,0,1,0,0,0,1,0,0.0,-253.88734237492667,1
1,1,1,1,0,1,0,0,0,0,1,0,0,1,0,0,0,1,0,1,1,0,0,1,1,1,1,0,0,0,0,0,1,1,0,0,0,1,1,1,0,1,1,0,0,0,1,0,0,0,1,1,0,0,0,1,0,1,1,1,0,1,0,0,0.0,-253.88732136951424,1
0,1,1,1,1,1,0,0,0,1,0,1,1,1,1,0,0,0,1,1,0,0,1,0,1,1,1,0,0,1,0,0,0,1,0,1,0,1,1,0,1,0,1,0,0,1,0,1,0,0,1,0,1,0,1,0,0,0,0,0,0,1,0,0,0.015625,-253.88647728882927,1
1,0,0,0,0,0,0,1,1,0,1,0,1,1,0,0,0,0,1,1,1,0,1,1,0,1,1,1,0,1,0,0,0,0,1,1,0,1,1,0,0,1,0,0,1,0,0,1,0,1,0,1,1,1,0,0,1,0,1,0,0,0,1,0,0.0,-253.88598206778417,1
0,0,0,0,0,1,1,1,0,0,0,0,1,1,0,0,0,1,1,0,0,0,1,0,0,1,1,0,1,1,1,0,0,1,0,1,0,1,0,1,1,0,0,1,1,1,0,1,0,0,0,1,1,1,0,1,1,0,0,0,1,0,1,0,0.015625,-253.88571788898795,1
0,0,1,1,1,1,1,0,0,0,1,0,1,1,0,0,0,0,1,0,1,0,0,0,0,1,0,1,0,0,0,0,1,0,1,1,0,1,0,1,1,0,1,0,0,1,1,0,1,1,0,1,0,0,0,1,0,0,1,1,0,1,1,0,0.015625,-253.88550074598376,1
1,1,0,0,0,0,0,0,0,1,0,1,1,1,1,0,0,1,0,1,1,0,0,1,1,0,1,0,0,1,0,1,0,0,1,0,0,1,1,1,0,1,0,0,1,1,0,0,1,0,0,0,0,1,1,0,1,0,0,0,0,1,1,1,0.0,-253.88482528875517,1
0,0,1,0,0,1,0,0,0,0,1,0,0,1,1,0,1,1,0,0,1,0,1,0,1,1,0,0,1,0,0,1,0,0,0,1,0,0,1,1,0,1,0,1,1,0,0,1,1,1,1,0,0,0,1,0,0,1,0,0,1,1,1,1,0.0,-253.88331807184593,1
0,0,1,1,0,0,0,0,0,0,0,0,0,0,0,1,0,1,0,1,1,1,0,1,1,0,1,0,1,1,0,1,0,1,0,0,1,1,0,1,0,1,0,1,1,0,0,1,1,1,1,0,1,1,0,0,0,0,1,0,0,1,1,0,0.0,-253.8831280876879,1
0,1,0,0,1,0,0,1,0,1,1,0,1,0,0,1,1,1,1,0,1,0,0,1,0,0,0,1,0,0,0,0,0,1,0,0,1,1,1,1,0,1,1,1,0,0,1,0,0,0,1,0,0,1,0,1,1,0,1,0,0,1,1,0,0.0,-253.88284023670033,1
0,1,0,1,1,1,1,0,0,0,0,0,0,1,1,1,0,0,1,1,1,0,1,1,1,1,0,0,1,0,0,0,0,0,1,1,0,1,1,0,1,1,0,1,1,1,0,0,1,0,1,1,0,0,1,0,1,0,1,1,0,1,1,1,0.0,-253.88217130507894,1
0,0,1,1,0,1,1,0,0,0,0,1,0,0,1,0,0,0,1,1,1,0,1,0,0,1,0,0,0,1,0,0,0,0,1,1,1,1,1,1,0,1,0,0,1,1,0,0,1,1,1,0,0,0,1,0,0,0,1,1,0,1,1,0,0.0,-253.8819504121431,1
0,0,1,1,1,1,0,1,1,1,1,0,1,1,1,1,0,1,0,0,1,1,0,1,1,1,0,1,0,1,0,0,1,0,0,0,0,1,1,1,0,1,1,1,1,1,0,1,1,1,1,0,0,0,0,0,0,0,1,0,0,0,1,0,0.0,-253.88085910052678,1
1,0,0,0,0,1,1,0,0,1,0,0,1,0,1,1,0,1,1,1,1,0,0,1,1,1,1,0,1,0,1,0,1,0,0,1,1,1,1,1,1,1,1,1,1,1,0,0,0,0,0,1,1,0,0,0,0,0,1,1,1,0,0,1,0.015625,-253.87972725470644,1
0,1,1,0,1,1,1,0,0,0,0,0,0,1,0,0,0,0,0,1,1,0,1,1,1,1,0,0,1,0,0,1,0,1,0,1,0,1,1,0,0,1,1,0,1,1,0,0,1,0,1,1,0,0,1,0,0,0,0,1,0,1,1,0,0.015625,-253.87962105848268,1
0,1,1,1,0,1,1,0,0,0,1,0,1,0,1,0,0,1,1,0,1,0,0,0,0,1,0,0,1,0,0,1,0,0,0,1,0,1,1,1,0,0,0,1,1,1,1,0,1,0,0,1,1,0,0,1,1,0,0,0,1,0,1,0,0.0,-253.8794568328252,1
0,1,0,0,0,0,0,1,1,1,1,0,1,1,1,1,0,1,1,1,1,1,1,1,1,1,1,0,0,0,0,0,0,1,0,1,0,1,1,0,1,1,1,1,0,1,0,1,1,0,1,0,1,1,0,0,0,1,0,0,0,0,0,1,0.0,-253.8794558068181,1
0,1,1,0,0,0,0,1,1,1,0,0,0,1,1,1,0,1,1,1,1,1,0,0,0,0,1,0,0,1,1,0,1,1,1,1,1,1,1,0,0,1,0,0,1,0,1,0,1,1,1,0,0,1,1,0,0,1,1,0,0,0,1,1,0.0,-253.87942717755612,1
1,0,1,0,1,0,1,1,0,1,0,0,1,1,1,1,0,1,0,0,1,1,0,0,1,0,0,0,0,1,1,0,0,0,1,1,0,1,0,1,0,0,1,1,0,1,0,0,0,1,0,1,1,0,0,0,0,1,1,0,0,1,0,0,0.0,-253.87927280336325,1
1,0,0,0,0,0,0,1,0,1,1,0,0,1,1,0,1,0,0,1,1,0,1,0,1,0,0,1,1,1,1,0,0,0,0,1,1,1,1,1,1,0,0,0,1,1,0,0,0,1,0,1,1,0,0,0,1,1,0,1,0,0,0,0,0.0,-253.87858623670272,1
1,0,1,1,0,1,0,1,0,0,0,0,1,1,1,1,0,0,0,1,0,0,1,0,1,0,0,0,0,0,1,1,0,1,0,0,0,1,1,1,0,1,0,1,1,0,0,1,1,0,0,1,1,0,0,1,0,1,1,0,0,1,0,0,0.015625,-253.87743619111575,1
0,0,0,0,0,1,0,1,1,0,1,0,1,1,1,1,0,0,0,0,1,0,1,1,0,1,0,0,1,1,0,1,1,0,1,1,0,1,1,1,0,1,1,1,1,1,0,0,1,0,1,1,1,0,0,0,1,0,1,0,1,1,0,1,0.0,-253.87730103506016,1
1,1,1,1,0,1,0,0,0,0,1,0,1,1,1,0,0,0,0,1,1,0,0,0,0,1,0,0,1,0,0,0,0,0,0,0,1,1,1,1,0,1,0,0,0,0,0,1,1,1,0,1,1,0,0,0,1,1,1,0,1,1,1,0,0.0,-253.87691116038886,1
0,1,1,0,0,1,0,1,1,0,1,0,0,1,1,0,0,1,1,1,1,0,0,1,1,0,0,0,1,1,1,0,1,1,1,1,0,1,1,1,0,0,1,1,1,1,0,0,0,0,1,1,0,1,0,0,0,1,0,0,1,1,1,0,0.0,-253.87667661663465,1
0,1,0,1,0,1,1,1,1,0,1,0,1,0,0,1,0,1,1,1,1,1,0,0,1,1,1,1,1,1,0,0,1,1,0,1,0,1,1,0,0,1,1,0,1,1,0,0,1,0,1,0,0,0,1,0,0,1,1,0,0,0,0,1,0.0,-253.8762536604695,1
0,1,1,0,0,1,1,0,0,1,0,1,1,1,0,0,0,1,0,1,1,0,0,1,1,0,0,1,1,0,0,1,1,1,0,0,0,0,0,1,0,0,0,0,1,1,0,0,1,1,1,0,1,0,0,0,0,1,1,0,0,1,1,0,0.0,-253.87617083530267,1
1,0,1,1,1,1,0,0,0,0,0,1,0,1,0,0,0,1,0,0,1,0,1,0,1,0,0,0,0,1,0,0,1,0,1,1,0,1,1,1,1,1,1,0,1,0,0,0,1,1,1,0,1,0,0,0,0,0,1,0,0,1,1,0,0.0,-253.87598717347635,1
1,1,0,0,0,1,1,1,1,1,0,0,1,0,0,0,0,1,1,1,1,0,0,1,1,0,1,0,1,1,0,1,1,1,1,1,0,1,1,1,1,1,0,0,0,0,0,0,1,0,1,1,0,1,0,0,1,1,1,0,0,1,0,0,0.0,-253.87531529403327,1
0,0,0,0,0,1,1,0,0,0,1,0,1,1,0,0,0,1,0,1,1,0,0,0,1,0,0,1,0,1,0,1,1,1,0,0,0,1,0,1,1,1,1,0,1,1,0,0,0,0,1,1,1,0,0,1,0,1,1,0,0,1,0,1,0.0,-253.87506466840992,1
1,0,0,1,0,1,0,0,1,1,0,0,1,1,0,1,1,1,1,1,1,0,1,1,0,0,0,0,0,1,0,0,0,0,0,1,1,1,1,0,1,1,1,1,1,1,1,1,0,0,1,1,0,0,0,0,1,1,1,0,0,1,0,1,0.0,-253.87490522682577,1
1,1,0,1,0,0,0,1,0,1,0,1,1,0,1,0,0,1,0,1,1,1,0,1,1,1,0,0,1,0,0,1,1,1,1,1,1,1,1,1,0,0,0,1,1,1,0,0,1,1,0,1,0,1,0,0,0,1,0,0,0,1,1,0,0.0,-253.87456565177558,1
0,0,0,1,0,1,1,0,0,0,1,0,0,0,0,1,0,0,1,1,1,0,1,1,1,0,1,0,0,1,0,0,0,1,1,0,0,1,1,1,0,1,1,0,0,1,0,1,0,0,1,1,0,1,1,0,0,1,1,0,0,0,1,0,0.0,-253.87401839183497,1
0,0,1,0,0,0,0,0,0,0,1,1,1,1,1,0,0,0,1,1,0,1,0,1,1,1,0,1,1,1,1,0,1,0,0,0,0,1,0,0,0,1,1,0,0,0,1,1,1,0,0,0,0,1,0,1,0,1,1,0,0,1,0,1,0.015625,-253.8738604325839,1
1,0,0,1,0,1,1,0,1,1,0,0,0,1,0,0,0,1,1,1,1,1,1,0,0,1,1,0,1,1,1,0,0,0,0,1,1,1,1,1,0,0,1,0,0,1,0,1,0,0,1,0,1,0,0,0,0,0,1,0,0,0,0,0,0.0,-253.87383016282027,1
1,1,1,1,0,1,1,0,1,0,1,0,0,1,1,0,0,1,1,1,1,0,0,0,1,0,1,0,1,1,1,0,0,0,0,0,0,1,1,1,0,0,0,1,0,1,1,0,1,0,0,0,0,1,0,0,0,1,0,1,0,0,0,0,0.0,-253.87381489547366,1
0,0,1,1,1,0,1,0,1,1,1,0,0,1,0,1,0,1,1,0,0,0,0,0,0,0,1,0,0,1,1,1,1,0,1,1,1,1,1,1,0,0,0,0,1,1,1,1,1,0,1,1,1,0,0,0,0,1,1,0,1,0,1,1,0.015625,-253.8734962157493,1
0,1,1,0,1,0,0,0,0,1,1,0,1,1,1,1,0,0,1,0,1,0,1,1,1,1,0,0,1,0,0,0,1,0,0,1,1,1,0,1,0,0,0,0,1,1,0,0,0,1,1,1,1,1,0,1,0,0,1,1,1,1,1,1,0.0,-253.87301528914526,1
1,1,1,0,1,1,0,0,0,1,0,0,0,1,1,1,1,1,0,1,1,1,0,1,0,0,0,0,1,0,0,0,0,0,0,1,0,1,1,0,0,1,0,0,0,0,0,1,1,0,1,1,0,1,1,1,1,0,0,0,0,1,0,0,0.0,-253.87296366608632,1
0,0,1,1,0,0,1,1,1,0,0,0,1,1,1,0,0,1,0,1,1,0,1,0,1,1,0,0,0,1,0,0,1,0,0,0,0,1,1,1,1,0,0,1,1,1,1,0,0,1,1,1,0,0,1,1,0,0,0,0,0,0,0,0,0.0,-253.87291347804018,1
0,1,0,0,1,1,1,1,1,1,0,0,1,0,1,0,0,0,0,1,0,0,0,0,1,0,1,0,0,0,1,0,0,0,1,1,1,0,1,1,0,0,0,0,1,1,0,0,0,1,1,1,0,0,1,1,1,1,0,1,0,1,0,0,0.0,-253.8727320800467,1
0,0,1,0,0,1,1,0,0,1,1,0,1,1,0,1,0,1,0,1,1,0,0,0,0,0,1,0,0,0,1,1,1,0,0,0,0,1,1,1,1,0,0,1,0,0,1,0,1,0,1,0,0,1,0,1,1,1,0,0,0,1,1,0,0.015625,-253.8727083054432,1
1,1,0,1,0,1,0,0,0,1,0,0,1,1,1,0,1,1,0,1,1,0,0,1,1,1,1,0,0,0,1,0,1,0,0,1,1,1,0,1,0,1,1,0,1,1,0,0,1,0,0,1,1,1,0,1,1,0,1,0,0,0,1,1,0.0,-253.87252073279035,1
1,0,1,1,0,1,1,1,0,1,0,0,0,1,1,1,0,0,0,1,1,1,0,0,0,1,1,0,1,1,0,1,0,0,1,1,0,1,1,1,0,1,0,0,0,1,0,1,1,0,0,1,0,0,0,0,0,0,0,0,0,1,0,0,0.0,-253.87241750044774,1
0,0,1,1,0,1,1,0,0,1,0,0,1,1,1,0,0,0,0,1,1,0,0,1,1,1,1,0,1,0,1,1,0,1,0,1,0,1,1,1,1,1,0,0,0,0,0,1,1,0,0,1,0,0,1,0,0,0,0,0,0,1,0,0,0.0,-253.8710247265177,1
0,1,0,0,0,1,1,1,1,0,0,0,1,1,1,0,0,0,1,1,1,0,0,1,0,0,1,0,1,1,0,0,0,0,1,0,0,1,1,0,1,1,0,0,0,0,1,1,1,1,1,1,0,0,0,0,0,1,1,0,0,1,0,0,0.0,-253.87097614324844,1
0,0,0,1,0,1,1,0,1,0,0,1,1,1,1,0,0,0,0,1,1,1,0,0,1,1,0,0,1,1,1,0,0,0,1,0,0,0,1,0,0,1,0,0,1,1,0,1,1,0,0,0,0,0,1,1,0,1,1,0,1,0,0,1,0.0,-253.87038458672953,1
0,1,0,0,1,0,0,0,1,1,0,0,1,1,0,0,0,0,1,1,1,1,0,1,1,1,0,1,0,1,0,0,1,1,0,0,0,1,1,0,0,1,1,0,0,0,1,1,1,0,1,1,1,0,0,0,0,0,0,0,0,0,1,1,0.0,-253.870309254024,1
0,0,0,0,0,1,1,0,1,1,0,0,1,1,1,0,0,0,0,0,1,1,0,1,1,1,1,0,0,1,0,1,0,0,1,1,1,1,0,0,0,1,1,1,1,0,1,1,1,1,0,1,1,0,0,0,1,1,0,1,1,1,1,0,0.0,-253.87013197882754,1
1,0,1,0,0,1,0,1,0,0,0,0,0,1,1,1,0,1,1,1,1,0,1,1,1,1,0,0,0,0,0,0,1,0,0,1,0,1,0,0,1,0,1,0,1,0,1,0,0,1,0,1,1,1,0,0,0,1,0,0,1,1,0,0,0.015625,-253.87010395868936,1
0,0,0,1,0,1,1,0,1,0,0,0,1,1,0,1,0,1,0,0,1,0,0,1,1,0,1,0,0,1,0,1,0,0,0,0,1,1,1,1,1,1,0,0,1,0,0,1,1,1,0,0,0,0,0,1,1,0,1,1,0,1,0,0,0.015625,-253.86975184613502,1
0,0,1,0,0,1,0,0,0,1,1,0,1,1,1,0,0,1,0,1,1,0,1,1,1,1,1,0,0,1,1,0,1,0,0,1,1,1,0,0,0,0,0,0,1,1,0,1,1,1,1,1,1,0,0,0,0,1,1,1,0,1,1,1,0.0,-253.86801391983528,1
1,1,1,0,0,1,0,1,1,0,0,1,0,1,1,0,0,0,0,1,0,1,0,0,0,0,0,1,0,1,1,0,0,0,1,1,0,1,1,1,0,0,0,1,1,1,1,1,0,1,0,1,0,0,0,0,0,0,1,1,0,0,1,0,0.0,-253.86743601386058,1
0,0,0,1,0,1,1,0,1,0,0,1,1,1,1,0,0,1,0,0,1,1,0,0,0,1,1,0,1,0,1,1,0,1,1,1,0,1,1,1,0,1,0,0,1,0,0,1,0,1,0,1,0,0,0,0,0,0,0,0,0,1,1,0,0.0,-253.8671108757047,1
1,1,1,1,0,1,0,0,1,0,0,0,1,0,0,1,0,0,0,0,1,1,0,0,1,1,1,0,1,1,0,1,1,0,0,1,0,1,0,1,0,0,0,1,0,1,1,1,0,0,0,1,1,0,0,0,0,0,0,1,1,1,0,0,0.0,-253.867008353871,1
0,0,0,0,1,1,0,0,0,0,0,0,1,1,1,0,0,1,1,1,1,0,0,1,0,1,0,0,0,0,0,0,0,0,0,1,1,1,1,0,1,1,0,1,1,1,1,1,0,0,1,1,1,1,0,0,0,0,1,0,0,1,1,0,0.0,-253.86680787576336,1
0,0,1,0,0,1,1,1,0,0,1,0,1,1,1,0,0,1,0,1,1,0,0,1,1,0,0,1,0,0,0,0,0,1,0,0,0,1,1,0,1,0,0,1,0,1,1,0,1,1,0,0,0,1,0,1,0,1,1,0,1,1,0,0,0.0,-253.86569719613158,1
0,0,1,0,1,1,0,0,0,0,1,0,1,1,1,0,0,1,1,0,1,0,0,1,1,0,0,0,1,1,1,0,0,0,0,0,0,1,1,1,1,1,0,0,1,1,1,1,1,0,0,1,0,0,0,0,1,0,1,0,0,0,1,0,0.015625,-253.8655613015695,1
0,1,1,0,0,1,0,0,0,1,1,1,0,1,1,0,1,0,0,1,1,0,0,0,1,1,0,0,0,1,0,0,1,0,0,1,0,0,1,1,0,0,1,0,1,1,0,1,1,0,0,1,0,0,1,1,1,1,1,0,0,0,0,0,0.0,-253.86517042999216,1
1,1,1,0,0,0,1,0,0,1,0,0,0,1,0,0,0,1,0,1,1,0,0,1,1,0,0,1,0,0,0,1,0,0,1,0,1,1,1,1,0,0,0,0,0,1,0,1,1,0,1,1,0,0,0,0,1,1,1,0,1,1,1,0,0.0,-253.8646419020396,1
1,0,1,1,1,1,1,0,0,0,1,1,0,1,0,0,0,1,1,1,1,1,0,0,1,1,0,0,0,0,0,1,1,1,1,0,0,1,1,0,0,1,1,1,1,1,1,0,1,0,1,1,0,0,0,0,1,0,1,0,0,0,1,1,0.015625,-253.8642554202916,1
0,0,1,0,0,1,1,0,0,0,0,0,1,1,1,0,0,1,0,1,1,0,0,1,0,0,0,0,1,1,1,1,1,0,1,0,1,0,1,0,0,0,1,0,1,1,1,1,0,0,1,0,1,0,1,0,1,1,0,0,0,0,1,0,0.0,-253.86349942847085,1
0,0,0,0,0,0,1,0,1,0,1,1,0,0,0,0,0,0,0,1,1,1,1,1,1,1,1,0,1,1,1,0,1,0,0,1,0,0,1,0,1,0,1,0,1,0,1,0,1,1,0,1,0,1,0,0,0,0,0,1,1,0,1,0,0.015625,-253.8632118220918,1
0,0,0,0,0,0,1,0,1,1,0,0,1,1,0,0,0,0,1,0,1,0,0,1,0,1,0,1,1,0,1,0,0,0,1,0,1,1,0,1,1,0,1,0,1,0,1,1,0,1,1,1,1,0,0,1,1,1,0,0,0,1,0,0,0.0,-253.863021411097,1
0,0,1,0,0,1,1,0,0,0,0,0,0,0,1,1,0,1,1,0,1,1,1,0,1,0,0,0,1,0,1,0,0,1,1,0,1,1,0,1,1,0,1,0,1,0,0,1,0,1,0,1,1,0,1,0,0,0,1,1,0,0,1,0,0.0,-253.8616487408053,1
0,0,1,1,1,1,1,0,0,0,0,0,0,1,0,0,0,1,0,0,0,1,0,0,1,1,0,0,1,1,0,0,1,0,0,1,0,1,1,0,1,1,0,0,1,0,1,1,1,0,1,1,1,0,0,0,0,0,1,0,1,1,1,0,0.0,-253.86066194575318,1
1,1,0,0,1,0,1,0,0,1,0,0,1,1,0,0,0,1,0,1,1,0,1,0,1,0,0,0,0,1,1,0,0,1,0,0,0,1,1,0,0,1,1,1,1,1,0,1,1,1,0,0,1,0,0,0,1,0,1,0,0,1,0,0,0.0,-253.8605245690164,1
0,1,1,0,0,0,1,0,0,0,1,1,1,1,0,0,0,0,0,1,1,0,1,0,0,1,0,0,0,1,0,0,0,0,0,0,0,1,1,1,1,1,1,1,1,1,1,0,1,1,1,0,1,1,1,0,0,0,0,0,0,0,1,0,0.03125,-253.85985138562123,1
0,1,1,0,1,1,0,0,1,0,0,0,1,1,1,0,0,0,0,1,1,0,1,1,1,0,0,0,1,1,0,1,1,0,1,1,1,1,1,1,0,0,0,0,0,1,0,0,1,1,0,1,0,0,0,0,0,0,1,0,0,0,0,1,0.015625,-253.85968041678788,1
0,0,0,0,0,1,1,0,1,0,0,0,1,1,0,0,0,0,1,0,1,0,0,1,0,1,0,0,0,1,1,0,1,0,1,1,1,1,0,1,0,0,0,0,0,1,0,1,1,1,1,1,1,0,1,0,1,0,0,0,0,1,1,1,0.0,-253.85926419147174,1
0,0,1,0,0,1,1,0,0,0,1,1,0,1,1,0,0,0,0,1,1,0,0,1,1,1,0,0,1,1,0,1,1,0,0,1,0,1,0,1,1,1,0,1,1,0,1,1,0,0,0,1,0,0,0,0,0,0,1,1,1,0,0,0,0.015625,-253.85923524373888,1
0,0,1,0,0,1,1,1,0,1,1,0,1,1,0,0,0,0,0,1,1,0,0,0,1,1,1,0,0,0,0,1,0,0,0,0,1,0,1,1,1,0,1,1,0,1,0,1,0,0,1,1,1,0,0,0,0,1,0,0,0,1,1,1,0.0,-253.85875990620846,1
0,1,1,0,1,0,1,0,0,0,0,1,0,1,1,0,0,1,1,1,1,0,0,1,0,1,0,1,0,1,1,1,1,0,0,1,0,1,1,0,1,0,0,0,1,1,1,0,1,1,0,0,1,1,0,0,1,0,1,0,1,1,1,1,0.0,-253.8583475966558,1
0,0,0,1,1,0,1,0,0,0,0,1,1,1,0,1,0,0,0,1,1,0,1,1,1,1,0,0,0,1,0,0,0,0,1,1,0,0,0,1,0,0,1,0,1,1,0,1,0,1,0,1,0,0,1,1,1,0,1,0,0,1,1,0,0.0,-253.85829480979675,1
0,1,0,0,0,0,1,0,1,0,1,0,0,1,1,0,0,0,0,1,1,0,1,0,1,0,0,0,1,1,0,0,0,0,0,1,0,1,1,1,0,1,1,1,1,0,0,1,1,0,1,1,1,0,0,0,0,1,1,1,0,1,0,0,0.0,-253.8577824575815,1
1,1,0,0,1,0,0,0,0,0,0,1,1,1,1,0,0,1,0,1,0,0,1,1,1,0,1,0,0,1,0,0,1,0,0,1,1,1,1,1,0,1,1,0,1,0,1,0,0,1,1,1,0,0,0,0,1,0,0,0,0,1,0,0,0.015625,-253.85647574971676,1
0,1,0,1,0,1,1,0,0,0,0,0,0,1,0,1,0,0,0,0,1,0,0,0,1,1,0,1,1,1,1,1,0,0,0,1,0,1,0,1,1,0,1,1,0,1,0,0,1,0,1,1,0,1,0,1,1,0,0,0,0,1,0,1,0.0,-253.85585611727097,1
1,1,1,0,0,1,1,1,0,0,1,0,1,1,0,1,0,0,1,1,1,1,1,1,0,0,1,0,0,1,0,0,1,0,1,0,1,0,1,0,0,0,1,0,1,1,1,0,1,1,0,1,0,0,0,1,1,1,1,1,0,0,0,1,0.0,-253.85497326712226,1
0,0,1,0,0,1,0,0,0,0,1,1,1,1,1,0,1,0,0,1,1,1,0,0,0,1,0,1,0,0,0,1,0,1,0,1,1,1,1,1,0,0,0,0,1,0,1,0,0,1,1,0,0,0,0,0,1,0,1,0,1,1,0,1,0.0,-253.85447542823766,1
0,0,0,0,0,1,1,0,0,1,0,0,1,1,1,1,0,0,0,0,1,1,0,1,1,1,0,0,0,1,0,0,1,0,1,0,0,1,1,1,0,1,1,0,1,1,0,1,0,1,0,1,0,0,0,0,1,0,1,0,0,1,0,1,0.015625,-253.8540937367578,1
0,0,0,0,0,0,1,1,0,0,0,0,0,1,1,0,0,0,1,0,1,1,0,1,1,0,0,0,0,1,0,0,0,0,1,1,1,1,1,1,0,0,0,1,1,0,1,0,1,1,0,1,0,1,1,0,0,0,1,1,0,1,1,1,0.0,-253.85396874914767,1
0,1,0,0,1,1,1,0,0,0,0,0,0,0,0,0,0,1,0,1,1,0,1,0,1,0,1,0,1,0,0,1,0,0,1,0,0,0,1,1,0,1,1,0,0,1,1,0,1,1,0,1,1,0,1,0,0,0,0,1,1,1,1,1,0.0,-253.8539650762926,1
1,0,0,0,0,0,0,0,0,1,0,0,0,1,1,0,1,1,0,1,1,1,0,0,1,1,0,1,1,1,0,0,0,0,1,1,0,1,1,1,0,0,0,0,0,1,1,1,1,1,0,1,0,1,0,0,1,0,0,0,0,0,1,1,0.0,-253.85295674590787,1
0,0,1,0,0,0,1,0,0,0,1,1,1,0,0,0,1,1,1,0,1,1,0,0,1,1,1,0,0,1,0,0,0,0,0,1,0,1,1,1,0,1,0,0,1,1,1,1,0,1,1,1,0,0,0,0,0,1,1,0,0,1,0,0,0.03125,-253.8514870348158,1
0,0,0,1,0,1,0,1,1,1,0,1,0,1,0,1,1,0,0,1,1,1,1,1,1,1,1,0,0,0,0,0,0,0,1,1,1,1,0,0,0,0,0,1,1,1,1,0,1,1,0,1,0,1,1,0,0,0,1,1,0,1,1,1,0.0,-253.84981012271726,1
0,1,1,0,1,0,0,0,1,0,0,0,0,1,1,1,1,1,1,0,1,0,0,0,0,1,0,0,0,1,1,0,0,1,0,0,1,1,1,1,0,1,0,0,1,0,1,1,1,0,0,1,1,1,0,0,0,0,0,0,0,1,1,0,0.0,-253.84975081376467,1
1,0,1,1,1,1,0,1,0,0,0,0,1,1,1,0,0,1,1,1,1,1,0,0,1,1,0,0,0,0,1,0,1,0,0,1,0,0,1,1,0,0,1,0,1,0,0,1,1,0,0,1,0,1,0,0,0,0,0,0,0,0,1,1,0.0,-253.84880449983183,1
0,1,0,0,1,0,1,0,0,1,0,0,1,1,0,0,0,1,0,0,1,0,1,1,1,0,0,0,0,0,1,0,0,0,0,1,0,1,1,1,1,0,1,1,1,1,0,1,0,0,0,1,1,1,0,0,1,0,1,1,0,1,0,0,0.0,-253.8474896321289,1
0,0,1,0,0,1,1,1,0,0,1,0,1,0,1,0,1,0,0,1,1,0,0,0,1,1,0,0,0,0,1,0,1,0,0,1,0,1,1,1,1,0,1,0,1,1,0,1,0,0,1,1,0,0,0,0,0,1,0,0,0,1,1,1,0.0,-253.84747498000021,1
1,1,1,0,0,0,1,0,0,1,0,1,1,1,1,0,0,0,1,1,1,0,0,0,1,1,0,0,0,0,1,0,0,0,0,0,0,1,1,1,1,0,0,0,1,0,1,1,1,0,1,1,1,0,0,1,0,1,1,0,0,0,0,0,0.0,-253.8468943733512,1
1,0,1,1,0,1,1,0,1,1,0,1,1,1,0,0,0,0,1,1,0,0,0,0,0,1,0,0,0,1,1,0,0,0,0,1,1,1,1,1,0,0,0,0,0,1,1,1,0,0,0,1,1,1,0,0,0,1,1,0,0,0,0,1,0.0,-253.84480793066487,1
0,0,1,0,0,1,1,0,1,0,0,0,0,1,1,1,0,0,1,1,1,1,0,1,1,0,1,1,1,1,0,0,0,0,0,0,0,1,1,1,0,1,1,1,1,0,1,1,0,0,0,1,0,1,1,0,1,1,1,0,1,1,0,1,0.0,-253.84385017171337,1
0,1,1,0,0,1,1,0,1,0,1,1,1,1,1,0,0,1,0,1,1,0,0,1,1,1,1,1,0,0,0,1,0,0,0,0,0,1,1,0,0,1,1,1,0,0,1,1,1,0,0,1,0,0,0,0,0,0,0,1,0,0,0,0,0.015625,-253.84279617165257,1
1,0,0,1,0,1,0,0,0,0,0,0,1,0,0,0,0,1,1,1,1,0,1,0,1,1,0,0,0,1,1,0,0,0,0,1,1,1,0,1,0,0,1,0,1,1,1,0,1,0,0,1,1,1,0,1,1,0,1,0,0,1,0,0,0.015625,-253.84089817113042,1
0,1,1,0,0,1,1,0,0,0,0,1,0,1,1,0,0,1,0,1,0,1,0,1,1,1,0,0,0,0,1,0,0,1,0,0,0,1,1,1,0,0,0,1,1,1,0,1,1,0,0,1,1,1,0,0,1,0,1,0,0,1,0,0,0.0,-253.8389408217308,1
0,1,0,0,0,1,1,0,0,1,0,1,1,1,1,0,1,0,1,1,1,0,0,0,1,0,1,0,0,1,1,0,1,0,1,1,1,0,0,1,0,1,0,1,1,1,1,0,1,1,1,1,0,0,0,0,1,1,0,0,1,1,0,1,0.0,-253.83878334624524,1
0,1,0,0,0,0,1,0,0,0,1,1,1,1,0,1,1,1,0,1,1,1,0,1,1,1,1,0,1,0,1,0,1,0,0,1,1,1,1,0,0,0,0,0,1,1,0,1,1,1,1,1,1,0,0,1,0,0,1,0,0,1,1,0,0.015625,-253.83801960509646,1
1,1,0,0,0,1,1,0,1,0,0,1,1,1,1,0,0,1,1,1,1,0,0,0,0,1,0,0,0,1,1,1,0,1,0,1,1,0,1,1,1,0,0,0,0,0,1,1,1,1,1,1,1,0,0,0,1,0,1,1,0,1,1,0,0.015625,-253.83730508829518,1
0,1,1,0,0,1,1,1,0,0,0,1,0,0,1,1,0,1,1,1,1,0,0,0,1,1,0,0,0,0,0,0,0,0,0,0,1,1,1,0,0,1,0,0,1,1,0,1,0,1,1,0,1,1,1,0,0,0,0,1,0,1,1,0,0.0,-253.83576804643465,1
0,1,0,0,0,1,1,0,0,0,0,0,1,0,1,0,0,1,0,1,1,1,1,0,1,1,0,0,1,1,0,1,1,0,0,1,0,1,1,1,0,1,1,0,1,0,1,1,0,0,1,1,1,1,1,0,0,1,1,0,0,1,1,1,0.0,-253.81748191068476,1
1,0,1,1,0,1,1,1,0,0,1,0,1,1,1,1,1,0,0,1,1,0,1,0,1,0,0,0,1,1,0,0,0,0,0,1,0,1,1,1,0,1,1,0,1,0,1,1,0,0,1,1,1,0,0,0,1,1,0,0,0,1,1,1,0.0,-253.8174086518814,1
0,0,1,0,0,1,1,0,1,1,0,0,1,1,0,0,0,1,0,0,1,1,1,0,1,1,0,0,0,0,1,0,0,0,0,0,1,1,1,0,0,1,0,0,1,0,0,1,1,0,1,1,1,1,0,1,1,0,0,0,0,1,0,1,0.015625,-253.8151162579028,1
1,0,0,0,0,1,0,0,0,0,0,0,0,1,1,0,0,0,1,1,0,1,0,1,1,1,1,0,0,0,1,1,0,0,1,0,0,1,0,0,1,1,1,0,0,1,0,0,1,0,1,0,1,1,0,1,1,0,1,1,0,1,0,0,0.0,-252.18327603696196,1
1,1,0,0,0,1,0,1,0,1,0,0,0,1,1,0,1,0,1,1,0,1,0,1,0,1,0,0,0,0,0,1,0,0,0,1,0,1,1,0,1,0,0,0,1,0,0,1,0,0,1,1,1,0,0,1,0,1,1,1,0,1,0,0,0.015625,-252.1760466893185,1
1,0,0,1,0,1,1,0,0,0,0,1,1,1,1,1,0,1,1,1,1,0,0,0,0,0,1,0,1,1,0,1,0,1,0,0,0,1,0,0,1,1,0,0,1,1,0,0,0,0,0,0,1,0,0,0,1,1,1,0,0,0,1,0,0.0,-252.16835740991212,1
1,0,0,1,0,0,0,0,1,0,1,0,0,1,1,0,0,0,1,1,0,1,0,1,1,1,1,0,0,1,1,0,1,0,0,1,1,1,1,0,0,1,1,1,0,1,1,1,1,1,1,1,1,0,1,0,0,1,1,1,0,0,1,0,0.0,-252.158069843793,1
0,0,1,1,0,0,0,0,0,1,0,0,0,1,1,0,1,1,0,0,1,0,0,0,1,1,0,0,1,0,1,0,1,0,0,1,0,1,0,1,0,0,1,1,1,0,0,0,1,0,0,1,1,0,0,1,0,0,1,1,0,1,1,1,0.0,-252.15623289221097,1
1,0,1,0,0,1,1,0,0,1,0,0,1,1,1,0,0,1,1,1,0,1,0,0,1,1,1,0,1,1,0,0,1,0,0,0,0,1,1,1,0,1,0,0,0,1,0,1,0,1,1,0,0,0,0,0,0,1,0,0,0,0,1,0,0.0,-252.15361361327436,1
0,0,1,0,0,0,1,0,0,0,0,0,1,1,0,0,0,1,1,1,0,1,0,1,1,1,1,0,0,0,0,1,0,0,0,1,1,1,1,1,1,1,0,0,1,1,0,0,0,1,1,1,0,0,0,0,0,0,1,0,1,1,0,0,0.0,-252.15310509877696,1
0,1,0,1,0,0,1,0,1,0,0,0,0,1,0,0,0,1,1,1,1,0,0,0,0,1,1,0,0,0,1,1,1,0,0,1,0,1,1,1,1,0,1,0,1,1,0,0,0,0,0,1,1,0,1,0,1,1,0,0,0,1,0,0,0.0,-252.15253184885796,1
0,0,1,0,1,0,0,0,0,0,0,0,1,1,1,0,0,1,1,1,1,0,0,1,0,1,0,0,0,0,0,1,1,0,0,1,1,0,1,0,1,0,1,1,1,1,0,1,1,0,1,1,0,0,0,0,0,0,1,0,0,1,1,0,0.015625,-252.15190080280675,1
1,1,0,0,0,0,0,0,0,0,0,0,1,1,0,1,0,0,1,1,1,1,0,0,1,1,1,0,0,0,0,1,0,0,1,1,0,1,1,1,0,1,1,0,0,1,0,0,0,0,0,1,0,0,1,0,0,1,1,0,1,1,0,1,0.0,-252.15130727698312,1
0,1,1,0,0,0,1,1,1,1,0,0,1,1,0,0,0,1,0,1,1,0,0,0,0,1,0,0,0,1,0,1,0,0,0,1,0,1,0,1,1,0,0,0,1,1,0,0,0,0,1,1,0,0,0,1,1,1,1,0,0,1,1,0,0.0,-252.1504930664629,1
0,1,1,1,0,1,1,0,0,1,0,0,0,1,1,1,0,0,0,1,0,1,0,1,1,1,0,0,1,0,0,0,0,0,0,0,0,1,1,1,0,0,1,1,1,1,0,0,0,0,0,1,1,0,0,0,1,1,1,1,0,0,0,0,0.0,-252.1494824006769,1
0,1,0,0,0,0,1,1,0,1,0,0,1,1,0,0,0,0,0,1,1,0,0,1,0,1,0,1,1,1,1,0,0,0,0,0,0,1,1,0,1,0,1,0,1,1,0,0,0,1,1,1,1,0,0,0,0,1,1,0,0,1,1,0,0.0,-252.14907020984856,1
1,0,0,0,0,1,1,0,0,1,1,0,0,1,0,0,0,0,1,0,1,0,0,1,1,0,1,0,1,0,1,1,1,0,1,0,0,1,0,0,1,0,1,0,1,1,0,1,0,0,1,0,1,0,1,0,0,0,0,1,1,0,0,1,0.0,-252.14858904215012,1
1,1,0,1,0,1,0,0,1,0,0,0,1,1,0,1,0,0,1,0,1,1,0,0,1,0,0,0,1,1,1,0,0,0,0,0,0,1,1,1,1,1,1,0,1,0,0,0,1,1,0,0,1,0,0,0,0,1,0,0,0,1,1,0,0.015625,-252.14842712159572,1
0,0,1,0,0,0,0,0,0,1,1,1,0,1,1,0,0,1,0,0,1,0,0,1,1,1,1,0,1,0,0,1,1,1,0,0,1,1,1,0,0,0,0,0,0,1,0,0,0,0,1,1,1,0,0,1,0,0,1,1,0,1,0,1,0.015625,-252.1480213108623,1
0,0,1,0,0,1,0,0,0,1,0,0,1,1,1,1,0,0,0,1,1,0,0,1,1,1,1,0,1,0,1,0,1,0,0,1,0,1,1,1,1,1,0,1,1,1,0,0,1,1,1,1,0,0,0,1,1,1,1,0,1,1,1,0,0.015625,-252.14756604414686,1
0,0,0,1,0,1,0,0,0,0,0,0,1,1,1,1,0,1,1,0,1,0,0,1,1,0,1,1,1,1,0,0,0,1,0,1,0,1,0,1,1,1,0,0,0,0,0,1,1,0,0,0,1,0,0,0,1,1,1,0,0,0,1,0,0.0,-252.147092652523,1
0,0,1,1,0,1,0,0,0,1,1,0,1,1,1,0,0,0,1,1,1,0,0,0,0,0,0,0,0,0,0,1,1,0,1,1,1,0,1,1,0,0,0,1,1,1,0,0,0,1,1,1,0,0,0,0,0,0,1,0,1,1,0,1,0.0,-252.14693873799357,1
0,0,1,1,0,1,0,0,0,1,0,0,1,1,0,0,0,1,1,0,1,0,1,0,0,1,0,0,1,0,0,1,1,0,1,0,0,1,1,0,0,0,0,0,1,1,0,0,1,1,1,1,1,1,0,0,0,0,0,0,0,1,1,1,0.0,-252.14586865380915,1
1,0,1,0,0,1,1,0,1,1,1,0,0,1,0,0,0,1,1,1,1,0,1,1,0,1,0,0,0,0,1,0,0,0,0,0,0,1,0,1,0,0,0,1,1,0,0,0,1,0,1,1,1,0,0,0,1,0,0,1,0,1,1,0,0.0,-252.14522468968434,1
0,1,0,0,0,1,1,0,0,0,1,0,0,1,0,0,1,1,0,1,0,1,0,1,0,1,0,0,0,0,0,0,1,1,0,0,0,1,1,1,1,0,0,1,1,0,0,0,1,0,0,1,1,1,0,0,1,1,1,0,0,0,1,1,0.0,-252.14505084851902,1
0,0,1,0,0,1,0,0,1,1,0,0,1,0,1,1,0,0,0,1,1,0,0,1,0,0,0,0,0,1,1,1,1,1,0,1,1,0,0,0,0,0,1,1,1,1,1,0,1,1,0,1,1,0,0,0,0,1,1,0,0,0,0,0,0.0,-252.1431552550172,1
0,0,1,0,0,0,0,0,1,1,0,0,1,1,1,0,1,0,1,1,1,1,0,1,1,1,1,0,0,1,1,1,0,0,1,1,0,1,1,1,1,0,0,0,0,1,0,1,1,1,0,1,1,1,0,0,0,1,1,1,0,1,0,1,0.0,-252.14245939602802,1
0,1,1,1,1,0,1,0,1,0,0,0,1,0,1,1,0,1,1,1,1,0,0,0,0,1,1,0,1,0,0,0,1,0,0,0,0,1,1,0,0,0,1,0,1,0,0,1,0,0,0,1,1,0,0,0,1,1,1,1,0,0,0,0,0.015625,-252.14233500641419,1
1,0,1,0,0,0,0,0,0,1,0,1,1,1,0,0,0,1,0,1,0,0,0,1,0,0,1,0,1,1,1,0,0,0,0,0,0,1,1,1,1,0,0,0,1,0,0,1,1,0,1,1,1,0,1,0,0,0,0,0,1,1,1,1,0.0,-252.14182817853643,1
0,0,1,0,0,1,1,1,0,0,0,0,1,1,1,0,0,0,1,1,1,0,0,0,0,1,1,0,0,0,1,0,0,0,1,1,0,1,1,0,1,0,1,0,1,1,0,1,0,0,1,0,0,0,1,0,1,1,1,1,0,0,0,0,0.0,-252.1408900053163,1
1,0,1,0,1,0,0,0,0,0,0,1,1,1,0,0,0,0,0,1,1,0,0,1,1,1,1,0,0,1,0,1,0,0,0,1,0,1,1,0,0,0,0,0,1,0,1,0,1,1,1,1,0,0,0,1,0,0,1,1,0,1,1,0,0.0,-252.14071360752897,1
0,0,0,0,0,1,1,0,0,1,1,0,0,1,0,0,0,1,1,0,1,0,0,1,1,1,1,0,1,1,1,0,0,1,0,1,0,1,1,1,1,0,0,0,1,1,0,0,0,0,0,1,0,0,1,1,0,0,0,0,1,1,0,0,0.0,-252.14045958581403,1
1,1,1,1,0,1,0,0,0,1,0,0,0,1,0,0,0,1,0,1,1,1,0,0,1,0,0,0,1,1,0,1,0,0,0,1,0,0,0,0,0,1,0,0,1,1,0,1,0,1,1,1,0,0,1,1,1,1,0,0,0,1,0,0,0.0,-252.14026822087033,1
1,0,1,1,0,1,1,1,0,1,1,0,1,1,1,0,0,0,1,1,1,1,0,1,1,1,1,1,0,0,1,1,1,1,1,0,0,1,0,0,0,0,0,0,0,1,0,1,1,0,0,1,0,0,0,1,1,1,1,1,0,1,0,0,0.03125,-252.14020233191934,1
1,0,1,0,0,1,0,0,0,0,0,0,1,1,1,0,0,1,1,1,0,1,0,1,1,0,1,0,0,1,1,0,0,0,0,0,0,1,1,0,1,1,1,0,0,0,1,1,0,0,1,1,0,0,0,0,1,0,1,0,0,1,1,0,0.015625,-252.13978376793597,1
0,0,1,0,0,1,0,0,0,0,0,1,1,1,0,0,0,1,0,0,1,0,0,0,0,1,0,0,1,0,1,1,0,1,1,0,0,1,1,1,1,1,0,0,1,1,0,0,0,1,1,0,1,1,0,0,0,1,1,0,1,1,0,0,0.0,-252.13955924847755,1
0,1,1,1,0,0,0,0,0,0,0,0,0,1,0,0,0,0,0,1,1,1,0,0,1,1,0,0,0,0,1,1,1,0,0,1,0,1,1,0,0,1,0,0,0,1,1,0,0,1,1,1,1,0,0,0,0,1,1,0,1,1,1,1,0.0,-252.13952229520316,1
0,0,1,0,0,0,1,0,0,0,1,0,1,1,1,0,0,0,0,1,0,0,0,1,0,0,0,0,1,1,1,0,0,0,0,0,0,1,1,0,1,0,0,1,1,1,1,1,1,1,1,0,1,1,0,0,1,1,1,0,0,0,1,0,0.015625,-252.13934362158543,1
1,1,1,0,0,1,1,0,0,0,1,0,0,1,1,0,0,1,0,1,1,1,0,1,0,1,0,0,1,0,1,1,0,1,0,1,1,1,1,0,1,1,1,1,1,1,0,0,1,1,1,1,0,0,1,0,0,1,1,0,0,1,0,0,0.0,-252.13822580189924,1
1,1,0,0,0,1,0,0,0,1,0,1,0,1,0,0,0,1,1,1,1,1,0,0,0,1,0,0,1,0,0,1,0,1,0,1,0,1,1,1,0,0,1,0,1,1,0,0,1,0,1,1,0,0,1,0,1,0,0,0,0,1,0,0,0.0,-252.13788538736384,1
0,0,0,0,0,0,1,0,0,1,0,1,1,1,0,0,1,1,1,0,1,1,0,0,1,1,1,0,1,0,0,1,1,1,1,1,1,0,0,1,0,1,0,0,0,0,0,0,1,1,0,1,1,0,0,0,0,0,1,0,1,0,0,0,0.0,-252.13783047726986,1
0,1,0,0,0,1,1,0,0,0,1,0,1,1,1,0,0,1,0,1,0,1,0,0,0,0,1,0,0,1,0,0,1,0,0,1,0,1,1,1,0,1,1,0,1,0,0,0,0,1,1,1,0,1,0,0,0,0,0,1,1,1,1,0,0.0,-252.1378102790735,1
0,0,1,0,0,0,1,1,0,1,0,0,0,1,0,0,0,1,1,1,1,1,0,1,1,1,0,0,1,1,0,0,0,0,1,0,0,0,1,1,0,0,1,0,1,0,0,1,1,0,1,0,0,0,1,1,0,0,0,1,1,0,1,0,0.015625,-252.1375634023416,1
0,1,0,0,1,1,0,0,0,0,0,0,1,1,0,0,0,0,0,0,1,0,0,1,1,1,0,0,0,1,1,0,0,0,1,1,0,1,1,0,1,1,0,0,1,0,0,0,1,1,1,1,1,0,0,1,0,0,1,0,1,1,1,0,0.0,-252.13742569561037,1
0,0,0,0,0,1,1,0,0,1,0,1,1,1,0,0,0,1,1,0,1,1,1,1,0,0,0,0,0,0,1,0,0,1,1,1,0,0,1,1,1,0,0,0,1,1,0,0,0,0,1,1,0,0,0,1,1,1,1,1,0,0,0,0,0.0,-252.13700858704954,1
0,0,1,1,0,1,0,0,0,1,0,0,1,1,1,0,0,0,1,1,1,0,0,0,0,1,0,0,0,1,0,0,0,0,0,1,0,1,1,1,0,1,0,0,1,1,0,1,1,0,0,1,0,1,0,0,0,1,0,1,0,1,1,1,0.0,-252.13612679895573,1
0,0,1,1,0,1,1,1,0,0,0,0,1,1,1,0,0,1,1,1,1,0,0,0,0,0,0,0,0,1,0,0,1,0,0,0,1,0,1,1,1,0,0,0,1,1,0,0,1,0,0,0,1,1,0,1,0,1,0,1,0,1,1,0,0.0,-252.1357618568367,1
1,0,1,1,1,1,0,0,0,0,0,0,1,1,1,0,0,1,0,1,1,1,0,1,1,1,0,0,0,1,1,1,0,1,0,0,0,1,1,0,1,0,1,1,1,1,0,1,1,0,1,1,1,0,0,1,0,0,1,0,1,1,0,1,0.0,-252.13567177902365,1
1,1,1,0,0,1,0,0,0,0,1,0,1,1,0,0,1,1,0,1,1,1,0,1,1,0,0,0,1,1,1,0,0,0,0,1,0,1,0,1,1,1,0,0,0,1,0,0,0,1,0,1,1,0,0,0,1,0,0,0,0,0,1,0,0.0,-252.1343017345652,1
1,1,0,1,0,0,1,0,0,1,0,0,0,1,1,0,0,1,1,1,1,0,1,1,1,1,1,0,0,0,0,0,0,0,1,0,0,0,1,1,0,0,1,0,1,1,1,0,1,1,0,1,1,1,1,1,0,1,1,1,1,1,1,0,0.03125,-252.13423996496073,1
0,0,0,1,0,0,0,0,1,0,0,0,1,1,1,1,0,1,0,1,1,0,0,1,1,0,1,0,1,0,1,0,0,0,0,0,0,1,1,0,0,1,0,1,1,1,0,1,0,0,0,1,0,1,0,0,1,1,1,0,1,1,0,0,0.015625,-252.1339940676135,1
1,0,0,1,0,0,1,0,0,0,1,0,1,1,0,1,0,1,1,1,0,0,1,1,1,1,0,1,0,0,0,1,0,0,0,1,0,1,0,1,0,1,0,0,1,1,0,0,0,0,1,1,0,1,0,0,1,0,1,0,0,0,0,1,0.0,-252.13393543024722,1
0,1,0,0,0,1,0,0,0,0,0,0,1,1,0,0,0,1,1,1,1,0,0,0,0,1,1,0,0,1,0,0,1,0,0,1,0,1,0,1,1,1,0,0,1,1,0,1,1,1,1,1,0,0,1,0,0,1,0,0,0,1,0,1,0.0,-252.13380710852374,1
0,0,0,1,0,1,0,0,0,1,0,0,1,0,0,1,0,1,1,1,0,0,1,0,1,0,1,0,0,0,1,0,0,0,1,1,0,0,1,0,0,0,1,1,0,0,0,1,0,0,1,1,1,1,0,0,0,1,1,1,0,1,1,1,0.0,-252.1332410407751,1
0,1,1,0,0,1,1,0,0,1,0,0,1,1,0,0,0,0,0,1,1,1,0,0,0,0,1,1,0,0,1,1,0,0,0,0,0,1,1,1,1,1,0,0,0,1,0,0,1,1,0,1,0,0,0,0,1,1,0,0,0,1,1,1,0.0,-252.13313412108934,1
0,0,1,1,0,1,0,0,1,0,0,0,1,1,0,1,1,1,1,1,1,1,0,0,0,1,0,0,1,0,1,1,0,0,0,0,0,1,1,1,0,1,0,0,1,0,0,1,1,0,0,1,1,0,0,0,0,0,0,0,0,0,1,1,0.015625,-252.13254707724727,1
0,1,1,0,0,1,1,0,0,1,1,1,0,1,0,0,0,0,0,1,0,0,0,0,1,0,1,0,1,1,1,1,0,0,0,0,1,1,1,1,1,0,0,1,0,1,0,1,0,1,0,0,1,0,0,0,0,1,0,1,0,0,1,0,0.015625,-252.13177392049482,1
1,1,1,0,0,1,0,0,0,1,0,0,1,1,1,0,0,1,0,1,0,0,0,1,0,0,0,0,1,1,1,0,1,0,0,1,0,1,1,1,0,1,0,0,1,1,0,1,0,0,1,0,0,1,0,0,1,0,0,0,0,1,1,0,0.0,-252.1316161793822,1
0,0,1,1,0,1,1,0,1,0,0,0,1,1,1,0,1,1,0,1,0,0,1,1,1,0,0,0,0,0,1,1,1,0,0,1,1,0,0,0,0,0,0,1,1,1,1,0,1,1,1,0,0,0,0,0,0,1,0,0,0,1,0,0,0.0,-252.13118445094173,1
0,0,1,1,0,1,1,0,0,1,0,0,0,1,1,0,0,1,1,0,0,0,0,1,1,0,1,1,1,0,0,1,0,0,0,1,0,1,0,0,0,0,0,1,1,0,1,1,1,1,0,1,1,0,0,0,0,0,0,1,0,1,0,1,0.0,-252.13116641964797,1
0,0,1,1,0,0,1,1,0,1,0,0,1,1,0,1,0,1,0,1,1,0,0,0,0,0,1,0,0,1,0,1,0,0,0,1,0,1,0,1,0,0,0,1,1,1,0,1,1,0,0,1,1,0,0,0,0,0,0,1,0,1,1,1,0.015625,-252.1310301559145,1
0,0,0,0,1,1,0,0,0,0,0,0,0,1,1,0,0,1,0,1,1,0,0,1,1,1,0,0,1,0,1,0,0,1,0,1,0,1,1,0,1,0,0,1,1,1,0,1,1,0,1,1,0,0,0,0,1,1,0,0,0,0,1,1,0.0,-252.13078600075903,1
0,0,0,0,0,1,1,0,1,0,0,0,1,1,0,0,0,1,1,1,1,0,0,0,0,1,0,0,0,1,1,0,0,1,1,0,0,1,1,0,1,0,0,1,1,0,0,1,1,0,1,0,0,1,1,1,0,1,1,0,0,1,0,0,0.0,-252.1304506439257,1
0,0,1,0,0,0,1,0,1,1,1,0,0,1,0,0,0,1,0,0,1,0,0,1,1,1,0,0,0,0,1,1,1,0,0,1,1,1,0,1,1,0,0,1,0,1,0,1,0,0,1,1,1,0,0,1,0,1,0,0,0,0,1,0,0.0,-252.1300810989528,1
0,0,1,0,1,0,1,1,0,1,1,0,1,1,1,1,0,0,0,1,1,0,0,1,0,0,0,0,0,1,1,1,1,0,0,1,0,1,0,0,0,0,0,0,1,1,0,1,1,0,0,1,0,0,0,0,1,0,1,1,0,1,0,0,0.0,-252.12976066661514,1
0,0,1,0,0,1,0,1,1,0,0,0,1,1,0,1,0,0,1,1,1,0,0,1,0,0,1,0,0,0,1,1,0,0,1,1,0,1,1,1,0,0,0,0,1,0,0,1,1,0,0,1,0,0,0,1,0,1,1,0,0,0,1,1,0.0,-252.12929828193694,1
0,0,1,0,0,1,1,0,0,1,0,1,0,1,1,0,0,1,0,1,0,0,0,0,0,1,0,0,1,1,1,1,1,0,0,1,1,1,1,1,1,1,1,0,1,0,1,0,0,0,1,0,0,0,1,0,0,0,0,0,0,0,1,0,0.015625,-252.12915684842636,1
0,1,1,1,1,1,0,0,0,1,0,1,1,1,1,0,1,1,0,1,0,0,0,1,0,0,0,1,1,1,0,1,1,0,0,1,0,1,1,1,1,0,0,0,1,1,0,1,0,1,0,1,0,1,0,0,1,1,1,0,0,1,1,1,0.0,-252.1289064397037,1
0,0,1,1,0,0,1,0,0,1,0,0,1,1,1,1,0,1,0,1,1,1,0,1,1,1,1,1,0,1,0,1,0,0,0,1,0,1,1,1,1,0,0,1,1,1,1,0,1,1,0,1,1,0,1,0,0,0,1,0,0,1,1,0,0.0,-252.12825554013017,1
0,0,1,1,1,1,0,0,0,0,0,0,0,1,1,0,0,1,0,1,1,1,0,0,0,1,0,1,0,0,0,1,0,0,1,1,0,1,1,1,0,0,1,1,1,0,0,1,0,1,0,1,0,1,0,0,0,0,1,0,0,1,1,0,0.0,-252.1282015964312,1
0,1,0,0,0,0,1,0,1,0,1,0,1,0,0,0,0,1,1,0,1,0,1,0,0,1,1,0,0,1,1,0,1,0,1,1,0,1,1,0,1,1,0,0,1,1,0,0,0,0,0,1,0,1,0,0,0,0,1,0,1,1,0,1,0.0,-252.12811772831228,1
0,1,1,0,1,0,0,0,0,0,0,0,1,1,0,0,0,1,1,1,1,0,0,1,1,1,0,0,1,0,0,0,0,0,0,1,0,0,1,0,1,0,0,0,1,0,0,1,1,1,1,1,0,1,1,1,0,0,0,1,0,1,1,0,0.0,-252.12744074199605,1
0,1,1,0,1,1,0,0,0,1,0,0,1,1,1,1,0,0,1,1,1,0,0,1,0,0,0,0,1,0,0,0,0,0,0,1,0,1,1,0,0,0,1,0,0,1,0,0,1,0,1,1,1,1,1,0,1,0,0,0,0,1,0,1,0.0,-252.12702005114363,1
0,1,1,1,1,1,1,0,0,1,1,0,1,1,1,0,0,1,1,0,1,0,0,0,1,1,1,0,1,1,0,0,0,1,0,0,0,1,1,0,0,0,1,1,1,0,0,1,1,0,0,1,0,0,0,0,0,0,0,0,0,0,0,0,0.015625,-252.1267270407169,1
1,0,1,1,0,0,0,0,1,1,0,1,1,1,0,0,0,0,0,0,1,0,0,0,1,0,0,0,1,0,1,0,1,0,1,1,0,1,1,1,0,1,1,1,1,0,0,1,0,1,1,0,0,0,0,0,1,1,1,0,0,0,0,0,0.03125,-252.1267186475148,1
0,0,1,0,0,1,1,0,0,1,0,0,1,1,1,0,0,1,1,1,1,0,0,0,1,0,0,0,1,1,0,0,1,0,0,1,1,1,1,1,1,0,0,0,1,1,0,0,0,0,0,0,1,0,1,0,0,0,0,1,0,1,1,0,0.0,-252.12669673648452,1
0,1,0,0,1,1,0,0,0,1,0,0,1,0,1,1,0,1,0,0,1,1,0,1,1,0,1,0,1,0,0,1,0,0,0,0,0,1,1,1,1,1,0,0,0,1,0,0,1,0,0,1,0,1,1,0,1,0,0,0,0,1,0,1,0.0,-252.126407245362,1
0,0,1,0,0,1,0,0,1,0,0,1,0,1,1,1,0,1,0,1,1,0,0,0,1,1,0,0,1,0,1,0,1,0,1,0,0,1,1,0,0,1,0,0,1,1,0,0,1,1,0,1,0,0,0,0,0,1,1,0,0,1,1,0,0.0,-252.12585016754778,1
1,0,1,0,1,0,0,0,0,1,0,1,0,1,0,0,0,0,0,1,1,0,1,1,1,0,0,1,0,0,0,0,1,0,0,0,1,0,1,1,0,1,1,1,1,0,0,0,0,0,1,0,0,1,0,0,1,1,1,0,0,1,1,1,0.0,-252.12560566420117,1
0,0,1,0,0,0,1,0,0,0,1,1,0,1,0,1,1,1,1,1,1,0,0,0,1,1,0,0,0,0,0,0,0,1,0,1,1,0,1,1,0,0,0,1,0,1,0,0,1,0,1,1,1,0,0,1,0,1,1,0,0,0,1,0,0.015625,-252.12549246972446,1
0,0,1,0,0,1,1,0,1,0,0,0,1,1,0,0,1,0,0,1,1,0,0,1,1,1,0,1,0,0,1,1,1,0,0,0,0,1,0,1,1,0,0,1,0,1,0,1,0,1,0,1,1,0,0,1,1,0,1,0,0,0,0,0,0.015625,-252.1253832666283,1
1,0,1,1,0,0,1,0,0,1,0,0,0,1,1,0,0,0,1,1,1,1,1,1,1,1,0,1,0,1,0,0,0,0,1,0,0,1,1,1,0,0,0,0,1,1,0,1,0,0,1,1,1,1,1,1,1,1,1,0,0,1,1,1,0.015625,-252.1243435193207,1
0,0,0,0,0,1,0,0,0,1,0,0,1,1,0,0,0,0,0,1,1,0,1,0,1,1,1,0,0,0,0,1,0,1,0,1,0,0,1,1,1,0,1,0,0,1,0,1,0,1,1,0,1,1,1,0,1,0,1,1,0,1,0,0,0.0,-252.12428629878485,1
0,0,1,0,1,1,1,0,0,1,0,0,0,1,1,0,0,1,0,0,1,0,0,1,1,1,0,0,0,0,1,1,1,0,0,0,0,1,1,1,1,0,0,0,0,1,1,0,1,1,0,0,0,0,0,1,0,0,1,1,0,1,0,1,0.0,-252.12390442748102,1
1,1,0,1,0,1,0,1,0,0,1,0,1,1,0,0,0,1,0,0,1,0,0,0,1,1,0,0,0,0,1,0,1,1,0,1,0,1,1,0,1,1,0,1,1,0,0,0,0,0,1,1,1,1,0,0,0,1,0,0,0,1,0,0,0.0,-252.12329764157107,1
0,0,0,1,0,1,0,0,0,0,0,0,1,1,1,0,0,0,0,0,1,0,0,0,1,0,1,0,0,0,1,0,0,0,0,1,0,1,1,1,0,1,1,0,1,1,0,1,1,1,1,1,1,0,1,1,1,0,1,0,0,0,1,0,0.0,-252.1227721935066,1
0,0,0,0,0,0,0,0,0,0,0,0,1,1,0,0,0,1,0,1,1,1,0,1,0,1,1,1,0,1,1,0,0,1,0,0,1,1,1,0,0,0,0,1,1,1,1,0,1,0,0,0,1,1,1,0,1,0,0,1,0,1,0,1,0.0,-252.12264618223836,1
1,1,0,0,0,0,1,0,0,1,0,0,1,0,1,0,0,1,0,1,1,0,0,0,1,0,1,0,0,1,1,1,1,0,1,0,0,1,1,1,0,0,1,0,1,1,0,0,1,0,0,1,1,1,0,0,1,1,0,0,0,0,0,0,0.015625,-252.12239382842378,1
0,0,1,0,0,0,1,1,1,1,0,0,1,1,0,0,0,1,0,1,0,0,1,0,1,1,0,0,1,1,0,1,0,0,0,0,1,0,1,0,0,1,1,1,0,1,1,0,0,0,0,1,0,0,0,0,1,1,1,0,0,1,0,1,0.0,-252.12227878733944,1
1,0,0,1,0,1,0,1,1,0,1,1,1,1,1,1,0,1,0,1,1,1,1,1,0,1,0,1,1,0,0,1,0,0,1,1,1,1,0,1,0,1,1,0,1,1,0,0,0,1,0,0,0,0,0,0,1,0,0,1,1,1,1,0,0.015625,-252.12184496967643,1
0,0,0,0,0,1,1,0,0,1,1,1,1,1,0,0,0,0,0,1,1,0,0,1,0,1,1,0,0,1,0,0,1,0,0,1,0,1,1,0,1,0,0,0,1,1,0,1,0,0,1,0,0,1,1,0,1,0,1,1,0,1,0,0,0.0,-252.12159340568422,1
0,0,1,0,0,0,0,1,0,0,0,1,1,1,0,0,0,0,1,1,1,1,0,0,1,1,1,1,1,1,0,0,0,0,1,0,0,1,1,1,1,1,0,0,1,1,0,1,1,0,0,0,1,0,0,0,1,0,1,0,0,0,0,0,0.0,-252.12157597106474,1
1,1,1,1,0,1,1,1,0,0,0,0,0,0,1,1,1,0,0,1,1,1,0,0,0,1,1,0,1,0,1,1,0,0,0,0,0,0,1,1,0,0,0,1,0,1,1,0,1,0,0,0,1,1,0,0,0,0,0,0,0,0,1,1,0.0,-252.1213556580013,1
1,0,0,0,1,1,0,1,0,0,0,1,0,1,0,0,1,1,0,1,0,0,0,1,1,1,0,0,0,0,1,0,0,0,0,1,1,1,1,1,1,0,0,1,0,1,0,1,0,1,1,0,1,0,0,0,0,0,1,1,0,1,0,0,0.03125,-252.12122421625392,1
0,1,1,1,0,1,1,1,0,1,0,0,0,0,1,1,0,0,0,1,1,0,0,0,1,0,0,0,0,1,0,1,1,0,0,1,0,1,1,0,0,0,0,0,1,1,0,1,1,1,0,1,0,0,0,1,0,1,1,0,1,0,0,0,0.0,-252.12078721101656,1
0,0,0,0,1,0,0,1,0,0,1,1,0,1,1,0,0,0,0,1,1,1,1,1,1,1,0,0,1,1,1,0,0,0,0,0,0,0,0,1,1,0,0,1,1,1,1,1,0,1,0,0,1,0,0,0,1,0,0,1,1,0,0,0,0.0,-252.1207835424589,1
0,0,0,0,0,0,0,0,0,0,1,1,1,1,1,1,0,0,0,1,1,0,1,0,1,0,0,1,0,1,0,0,0,0,0,1,0,1,1,0,0,0,1,1,1,0,0,0,1,1,1,1,1,0,0,0,1,1,1,0,0,1,1,0,0.0,-252.12057906979072,1
0,0,1,0,0,0,1,1,0,0,0,0,1,1,1,1,0,1,0,0,0,1,0,1,1,1,1,0,1,0,0,1,1,0,0,1,0,1,1,1,0,0,1,0,1,0,1,0,1,0,0,0,1,1,1,1,0,0,0,0,0,0,0,0,0.0,-252.11811741343882,1
1,1,1,0,0,1,0,0,1,1,1,0,1,1,1,0,0,1,0,1,1,0,0,0,1,1,0,0,0,0,0,1,0,0,0,1,0,0,1,1,0,0,1,1,0,1,0,1,1,0,0,0,0,1,0,1,0,0,0,0,0,1,1,0,0.0,-252.11808797002195,1
1,0,0,0,0,1,1,0,1,0,0,0,0,1,1,1,0,0,0,1,1,1,0,0,1,1,1,1,1,0,1,0,0,1,0,1,0,1,0,1,1,1,0,1,1,1,0,1,1,0,1,1,1,0,1,0,1,1,0,1,0,1,1,0,0.0,-252.1179307692725,1
1,1,1,0,0,1,0,1,0,0,0,0,1,1,0,0,0,1,0,0,1,0,0,0,0,1,1,0,0,0,1,1,1,1,0,0,0,0,1,1,0,0,0,1,0,1,1,1,0,0,0,1,0,0,1,1,0,1,1,0,0,1,0,1,0.0,-252.11650377322448,1
0,0,0,1,0,0,1,1,1,0,0,0,1,1,0,0,0,0,1,1,1,0,0,1,1,0,0,0,1,1,0,0,0,0,1,1,0,1,1,1,0,0,1,0,1,0,0,1,0,0,0,1,1,0,1,0,1,0,1,0,0,1,1,0,0.0,-252.1163457836644,1
0,1,0,0,1,0,0,0,0,0,1,1,1,1,1,0,0,1,0,1,0,1,1,0,0,1,0,0,1,1,0,1,0,0,0,1,0,1,1,0,0,0,0,0,0,0,0,1,0,0,1,1,1,1,0,0,1,0,1,1,0,1,0,1,0.0,-252.1147684878632,1
0,0,1,1,1,1,0,1,0,0,1,0,0,1,0,1,0,0,0,0,1,0,0,0,0,1,0,0,1,0,1,0,0,0,0,1,0,1,1,1,1,1,0,1,0,1,0,1,1,0,1,1,1,0,0,0,0,0,1,0,1,1,0,0,0.03125,-252.11475747822843,1
0,0,0,0,0,1,1,0,1,1,0,0,1,0,0,1,0,1,0,0,1,0,0,0,1,0,1,0,1,0,0,1,1,1,0,0,1,0,0,1,0,1,0,1,0,1,0,1,1,1,1,1,1,0,0,0,0,0,0,1,0,0,1,1,0.0,-252.11440469890556,1
0,1,1,0,0,0,1,0,0,0,0,0,1,1,1,0,0,1,0,1,1,0,0,0,0,1,1,0,0,1,0,0,0,0,0,0,0,1,1,1,0,1,1,0,1,0,0,1,1,0,0,1,1,0,1,0,1,1,1,0,0,1,0,1,0.0,-252.11434136079023,1
0,1,1,0,0,1,0,0,1,1,1,0,0,1,0,1,0,0,1,1,1,0,0,0,0,1,0,0,1,0,1,0,0,0,0,1,1,0,1,1,1,0,1,1,1,0,1,1,0,0,0,0,0,0,1,0,1,1,1,0,0,0,0,0,0.015625,-252.1141535207555,1
1,0,1,0,0,1,1,1,0,1,0,0,1,1,1,0,0,1,0,1,1,1,0,0,1,0,1,1,0,1,0,1,0,0,1,1,1,1,0,1,1,0,1,1,1,1,0,0,1,0,1,1,1,1,0,0,0,0,1,0,1,0,1,0,0.015625,-252.11381479430133,1
0,1,1,0,0,1,0,0,0,1,0,0,0,1,0,0,1,1,0,1,1,0,0,0,1,1,1,0,0,0,1,0,0,1,1,1,0,1,1,1,0,1,0,0,1,0,0,1,0,0,1,1,0,0,1,0,0,0,1,0,1,1,0,0,0.0,-252.11307102360095,1
0,1,1,0,0,1,0,1,0,0,1,0,1,1,1,0,0,0,1,1,1,0,1,1,0,1,1,0,1,1,1,1,1,0,1,1,1,1,1,1,0,0,1,1,1,1,1,0,1,0,1,1,0,0,0,0,0,0,0,0,0,1,1,0,0.0,-252.11118067471853,1
0,1,1,1,0,0,0,0,0,0,1,1,1,1,0,1,0,1,0,1,1,0,1,0,1,0,0,0,1,0,0,0,1,0,1,1,1,1,0,1,0,1,0,0,0,0,0,0,0,0,0,1,1,0,0,0,0,1,1,1,0,1,1,0,0.0,-252.11066418600808,1
1,1,1,0,0,0,0,0,0,0,0,0,0,1,0,0,0,1,0,0,1,1,0,0,1,1,1,0,1,1,0,1,1,0,0,0,0,0,1,1,1,1,1,0,0,0,1,1,0,0,0,1,0,1,1,0,1,1,0,0,0,1,0,1,0.0,-252.1105972592795,1
0,0,0,0,0,1,1,1,0,1,0,1,1,1,1,0,0,0,0,0,1,0,0,0,1,1,0,0,1,1,1,0,0,0,0,1,0,0,1,0,1,0,1,1,0,1,0,1,0,1,0,1,1,0,0,1,0,0,1,1,0,1,0,0,0.0,-252.11021843609947,1
0,0,1,1,0,1,0,1,0,0,1,0,1,1,1,1,0,0,0,1,0,0,0,0,1,1,0,0,1,0,0,0,0,0,0,1,0,0,1,1,0,0,0,1,0,0,0,1,1,0,1,0,1,1,0,1,1,0,1,0,0,1,1,1,0.0,-252.10888273069233,1
0,0,0,0,0,1,0,1,1,0,1,1,1,1,1,0,0,0,1,0,1,0,0,1,1,1,0,0,1,0,1,1,0,1,1,1,1,0,1,0,0,0,1,1,1,0,0,0,1,0,1,1,1,1,1,1,1,1,0,1,0,1,0,1,0.015625,-252.10846105355967,1
0,0,0,0,1,1,0,0,0,0,0,1,0,1,0,0,0,1,1,0,1,0,0,1,1,1,1,0,1,0,1,0,0,1,1,1,1,1,1,1,1,0,0,0,0,1,0,1,0,0,1,0,1,0,0,0,0,0,0,0,0,1,1,1,0.0,-252.10758421489413,1
0,1,1,1,0,0,1,0,1,0,1,0,1,0,1,1,0,1,1,1,1,1,1,0,0,0,0,0,1,0,0,0,1,0,1,1,0,1,1,1,0,0,0,0,1,1,1,0,0,1,0,1,0,0,0,0,0,0,0,0,0,1,0,0,0.0,-252.10585992747943,1
0,0,0,0,1,1,0,0,0,1,1,0,0,1,0,0,1,1,0,1,1,0,1,1,1,1,0,0,1,0,1,1,1,0,1,1,0,0,0,0,0,1,1,0,0,0,1,1,1,1,0,1,0,0,0,0,0,0,0,0,0,1,0,1,0.015625,-252.10370538580668,1
0,0,0,0,0,1,0,1,0,0,0,1,0,0,0,0,0,1,0,1,0,0,0,1,1,1,1,1,1,0,0,0,1,0,0,1,0,1,1,1,0,1,0,0,1,0,1,0,1,1,1,1,0,1,0,0,1,1,0,1,0,1,0,0,0.0,-252.10352251235338,1
0,0,0,1,0,1,1,0,1,1,1,0,1,1,1,1,0,1,0,0,1,0,1,0,1,1,1,0,0,1,0,0,1,0,1,1,1,1,1,0,0,1,1,1,1,0,0,1,0,0,1,1,1,0,0,0,1,1,1,0,0,1,1,0,0.0,-252.10309545191933,1
0,1,1,1,0,1,0,1,1,1,0,0,0,1,1,1,0,1,0,1,1,1,1,0,1,1,1,0,1,0,0,0,0,0,1,1,0,1,1,0,0,0,1,0,1,1,0,1,1,1,0,1,1,1,0,1,1,0,1,1,0,0,0,0,0.015625,-252.10164883622048,1
0,1,1,0,1,1,0,0,0,0,0,0,0,1,1,0,0,1,0,1,1,0,1,1,1,1,0,0,1,1,1,0,0,0,1,1,0,1,1,1,0,1,1,0,1,1,1,0,1,1,0,0,1,0,0,0,1,1,0,1,1,1,1,1,0.015625,-252.10102512801888,1
1,1,0,1,1,1,1,0,0,1,0,0,0,1,0,1,0,1,1,0,0,0,0,0,1,1,0,0,0,1,0,1,0,0,1,1,1,1,1,1,0,0,1,0,1,1,1,1,0,1,1,0,1,1,0,0,1,0,1,1,1,0,1,1,0.0,-252.09986799892022,1
0,1,1,0,1,1,0,0,0,0,0,1,0,1,1,1,1,1,0,0,1,0,0,1,1,0,0,0,1,0,1,0,0,0,0,0,0,0,1,0,1,1,0,0,1,1,0,1,0,0,0,1,0,1,0,1,1,0,0,1,0,1,0,1,0.015625,-252.09886276148603,1
0,1,0,0,0,1,1,1,0,0,1,0,1,1,1,0,0,1,0,0,1,0,0,0,1,1,0,0,0,1,0,1,0,1,0,1,0,1,1,1,0,1,1,0,0,0,0,1,0,1,0,1,0,1,0,0,0,1,0,1,0,1,0,0,0.0,-252.09469642770472,1
0,0,0,1,0,0,1,0,1,0,1,0,0,1,0,0,0,0,0,1,1,0,0,1,1,1,0,1,0,1,0,0,0,0,0,1,1,1,1,1,0,0,1,0,1,0,1,1,0,1,1,1,0,0,0,1,0,1,1,0,0,0,0,1,0.0,-252.0903760192204,1
0,0,0,0,0,1,1,1,1,1,0,1,1,1,1,0,0,0,0,1,1,0,0,0,1,1,0,0,1,0,1,0,0,0,1,1,0,0,1,1,1,1,0,0,0,0,0,1,1,0,0,1,0,0,0,1,0,0,1,0,1,1,0,0,0.0,-252.08899830944043,1
0,0,1,1,0,1,1,0,1,1,1,0,1,0,1,0,0,1,0,1,1,0,1,0,1,1,0,0,1,0,0,0,0,0,1,1,1,0,1,1,0,1,1,1,1,1,0,1,1,1,1,1,1,0,0,1,0,0,0,1,1,1,0,0,0.0,-252.08801133112797,1
1,0,1,1,0,1,1,1,1,0,0,0,1,1,0,0,0,1,0,0,1,0,1,1,1,1,0,1,0,0,0,1,1,1,1,1,1,1,1,1,1,1,0,0,1,0,1,0,1,1,1,1,0,0,0,0,1,0,0,0,0,1,1,0,0.0,-252.07610866829776,1
0,1,0,1,0,0,1,0,1,0,0,0,1,1,1,0,0,1,0,1,1,0,0,0,0,1,1,0,1,1,1,1,0,0,1,0,0,1,0,0,0,1,0,1,0,1,0,0,0,1,0,0,0,0,0,0,0,0,1,1,1,1,1,0,0.0,-249.92880785868178,1
0,1,0,0,0,0,0,0,0,1,1,0,1,0,0,1,0,1,1,0,1,0,0,0,0,1,1,0,1,1,0,1,1,1,0,0,0,0,0,1,1,1,0,0,1,0,0,0,0,0,0,1,1,1,0,0,1,0,0,1,1,1,1,0,0.015625,-249.9210336244879,1
0,0,1,1,0,0,1,0,0,0,0,0,0,0,0,1,0,0,1,1,1,1,0,0,0,1,0,1,0,1,0,1,1,0,0,1,0,1,0,1,0,1,0,1,0,1,0,0,1,0,1,0,0,1,0,0,0,1,1,1,0,1,1,0,0.0,-249.9204689848978,1
1,0,1,0,1,0,0,0,0,1,0,0,0,1,1,0,0,1,0,1,1,0,1,0,1,1,0,0,0,1,0,0,1,0,0,0,0,1,0,1,1,1,0,1,1,0,0,0,0,1,1,1,0,0,0,0,1,0,0,1,0,1,1,0,0.0,-249.91470624025914,1
0,1,1,1,0,0,0,1,1,1,0,0,1,0,1,0,0,1,1,1,0,0,1,0,1,1,0,0,1,1,0,0,0,1,1,0,0,1,1,1,0,0,0,1,1,1,0,0,0,0,1,0,0,0,0,0,0,0,1,0,0,1,0,0,0.0,-249.91211682684076,1
1,0,1,1,0,0,1,0,0,1,1,0,0,1,1,0,0,0,0,0,1,0,0,1,0,0,0,0,1,0,0,1,1,0,0,1,0,0,1,0,0,1,0,0,0,0,0,1,1,1,0,1,1,0,0,0,1,1,1,1,0,1,1,0,0.0,-249.91007049178512,1
1,1,1,0,0,1,0,1,1,0,0,1,0,1,1,0,1,1,1,1,1,0,0,1,0,0,1,0,0,0,1,1,0,0,1,1,0,0,1,1,0,0,0,0,0,0,0,0,0,0,0,0,0,1,0,1,0,1,0,1,0,0,1,0,0.0,-249.90974622921857,1
0,0,0,1,1,0,0,0,1,1,1,0,0,0,1,1,0,1,0,0,0,1,0,0,0,1,1,0,1,0,1,1,0,0,0,1,0,1,1,0,1,1,1,0,0,0,1,1,1,0,0,1,0,0,0,0,0,1,1,0,1,0,0,0,0.0,-249.90968742844095,1
1,0,1,1,0,0,1,0,0,1,1,0,1,1,0,0,0,0,1,1,1,0,0,0,1,0,0,0,1,1,1,0,1,0,0,1,0,1,0,1,0,1,0,1,0,0,0,0,0,0,1,0,0,0,1,0,0,0,1,0,1,1,1,0,0.015625,-249.90830523978326,1
1,0,1,1,0,0,0,1,0,0,1,0,0,1,1,0,0,0,1,1,1,0,0,0,0,0,1,0,0,1,1,0,0,0,1,0,0,0,1,1,0,1,0,0,1,1,0,1,0,1,0,1,0,0,0,0,1,1,0,1,0,1,1,0,0.015625,-249.90690463078977,1
1,0,0,0,1,1,0,0,0,0,1,0,1,1,0,1,0,1,1,1,1,1,0,1,0,1,0,0,0,0,0,0,0,0,0,0,0,1,1,1,1,1,0,0,1,0,0,0,1,1,0,0,0,0,1,0,0,1,1,0,0,1,0,1,0.0,-249.90668523225145,1
1,1,0,0,1,1,1,0,1,0,1,0,1,1,1,1,1,0,0,0,0,0,0,0,0,1,0,0,0,1,0,0,0,0,0,1,0,0,0,1,1,1,0,1,1,0,0,0,1,0,0,0,0,1,1,1,0,1,1,0,0,1,0,0,0.0,-249.90533527618265,1
0,0,0,1,1,1,0,1,0,0,0,0,1,1,1,1,0,0,0,1,1,0,0,0,0,1,0,0,1,0,1,0,0,0,0,0,0,1,1,1,0,1,1,1,1,1,0,0,0,1,0,1,0,0,0,0,0,0,1,1,0,1,1,0,0.0,-249.89995143435493,1
0,0,0,1,1,0,1,0,0,1,1,0,1,0,0,0,0,0,0,1,1,0,0,1,0,0,1,0,1,0,0,0,1,0,1,0,0,1,1,1,0,0,0,0,0,0,0,0,1,0,1,1,1,1,0,0,1,0,1,1,1,1,1,0,0.015625,-249.8977368781154,1
1,0,1,0,0,0,0,0,0,0,0,0,1,1,0,0,0,1,0,1,1,0,1,0,0,1,1,0,0,1,1,1,0,0,0,1,0,1,1,1,0,0,0,0,1,0,0,0,1,1,1,1,0,0,0,0,1,0,1,1,1,0,0,1,0.0,-249.89742161154567,1
1,1,0,0,0,0,0,0,0,1,0,0,1,0,0,0,0,0,0,1,1,1,0,1,1,0,0,0,0,1,0,0,1,1,0,0,0,0,1,1,1,0,0,0,0,0,0,0,0,0,1,1,1,1,1,1,1,1,1,0,1,1,0,1,0.0,-249.89709595490845,1
0,0,0,1,1,0,0,1,0,0,0,0,1,1,0,0,0,1,0,0,1,0,0,1,1,1,1,0,1,0,1,0,0,0,0,1,0,1,1,0,0,0,0,0,0,1,0,0,1,1,1,1,0,0,1,0,1,0,0,0,1,1,1,1,0.0,-249.89464902558942,1
0,0,0,0,0,0,1,1,1,1,0,0,0,1,0,0,0,0,0,0,1,0,0,1,1,0,1,0,1,1,1,1,0,0,1,1,1,1,0,1,1,0,1,0,1,1,0,0,0,0,1,1,0,0,0,0,1,1,0,0,0,0,1,0,0.0,-249.894244840981,1
1,0,0,1,0,1,0,0,1,1,0,0,1,1,1,0,0,1,0,1,1,1,0,0,1,0,1,0,0,1,0,0,1,0,1,1,1,1,0,1,0,1,1,1,1,1,0,0,0,1,1,1,1,0,0,0,1,1,1,1,0,1,1,1,0.0,-249.89423521919792,1
0,0,1,1,0,0,0,0,0,0,0,0,1,1,0,0,0,1,1,0,1,1,0,0,1,1,0,0,1,1,1,0,0,0,1,0,1,0,1,1,0,0,0,1,1,1,0,0,1,1,0,0,0,1,0,0,0,1,1,0,0,1,1,0,0.015625,-249.89334719422698,1
0,1,0,0,0,1,1,0,0,1,1,0,0,1,1,0,0,0,1,1,1,1,0,0,0,1,1,0,0,1,0,0,0,0,1,0,0,1,1,1,0,0,1,0,1,1,0,0,1,0,1,1,0,0,0,0,1,0,1,0,1,0,0,0,0.0,-249.8932114273482,1
0,0,1,0,1,1,0,0,1,0,0,0,1,1,0,0,0,0,1,1,1,0,1,0,0,0,1,1,1,1,0,0,1,1,1,1,0,1,1,1,0,0,0,0,0,1,0,0,1,0,0,1,1,0,0,0,0,1,1,0,0,0,0,0,0.0,-249.89303341877772,1
1,1,0,1,0,1,0,0,0,0,1,0,1,1,0,1,1,1,0,1,0,0,0,0,0,0,0,0,0,0,0,0,1,0,0,1,0,1,1,1,0,1,1,0,1,1,0,0,0,0,0,0,1,1,0,0,1,1,1,1,0,1,0,0,0.0,-249.89249430689952,1
0,1,1,0,1,0,0,0,1,0,0,0,1,0,1,0,0,0,1,1,1,0,0,0,0,1,1,0,1,0,0,0,1,0,0,1,0,1,1,1,0,0,0,0,1,1,0,0,0,0,0,1,1,1,1,1,1,0,0,0,1,1,0,0,0.0,-249.89211104160344,1
0,0,1,1,0,0,0,0,1,1,0,0,1,1,1,0,0,1,0,1,1,0,0,1,1,1,0,1,0,0,0,0,0,0,1,1,0,1,1,1,0,1,0,0,1,1,0,0,0,0,1,0,0,1,0,0,0,0,1,0,0,1,1,0,0.0,-249.89110889726692,1
0,0,1,0,0,1,0,0,0,0,0,1,0,1,1,0,0,0,0,1,1,0,0,0,0,1,0,0,0,1,0,1,1,0,1,1,0,0,1,1,1,0,0,1,1,1,1,0,1,0,0,0,0,0,0,1,0,1,0,0,1,1,1,1,0.0,-249.89086274192354,1
0,1,0,0,1,1,0,0,0,0,1,0,1,0,1,0,0,1,1,0,1,0,0,0,1,1,1,0,0,1,1,1,1,0,1,0,0,0,1,1,0,1,0,0,1,0,0,0,0,0,0,1,0,1,0,1,0,1,0,1,0,1,0,0,0.0,-249.8907968644134,1
1,0,0,0,1,1,1,0,1,0,0,0,1,1,0,0,0,0,1,1,1,0,1,0,0,1,0,0,0,1,1,0,1,1,0,1,0,1,1,1,0,1,0,0,1,0,0,0,0,0,1,0,0,0,0,0,0,0,1,1,1,1,0,0,0.0,-249.89075864240206,1
0,0,1,0,0,1,0,0,1,0,0,0,1,1,1,1,0,1,0,1,1,0,1,1,0,0,0,0,1,1,0,0,0,0,0,1,0,1,1,1,1,0,0,1,0,0,0,0,1,0,1,1,0,1,0,0,0,1,1,1,0,0,0,0,0.0,-249.890640933898,1
0,1,1,1,0,1,0,0,0,0,0,0,1,1,0,0,0,1,1,1,0,1,0,0,1,0,0,0,0,1,0,0,0,0,1,0,0,1,1,1,1,0,1,1,0,1,0,1,1,0,0,1,0,0,0,0,1,1,0,0,0,1,1,0,0.0,-249.88887854805043,1
1,0,1,1,0,0,0,0,0,0,0,1,0,1,1,0,0,0,1,1,1,1,0,0,1,1,1,0,0,0,0,1,0,1,1,0,0,1,1,1,0,0,0,0,1,0,0,0,0,0,1,1,0,1,1,0,1,0,0,0,0,1,0,1,0.0,-249.8876317092654,1
0,1,0,0,0,0,1,0,0,0,1,1,1,1,1,0,0,0,1,1,1,1,0,0,1,0,0,0,1,1,1,1,1,1,1,0,0,0,0,1,0,1,0,0,0,0,0,0,0,0,1,0,1,0,1,1,1,0,1,0,0,0,0,0,0.0,-249.88731625669138,1
0,0,1,0,0,1,0,0,0,1,0,1,1,1,1,0,0,0,0,1,1,0,1,0,0,1,0,0,0,0,0,0,0,0,0,1,0,0,0,1,1,1,1,1,1,1,0,1,0,0,1,1,0,0,1,0,0,0,1,1,0,1,1,0,0.015625,-249.88721982873264,1
1,0,1,0,0,0,0,0,0,0,1,0,0,1,1,1,0,0,0,1,1,1,0,1,0,1,1,0,0,1,1,0,1,0,0,0,1,1,0,1,0,0,0,0,0,1,0,1,0,0,0,1,1,0,0,1,0,1,1,0,0,1,0,1,0.0,-249.88590821510616,1
0,0,0,0,0,1,1,1,0,1,0,0,1,1,1,0,0,1,1,0,1,0,0,0,0,1,0,0,0,0,0,0,1,0,0,1,0,1,1,1,1,1,0,1,0,1,0,1,1,0,1,0,1,0,0,0,1,0,0,1,0,0,1,0,0.0,-249.88551655725811,1
0,1,1,0,0,1,1,0,1,1,0,0,1,1,1,0,0,1,0,1,0,0,0,1,1,1,0,0,1,0,0,0,1,0,1,1,0,1,0,0,0,1,0,0,1,1,0,0,1,0,0,1,0,0,0,0,1,0,1,0,0,0,1,0,0.0,-249.88543230960258,1
0,1,1,1,0,1,1,0,0,0,0,0,1,1,1,0,0,0,0,1,1,0,0,0,0,1,0,0,1,0,1,0,0,0,0,1,0,1,1,1,1,1,0,1,0,0,0,0,0,1,1,1,1,0,0,0,0,0,0,0,1,1,1,0,0.0,-249.88463791745116,1
0,0,0,0,0,0,1,1,1,1,0,0,1,1,0,0,0,1,1,0,0,1,0,1,1,0,0,0,0,1,1,0,0,1,1,1,0,1,0,1,1,1,0,0,1,1,0,1,1,0,1,1,0,0,0,0,0,0,1,0,0,0,0,0,0.0,-249.8844677417541,1
1,1,1,0,0,0,1,0,0,1,1,1,0,1,1,0,0,0,0,1,1,0,0,1,0,0,1,0,0,0,0,0,0,0,0,1,0,0,1,1,0,0,0,0,1,1,0,0,1,0,1,1,1,0,0,0,0,1,1,0,1,1,0,1,0.0,-249.882114224362,1
0,1,0,0,0,0,0,1,0,1,0,0,1,1,1,1,0,0,1,1,0,1,0,0,0,1,1,0,1,0,1,0,0,0,0,1,0,1,1,1,1,0,0,0,0,0,1,1,1,0,1,0,1,0,0,0,0,0,0,0,1,0,1,1,0.015625,-249.88147824661152,1
0,0,0,0,1,1,1,0,0,0,1,0,0,1,0,0,0,1,0,1,1,1,0,1,0,1,0,1,0,1,0,0,1,0,0,1,0,0,1,1,0,1,0,1,1,0,0,1,0,0,1,0,0,0,0,0,1,0,1,1,1,0,1,0,0.015625,-249.88134930803972,1
0,1,1,1,0,1,0,0,0,0,0,0,1,1,1,0,1,1,0,0,1,0,0,0,1,1,0,0,1,0,0,0,1,0,0,1,0,1,1,1,1,0,0,0,1,0,0,0,1,0,0,0,1,1,0,1,0,1,0,1,0,1,0,0,0.0,-249.88039098726696,1
0,0,1,0,1,1,0,0,0,1,0,1,1,0,1,0,1,0,1,1,1,0,1,0,0,0,0,0,0,1,0,0,0,0,1,0,1,0,1,0,1,1,1,0,0,0,0,1,1,1,1,1,0,0,0,1,0,1,0,0,0,1,0,0,0.015625,-249.87925802047621,1
0,1,1,1,0,0,1,0,0,1,1,0,1,1,1,1,0,0,0,0,1,0,1,0,0,1,0,0,1,0,1,0,1,0,0,0,1,1,1,1,1,0,1,1,1,0,0,0,0,0,0,0,1,0,0,0,0,0,0,0,1,1,0,0,0.0,-249.87791807142514,1
1,1,0,0,0,1,0,1,0,1,0,0,1,1,1,1,0,0,1,0,1,1,0,0,1,0,0,0,0,0,1,0,0,0,0,0,0,1,1,1,0,0,1,0,0,0,0,0,1,1,0,1,1,1,1,1,0,0,0,1,0,0,1,0,0.0,-249.87764055659255,1
0,1,0,1,1,1,0,0,0,0,0,1,1,1,1,0,1,1,0,1,0,0,0,1,1,1,0,0,0,0,0,0,0,1,1,1,1,0,1,1,0,0,0,1,0,0,0,0,0,0,1,1,1,0,1,1,0,0,0,0,0,1,0,0,0.0,-249.87614139619706,1
0,0,1,0,0,0,1,0,0,0,0,0,1,1,1,0,0,1,1,0,0,0,0,0,0,1,1,1,1,0,1,0,0,0,0,1,0,1,0,1,1,1,0,1,1,0,1,1,0,0,0,1,0,1,0,0,1,0,1,1,0,1,0,0,0.015625,-249.8753092488022,1
0,1,0,0,0,1,1,0,0,1,0,0,1,1,1,1,1,0,1,0,1,1,0,0,0,0,0,0,0,1,1,0,0,0,0,1,0,1,1,1,0,1,0,0,1,1,0,0,1,0,1,1,1,0,0,0,0,0,0,0,1,1,0,0,0.0,-249.87320200553677,1
0,1,1,1,0,1,0,1,0,0,0,0,1,1,0,0,0,0,0,1,1,0,0,1,1,1,0,0,1,1,1,0,0,1,1,1,0,1,1,0,0,1,0,0,0,1,0,0,0,0,0,1,0,1,0,0,0,1,0,0,1,0,0,1,0.0,-249.8723164202425,1
0,0,0,0,0,0,1,1,0,0,0,0,1,0,1,1,0,0,0,0,1,0,1,1,1,1,0,0,0,1,0,0,0,0,0,0,0,1,1,1,1,1,1,0,1,1,0,1,1,0,0,1,0,0,1,0,0,1,1,1,0,1,0,0,0.015625,-249.87122105844082,1
0,0,1,0,0,0,1,1,0,1,0,1,1,1,1,0,0,0,1,1,1,0,1,1,0,0,0,0,1,1,0,1,1,1,1,1,0,1,1,1,0,0,0,1,1,1,1,0,0,0,1,0,0,1,1,0,1,0,1,1,1,1,1,1,0.0,-249.86858299286195,1
0,0,1,1,0,1,0,0,1,1,0,1,0,1,0,0,0,1,1,1,1,0,0,0,1,0,1,0,1,0,1,0,1,0,0,1,1,1,1,0,0,1,0,1,1,0,1,0,0,0,0,0,1,0,0,0,0,1,0,0,0,1,0,0,0.0,-249.86813924788697,1
1,1,0,1,0,1,1,0,0,0,1,0,0,1,0,1,0,1,0,1,0,1,1,0,1,0,0,0,0,1,1,1,0,0,1,0,1,1,1,1,0,1,0,0,0,0,0,0,1,1,0,1,0,0,0,1,0,1,0,0,0,0,0,0,0.0,-249.86721543187284,1
0,1,0,0,0,1,1,0,1,1,1,0,0,0,0,1,0,1,0,1,0,0,0,0,0,0,1,0,1,1,0,0,0,0,0,0,1,1,1,1,1,0,0,0,1,0,0,1,0,1,1,0,1,1,1,0,0,1,0,0,1,1,0,0,0.015625,-249.86718374708695,1
1,0,0,1,0,1,1,1,0,0,1,1,0,1,0,0,1,1,1,0,1,1,0,0,0,0,0,0,1,1,0,0,0,0,0,1,0,1,0,1,0,1,0,0,1,1,1,0,1,1,1,1,1,0,0,0,0,0,0,0,0,0,0,0,0.015625,-249.8649614473479,1
0,0,1,0,0,1,1,0,0,1,0,0,0,1,1,0,0,1,0,1,1,0,1,1,1,1,1,0,1,0,0,0,0,0,1,0,0,1,1,1,0,1,1,0,1,1,1,0,0,0,1,0,0,0,1,0,1,0,0,0,0,0,0,0,0.015625,-249.8645965702227,1
0,1,1,1,0,1,1,0,0,0,0,0,1,1,1,0,0,1,0,0,1,1,0,0,1,0,1,1,0,1,0,1,0,0,1,1,0,1,1,0,1,0,0,1,1,0,0,1,0,0,0,0,1,0,0,0,0,0,1,0,0,1,0,0,0.015625,-249.8617714806303,1
0,0,0,1,0,1,0,1,0,1,0,0,1,1,1,0,0,1,0,1,1,0,0,0,0,1,0,0,1,0,0,1,1,0,1,0,1,0,0,1,0,1,0,1,1,0,0,1,1,0,0,1,0,1,0,0,1,0,0,0,0,1,0,1,0.0,-249.85982031425706,1
0,0,1,1,0,1,1,0,0,1,0,0,1,1,0,0,0,1,0,1,0,1,0,0,1,1,0,0,0,0,1,0,0,0,1,1,1,1,0,1,0,1,1,0,1,1,0,0,1,0,0,1,1,0,0,0,0,0,1,0,0,0,0,1,0.015625,-249.85921054944416,1
0,0,0,0,1,1,1,0,1,0,0,1,1,1,0,0,0,1,0,1,1,1,0,0,1,0,0,0,0,1,0,0,1,1,0,1,0,1,1,1,1,0,0,1,1,0,0,0,1,0,0,1,0,0,0,0,0,0,1,0,0,1,1,0,0.0,-249.85899760819385,1
0,0,0,1,0,1,1,0,1,0,0,0,0,1,1,0,0,1,1,1,1,1,1,0,1,1,0,0,0,0,0,0,0,0,0,0,0,0,1,1,1,1,0,0,1,1,1,0,0,0,0,1,0,1,0,0,1,0,1,0,0,1,1,0,0.015625,-249.85872474200391,1
0,0,1,0,0,1,1,1,0,0,0,0,1,1,0,0,1,0,0,0,1,1,0,0,0,1,1,0,0,1,0,0,0,0,1,0,0,0,1,1,1,0,0,1,0,0,1,1,1,0,0,1,1,1,0,0,0,1,1,0,0,1,1,0,0.0,-249.85696519890033,1
0,0,0,0,0,0,0,0,1,0,0,0,1,1,1,1,0,0,1,0,1,1,1,1,1,1,0,0,0,1,0,0,0,0,0,1,1,1,0,1,0,0,0,0,1,0,1,1,1,0,0,1,0,0,0,1,1,1,1,0,0,1,0,0,0.0,-249.85581888797756,1
0,1,1,0,0,1,0,0,0,0,0,0,1,1,0,0,0,1,0,1,0,1,1,0,1,0,1,1,1,0,0,0,0,0,1,1,0,1,1,0,1,0,0,0,1,0,0,1,1,1,0,0,0,1,1,1,1,0,0,0,0,1,0,0,0.0,-249.8557543463825,1
0,0,1,0,1,0,1,0,0,0,0,1,1,1,1,0,0,1,1,1,1,1,1,0,0,0,0,0,0,1,1,1,1,0,0,1,0,1,1,0,0,0,0,1,0,0,0,1,1,0,0,1,0,1,0,0,1,0,0,0,0,1,0,0,0.0,-249.85479499811046,1
1,1,1,1,1,0,1,0,0,0,0,0,1,1,1,0,1,1,0,1,1,0,0,0,1,1,0,0,0,1,1,1,1,1,0,1,1,1,1,1,1,1,0,0,1,1,0,1,1,1,1,1,0,0,1,0,0,0,1,0,0,1,0,0,0.0,-249.85442777546842,1
0,1,0,1,0,1,1,0,0,0,0,0,1,1,0,0,1,0,1,1,1,1,0,0,0,0,0,0,0,0,0,0,0,0,1,1,1,1,1,1,1,0,0,0,1,0,0,1,1,0,0,1,0,1,0,0,1,0,1,0,0,1,1,0,0.0,-249.84970643285513,1
1,1,0,0,1,1,1,0,0,0,0,0,1,1,0,0,0,0,1,1,1,0,0,0,1,1,0,0,1,0,0,0,1,0,0,1,1,1,1,1,1,0,0,0,1,0,0,1,1,0,0,1,0,0,0,0,0,0,0,0,0,1,1,1,0.0,-249.83626755715179,1
0,0,1,0,0,1,1,1,0,0,0,0,0,1,0,0,0,1,0,1,1,1,0,0,1,1,0,0,0,0,0,0,1,0,0,1,0,1,0,1,0,1,1,0,0,1,1,1,1,0,0,1,1,0,0,0,1,0,1,0,0,1,1,0,0.0,-249.82636516873794,1
0,0,0,1,0,1,1,1,0,1,0,0,0,1,1,1,0,0,0,1,0,1,0,0,1,1,1,0,1,1,0,1,0,0,1,1,0,0,1,0,0,0,1,0,1,0,0,0,0,1,1,1,0,0,0,0,0,1,1,0,0,0,0,0,0.0,-247.15614198079302,1
0,0,1,1,1,1,0,1,0,0,1,0,0,1,0,0,0,1,0,1,1,0,1,1,0,0,1,1,1,0,0,1,1,0,0,1,0,1,0,0,1,0,0,0,0,0,0,0,1,1,0,1,0,0,1,0,0,1,0,0,0,0,0,1,0.0,-247.15570897586815,1
0,1,1,1,0,0,0,1,0,1,0,0,1,1,0,0,0,0,0,0,1,0,0,1,0,1,0,0,0,1,1,0,0,0,1,1,0,0,0,1,0,1,1,0,0,1,0,0,1,0,1,1,1,0,0,1,0,1,0,1,0,1,0,0,0.0,-247.1555634952648,1
1,0,0,0,0,0,1,0,0,0,0,0,1,1,0,0,0,1,1,0,1,1,0,1,0,1,1,0,0,1,0,0,0,0,0,1,1,1,1,1,1,1,1,0,1,0,0,0,0,0,0,0,0,0,0,0,0,1,1,0,1,1,0,1,0.0,-247.15171053727803,1
1,1,1,0,1,0,0,1,0,0,1,0,1,1,1,1,0,1,1,0,1,0,0,1,0,1,1,0,1,0,0,0,1,0,0,0,1,1,1,0,0,0,0,0,0,0,0,0,0,1,0,1,1,0,1,0,0,0,1,0,0,0,0,0,0.0,-247.15093609858778,1
0,0,0,0,0,1,0,0,0,0,0,0,0,1,1,0,0,0,1,0,1,0,0,0,1,1,0,0,1,1,0,0,1,1,0,0,1,0,1,1,1,1,0,1,1,1,0,0,0,1,1,1,1,0,0,0,0,0,1,1,0,1,0,0,0.0,-247.15005599683911,1
0,0,1,1,0,1,0,0,0,0,0,0,1,1,0,0,0,1,0,1,1,0,0,0,0,0,0,0,1,0,1,1,1,1,0,1,0,0,1,1,0,0,1,0,1,1,0,0,0,0,0,1,1,0,0,0,1,1,1,0,0,1,1,0,0.0,-247.14526731118602,1
1,0,0,0,0,0,1,1,0,1,0,0,1,1,0,0,0,0,1,0,1,1,1,0,1,0,0,0,0,1,0,1,1,0,0,0,0,1,1,1,1,1,0,0,0,1,1,0,0,0,1,1,0,0,0,0,0,1,1,0,0,0,1,0,0.0,-247.14430113355724,1
0,1,0,1,1,0,0,1,0,0,0,0,1,1,0,1,0,1,0,0,0,0,0,0,1,1,1,0,0,1,0,1,0,0,0,0,0,1,0,1,0,0,0,0,1,1,0,1,1,0,1,1,1,0,0,0,0,1,0,1,0,1,1,0,0.0,-247.14414035089547,1
0,0,0,1,1,0,0,1,0,1,0,0,0,1,0,0,0,0,1,0,1,0,1,1,1,1,0,0,0,0,0,1,0,1,0,0,1,1,1,1,1,0,0,1,1,0,0,0,1,0,0,0,1,1,0,0,1,0,1,0,0,1,0,0,0.0,-247.14363373503505,1
0,0,1,0,0,1,1,0,0,1,1,0,0,0,0,0,0,0,0,1,0,1,0,1,1,1,1,0,0,0,1,0,1,0,0,1,1,1,1,0,1,0,0,0,1,0,0,0,0,0,0,0,1,1,0,0,0,0,1,1,1,1,1,0,0.0,-247.13879198806362,1
0,0,0,1,1,0,0,0,1,0,0,1,1,1,0,1,0,0,0,1,1,0,0,1,0,1,1,0,0,0,0,0,1,0,0,1,0,1,1,0,0,1,0,1,0,1,0,1,1,1,0,1,1,0,0,0,0,1,0,0,0,1,0,0,0.03125,-247.13717726344268,1
1,0,1,0,0,1,1,0,0,0,1,0,0,1,1,0,0,1,0,1,1,0,1,0,0,1,0,0,1,0,0,0,1,0,0,1,0,0,0,1,0,1,1,0,0,1,0,0,0,0,1,1,0,0,1,0,1,0,1,0,0,1,1,0,0.0,-247.1354088183666,1
0,1,1,1,0,1,0,1,0,0,0,0,0,1,1,0,1,0,0,0,1,0,1,0,0,1,0,0,1,0,1,0,1,1,0,1,0,0,0,1,0,1,0,1,0,0,1,0,0,0,0,1,0,0,1,0,1,0,1,0,0,1,1,0,0.015625,-247.13512339132683,1
0,0,0,0,0,0,1,0,0,0,1,1,1,0,1,0,0,0,1,0,1,0,0,0,1,0,1,0,1,0,0,0,1,0,0,0,1,0,0,1,1,0,0,0,1,1,0,0,0,1,0,1,0,1,1,1,0,0,1,1,1,0,1,1,0.0,-247.1338770119161,1
0,1,0,1,0,1,0,0,1,1,0,1,1,1,1,0,0,0,1,1,1,0,0,1,1,1,0,0,1,1,0,0,1,0,0,1,0,1,1,1,0,1,0,0,0,0,0,0,0,0,0,1,0,0,1,0,1,0,0,0,0,0,0,0,0.0,-247.13386454382797,1
0,0,1,0,0,1,1,0,0,1,1,0,0,1,1,0,0,0,0,1,1,0,0,0,0,0,1,0,0,0,0,1,0,0,0,1,1,1,1,1,1,0,1,1,0,0,0,0,0,0,1,1,1,0,0,1,0,1,0,0,0,1,0,1,0.0,-247.13384987775072,1
1,0,0,0,0,1,0,0,0,1,0,0,0,0,1,1,0,1,0,1,1,0,0,1,1,1,1,0,1,1,0,0,1,0,0,1,0,1,1,0,0,0,0,1,0,0,0,1,0,0,1,0,0,1,0,0,0,0,1,0,1,1,1,0,0.0,-247.13271356940095,1
0,0,0,1,0,1,1,0,0,0,0,1,0,0,0,0,0,1,0,0,1,1,0,0,0,0,1,0,1,1,1,1,0,0,0,1,0,1,1,1,1,1,0,1,0,0,0,0,1,0,0,1,1,0,0,0,0,1,0,0,1,1,0,1,0.0,-247.13251531621833,1
0,0,0,1,0,0,0,0,0,0,1,0,1,1,1,0,0,1,0,1,1,0,0,0,1,1,0,0,0,1,0,1,0,0,1,1,0,1,0,0,0,1,1,0,0,1,1,0,1,0,1,1,0,1,0,0,0,1,1,0,0,1,0,0,0.0,-247.1315329913079,1
0,0,0,0,1,0,1,0,0,0,1,0,0,1,1,0,0,1,1,1,1,0,0,1,1,1,0,0,1,0,1,0,0,0,0,1,0,0,0,1,0,1,1,1,0,0,0,1,0,0,1,1,0,0,1,0,1,0,1,1,0,0,0,0,0.015625,-247.1313315546113,1
0,1,0,0,0,1,0,0,0,1,1,1,1,1,1,1,0,1,0,1,1,1,0,1,0,1,1,0,0,0,0,1,1,0,0,0,0,0,1,1,0,0,0,1,0,1,0,0,0,0,0,1,1,1,0,0,0,0,0,0,0,1,0,0,0.0,-247.12983067727936,1
0,1,1,1,0,1,0,0,0,0,0,0,1,1,1,0,0,0,0,1,1,0,0,1,1,1,1,0,0,0,0,1,0,0,0,1,0,0,1,0,0,1,1,0,1,1,1,0,1,1,0,1,0,0,0,1,0,0,0,0,0,1,0,0,0.0,-247.12823279738072,1
0,1,1,1,0,1,0,0,0,1,0,0,1,1,0,1,0,0,1,1,1,0,1,0,1,1,0,0,0,0,0,0,0,0,0,1,0,1,1,1,0,1,0,0,1,1,0,0,0,1,0,0,0,0,0,1,0,1,0,0,0,1,0,1,0.0,-247.1276169955183,1
0,0,1,1,0,1,1,1,1,1,0,0,1,0,1,0,0,1,0,1,0,0,0,1,0,1,1,0,0,1,0,0,0,0,0,1,0,0,1,0,0,1,1,0,0,0,1,1,0,0,1,1,1,0,0,0,0,0,1,0,1,0,0,0,0.0,-247.12515718723017,1
0,0,0,0,0,1,0,0,0,1,0,1,0,0,1,1,0,1,1,0,1,1,0,0,0,1,1,0,1,0,0,0,0,0,0,0,0,1,1,1,0,0,0,1,1,1,0,1,0,0,1,1,0,1,0,0,0,0,0,0,1,1,1,1,0.0,-247.12396258403155,1
1,1,0,1,0,1,0,0,0,0,0,1,0,1,0,0,0,1,1,1,1,0,0,0,1,1,0,0,1,1,1,0,0,1,1,1,0,1,1,0,1,0,0,0,1,0,0,1,0,0,0,0,0,0,1,0,0,0,0,0,0,1,1,0,0.0,-247.12190059064193,1
1,1,1,1,0,0,1,0,0,1,0,0,1,1,1,0,0,0,1,1,1,0,0,0,0,1,0,0,0,0,1,0,0,0,1,0,0,1,1,0,0,0,1,0,0,1,1,1,1,1,0,1,0,0,0,1,1,0,0,0,0,0,0,0,0.0,-247.1213069781628,1
0,1,1,0,0,1,1,0,0,0,0,0,1,0,0,0,0,0,1,1,1,1,0,0,0,1,0,0,1,0,0,0,0,0,0,1,0,1,1,1,1,1,0,1,0,1,0,0,1,0,1,1,1,1,0,0,0,0,1,0,0,1,0,0,0.015625,-247.1206884124353,1
0,0,1,0,0,1,0,0,0,0,0,0,0,1,0,0,0,1,1,1,1,1,0,1,0,1,0,0,1,0,1,0,0,1,1,1,0,1,1,1,0,0,1,0,1,1,0,1,1,0,0,1,1,0,0,0,1,0,0,0,0,0,0,0,0.015625,-247.11867176485455,1
0,1,1,1,1,0,1,0,1,1,0,1,1,1,0,1,0,1,1,0,1,0,1,1,0,1,0,1,1,1,0,0,1,1,0,0,0,1,0,1,0,1,0,0,1,0,1,0,1,0,0,1,1,0,0,1,1,1,1,1,1,0,1,1,0.0,-247.11832993968534,1
0,0,0,0,0,1,1,0,0,0,1,0,0,1,0,0,0,1,0,1,0,1,1,0,1,1,0,0,1,0,0,0,0,1,0,0,0,1,1,1,1,0,0,1,1,1,0,1,1,0,1,0,1,0,0,0,0,0,1,0,0,1,1,0,0.0,-247.11811080413588,1
1,1,1,0,0,1,0,1,0,1,1,0,1,1,0,1,0,1,0,1,0,1,1,1,0,1,0,1,0,1,1,1,0,0,0,1,1,1,0,1,1,0,0,1,1,1,0,1,1,1,0,1,1,1,0,0,1,1,1,0,1,0,0,0,0.0,-247.11435129121304,1
0,1,1,0,0,0,1,0,0,0,0,1,0,1,0,0,0,0,1,0,1,1,0,0,1,0,1,0,0,0,1,0,0,1,0,1,0,1,1,1,1,0,1,0,0,1,0,0,0,0,0,1,1,1,0,0,1,1,1,0,0,1,0,0,0.0,-247.1121141248501,1
0,0,1,1,0,1,0,0,0,0,0,1,0,1,0,1,0,0,0,1,1,0,0,0,1,1,0,1,0,1,0,0,0,0,1,1,0,0,1,1,1,0,0,1,0,1,0,1,1,0,1,0,0,0,0,0,1,0,1,0,0,1,1,0,0.0,-247.10614525538577,1
0,1,1,0,0,1,0,0,0,0,0,0,0,1,0,0,0,0,0,1,1,1,1,1,1,1,1,0,1,0,0,0,1,0,1,0,0,1,1,0,0,1,1,0,1,0,1,0,0,1,0,1,0,1,1,0,0,0,0,0,0,1,0,0,0.0,-247.10594152183995,1
0,0,1,0,0,0,1,1,0,1,0,0,1,1,0,0,1,0,0,1,1,0,0,0,0,0,1,1,0,1,0,0,1,0,1,0,1,0,1,0,0,0,0,0,1,1,1,1,1,0,0,1,0,0,0,0,1,0,0,1,0,1,1,0,0.0,-247.10495596669872,1
0,0,1,0,0,1,1,0,0,0,0,0,1,1,0,1,0,1,0,1,1,0,0,1,0,0,0,0,1,0,0,0,0,0,0,0,1,1,1,0,1,0,0,1,1,0,0,1,1,0,0,1,1,1,0,1,0,1,0,0,0,1,1,0,0.0,-247.10376711923885,1
1,1,1,0,0,1,1,0,0,1,0,0,1,1,0,0,0,1,0,1,1,0,0,1,1,1,0,0,0,0,0,0,0,0,0,1,1,0,1,0,1,0,0,0,1,0,0,1,1,1,1,0,1,0,0,0,1,0,1,0,0,0,0,0,0.0,-247.09490799008697,1
0,1,1,0,0,1,1,0,0,0,1,1,0,1,1,1,0,1,0,0,1,0,0,1,1,1,1,0,0,0,0,0,0,0,1,1,0,1,0,1,0,0,1,0,1,0,0,1,0,0,0,1,0,0,1,0,0,0,0,0,1,0,1,0,0.0,-247.09487535649768,1
0,0,1,0,0,1,0,1,0,0,0,0,1,1,0,0,0,1,0,1,1,1,1,0,1,1,0,0,1,0,0,0,0,0,1,0,1,0,1,0,0,1,0,1,1,0,0,1,0,0,1,1,1,1,0,1,1,0,0,0,0,0,0,0,0.0,-247.0844988132181,1
0,0,0,1,0,1,1,0,1,0,1,0,1,1,0,0,0,0,0,0,1,1,0,0,1,0,0,0,0,1,0,0,0,0,0,1,0,1,1,1,0,0,1,1,1,1,1,1,0,0,0,1,0,0,0,1,0,0,1,0,0,1,0,1,0.0,-247.08362607325526,1
1,1,0,0,0,0,1,1,0,1,0,1,0,1,1,0,1,0,0,0,0,0,1,0,1,0,0,0,1,0,0,0,0,0,0,1,0,1,1,1,0,1,1,0,1,0,1,1,0,1,0,1,0,1,0,0,0,0,1,0,0,1,0,0,0.0,-247.08041403431685,1
0,1,1,0,0,1,0,1,1,0,1,0,0,0,0,0,0,1,0,0,1,0,0,1,0,0,0,1,1,1,0,0,1,0,0,1,1,1,1,1,0,0,0,0,0,1,1,0,1,1,0,1,0,1,0,0,1,0,0,0,0,1,0,0,0.0,-247.07725441228067,1
0,1,0,1,1,1,0,0,0,1,0,0,0,1,0,0,0,0,1,0,0,0,0,0,0,1,1,0,0,1,1,1,0,0,0,0,0,1,1,1,1,0,0,0,0,1,0,0,0,1,1,1,1,0,1,0,1,0,0,0,0,1,0,1,0.0,-243.92140624463642,1
1,0,1,0,0,1,0,0,0,0,1,0,1,1,0,0,0,1,0,0,1,0,0,0,0,0,0,1,1,0,1,1,1,0,0,1,0,0,1,0,1,1,0,0,0,1,0,0,1,1,0,1,0,0,0,0,0,1,1,0,1,0,1,0,0.0,-243.90900836899237,1
0,1,1,0,0,0,0,0,0,0,0,0,1,1,1,0,0,0,1,1,1,0,1,1,0,1,0,0,0,0,0,1,1,1,0,0,1,1,1,0,0,1,0,0,1,1,0,0,1,0,1,0,0,0,0,0,1,0,0,1,0,1,0,0,0.0,-243.90705961695858,1
0,0,0,1,1,0,0,0,0,0,0,0,1,1,1,0,1,1,0,0,1,0,1,1,0,0,0,0,1,1,0,1,0,0,1,0,0,1,0,0,1,0,0,0,0,1,0,1,0,0,1,1,1,0,0,0,1,0,0,0,1,1,1,0,0.0,-243.9059186068738,1
0,0,1,0,1,0,1,1,0,1,0,0,1,0,0,0,0,0,0,1,1,0,0,0,0,1,0,1,0,1,1,1,1,0,0,0,1,0,1,0,1,0,0,1,0,1,0,0,1,0,1,1,1,0,1,0,0,0,1,0,0,0,0,0,0.0,-243.89034416462565,1
1,0,0,0,0,0,0,1,0,0,1,0,0,1,1,0,0,1,0,1,1,0,0,1,1,0,0,0,1,0,1,0,1,0,0,1,0,1,1,0,0,1,1,0,1,0,1,0,1,0,1,0,0,0,0,0,0,1,1,0,0,0,1,0,0.0,-243.88330390147237,1
0,0,0,0,0,0,1,0,0,1,0,0,1,1,1,0,0,1,1,1,1,0,0,0,1,1,1,0,0,0,0,0,0,0,0,0,1,1,1,1,0,0,0,1,1,1,0,0,1,0,1,1,0,0,0,0,1,0,1,0,0,1,0,0,0.0,-243.87684957701774,1
0,1,1,0,0,1,1,1,0,0,1,0,0,0,1,0,0,1,1,1,1,0,0,1,0,1,0,0,0,0,0,0,1,0,1,0,1,1,0,1,0,1,0,0,1,0,0,0,0,0,1,0,0,0,0,0,1,0,0,1,1,1,0,0,0.0,-243.8768172520662,1
0,0,1,0,0,0,1,0,0,0,0,1,1,0,0,0,0,0,0,1,1,0,1,0,1,0,0,0,1,0,0,0,1,0,1,1,1,0,1,1,0,1,1,0,1,0,0,0,1,0,0,1,0,0,0,0,1,1,1,0,1,0,1,0,0.0,-243.84892088529108,1
1,0,1,0,0,0,1,0,0,1,0,0,1,1,1,0,0,0,0,0,0,1,0,1,1,1,0,0,1,1,0,0,0,0,1,0,0,1,0,1,1,1,1,1,0,1,0,0,0,0,0,1,0,0,0,0,0,0,1,0,0,1,0,0,0.0,-240.16102196611308,1
0,0,1,0,0,0,0,0,1,1,1,0,1,1,0,0,0,0,1,1,1,0,0,1,0,1,0,0,0,0,1,0,0,0,0,1,0,1,1,1,0,0,0,0,0,1,0,0,0,0,0,1,0,0,1,0,1,1,1,0,0,1,1,0,0.0,-240.15695543488772,1
0,0,1,1,0,0,0,0,0,0,0,1,1,1,1,1,1,0,1,0,1,0,1,0,0,1,1,1,0,0,1,0,0,0,0,0,0,0,1,0,1,0,0,0,1,0,0,0,0,0,0,1,1,0,0,0,1,1,1,0,0,1,0,0,0.0,-240.14891485134143,1
0,0,0,0,0,1,1,0,1,0,1,0,0,1,0,0,0,0,1,0,1,0,0,1,0,0,1,0,0,0,1,1,1,0,0,0,0,0,1,1,0,0,0,0,1,0,1,0,0,1,0,1,1,0,1,0,0,0,1,1,1,0,1,0,0.015625,-240.14236138773614,1
0,1,1,0,0,1,0,0,0,1,0,0,1,1,0,1,0,0,1,1,0,1,0,0,0,0,0,0,1,1,0,0,0,0,1,1,0,1,1,0,1,1,0,0,0,0,0,1,0,0,1,0,0,0,0,0,1,1,0,0,0,1,1,0,0.0,-240.13925574673198,1
0,0,1,0,0,1,0,0,0,0,0,0,0,0,1,0,1,0,0,0,0,1,0,1,1,1,1,0,0,0,1,0,0,0,0,0,1,1,1,1,0,0,0,0,1,1,0,1,0,0,0,1,1,0,1,0,1,0,0,1,0,1,1,0,0.0,-240.13182133681516,1
0,0,0,0,1,1,0,0,0,0,0,0,1,1,1,0,0,0,0,0,1,0,0,1,0,0,0,1,1,0,1,0,1,0,1,0,0,0,1,0,1,0,1,0,0,1,0,1,0,1,1,1,0,0,0,1,0,0,0,0,0,1,1,1,0.0,-240.12849114251222,1
0,1,1,0,1,1,1,0,0,0,0,0,1,0,0,0,0,1,1,1,1,0,0,0,1,0,0,0,0,1,0,0,0,0,0,1,1,1,0,0,1,0,0,0,1,0,0,0,1,0,1,0,0,0,0,0,1,1,0,1,0,1,1,0,0.0,-240.1182404932498,1
0,0,1,0,0,1,1,0,0,0,1,1,1,1,1,0,0,0,0,0,1,0,0,1,0,0,0,0,0,0,1,0,0,0,1,0,1,1,1,1,0,1,1,1,0,1,0,0,0,0,0,1,0,0,1,1,0,0,0,0,0,0,1,0,0.0,-240.11773952424096,1
0,1,0,0,1,1,0,0,0,0,0,0,1,1,1,1,0,1,0,1,1,0,0,1,1,1,0,0,1,0,0,0,0,1,0,0,1,0,1,1,0,0,1,0,0,0,0,0,0,0,0,0,1,1,0,0,0,0,0,0,1,1,1,0,0.015625,-240.10845367046343,1
0,0,0,0,0,0,0,0,0,0,0,0,1,1,0,0,0,1,1,1,0,0,0,1,1,1,0,0,1,0,0,1,0,0,0,1,1,0,1,0,1,0,1,0,0,0,0,0,1,0,0,0,1,1,0,0,0,1,1,1,0,1,1,0,0.0,-235.9098605992058,1
0,0,1,0,0,0,0,1,0,1,0,0,1,1,1,1,0,1,0,1,1,1,0,1,1,0,1,0,0,0,0,0,0,1,0,0,0,1,1,0,1,0,0,0,0,0,0,0,0,1,0,1,1,0,0,0,1,0,1,0,0,0,0,0,0.0,-235.89383621536467,1
1,0,1,0,0,0,0,0,0,0,0,0,0,0,1,0,0,0,0,0,1,1,1,1,0,1,0,0,0,0,1,0,1,0,0,1,0,1,1,1,0,0,0,0,1,1,0,1,0,0,0,0,1,1,0,0,0,0,1,1,0,1,1,0,0.015625,-235.87910457094284,1
0,1,1,0,0,1,1,0,0,0,0,0,0,0,1,0,1,1,0,0,0,1,1,0,1,0,0,0,0,0,1,0,0,0,1,0,0,1,0,1,0,0,0,0,1,0,0,1,1,1,0,1,1,0,0,0,1,1,0,0,0,0,1,0,0.0,-235.85178054166994,1
0,1,0,1,0,1,1,0,0,0,0,0,1,1,1,1,0,1,0,1,1,0,1,1,0,0,0,0,0,1,0,0,0,0,0,0,0,1,1,0,1,0,0,1,0,1,1,0,0,0,1,0,1,0,0,0,0,0,0,0,0,0,0,0,0.0,-231.11189103680994,1
