
#parameters    
param n, integer, > 0; /* number of assets */    
param B, >= 0;      
param mu{i in 1..n};                          
param sigma{i in 1..n, j in 1..n};    
param q;    
                                              
#variables                                    
var y{i in 1..n, j in 1..n}, binary;    
var x{i in 1..n}, binary;                     
    
#capacity constraint    
s.t. card0: sum{i in 1..n} x[i] = B ;    
#constraints to link x and y                   
s.t. card1{i in 1..n,j in 1..n}: y[i,j] <= x[i] ;    
s.t. card2{i in 1..n,j in 1..n}: y[i,j] <= x[j] ;    
s.t. card3{i in 1..n,j in 1..n}: y[i,j] >= x[i]+x[j]-1 ;    
    
#objective function    
minimize obj: sum{i in 1..n, j in 1..n} y[i,j] * sigma[i,j] * q - sum{i in 1..n} mu[i]*x[i];    

solve;
printf: "{ ""solution"": [%d", x[1] > "results/testingQ/IPL_linearized_N50q10.00B25P4.421371426683283_solution.json";
printf{i in 2..n}: ",%d", x[i] >> "results/testingQ/IPL_linearized_N50q10.00B25P4.421371426683283_solution.json";
printf: "]}" >> "results/testingQ/IPL_linearized_N50q10.00B25P4.421371426683283_solution.json";

#data:
data;

param n := 50;
param q := 10;
param B := 25;
param mu :=
1 0.037297199970720424
2 0.05472078158484254
3 0.0314167088905691
4 0.04813169035745158
5 0.029873150010157733
6 0.015425356737715576
7 0.044324332404553794
8 0.02303816689033439
9 0.02843947445352833
10 0.021331734686932707
11 0.029180883049883078
12 0.04074454015675197
13 0.019735068749932843
14 0.033355094669451725
15 0.0031403166739210064
16 0.0004806620444382052
17 0.06291678387395723
18 0.03042869248781645
19 0.0594876867170785
20 0.02145337925113695
21 0.042555223577580764
22 0.0024442374419703186
23 0.08261845507353045
24 0.0828507048347646
25 0.06679217856473955
26 0.011252141765134541
27 0.012240004660415046
28 0.03230668671525417
29 0.07865972313590149
30 0.026877098864607873
31 0.04506252874972296
32 0.03444353880071996
33 -0.0001664946488857677
34 0.06081610004339875
35 -0.011987004069290865
36 0.018476693761501184
37 0.02584643338342758
38 0.015811352950186115
39 0.01744440083365727
40 0.028469468094930516
41 0.03581807194422457
42 0.07700997802627708
43 0.016302866380235398
44 0.030339714811727647
45 0.06585726802568848
46 0.003935078306427457
47 -0.005601625847304568
48 0.03435875238625872
49 0.011962489853028871
50 0.04677425682759128;
param sigma : 1 2 3 4 5 6 7 8 9 10 11 12 13 14 15 16 17 18 19 20 21 22 23 24 25 26 27 28 29 30 31 32 33 34 35 36 37 38 39 40 41 42 43 44 45 46 47 48 49 50 :=
1 0.00372086304966256 -0.0004858101325315351 0.0012436499093642945 0.0025480351341634713 0.003898310132429552 0.000855680353220592 0.004237569412648537 0.0013666567198626013 0.0028312154661338284 0.0021640177899699613 0.0014714455257295463 0.0010850946611695364 -8.105031153568395e-05 0.0030737869461097086 0.0006058369374215717 -0.00035234740276052565 -0.0007448899588295737 0.0022378008743508815 0.0030923281950968064 -0.00036824266719894563 0.0032434544581429357 0.002330956219751492 0.0077366688719063045 0.0018142335612766401 0.0031868688631925103 0.0005848975191010251 0.0012019591515571042 0.001166470396591868 0.004945304179736274 0.0019062746763883864 0.00630606835170529 0.0031584538275967683 1.064630606469342e-05 0.0031088433980534344 0.0019191450558711893 0.0012826568628629732 0.005314473815333 0.0031803368434967227 0.0018278375676661573 0.002795375696280827 0.0017015949568327646 0.002703293523772751 0.0018735146565307106 0.0033021557715831513 0.0024793175937237815 0.0012232261555723397 0.0006356370294816427 0.002248345079327648 0.0016783045447221181 0.001981139947846634
2 -0.0004858101325315351 0.021478127463204898 -0.0011358554220769394 0.0033719787656701383 0.006185549471094953 0.00042387110002289164 -0.0011632206151674877 -0.0007941143060592331 0.004027046604920485 0.005081800407067473 0.006842328832635633 0.0014404711377879094 0.0032724077863637356 0.005110301498032695 -0.00642625741444411 -0.008548952197727956 0.006899320080215628 0.007455111185198403 0.0004958828676396999 0.0002227206551631674 -0.002254206469959788 -1.8458678094394053e-05 0.004646167800980068 -0.0018499169354008471 0.013851182498117676 0.004116776301475075 0.004565592875465716 0.0024065119854558927 0.009281584823088438 0.00024839743904637345 -0.0014906343815436927 0.0023190455024623456 0.0022933736423162085 0.0019443684534421015 -0.0015518478840547169 0.0026154494214140106 -0.0033179730685736386 0.002678703698820313 -0.0007959190854616305 0.0006575502140530765 -0.0002905428540491889 0.024586946766270944 -0.004704007583988043 -0.0006850295155479813 0.0058695331863915234 0.0011264521416845706 -0.002260505912942505 0.001038296438571593 0.006646699578541595 0.005156781216120601
3 0.0012436499093642945 -0.0011358554220769394 0.003278795115016904 0.0020278231719292553 0.002035207771100918 -0.00016780505120329766 0.002668322830290643 -0.0002374969150914908 0.002118357972047945 0.0023219365776913 -0.0001561808499251027 0.0011812007567851622 -0.0006052607765258077 0.0017595380673138586 0.0010388415682141823 -0.00014820823498805908 -0.0006169236717865945 -0.0002590047450444328 0.0015570570185217106 -0.00032011584760214537 0.003156123759704017 0.0010475991246100297 0.0005748993797562907 -0.0004752789528031596 0.0015064034738945984 -4.2103335429084634e-05 0.0005236101731343038 0.001980717804710601 0.0006241072598278724 0.0026104830050488227 0.0020389986959694624 0.0016290565452527189 3.4714110760744e-05 0.002323969486521642 0.0006900299910696996 0.0006311541860279933 4.428224614706439e-05 0.0013547690636917808 0.0015226801124881588 0.002927435602964083 0.0015682194124376101 0.001551409788781192 0.0015525310504112763 0.0009502462086495939 0.000272176337207382 0.0007140498485795502 0.0011419221964858132 0.002864578395980539 -0.0003393260143805627 0.00046436029254966535
4 0.0025480351341634713 0.0033719787656701383 0.0020278231719292553 0.01068698151388928 0.0030780826219121023 0.0001386179291757014 0.008693776530073789 0.0026277405780629143 0.004492109564432213 0.006625125447475901 0.0009194758597886071 0.00012622635268701377 -0.001601872871046573 0.004721862673551282 0.0009864494325328356 -0.0020343859283540543 0.0034570915338469703 0.0009596728281482241 -0.0023445046767455176 0.0034452164040476145 0.0024839379287782417 0.0053013927256672705 0.005623208754224879 -0.001309195588908724 0.0005997762501763405 0.0007512131190459303 0.001941260727131281 0.0026773005198854442 0.0005467272090351478 0.002921299966081076 0.011289415695257767 0.0026649394986273966 0.003264660219115703 0.001160555363011321 0.0012373595501323433 0.006604256241047332 0.0031324768305176194 0.005664137112731992 0.0009656298557617507 0.0005348498066180318 -0.0010755546578848903 0.00649735984846859 0.0033381016236122907 0.0025551864096915646 0.0008961829168309765 0.0035976050367833344 0.0012284994811612442 0.00396985116512433 0.0011290940979030808 0.0029004901702797486
5 0.003898310132429552 0.006185549471094953 0.002035207771100918 0.0030780826219121023 0.008206413860316035 0.0016878330015191552 0.003297712929717369 -0.0003662222697659281 0.005258143212213128 0.004065379926179994 0.00447414916833453 0.0016072149098432325 0.0022429636225328284 0.006603387068457323 -0.0015089824864552403 -0.0027085214794442675 2.9149576249093468e-05 0.005746968012768208 0.006219349516138767 -0.0006167933403175943 0.0042008623563830425 0.0026307197814022204 0.010476351114338402 0.0017584896523159261 0.009518843427467394 0.002799839161376771 0.004052777232439607 0.002616389592981648 0.00928450563241391 0.003495333103459722 0.0040156050924683735 0.005232348196861125 -6.902407415087094e-05 0.005370688206613423 0.0015716951957155272 0.0013497849079921519 0.005060877584693812 0.0037545695849553044 0.0032689400263203046 0.00413896740659735 0.0025018559809117883 0.01392195292439081 -5.76151032170668e-05 0.003726142265007919 0.004692378216140766 0.0019615058749748032 0.0011670737321084301 0.003008266339647425 0.004265543553696446 0.0033736487343754657
6 0.000855680353220592 0.00042387110002289164 -0.00016780505120329766 0.0001386179291757014 0.0016878330015191552 0.0018701352819366628 0.0006806761790979294 0.00024876532635668296 0.0004539462340439238 0.00011384545832657556 0.0007727702017487949 -0.00023419269867899648 -0.00022267527542771818 0.0010173665762229023 -0.0007310211281903996 -0.00010287762340112758 -0.0013970346628842804 0.0013459322769682912 0.0016799888777034103 -0.0004288571728724034 0.0007377849772873614 0.001832416323186974 0.002793916575692263 -0.00030711295748586827 9.908023231991014e-05 0.0003888432168895802 0.0003811199410840432 -0.0015058675732078101 0.002369216123014474 0.0004311020610716065 -0.0004702659813889631 0.0005089872629414466 0.00048493703200775274 0.001187950347545912 0.0010189812004596363 7.44136039851617e-05 0.0017656732073570729 0.00012166670843985989 -6.162373695482655e-05 0.0005162119355619562 0.0006720005090480049 0.0021191987288592127 0.00034771864326685987 0.00049679887097703 8.816001667656373e-05 0.00014107335631886831 0.0005084277419773525 -0.0002851755181259529 0.0009493442560445672 0.00041596254675931705
7 0.004237569412648537 -0.0011632206151674877 0.002668322830290643 0.008693776530073789 0.003297712929717369 0.0006806761790979294 0.013225099482050152 0.00356200756647549 0.003916869461276445 0.004281587694102385 0.0005470566626033159 0.00037327290580309536 -0.004027952863595836 0.004142889850631602 0.0020796008873294977 -0.0002700555268574136 0.0008154430256318047 0.000495921609344591 8.586510560336734e-05 0.0008100566273987415 0.004913665202513573 0.006115987711608469 0.00806370749366409 -0.00016068902325046548 -0.001887836687725367 0.0006342106031738544 0.0001313140974351079 0.0032057328826526964 0.004085075487703289 0.002247371593793452 0.012179466951325367 0.002073351799319346 0.0031797522917003038 0.002804489504890806 0.0033338002212437655 0.005489831874693938 0.009201941441799096 0.006079863958417922 0.0008106495494188792 0.0029645921253354524 -0.0005194115284640438 0.005249357747873539 0.0046310771032562256 0.0032038706627195083 0.0005882346774936139 0.004885939332594464 0.0018120303627084475 0.006588986434026625 0.00041674390619891573 0.0027590792940726376
8 0.0013666567198626013 -0.0007941143060592331 -0.0002374969150914908 0.0026277405780629143 -0.0003662222697659281 0.00024876532635668296 0.00356200756647549 0.0031820291479622864 0.00010482522688664593 0.0004921726016858225 -0.0008826915357204093 -9.320477610009594e-05 -0.002076863949520133 -0.001039398169910879 0.0005021521946852861 -0.0004670479878983849 6.673048770827848e-07 0.0002887983581443388 -0.0018452934375638177 0.0008823859909501589 -0.00017593806558891046 0.0026407948943876452 0.003020732528360166 -0.0020538618630474613 -0.0016209494610247822 -0.0004211373082806291 -0.0008178973173677471 0.00021584134493619038 0.0006013116448972628 -8.444825001415462e-05 0.005173940462496275 0.0003859161598240095 0.0016827184841109206 -0.0004178744300855888 0.0009571184314839335 0.0014447605519489002 0.0028192788017126187 0.0017379184418386845 4.242183190256508e-05 0.00012340057560313326 -0.0002604274647684019 -0.0012073461587879997 0.0017975107361615523 0.0007274313239463908 2.1432772587395546e-05 0.0001167788025492741 -0.00020252852231041776 0.0005413381140925837 0.0007899958910552436 0.0007363634675820105
9 0.0028312154661338284 0.004027046604920485 0.002118357972047945 0.004492109564432213 0.005258143212213128 0.0004539462340439238 0.003916869461276445 0.00010482522688664593 0.004402047868653904 0.004288663339961004 0.002569716059587611 0.0014347597895962177 0.0008478557440219728 0.004923982642383964 -7.041795569625606e-05 -0.0019008339629877553 0.0011117151395976827 0.003392936779818298 0.002843695953802663 0.0004943615172088329 0.0033883287902203916 0.0022588123377368695 0.006448472058711347 0.0007927815208903542 0.006068899605926751 0.0018162574638193782 0.0029304824217113745 0.002141730365538898 0.005034190582410727 0.0029552529222399942 0.0062346206796759975 0.003912062786987808 0.0006518536331647023 0.0032445671562431606 0.0009197530563788441 0.002606217911310748 0.0033349721536860776 0.003645070516522464 0.002404237149391398 0.003021950461407116 0.0014245626157052243 0.009813814850636603 0.0012395702630208331 0.002959627479226451 0.0029456003024614153 0.0022846278745450965 0.0012033967351563189 0.003035563125607747 0.002572395554156302 0.0025853969418604553
10 0.0021640177899699613 0.005081800407067473 0.0023219365776913 0.006625125447475901 0.004065379926179994 0.00011384545832657556 0.004281587694102385 0.0004921726016858225 0.004288663339961004 0.006271863540500653 0.002130988267971128 0.0010234085428369307 9.727928926915328e-05 0.004844195605973262 -0.000614256821869004 -0.003020537129355122 0.0026393432551367843 0.0014963116479752485 -0.0005460322983879848 0.0013060400460978773 0.0024810351538099348 0.0027646502613290665 0.004346742506018126 -0.00030137002444499846 0.004106149736553927 0.0008237373269755023 0.002154221289229019 0.002632851825141274 0.0018627246371695637 0.0031277799446989343 0.005497824273708163 0.0027902441993400205 0.001620576196078851 0.0024309780979138796 0.0009569041542477161 0.003758891528894008 -0.0006864316553085266 0.00435464174659795 0.0005049335315552229 0.0019323588440644268 0.0007418799870428877 0.0051791483650307345 0.0013310979216188826 0.0018542206362280212 0.002189873997957927 0.0017269415602601146 0.00014233313499291715 0.0032307890361231227 0.0012609642664351615 0.0031170503790724944
11 0.0014714455257295463 0.006842328832635633 -0.0001561808499251027 0.0009194758597886071 0.00447414916833453 0.0007727702017487949 0.0005470566626033159 -0.0008826915357204093 0.002569716059587611 0.002130988267971128 0.003873405374840898 0.0006467603269265885 0.0022126525147291307 0.004130922672303004 -0.0022931874057573382 -0.0025173057791819326 0.0016186596137325625 0.0038301991398096494 0.0027835852789841946 -0.000468497174819143 0.0010571468379296542 0.0004074575283695758 0.005796840234181972 0.0020835230885242195 0.006337867911066557 0.0022292211265999397 0.0025067798634167827 0.0020307399782014163 0.005864656390838147 0.0009896373345423825 -0.00037994982208929776 0.0022504396291785156 3.6641644094620954e-06 0.002584743298538137 0.0003644027738966843 0.0004364903336660832 0.0016182402708612201 0.0019706846239162033 0.0006341241470767745 0.0013214950431829477 0.00072463034388281 0.008719182080092256 -0.0017600928146853918 0.001342990537737764 0.003612329208125428 0.001085347821725526 -0.00041721463365406494 0.001255244307950895 0.0026275089906231453 0.0026941181476220124
12 0.0010850946611695364 0.0014404711377879094 0.0011812007567851622 0.00012622635268701377 0.0016072149098432325 -0.00023419269867899648 0.00037327290580309536 -9.320477610009594e-05 0.0014347597895962177 0.0010234085428369307 0.0006467603269265885 0.0016353107898363151 7.080483597576731e-05 0.0007250633643095408 0.0002288575429364718 -0.000782518052383074 0.00016630002910672094 0.001491652010165831 0.0017277004993877837 -0.0008252976700516852 0.0014045111420209367 -0.00042855961962725577 0.0011306231785922342 9.440554355236836e-05 0.0038047071410980495 0.00042559926498829615 0.0007672256170506997 -0.000213125443154767 0.0028024886992604396 0.0008504551667430543 0.002881829742550786 0.001584936847485533 -0.0001836830598963689 0.0013951691357196373 3.5531073647512394e-05 0.0002782811498613927 0.000664049071897051 0.0007456702134808139 0.001011065712533759 0.002394833146619347 0.0015589660683952738 0.004563610324709448 0.0007818083249980963 0.0010866101543088298 0.0014261187679307716 0.00032754872698721467 0.00027444064127049697 0.001060671776637008 0.0013365639812165891 0.0007992061977968284
13 -8.105031153568395e-05 0.0032724077863637356 -0.0006052607765258077 -0.001601872871046573 0.0022429636225328284 -0.00022267527542771818 -0.004027952863595836 -0.002076863949520133 0.0008478557440219728 9.727928926915328e-05 0.0022126525147291307 7.080483597576731e-05 0.004087361911867078 0.002210552721181622 -0.0013077163620575012 -0.0006494283435955248 0.0010621799770779586 0.0017489946113084358 0.002976880553885734 0.00024043932687013245 -0.0004270770093538959 -0.0022915144176181936 0.0019722721663996755 0.0033064088840616527 0.00521552770972706 0.0009309840057414669 0.0021943342996246246 0.001499050056988843 0.0016088204850485198 0.000442919234313612 -0.003491445174935412 0.001522806044810634 -0.002286206215551226 0.0011626942572071897 -0.00115401045465217 -0.0013894392837362766 -0.0014042932493652182 -0.0005724719675429593 0.0014439692792005423 -0.0007762025816720801 0.0003328216129327353 0.0031234011110881296 -0.0028762585567700576 0.0007302135617021049 0.0024175676666635415 -0.0008611552495482324 -0.0005549698847962072 -0.001341001648985746 0.0010942170748196194 0.0003864651916006221
14 0.0030737869461097086 0.005110301498032695 0.0017595380673138586 0.004721862673551282 0.006603387068457323 0.0010173665762229023 0.004142889850631602 -0.001039398169910879 0.004923982642383964 0.004844195605973262 0.004130922672303004 0.0007250633643095408 0.002210552721181622 0.007259274602583481 -0.0009329553349924656 -0.0019019747148934908 0.0016509360975414317 0.0034549231298535207 0.003992203178802198 0.00046847552565061043 0.0038610019016400605 0.0022490539886887485 0.008346039243588453 0.0033990728071393557 0.006283723611054655 0.0022644119847773482 0.0035839760296569644 0.003362299911660413 0.005740353477583256 0.003174426010497051 0.0035462411014135784 0.0039034563501506385 5.932102362562195e-05 0.004275575147081922 0.0013197934769459832 0.002585299275345055 0.003537172060343234 0.00408110262349671 0.001929272729063793 0.0022531623567635696 0.0009302109318765242 0.009538333028801086 -3.052499488915028e-05 0.0031969327322545022 0.003665827041660552 0.002826615607863948 0.0009605419926388431 0.003427611644296407 0.0020676744604584624 0.003242426202158008
15 0.0006058369374215717 -0.00642625741444411 0.0010388415682141823 0.0009864494325328356 -0.0015089824864552403 -0.0007310211281903996 0.0020796008873294977 0.0005021521946852861 -7.041795569625606e-05 -0.000614256821869004 -0.0022931874057573382 0.0002288575429364718 -0.0013077163620575012 -0.0009329553349924656 0.0031995321577324405 0.002809858712480649 -0.0012416333889229945 -0.001725695563358584 6.871141863122257e-05 0.0006614140180607459 0.001567547870813023 0.00024821755869578106 -0.0012027199418815865 0.00048477456515866324 -0.0031254552819342863 -0.0008598544178548456 -0.0006251887498595092 -0.0008565599994278462 -0.0024090314167983912 0.0004105475142635827 0.005220494912811352 0.00030426031715093094 -0.0003315541428577435 -0.0006535422935028586 0.00014841604097264247 0.0009177144561008251 0.0027765430855946284 7.90583464719414e-05 0.0014002245140426611 0.0004567857868618188 -4.49661394636514e-06 -0.0031567504842757994 0.0027823495012473777 0.0012458524393972792 -0.0016437757274880651 0.0010876370115864076 0.001660192358342414 0.0006418616119375835 -0.0014154114559741993 -0.001467292906024613
16 -0.00035234740276052565 -0.008548952197727956 -0.00014820823498805908 -0.0020343859283540543 -0.0027085214794442675 -0.00010287762340112758 -0.0002700555268574136 -0.0004670479878983849 -0.0019008339629877553 -0.003020537129355122 -0.0025173057791819326 -0.000782518052383074 -0.0006494283435955248 -0.0019019747148934908 0.002809858712480649 0.0042438448107127175 -0.0025731962559822717 -0.002567828581065872 0.0006424820369492558 0.00013000492728251146 0.0006853676404542337 -0.0006748754353242478 -0.0023838514538324406 0.0017626659820191833 -0.0055718493584290376 -0.0011117621703729682 -0.001370655155609315 -0.0016461289587516364 -0.0035271781725828384 -0.0006140631904406969 0.0001348485549416311 -0.0010982571147818284 -0.0012624009366156393 -0.0011853258957293935 4.1925931283462845e-05 -0.00109182816497901 0.0023200778054791368 -0.0018737947243517626 0.0006436217484994552 -0.000917314272850122 -0.00035486394559131203 -0.007480984589867661 0.0015257824590398802 0.000293438097985979 -0.00250341435139628 0.00020025314803000525 0.0014527630662869585 -0.0009534526046062622 -0.002574340964300391 -0.0025497194840258734
17 -0.0007448899588295737 0.006899320080215628 -0.0006169236717865945 0.0034570915338469703 2.9149576249093468e-05 -0.0013970346628842804 0.0008154430256318047 6.673048770827848e-07 0.0011117151395976827 0.0026393432551367843 0.0016186596137325625 0.00016630002910672094 0.0010621799770779586 0.0016509360975414317 -0.0012416333889229945 -0.0025731962559822717 0.0051939862462335356 9.51809405303704e-06 -0.0023533681410780427 0.001395927251068241 -0.0016198501701887391 -0.001130897970983474 -0.0005805165602634305 0.001093841329679401 0.002794298245105832 0.0002648437310585795 0.0008773574539338701 0.0018763896854519565 -0.0001627220107156045 -0.0006530492431572487 0.0015105347306207655 -0.0003366015814951221 0.0006467300773324302 -0.0006261298295783705 -0.001180891819076446 0.0026946572069182074 -0.0027638065919977695 0.0015959131681912387 -0.001359012027060299 -0.0017471229268769754 -0.0018281970275352063 0.004919587923492267 -0.00142402997885075 -0.0004562900670429888 0.0015123209907721396 0.0009043662909372647 -0.0015952733633207397 0.0008941960273750201 0.0004773311994864587 0.0017383317619787638
18 0.0022378008743508815 0.007455111185198403 -0.0002590047450444328 0.0009596728281482241 0.005746968012768208 0.0013459322769682912 0.000495921609344591 0.0002887983581443388 0.003392936779818298 0.0014963116479752485 0.0038301991398096494 0.001491652010165831 0.0017489946113084358 0.0034549231298535207 -0.001725695563358584 -0.002567828581065872 9.51809405303704e-06 0.007957573121060983 0.0035910414504500467 0.0003759107566799979 0.0015350101378204931 0.0023485303326240877 0.008590583725395862 -0.0010428988916633736 0.008691934801663099 0.004442076538173441 0.004095648755503046 0.0009885950875411825 0.008743067348380113 0.0018719678408528958 0.004317155652319734 0.004712890686737018 0.0014717424453842658 0.0021487638160240124 -8.22681894055866e-05 0.0003706094141184274 0.005915580781272755 0.002207324569696037 0.0035363234672454846 0.003224003804410638 0.002033156666676682 0.01589799318308123 -0.00021044332871017243 0.0026238798679977106 0.0044940919250106 0.0018581458690871537 0.001495998771733098 0.0005778758795979524 0.005763712595173118 0.002898136759172748
19 0.0030923281950968064 0.0004958828676396999 0.0015570570185217106 -0.0023445046767455176 0.006219349516138767 0.0016799888777034103 8.586510560336734e-05 -0.0018452934375638177 0.002843695953802663 -0.0005460322983879848 0.0027835852789841946 0.0017277004993877837 0.002976880553885734 0.003992203178802198 6.871141863122257e-05 0.0006424820369492558 -0.0023533681410780427 0.0035910414504500467 0.010362126816922035 -0.002801061444736481 0.004060150252938532 -0.0010379841421616553 0.006909194855143613 0.004716830427267416 0.008353767613418 0.0009224250891792036 0.002612790467233152 -0.0009488312970296568 0.009093028447100757 0.0014700044037364412 0.001086168895423401 0.003664273794823473 -0.003385337999517612 0.0054244747956487295 0.001142022161075902 -0.0011636800627135564 0.005877321619232947 -1.3723903127127076e-05 0.0035144080627412463 0.00359509378291581 0.0027864209827338318 0.012064579110000294 -0.0005267976750829123 0.003526627005183835 0.002968890578408362 0.0007385007027295188 0.001476634608422899 0.0010695633160952103 0.002898573379543966 0.0002492446254722133
20 -0.00036824266719894563 0.0002227206551631674 -0.00032011584760214537 0.0034452164040476145 -0.0006167933403175943 -0.0004288571728724034 0.0008100566273987415 0.0008823859909501589 0.0004943615172088329 0.0013060400460978773 -0.000468497174819143 -0.0008252976700516852 0.00024043932687013245 0.00046847552565061043 0.0006614140180607459 0.00013000492728251146 0.001395927251068241 0.0003759107566799979 -0.002801061444736481 0.003130058633025883 -0.0007078116409521418 0.001743746530924113 0.0006081686903111896 -0.0011052254499666707 -0.001612563694339431 0.000804922572297524 0.0009909707545766944 0.0015225045308895587 -0.0029629264900886327 0.0008636241620813386 0.0028111615725069255 0.0007338339290352249 0.0013852127525709056 -0.0016631494259335491 -0.0008691673929327737 0.0016714708151595236 0.0002501521585698199 0.0010248960530307883 0.0010678402263602253 -0.001689000954788542 -0.0011906466632580842 -0.00067667990345785 0.0006794369508069996 0.00031143220345154977 -0.0001971199983802119 0.0007774670157652219 0.0007549088140074751 -0.00040391483371718536 1.655992937171113e-05 0.00026169598835341505
21 0.0032434544581429357 -0.002254206469959788 0.003156123759704017 0.0024839379287782417 0.0042008623563830425 0.0007377849772873614 0.004913665202513573 -0.00017593806558891046 0.0033883287902203916 0.0024810351538099348 0.0010571468379296542 0.0014045111420209367 -0.0004270770093538959 0.0038610019016400605 0.001567547870813023 0.0006853676404542337 -0.0016198501701887391 0.0015350101378204931 0.004060150252938532 -0.0007078116409521418 0.00515629831395366 0.002262841595639169 0.005396774165028812 0.0017030886125946297 0.0023987322034266048 0.0009810248219156298 0.0014350135376081914 0.0018325232832980029 0.003990570771382528 0.0031712789399841942 0.005109522342922059 0.003213089553579676 -7.245249005026521e-05 0.0038143273695842085 0.001833750579131918 0.0011038256677718807 0.005002357340127812 0.00271639031643203 0.002555800854297711 0.0041780751931438384 0.0022183650701445993 0.0037632677670046536 0.0025439958469330244 0.0030361325568866145 0.001495001997796802 0.002281831535924266 0.002104531921296498 0.0037891328346481867 0.0005412733210058039 0.0013273940801086773
22 0.002330956219751492 -1.8458678094394053e-05 0.0010475991246100297 0.0053013927256672705 0.0026307197814022204 0.001832416323186974 0.006115987711608469 0.0026407948943876452 0.0022588123377368695 0.0027646502613290665 0.0004074575283695758 -0.00042855961962725577 -0.0022915144176181936 0.0022490539886887485 0.00024821755869578106 -0.0006748754353242478 -0.001130897970983474 0.0023485303326240877 -0.0010379841421616553 0.001743746530924113 0.002262841595639169 0.006085386716608398 0.006361438946129618 -0.0030696599005194678 -0.0017092363345250034 0.0015446279152868342 0.0009283600792189729 0.0013597621740450356 0.0019441451177100923 0.002421835963461572 0.005731552353679192 0.0021280404129467457 0.0033147862569280566 0.0010536193141872366 0.0019291660514600072 0.002520108377061026 0.005081580914762238 0.003352610918011786 0.0012245805705085452 0.0015797580402176219 0.00040078695243505734 0.002399405843890335 0.002842943194137516 0.0016373399082104778 0.0002633432589793704 0.0020511574915005144 0.0017580330289326885 0.002141450679469148 0.0014634525546674845 0.0018759474403518828
23 0.0077366688719063045 0.004646167800980068 0.0005748993797562907 0.005623208754224879 0.010476351114338402 0.002793916575692263 0.00806370749366409 0.003020732528360166 0.006448472058711347 0.004346742506018126 0.005796840234181972 0.0011306231785922342 0.0019722721663996755 0.008346039243588453 -0.0012027199418815865 -0.0023838514538324406 -0.0005805165602634305 0.008590583725395862 0.006909194855143613 0.0006081686903111896 0.005396774165028812 0.006361438946129618 0.021308576106913477 0.0038084717380885078 0.009304614037206687 0.0039458756935466 0.004634923602109376 0.004795027757551646 0.013486570027422823 0.0039709543911424505 0.010582794130689983 0.0077829642077315506 0.00091997472284249 0.006527511269269131 0.0035485018044453527 0.0021950456645841335 0.013378798570374927 0.007266435233210444 0.004754554883564876 0.004476648680626261 0.002682867303847452 0.011606818241200956 0.0013558917631545941 0.007011349749842384 0.0074889033472220175 0.002981197753236178 0.001155568420501637 0.0037277613655293624 0.006043009805848862 0.005690232432798236
24 0.0018142335612766401 -0.0018499169354008471 -0.0004752789528031596 -0.001309195588908724 0.0017584896523159261 -0.00030711295748586827 -0.00016068902325046548 -0.0020538618630474613 0.0007927815208903542 -0.00030137002444499846 0.0020835230885242195 9.440554355236836e-05 0.0033064088840616527 0.0033990728071393557 0.00048477456515866324 0.0017626659820191833 0.001093841329679401 -0.0010428988916633736 0.004716830427267416 -0.0011052254499666707 0.0017030886125946297 -0.0030696599005194678 0.0038084717380885078 0.008807890962944933 0.002238842160940474 -0.000763402665155458 0.0006094201131834001 0.001248223328240909 0.002154780522825714 -0.00039311200710276904 -0.0009359559565441193 0.0006599364547632518 -0.0037553742110565335 0.0025990250836058397 0.0005613287472287665 -0.0005074111776723098 0.0019908030399851504 0.0005283851329999861 7.864915888576302e-05 -0.0006859297044695675 -3.438718300023661e-05 -0.0029615000659256275 -0.0014982239073944956 0.0023032401051460726 0.0022769474734545482 0.0004577862200683975 -0.0009163872345019765 0.0006055984540587227 -0.0014227237444458714 0.0004986221666614287
25 0.0031868688631925103 0.013851182498117676 0.0015064034738945984 0.0005997762501763405 0.009518843427467394 9.908023231991014e-05 -0.001887836687725367 -0.0016209494610247822 0.006068899605926751 0.004106149736553927 0.006337867911066557 0.0038047071410980495 0.00521552770972706 0.006283723611054655 -0.0031254552819342863 -0.0055718493584290376 0.002794298245105832 0.008691934801663099 0.008353767613418 -0.001612563694339431 0.0023987322034266048 -0.0017092363345250034 0.009304614037206687 0.002238842160940474 0.019126976496250867 0.003576826954316566 0.005930805114403939 0.002008226807359363 0.013139401206049683 0.0026252258163693737 0.004100757728468963 0.006692903316399557 -0.001776048458559611 0.00568374164984553 -0.000729537889099866 0.0005169233659624258 0.00193346780667218 0.0027953410175881976 0.004334591562315833 0.005030369697284854 0.0035604735632252826 0.024661345413126458 -0.002590167980210217 0.0038003312857323515 0.007815027388138286 0.0006314443951072198 -0.00029205046952198056 0.0016300237922289656 0.007557088243808544 0.004025719892908983
26 0.0005848975191010251 0.004116776301475075 -4.2103335429084634e-05 0.0007512131190459303 0.002799839161376771 0.0003888432168895802 0.0006342106031738544 -0.0004211373082806291 0.0018162574638193782 0.0008237373269755023 0.0022292211265999397 0.00042559926498829615 0.0009309840057414669 0.0022644119847773482 -0.0008598544178548456 -0.0011117621703729682 0.0002648437310585795 0.004442076538173441 0.0009224250891792036 0.000804922572297524 0.0009810248219156298 0.0015446279152868342 0.0039458756935466 -0.000763402665155458 0.003576826954316566 0.0033878937247440745 0.0025045890265783057 0.002082738445357855 0.0037029905147022667 0.0013319856941283795 0.0012353937608667335 0.0023788363916056278 0.0014137278766700124 0.0005958267327995653 -0.00040735447278576005 7.902361283718808e-05 0.0033822006595245176 0.0012985922300391987 0.002108047434273554 0.0016074152337485243 0.0006028702804190396 0.008403615543732498 -0.0003416417767775311 0.0009574780197020764 0.0022773649733616053 0.001872876214719487 0.001341218080969336 0.0009328801961874516 0.0025947617018902483 0.001672256383485713
27 0.0012019591515571042 0.004565592875465716 0.0005236101731343038 0.001941260727131281 0.004052777232439607 0.0003811199410840432 0.0001313140974351079 -0.0008178973173677471 0.0029304824217113745 0.002154221289229019 0.0025067798634167827 0.0007672256170506997 0.0021943342996246246 0.0035839760296569644 -0.0006251887498595092 -0.001370655155609315 0.0008773574539338701 0.004095648755503046 0.002612790467233152 0.0009909707545766944 0.0014350135376081914 0.0009283600792189729 0.004634923602109376 0.0006094201131834001 0.005930805114403939 0.0025045890265783057 0.0032999600526785605 0.0013764620747371654 0.003928568511766687 0.0019182458120026841 0.0027806849704241766 0.003296115758154549 0.0001637219553978191 0.0016319910361369025 -0.00043066746019188604 0.0010325869739334073 0.002386780016484222 0.0016190305837705343 0.002687561214724523 0.0013865217551154788 0.0008576371680944598 0.010073373237870924 -0.00034669754503351347 0.0019811814619991514 0.002662190056606522 0.0015064594139870553 0.0012208404888502669 0.0006557803151924112 0.0028861229586786925 0.0015735101647589046
28 0.001166470396591868 0.0024065119854558927 0.001980717804710601 0.0026773005198854442 0.002616389592981648 -0.0015058675732078101 0.0032057328826526964 0.00021584134493619038 0.002141730365538898 0.002632851825141274 0.0020307399782014163 -0.000213125443154767 0.001499050056988843 0.003362299911660413 -0.0008565599994278462 -0.0016461289587516364 0.0018763896854519565 0.0009885950875411825 -0.0009488312970296568 0.0015225045308895587 0.0018325232832980029 0.0013597621740450356 0.004795027757551646 0.001248223328240909 0.002008226807359363 0.002082738445357855 0.0013764620747371654 0.009824445597734393 0.00037743656070770133 0.0028411792473982396 -0.0019279025359501343 0.0020710962802630503 0.0005002817572958642 0.0018943314703352135 0.00011425821420492717 -0.0007558070013402734 0.0004822929168774542 0.0032625263392736703 0.001965477588539878 0.001236465455452995 -7.303684888794222e-05 -0.0023502245754750154 -0.0017365603699751125 0.0005130712273326084 0.003236913662918406 0.0007560421519098179 -0.00043618037012085827 0.0038954560732122486 -0.0004780013168174666 0.002605978146596666
29 0.004945304179736274 0.009281584823088438 0.0006241072598278724 0.0005467272090351478 0.00928450563241391 0.002369216123014474 0.004085075487703289 0.0006013116448972628 0.005034190582410727 0.0018627246371695637 0.005864656390838147 0.0028024886992604396 0.0016088204850485198 0.005740353477583256 -0.0024090314167983912 -0.0035271781725828384 -0.0001627220107156045 0.008743067348380113 0.009093028447100757 -0.0029629264900886327 0.003990570771382528 0.0019441451177100923 0.013486570027422823 0.002154780522825714 0.013139401206049683 0.0037029905147022667 0.003928568511766687 0.00037743656070770133 0.016201486627809052 0.001485373913789499 0.006128017508195769 0.005483296249697101 1.3838841792885264e-05 0.006263551630532682 0.002045585899091855 0.0008773581633270616 0.009736108313332796 0.003559540227095458 0.0030594901355298658 0.005810173795259785 0.003182117281923985 0.022721650319239714 -0.00030364052908291196 0.004371789612506068 0.006432186479076437 0.0025498403158637837 0.0007078349019034574 0.0031033255477587634 0.007128017619763361 0.004171585434353429
30 0.0019062746763883864 0.00024839743904637345 0.0026104830050488227 0.002921299966081076 0.003495333103459722 0.0004311020610716065 0.002247371593793452 -8.444825001415462e-05 0.0029552529222399942 0.0031277799446989343 0.0009896373345423825 0.0008504551667430543 0.000442919234313612 0.003174426010497051 0.0004105475142635827 -0.0006140631904406969 -0.0006530492431572487 0.0018719678408528958 0.0014700044037364412 0.0008636241620813386 0.0031712789399841942 0.002421835963461572 0.0039709543911424505 -0.00039311200710276904 0.0026252258163693737 0.0013319856941283795 0.0019182458120026841 0.0028411792473982396 0.001485373913789499 0.003483580973311878 0.0026061689313528467 0.0031056276221198965 0.000609178114063659 0.0024095538195659603 0.0006793588419672593 0.0006867457040347526 0.0012802869003754836 0.002287334221341116 0.002496943347330855 0.0027389649913629193 0.0018153798495529774 0.0022231234817501736 0.0013214748730513049 0.001827680418551644 0.001565685581541814 0.0009445481912205239 0.0014734985312330016 0.002248340479250453 0.0008302807110582639 0.0014621867491350997
31 0.00630606835170529 -0.0014906343815436927 0.0020389986959694624 0.011289415695257767 0.0040156050924683735 -0.0004702659813889631 0.012179466951325367 0.005173940462496275 0.0062346206796759975 0.005497824273708163 -0.00037994982208929776 0.002881829742550786 -0.003491445174935412 0.0035462411014135784 0.005220494912811352 0.0001348485549416311 0.0015105347306207655 0.004317155652319734 0.001086168895423401 0.0028111615725069255 0.005109522342922059 0.005731552353679192 0.010582794130689983 -0.0009359559565441193 0.004100757728468963 0.0012353937608667335 0.0027806849704241766 -0.0019279025359501343 0.006128017508195769 0.0026061689313528467 0.028032863696277832 0.006394404137494468 0.0031051351300656125 0.0013215987817816587 0.0019201520847999982 0.0087848627248802 0.01367956452976029 0.0074713726942875255 0.004796172970425648 0.004312042911558109 0.0009192024924293328 0.014671302162539451 0.00860782900043183 0.007446869991272316 0.0021322095877264057 0.00602613422825958 0.0036636227342743155 0.004404685614473498 0.004615430457249528 0.002638729831035656
32 0.0031584538275967683 0.0023190455024623456 0.0016290565452527189 0.0026649394986273966 0.005232348196861125 0.0005089872629414466 0.002073351799319346 0.0003859161598240095 0.003912062786987808 0.0027902441993400205 0.0022504396291785156 0.001584936847485533 0.001522806044810634 0.0039034563501506385 0.00030426031715093094 -0.0010982571147818284 -0.0003366015814951221 0.004712890686737018 0.003664273794823473 0.0007338339290352249 0.003213089553579676 0.0021280404129467457 0.0077829642077315506 0.0006599364547632518 0.006692903316399557 0.0023788363916056278 0.003296115758154549 0.0020710962802630503 0.005483296249697101 0.0031056276221198965 0.006394404137494468 0.004912574172544203 0.00017184190594516594 0.00294152328386021 0.0005413806270012196 0.001022434538819762 0.004804047920207131 0.00296741835225848 0.0039653236474020085 0.003369474555298246 0.002265161025840285 0.008586926682356773 0.0012528592468057974 0.003565972556191246 0.003551270841353289 0.0014903775061174845 0.0016249781662122373 0.001728820262995975 0.003353653195250068 0.0021646152292151655
33 1.064630606469342e-05 0.0022933736423162085 3.4714110760744e-05 0.003264660219115703 -6.902407415087094e-05 0.00048493703200775274 0.0031797522917003038 0.0016827184841109206 0.0006518536331647023 0.001620576196078851 3.6641644094620954e-06 -0.0001836830598963689 -0.002286206215551226 5.932102362562195e-05 -0.0003315541428577435 -0.0012624009366156393 0.0006467300773324302 0.0014717424453842658 -0.003385337999517612 0.0013852127525709056 -7.245249005026521e-05 0.0033147862569280566 0.00091997472284249 -0.0037553742110565335 -0.001776048458559611 0.0014137278766700124 0.0001637219553978191 0.0005002817572958642 1.3838841792885264e-05 0.000609178114063659 0.0031051351300656125 0.00017184190594516594 0.0033508516231727614 -0.0010709809833821503 0.0003148522515182884 0.0019293623504519218 0.0013219432370739728 0.0016887281048608455 -0.00040611143715188166 0.0004967272181104396 -0.000443870630060729 0.002630707321465018 0.0015583458815403674 -0.0004143056560817896 -0.00030127885895078977 0.001522312655827939 0.00070616978084428 0.0011371464384265933 0.000942599262657456 0.0013189366801007309
34 0.0031088433980534344 0.0019443684534421015 0.002323969486521642 0.001160555363011321 0.005370688206613423 0.001187950347545912 0.002804489504890806 -0.0004178744300855888 0.0032445671562431606 0.0024309780979138796 0.002584743298538137 0.0013951691357196373 0.0011626942572071897 0.004275575147081922 -0.0006535422935028586 -0.0011853258957293935 -0.0006261298295783705 0.0021487638160240124 0.0054244747956487295 -0.0016631494259335491 0.0038143273695842085 0.0010536193141872366 0.006527511269269131 0.0025990250836058397 0.00568374164984553 0.0005958267327995653 0.0016319910361369025 0.0018943314703352135 0.006263551630532682 0.0024095538195659603 0.0013215987817816587 0.00294152328386021 -0.0010709809833821503 0.0048515722040277124 0.0017553878352580623 0.0002077128703995264 0.0027566362421657673 0.0022296105146265956 0.001593100609109213 0.0034872394670712606 0.00228693271111829 0.005864716128548531 0.0001166816059785609 0.0024695990485597377 0.0028742325811113158 0.0006844033145864501 0.0003294008731714149 0.002839789426556233 0.001568405507959076 0.0019751367965237672
