0,1,2,3,4,5,6,7,8,9,10,11,12,13,14,15,chain_break_fraction,energy,num_occurrences
0,1,0,0,0,0,0,0,1,1,1,1,1,1,1,0,0.0,-2.8896719665652184,1
0,1,0,1,0,0,0,0,1,1,1,0,1,1,1,0,0.0,-2.888981455934511,1
0,1,1,0,0,0,0,0,1,1,1,0,1,1,1,0,0.0,-2.887704457933255,1
0,0,1,0,0,0,0,1,1,1,1,1,1,0,1,0,0.0,-2.8874491411038496,1
0,1,1,0,0,0,1,0,0,1,1,1,1,0,1,0,0.0,-2.887199984952722,1
0,1,1,0,0,0,0,0,1,1,1,1,0,1,1,0,0.0,-2.8870779992920945,1
0,1,1,1,0,0,0,0,0,1,0,1,1,0,1,1,0.0,-2.887030262187382,1
0,1,1,1,0,0,0,0,0,1,1,1,0,1,1,0,0.0,-2.8867011084600445,1
0,1,0,1,0,0,0,0,1,1,1,1,1,1,0,0,0.0,-2.886552447944061,1
0,1,0,1,0,0,0,1,0,1,1,1,0,1,1,0,0.0,-2.8864836698452128,1
0,1,1,1,0,0,1,0,1,1,0,0,1,0,1,0,0.0,-2.886190059485224,1
0,1,1,1,0,0,0,0,1,1,0,1,0,0,1,1,0.0,-2.8861202054063133,1
0,1,0,1,1,0,0,0,1,1,0,1,1,0,1,0,0.0,-2.8860781930437116,1
0,0,1,0,0,0,0,1,0,1,1,1,1,1,1,0,0.0,-2.8854834918585825,1
0,0,1,0,0,0,1,0,0,1,1,1,1,1,1,0,0.0,-2.8850354613136093,2
0,1,0,0,1,0,0,0,0,1,1,1,1,0,1,1,0.0,-2.884900956063576,2
0,1,1,0,0,0,1,0,0,1,1,0,1,1,1,0,0.0,-2.884850519866463,1
0,1,1,0,0,0,0,1,0,1,1,1,0,1,1,0,0.0,-2.8847822312885216,1
0,0,1,0,0,0,1,0,0,1,1,1,1,0,1,1,0.0,-2.884715489616689,1
0,0,0,0,1,0,0,0,1,1,1,1,1,1,1,0,0.0,-2.8847139275159326,1
0,0,1,1,0,0,0,0,0,1,1,0,1,1,1,1,0.0,-2.8844271316773513,1
0,1,1,0,0,0,1,0,0,1,1,1,0,1,1,0,0.0,-2.8842825368910114,1
0,0,1,1,0,0,1,0,0,1,1,0,1,1,1,0,0.0,-2.8841913269145936,1
0,1,1,0,0,0,1,1,1,1,0,0,1,0,1,0,0.0,-2.884171509276211,1
0,0,1,1,1,0,0,0,1,1,0,1,1,0,1,0,0.0,-2.8841389870901906,1
0,0,1,0,0,0,1,1,1,1,1,1,0,0,1,0,0.0,-2.8839751051360185,1
0,1,0,0,0,0,1,0,0,1,0,1,1,1,1,1,0.0,-2.88396694445069,1
0,1,1,1,0,0,1,0,0,1,0,0,1,1,1,0,0.0,-2.883958368248792,1
0,0,0,1,1,0,0,1,0,1,1,1,1,0,1,0,0.0,-2.8839179453006127,1
0,1,1,1,1,0,0,0,1,1,0,0,1,0,1,0,0.0,-2.8839138997833333,1
0,1,0,1,0,0,0,0,1,1,1,1,0,1,0,1,0.0,-2.883892653726471,1
0,1,1,1,0,0,0,1,0,1,0,1,0,1,1,0,0.0,-2.883867769207817,1
0,1,0,1,0,0,1,0,1,0,1,1,1,0,1,0,0.0,-2.8837022312143925,1
0,0,0,1,0,0,0,1,1,1,1,1,1,0,0,1,0.0,-2.883627657338191,1
0,1,0,1,1,0,0,0,1,1,0,1,0,1,1,0,0.0,-2.8835808808507726,1
0,1,1,1,1,0,0,0,1,1,1,0,0,0,1,0,0.0,-2.8835387111956297,1
0,1,1,1,0,0,1,1,0,1,1,0,0,0,1,0,0.0,-2.8835366910227176,1
0,1,1,1,0,0,0,0,1,1,0,0,0,1,1,1,0.0,-2.8835156455324302,1
0,1,0,1,0,0,1,0,1,1,1,1,0,1,0,0,0.0,-2.8834481557902225,1
0,0,1,1,0,0,0,1,1,1,0,1,0,0,1,1,0.0,-2.8834192742759086,1
0,0,1,1,0,0,1,1,1,1,0,1,0,0,1,0,0.0,-2.883071876890871,1
0,1,1,0,0,0,0,0,1,0,1,1,1,1,1,0,0.0,-2.8829867799164894,1
0,1,1,0,1,0,0,1,0,1,1,0,1,0,1,0,0.0,-2.882947404343388,1
0,1,1,0,1,0,0,0,0,1,0,1,1,1,1,0,0.0,-2.8828656260892696,1
0,0,1,0,0,0,0,1,0,1,1,0,1,1,1,1,0.0,-2.882628847313306,1
0,0,1,0,1,0,0,0,1,1,1,0,1,1,1,0,0.0,-2.882626558114695,2
0,0,1,0,0,0,0,1,0,1,0,1,1,1,1,1,0.0,-2.882621301171401,1
0,0,1,0,1,0,0,0,1,1,1,1,0,1,1,0,0.0,-2.8824660933827313,1
0,1,0,0,1,0,0,1,0,1,1,1,0,1,1,0,0.0,-2.882465602847253,1
0,1,1,1,0,0,0,0,1,0,1,0,1,1,1,0,0.0,-2.882415876786669,1
0,1,0,0,0,0,0,1,0,1,1,1,1,1,0,1,0.0,-2.882224728271949,1
0,0,1,0,0,0,1,0,1,1,1,1,1,1,0,0,0.0,-2.8822170710968744,1
0,1,1,0,0,0,1,0,1,1,1,0,1,1,0,0,0.0,-2.8822112000166453,1
0,1,1,0,1,0,1,0,0,1,0,1,1,0,1,0,0.0,-2.882181839826337,1
0,1,1,0,1,0,1,0,0,1,1,0,1,0,1,0,0.0,-2.882167864422039,1
0,1,1,0,1,0,0,1,1,1,0,0,1,0,1,0,0.0,-2.8821634125581066,1
0,1,1,0,0,0,0,1,0,1,1,0,0,1,1,1,0.0,-2.8821033502838915,1
0,0,0,0,1,0,0,1,1,1,1,1,0,1,1,0,0.0,-2.882076579929823,1
0,0,1,1,1,0,0,0,0,1,0,1,1,1,1,0,0.0,-2.882065365713102,1
0,1,1,0,0,0,1,0,0,1,1,1,1,0,0,1,0.0,-2.882011517607524,1
0,1,1,0,0,0,1,1,0,1,0,0,1,0,1,1,0.0,-2.881986551141905,1
0,0,0,0,1,0,0,1,1,1,0,1,1,0,1,1,0.0,-2.881970537408766,1
0,1,0,0,1,0,0,0,1,1,0,1,0,1,1,1,0.0,-2.8819657571065376,1
0,0,1,1,1,0,0,0,0,1,0,1,1,0,1,1,0.0,-2.8818943931846013,1
0,1,1,0,1,0,0,0,1,1,1,0,0,0,1,1,0.0,-2.8818556367595582,1
0,1,0,0,1,0,1,0,0,1,1,1,0,1,1,0,0.0,-2.8818415573132152,1
0,0,0,0,1,0,1,0,1,1,1,1,0,1,1,0,0.0,-2.88183401966194,1
0,1,1,0,0,0,1,1,0,1,1,0,0,1,1,0,0.0,-2.881795254042183,1
0,0,1,0,1,0,1,0,1,1,1,1,0,0,1,0,0.0,-2.8817500554771422,1
0,1,1,0,1,0,1,0,1,1,0,0,1,0,1,0,0.0,-2.8817305420794677,2
0,1,0,1,0,0,0,1,1,0,1,1,0,1,1,0,0.0,-2.881725988449233,1
0,0,1,0,0,0,1,1,1,1,0,0,1,1,1,0,0.0,-2.881645066411706,1
0,0,1,0,0,0,1,0,1,1,0,0,1,1,1,1,0.0,-2.8815978701245895,1
0,1,0,0,1,0,1,0,1,1,1,0,0,1,1,0,0.0,-2.881564317670946,2
0,1,1,0,0,0,1,0,1,1,0,1,1,0,0,1,0.0,-2.8815498789413625,2
0,1,1,1,0,0,1,0,0,1,1,0,1,0,0,1,0.0,-2.8815321583156015,1
0,0,1,1,0,0,0,0,1,1,1,1,0,1,0,1,0.0,-2.88144894290998,1
0,1,0,1,1,0,0,1,0,1,1,1,1,0,0,0,0.0,-2.881416700918362,1
0,0,1,0,0,0,1,1,1,1,1,0,0,0,1,1,0.0,-2.8811648105781065,1
0,0,1,1,0,0,1,1,1,1,0,1,1,0,0,0,0.0,-2.8811384397789297,1
0,1,1,1,0,0,1,1,1,1,0,0,1,0,0,0,0.0,-2.881106051135444,1
0,1,1,0,0,0,1,0,1,1,0,0,0,1,1,1,0.0,-2.881052652233035,1
1,0,0,1,0,0,0,0,1,1,1,1,1,0,1,0,0.0,-2.881006458916373,1
0,0,0,1,1,0,1,1,0,1,1,1,0,0,1,0,0.0,-2.8809710639495583,1
0,0,1,1,1,0,0,1,1,1,0,1,0,0,1,0,0.0,-2.8809452071100847,1
0,0,0,1,0,0,0,1,1,1,0,1,1,1,0,1,0.0,-2.880787828833437,1
0,1,1,1,1,0,1,0,0,1,0,1,0,0,1,0,0.0,-2.8807467172016175,1
0,1,0,1,1,0,0,0,1,1,0,0,0,1,1,1,0.0,-2.880697100033256,1
0,0,1,1,1,0,1,0,1,1,0,1,0,0,1,0,0.0,-2.88064183989069,2
0,1,1,0,1,0,0,0,0,1,1,1,1,1,0,0,0.0,-2.8804966972141797,1
0,0,1,1,0,0,1,1,1,1,0,0,0,1,1,0,0.0,-2.880422995801485,1
0,0,1,0,1,0,0,1,0,1,1,0,1,1,1,0,0.0,-2.8803971793688286,1
0,0,1,0,1,0,0,0,0,1,0,1,1,1,1,1,0.0,-2.880333348092819,1
0,1,0,1,1,0,1,0,0,1,1,0,0,0,1,1,0.0,-2.88032529640472,1
0,1,0,1,1,0,1,0,1,1,1,0,1,0,0,0,0.0,-2.880316516772186,1
0,1,0,1,1,0,1,0,0,1,0,0,1,0,1,1,0.0,-2.880254415605764,1
0,0,1,0,1,0,1,1,0,1,1,0,1,0,1,0,0.0,-2.879927494687449,1
0,1,0,0,0,0,0,1,1,0,1,1,0,1,1,1,0.0,-2.879897813270686,1
0,1,1,0,1,0,0,1,0,1,0,1,0,1,1,0,0.0,-2.879829499848568,1
1,1,0,0,0,0,0,0,0,1,1,1,1,0,1,1,0.0,-2.8798291057565906,1
0,1,1,0,1,0,0,0,1,1,0,1,1,0,0,1,0.0,-2.8797278288795023,1
0,1,1,0,1,0,0,0,1,1,1,1,0,1,0,0,0.0,-2.8796688554796783,1
0,0,1,1,1,0,0,0,1,0,1,1,1,0,1,0,0.0,-2.879634140606682,1
0,1,1,0,0,0,0,0,1,0,1,1,0,1,1,1,0.0,-2.879622750196539,1
0,1,0,0,0,0,1,1,1,0,1,1,0,1,1,0,0.0,-2.87954948703145,1
0,0,1,0,1,0,0,0,1,1,0,1,0,1,1,1,0.0,-2.879536610276946,1
0,1,0,0,0,0,1,1,1,0,0,1,1,1,1,0,0.0,-2.8794878807906565,1
0,0,1,0,1,0,1,0,0,1,1,0,1,0,1,1,0.0,-2.8794555272753564,1
0,0,1,0,0,0,1,1,1,1,1,0,1,1,0,0,0.0,-2.8794321606794515,1
1,1,0,0,0,0,0,0,1,1,1,1,0,1,1,0,0.0,-2.8794241336112,1
0,0,1,0,1,0,0,0,1,1,1,0,0,1,1,1,0.0,-2.879383851802198,1
0,1,1,0,1,0,1,0,0,1,1,0,0,1,1,0,0.0,-2.879317269392405,1
0,1,1,0,0,0,1,0,1,0,1,1,0,1,1,0,0.0,-2.8792926434784554,1
0,1,0,0,1,0,1,1,0,1,0,1,0,1,1,0,0.0,-2.8792884089155555,1
0,1,1,1,1,0,0,0,0,1,1,0,1,0,0,1,0.0,-2.879287277892361,1
0,1,0,0,1,0,1,1,0,1,1,0,0,1,1,0,0.0,-2.879260694778005,3
1,1,1,0,0,0,0,0,1,1,1,1,0,0,1,0,0.0,-2.879197978813126,1
0,0,1,0,1,0,0,1,1,1,1,0,0,0,1,1,0.0,-2.879194358239381,1
0,0,1,1,1,0,0,0,1,1,0,1,1,1,0,0,0.0,-2.879182033539549,1
0,0,1,0,1,0,1,1,1,1,0,0,1,0,1,0,0.0,-2.879174097897936,1
0,1,1,1,0,0,0,1,1,0,1,0,0,1,1,0,0.0,-2.8791652258166507,2
0,0,1,0,0,0,1,1,0,1,1,0,0,1,1,1,0.0,-2.8791457085916776,1
0,1,1,1,0,0,1,0,1,0,0,0,1,1,1,0,0.0,-2.879139927819276,1
0,1,1,0,0,0,1,1,0,1,1,1,0,0,0,1,0.0,-2.8790958585070525,1
0,0,0,1,0,0,0,1,1,0,1,1,0,1,1,1,0.0,-2.879077302967481,1
0,0,1,1,1,0,0,1,0,1,0,0,1,1,1,0,0.0,-2.879051811888118,1
0,1,0,1,1,0,0,0,1,0,1,0,1,1,1,0,0.0,-2.8790244142727355,1
0,1,1,0,0,0,1,1,1,1,0,0,1,0,0,1,0.0,-2.8789312782990226,1
0,0,1,1,1,0,0,0,0,1,0,1,0,1,1,1,0.0,-2.8789271395782663,1
0,1,0,0,1,0,1,0,1,1,1,1,0,1,0,0,0.0,-2.8789049772532445,1
0,1,1,0,1,0,1,0,1,1,0,0,0,1,1,0,0.0,-2.8788299386031486,2
0,1,1,0,0,0,1,0,1,1,1,0,0,1,0,1,0.0,-2.8788106963455236,1
0,1,1,1,0,0,1,0,1,0,1,0,0,1,1,0,0.0,-2.8787421421604384,1
1,1,0,1,0,0,1,0,0,1,0,1,1,0,1,0,0.0,-2.8787197716100286,1
1,1,1,1,0,0,0,0,1,1,1,0,0,0,1,0,0.0,-2.8786959708223128,1
0,1,0,1,0,0,1,1,1,0,0,0,1,0,1,1,0.0,-2.8786819226894327,1
0,1,0,0,1,0,1,0,0,1,0,0,1,1,1,1,0.0,-2.8786777220422186,1
0,0,1,1,1,0,0,0,0,1,1,0,0,1,1,1,0.0,-2.8786697562917123,1
0,0,1,1,1,0,1,1,0,1,0,1,0,0,1,0,0.0,-2.8786063126167676,1
1,1,0,1,0,0,0,1,1,1,0,0,1,0,1,0,0.0,-2.8785406383138827,1
0,0,1,1,0,0,1,0,1,1,0,0,1,1,0,1,0.0,-2.878491147139223,1
0,0,1,1,1,0,1,0,1,1,0,1,1,0,0,0,0.0,-2.878489548359926,1
0,1,1,1,1,0,0,0,0,1,0,0,0,1,1,1,0.0,-2.878476024947706,1
0,0,0,1,0,0,1,0,1,0,1,0,1,1,1,1,0.0,-2.8784263759150273,1
0,0,1,1,1,0,1,1,0,1,1,0,0,0,1,0,0.0,-2.878353587309056,1
0,1,1,1,0,0,1,0,0,1,0,1,0,1,0,1,0.0,-2.878336256900197,1
1,0,0,1,0,0,0,1,1,1,0,1,1,0,1,0,0.0,-2.878299792825738,1
0,0,1,1,0,0,1,0,1,1,1,0,0,1,0,1,0.0,-2.8782672239081655,1
0,1,0,1,1,0,1,1,0,1,0,1,1,0,0,0,0.0,-2.8781509223359705,1
0,1,1,1,1,0,1,0,0,1,0,0,0,1,1,0,0.0,-2.8781485676828567,1
0,0,0,1,1,0,1,0,0,1,0,1,0,1,1,1,0.0,-2.8781303968828142,1
0,0,0,1,1,0,1,0,1,1,1,1,0,1,0,0,0.0,-2.8780967450766273,1
0,1,1,0,1,0,0,1,1,0,1,0,1,0,1,0,0.0,-2.878077101655826,1
0,1,1,0,1,0,0,0,1,0,1,0,1,1,1,0,0.0,-2.8780477715670765,1
0,1,0,1,1,0,1,1,0,1,0,0,0,1,1,0,0.0,-2.877981647070094,1
0,1,1,0,0,0,0,0,1,0,1,1,1,1,0,1,0.0,-2.8778317637218107,1
0,1,1,0,1,0,0,1,0,1,1,0,1,1,0,0,0.0,-2.8778214393218393,1
1,1,1,1,0,0,0,0,0,1,1,1,1,0,0,0,0.0,-2.8777725152556526,1
0,1,0,0,1,0,0,1,1,0,1,1,0,1,1,0,0.0,-2.877682087170937,1
0,0,0,1,0,0,1,1,1,1,0,0,1,1,0,1,0.0,-2.8776170443385247,1
0,1,1,0,0,0,0,1,0,0,1,1,0,1,1,1,0.0,-2.877587106609714,1
1,1,1,0,0,0,0,1,0,1,1,1,0,0,1,0,0.0,-2.8775826300818124,1
0,1,0,0,1,0,0,1,1,0,0,1,1,1,1,0,0.0,-2.8775713248343777,1
0,0,1,1,1,0,0,0,0,0,1,1,1,1,1,0,0.0,-2.877557920968397,1
0,1,1,0,1,0,1,0,1,0,1,0,1,0,1,0,0.0,-2.877264892195478,1
0,1,1,0,0,0,1,1,1,0,0,0,1,1,1,0,0.0,-2.877249087313321,1
1,1,1,0,0,0,1,0,0,1,0,1,1,0,1,0,0.0,-2.877231973206851,1
0,1,1,1,0,0,0,1,0,0,0,0,1,1,1,1,0.0,-2.877215551905466,1
0,0,1,0,1,0,1,1,0,1,0,0,1,1,1,0,0.0,-2.8771718901881576,1
0,0,1,0,1,0,1,1,0,1,0,1,0,1,1,0,0.0,-2.8771653640031047,1
0,0,1,0,0,0,1,1,1,0,1,1,0,1,1,0,0.0,-2.8771347107836043,1
0,1,0,0,1,0,1,1,1,0,1,0,1,0,1,0,0.0,-2.8771268262998055,1
0,1,1,0,0,0,0,1,1,0,1,0,0,1,1,1,0.0,-2.8771201433552442,1
1,1,1,1,0,0,0,0,0,1,1,0,0,1,1,0,0.0,-2.877119654197483,1
0,0,1,0,1,0,0,0,1,1,1,1,0,1,0,1,0.0,-2.877034607529503,2
0,0,1,1,0,0,0,1,0,0,1,1,0,1,1,1,0.0,-2.877023362017291,1
0,0,1,0,1,0,1,1,0,1,0,0,1,0,1,1,0.0,-2.8769834393047766,1
0,1,0,0,1,0,1,0,1,0,1,0,1,1,1,0,0.0,-2.8769669907410433,1
1,1,0,0,1,0,0,0,1,1,0,1,1,0,1,0,0.0,-2.876944393047357,1
0,1,1,0,0,0,1,1,1,0,1,0,0,1,1,0,0.0,-2.876910380793029,1
0,1,0,1,1,0,0,1,0,0,0,1,1,1,1,0,0.0,-2.8769050250403483,1
1,1,0,1,0,0,0,1,0,1,1,0,0,1,1,0,0.0,-2.8768994842548543,1
0,1,1,1,1,0,0,0,0,0,1,1,0,1,1,0,0.0,-2.8768670510949916,1
0,1,1,0,1,0,1,0,0,1,1,1,0,1,0,0,0.0,-2.876822814996128,1
1,0,1,1,0,0,0,0,0,1,1,0,1,0,1,1,0.0,-2.876816350565358,1
0,0,0,0,1,0,1,1,0,1,1,1,1,1,0,0,0.0,-2.876763736325858,1
0,1,0,0,1,0,1,0,1,0,0,1,1,0,1,1,0.0,-2.8767043671677586,1
1,0,0,1,0,0,0,1,0,1,0,1,1,1,1,0,0.0,-2.876682921993455,1
0,0,1,1,0,0,1,0,0,0,0,1,1,1,1,1,0.0,-2.876621833451364,1
0,0,1,0,1,0,1,0,0,1,1,0,0,1,1,1,0.0,-2.8765998991157704,1
0,1,0,1,0,0,1,1,1,0,1,0,1,1,0,0,0.0,-2.8765973407417564,1
0,0,1,1,1,0,0,1,0,1,1,1,0,0,0,1,0.0,-2.876571962716665,1
1,0,0,0,0,0,0,1,1,1,1,1,0,1,1,0,0.0,-2.8765378414929286,1
0,1,1,1,1,0,0,0,0,0,1,1,0,0,1,1,0.0,-2.87652218377338,1
1,1,1,1,0,0,0,0,0,1,1,0,0,0,1,1,0.0,-2.8764880857492083,1
1,0,1,0,0,0,0,1,1,1,1,1,0,0,1,0,0.0,-2.8764862255443697,1
0,1,0,1,1,0,0,0,0,0,0,1,1,1,1,1,0.0,-2.876475316768256,1
0,0,0,1,1,0,0,0,1,0,1,1,0,1,1,1,0.0,-2.8763746402868637,1
1,1,0,0,0,0,0,0,1,1,0,1,0,1,1,1,0.0,-2.8763713058556544,1
1,1,0,0,0,0,1,0,1,1,1,0,0,1,1,0,0.0,-2.876346968513059,1
1,0,0,0,0,0,0,0,1,1,1,1,0,1,1,1,0.0,-2.876322843199433,1
1,0,0,0,0,0,1,0,0,1,1,1,1,0,1,1,0.0,-2.8763202425452907,1
0,0,1,1,1,0,1,0,0,1,1,1,0,1,0,0,0.0,-2.876271348530292,1
1,1,0,1,0,0,1,0,0,1,0,1,0,1,1,0,0.0,-2.876230313118717,1
0,0,0,1,1,0,1,0,0,0,1,1,1,1,1,0,0.0,-2.8762088892525757,1
1,1,1,1,0,0,0,0,1,1,0,0,0,1,1,0,0.0,-2.876158431208733,1
1,0,0,0,0,0,1,0,1,1,1,0,1,1,1,0,0.0,-2.8761530610030572,1
0,1,0,0,1,0,1,1,1,1,1,0,0,1,0,0,0.0,-2.876150993284014,1
1,0,1,1,0,0,0,0,1,1,1,0,0,1,1,0,0.0,-2.8761386598521064,1
1,0,1,1,0,0,0,0,1,1,0,1,0,1,1,0,0.0,-2.8761042781652866,2
1,0,0,1,0,0,1,0,0,1,1,0,1,1,1,0,0.0,-2.8760900438996018,1
0,0,1,0,1,0,1,0,1,1,0,0,0,1,1,1,0.0,-2.8760844096798124,2
1,1,0,1,1,0,0,0,1,1,0,1,0,0,1,0,0.0,-2.875983911661294,1
0,1,1,0,1,0,0,1,0,0,1,0,1,1,1,0,0.0,-2.8759691822322306,1
1,1,0,1,0,0,0,0,1,1,0,1,1,0,0,1,0.0,-2.8759298239114526,1
0,1,0,1,1,0,1,0,1,0,1,0,0,1,1,0,0.0,-2.875901527127425,1
0,0,1,1,1,0,0,1,0,1,0,0,0,1,1,1,0.0,-2.8758780749033344,1
0,1,1,1,0,0,1,0,0,0,0,1,0,1,1,1,0.0,-2.8758580598262773,1
0,1,0,1,1,0,1,0,1,0,1,1,1,0,0,0,0.0,-2.8758505174435873,1
1,0,1,0,1,0,0,0,0,1,1,1,1,0,1,0,0.0,-2.8758055610078173,2
0,0,1,0,1,0,0,0,0,0,1,1,1,1,1,1,0.0,-2.875762305001426,1
0,1,0,0,1,0,1,0,1,1,0,0,1,1,0,1,0.0,-2.875740862568941,1
0,0,1,1,1,0,1,1,0,1,0,0,0,1,1,0,0.0,-2.8757235172574256,1
0,0,0,1,1,0,1,0,1,0,0,1,1,0,1,1,0.0,-2.875705545912167,1
1,1,0,1,0,0,1,0,1,1,0,0,0,1,1,0,0.0,-2.875583208676129,2
0,1,1,0,1,0,0,1,0,0,1,1,0,1,1,0,0.0,-2.875576909934868,1
1,0,1,1,0,0,0,0,1,1,0,1,0,0,1,1,0.0,-2.8755145685123296,1
1,0,1,0,0,0,0,1,0,1,0,1,1,1,1,0,0.0,-2.8754613147365062,2
1,1,1,0,0,0,0,1,0,1,0,0,1,1,1,0,0.0,-2.8753931876489576,1
0,0,1,1,1,0,1,0,1,1,0,0,1,0,0,1,0.0,-2.8753812234106695,1
0,1,1,0,1,0,1,1,0,0,1,0,1,0,1,0,0.0,-2.875380866233556,1
1,0,1,1,0,0,1,0,1,1,0,1,0,0,1,0,0.0,-2.8753381620500895,1
1,0,0,1,0,0,1,0,1,1,1,1,1,0,0,0,0.0,-2.875336030204303,1
0,0,1,0,1,0,1,1,1,0,0,1,1,0,1,0,0.0,-2.8751934160560517,1
1,1,0,0,1,0,0,0,0,1,1,0,1,1,1,0,0.0,-2.8751169176243696,1
1,1,1,0,0,0,0,1,0,1,1,0,0,1,1,0,0.0,-2.87507888334312,1
0,1,1,0,1,0,1,0,0,0,1,0,1,1,1,0,0.0,-2.8750589370995514,2
0,1,0,0,1,0,1,1,0,0,1,1,0,1,1,0,0.0,-2.875006576374973,1
0,1,0,1,1,0,1,1,1,1,0,0,0,1,0,0,0.0,-2.8749859936278575,2
1,0,1,0,0,0,0,0,0,1,1,0,1,1,1,1,0.0,-2.8749834557126874,1
1,0,1,0,0,0,1,0,0,1,1,0,1,1,1,0,0.0,-2.8749492716523877,1
0,1,0,1,1,0,1,0,1,1,0,0,0,1,0,1,0.0,-2.8749447602600697,1
0,1,1,0,1,0,1,1,0,0,1,1,0,0,1,0,0.0,-2.874936804084908,1
1,0,1,0,0,0,1,0,0,1,0,1,1,1,1,0,0.0,-2.874899899317941,1
1,1,1,0,0,0,0,1,0,1,0,1,0,1,1,0,0.0,-2.8748759786157105,1
0,1,1,0,1,0,0,1,1,0,0,1,0,1,1,0,0.0,-2.8748754807061916,1
1,1,1,0,0,0,1,1,0,1,0,0,1,0,1,0,0.0,-2.8748254716548587,1
1,0,1,1,1,0,0,0,0,1,0,1,1,0,1,0,0.0,-2.874818984822053,1
0,1,0,0,1,0,0,1,1,0,1,0,0,1,1,1,0.0,-2.8748162419761427,2
0,0,1,0,1,0,1,1,0,1,1,0,1,1,0,0,0.0,-2.8748042271128593,1
0,0,1,0,1,0,1,0,1,0,1,1,0,1,1,0,0.0,-2.8747844515430376,1
1,0,0,1,0,0,1,0,1,1,0,0,1,0,1,1,0.0,-2.8747149347820544,1
0,1,0,0,1,0,1,1,0,0,1,0,1,0,1,1,0.0,-2.8747130663063545,1
0,1,1,0,1,0,1,0,1,0,0,0,1,1,1,0,0.0,-2.8746829105348883,1
0,0,1,1,0,0,0,1,1,0,1,0,1,1,0,1,0.0,-2.8746774870607292,1
1,1,1,1,1,0,0,0,0,1,0,0,1,0,1,0,0.0,-2.8746640922473543,1
1,1,0,0,0,0,0,0,0,1,1,1,1,1,0,1,0.0,-2.8746553236805577,1
0,1,1,0,1,0,1,0,0,0,1,1,0,1,1,0,0.0,-2.8746509443653956,1
0,1,0,0,0,1,1,0,0,1,1,1,1,0,1,0,0.0,-2.874597739183707,1
1,1,0,0,0,0,0,1,0,1,0,1,0,1,1,1,0.0,-2.874575199652467,1
1,1,1,0,0,0,1,0,0,1,1,0,0,1,1,0,0.0,-2.874464676479723,1
1,1,1,1,0,0,0,0,1,1,0,0,1,1,0,0,0.0,-2.8744359538414668,1
0,0,1,0,1,0,1,0,0,1,0,1,1,1,0,1,0.0,-2.874430987173456,1
0,1,0,0,1,0,1,1,1,0,0,1,0,0,1,1,0.0,-2.874422748618767,1
0,1,1,0,0,0,1,1,1,0,1,1,0,1,0,0,0.0,-2.87438413602964,1
1,1,1,0,0,0,0,0,1,1,1,1,0,1,0,0,0.0,-2.8743691550746573,1
0,1,1,1,0,0,1,1,1,0,0,0,1,1,0,0,0.0,-2.874303610080903,1
0,1,1,0,1,0,1,0,1,0,0,1,0,1,1,0,0.0,-2.874296184579427,1
1,1,1,0,0,0,1,0,0,1,0,1,0,1,1,0,0.0,-2.8742628993446084,1
0,1,0,0,0,1,1,0,1,1,1,0,1,0,1,0,0.0,-2.874240667993708,1
0,0,1,1,0,1,0,0,1,1,1,0,1,0,1,0,0.0,-2.8742018425184486,1
0,1,1,1,0,0,0,1,1,0,1,0,0,1,0,1,0.0,-2.87418960669109,1
0,1,1,0,1,0,1,0,0,0,1,1,0,0,1,1,0.0,-2.8741686478851145,1
1,1,1,1,0,0,0,0,1,1,1,0,0,1,0,0,0.0,-2.8741087124095057,1
0,1,0,1,0,1,1,0,0,1,0,1,1,0,1,0,0.0625,-2.874046101620092,1
1,1,0,1,1,0,0,0,0,1,0,0,1,1,1,0,0.0,-2.8740344173206305,2
1,0,1,0,0,0,1,0,1,1,0,0,1,1,1,0,0.0,-2.8739775042255467,1
0,1,0,0,0,1,0,1,1,1,1,0,1,0,1,0,0.0,-2.8739767778025245,1
1,0,1,0,0,0,0,0,1,1,0,0,1,1,1,1,0.0,-2.873952934643378,1
0,0,0,1,0,1,0,1,0,1,1,1,1,0,1,0,0.0,-2.8739312616692407,1
0,0,1,1,1,0,1,0,0,0,0,1,1,0,1,1,0.0,-2.873928437134127,1
1,0,1,0,0,0,0,1,1,1,1,0,0,1,1,0,0.0,-2.8739258538105523,1
0,1,1,1,1,0,1,0,0,0,0,0,1,1,1,0,0.0,-2.873915929148609,1
0,1,1,0,1,0,1,1,0,1,1,0,0,0,0,1,0.0,-2.873911212893315,1
1,1,0,0,1,0,0,0,1,1,1,0,0,0,1,1,0.0,-2.873870407919488,1
1,1,1,1,0,0,0,0,0,1,0,0,0,1,1,1,0.0,-2.8738540908130386,1
0,1,0,1,1,0,1,1,0,0,0,1,0,1,1,0,0.0,-2.8738413198352246,1
1,1,1,0,0,0,0,1,1,1,0,0,0,1,1,0,0.0,-2.873792389463967,1
0,1,0,1,0,1,0,0,1,1,0,0,1,0,1,1,0.0,-2.8737882049275756,1
0,1,1,0,1,0,1,0,0,1,0,1,0,1,0,1,0.0,-2.87375800307571,2
1,1,1,1,0,0,1,0,0,1,0,0,0,1,1,0,0.0,-2.873736354637672,1
0,0,1,1,1,0,1,1,1,0,0,1,0,0,1,0,0.0,-2.8736210944727185,1
1,0,1,0,0,0,1,0,1,1,0,1,0,1,1,0,0.0,-2.873608164451884,1
0,1,0,1,0,1,1,0,1,1,0,0,1,0,1,0,0.0,-2.8736042782734463,1
0,1,1,1,1,0,1,0,0,0,0,1,0,1,1,0,0.0,-2.873596033824009,1
1,0,0,0,1,0,1,0,1,1,0,1,1,0,1,0,0.0,-2.8735887825676927,1
1,0,1,1,1,0,0,0,1,1,0,0,1,0,1,0,0.0,-2.873588226934277,1
1,1,0,0,1,0,1,0,1,1,1,0,0,0,1,0,0.0,-2.873565127162796,1
1,1,0,1,0,0,1,0,1,0,1,0,1,0,1,0,0.0,-2.8735465543284957,1
0,1,0,1,0,1,1,0,1,1,1,0,0,0,1,0,0.0,-2.87354050385212,1
1,1,0,0,0,0,0,1,1,1,0,0,0,1,1,1,0.0,-2.873525439111245,1
1,1,1,0,0,0,0,0,0,0,1,1,1,1,1,0,0.0,-2.8734837810499636,1
1,1,0,1,0,0,1,0,1,0,0,1,1,0,1,0,0.0,-2.8734610412950903,1
0,0,0,1,0,1,1,0,1,1,1,0,1,0,1,0,0.0,-2.8734255247740186,1
0,1,1,0,1,0,1,1,1,1,0,0,0,1,0,0,0.0,-2.873386761400231,1
1,1,0,1,0,0,0,0,1,1,0,1,0,1,0,1,0.0,-2.8732784672069824,1
0,0,0,1,1,0,1,0,1,0,0,1,0,1,1,1,0.0,-2.8732433765030425,1
1,0,1,1,1,0,0,0,1,1,1,0,0,0,1,0,0.0,-2.87319217521095,1
1,0,0,1,1,0,0,0,1,1,1,0,0,1,1,0,0.0,-2.873177143890896,1
1,0,0,1,0,0,0,0,1,1,1,1,0,1,0,1,0.0,-2.8731322128718237,1
1,1,0,0,0,0,1,0,1,1,0,0,0,1,1,1,0.0,-2.873089353811098,2
1,0,0,1,0,0,1,0,1,1,1,1,0,1,0,0,0.0,-2.873031605477313,1
1,1,1,0,1,0,0,0,0,1,0,0,1,1,1,0,0.0,-2.8730243308014485,1
1,1,1,1,0,0,0,0,0,0,1,0,1,1,1,0,0.0,-2.8729919322578237,1
0,1,1,0,1,0,1,1,0,0,1,1,1,0,0,0,0.0,-2.8729189777884945,1
1,0,0,0,0,0,1,1,1,1,1,0,0,0,1,1,0.0,-2.8729125879067383,1
1,0,1,1,0,0,1,0,1,1,0,0,0,1,1,0,0.0,-2.872901897725602,1
0,1,1,0,1,0,0,1,0,0,0,0,1,1,1,1,0.0,-2.872901001757703,1
1,1,1,0,0,0,0,0,1,0,1,0,1,1,1,0,0.0,-2.8728801414462195,1
0,1,0,0,1,0,0,1,0,0,1,1,1,1,0,1,0.0,-2.8727822945971715,1
1,1,0,1,0,0,1,1,1,1,0,1,0,0,0,0,0.0,-2.872775872770613,1
1,0,0,0,1,0,0,1,0,1,1,1,0,1,1,0,0.0,-2.872774358822093,1
1,1,1,0,1,0,0,0,0,1,0,1,0,1,1,0,0.0,-2.8727353298785143,1
0,1,0,1,1,0,1,1,0,1,0,0,0,1,0,1,0.0,-2.8726262267643805,1
0,1,1,0,0,1,0,0,0,1,1,0,1,0,1,1,0.0,-2.8725768166851076,1
0,1,1,1,1,0,0,1,0,0,0,1,1,1,0,0,0.0,-2.8725550617785705,1
1,1,1,0,0,0,1,0,0,0,1,1,1,0,1,0,0.0,-2.872530945400808,1
1,0,1,0,0,0,1,1,0,1,1,1,1,0,0,0,0.0,-2.8724596471821,1
0,0,1,0,1,0,1,0,0,0,0,1,1,1,1,1,0.0,-2.872435074748255,1
0,1,1,0,0,1,0,1,0,1,1,0,1,0,1,0,0.0,-2.8723883459945743,1
0,1,1,0,1,0,1,1,0,0,0,1,0,1,1,0,0.0,-2.8723112450194557,1
1,1,1,0,0,0,1,1,0,1,0,1,1,0,0,0,0.0,-2.8722654105503467,1
1,0,1,0,0,0,0,1,0,1,0,0,1,1,1,1,0.0,-2.8721976151147333,1
1,1,1,0,0,0,0,0,1,0,1,1,0,1,1,0,0.0,-2.872125055560246,1
0,0,1,1,1,0,0,1,1,0,1,0,1,1,0,0,0.0,-2.8721072976173714,1
1,0,1,1,0,0,1,0,1,1,0,0,0,0,1,1,0.0,-2.872092376172869,1
0,1,1,0,0,1,0,0,0,1,1,0,1,1,1,0,0.0,-2.8720824585988263,1
1,0,1,0,1,0,0,0,1,1,0,0,1,1,1,0,0.0,-2.872071562512593,1
1,0,0,0,1,0,0,0,0,1,0,1,1,1,1,1,0.0,-2.872063689445584,1
0,0,1,0,0,1,1,0,1,1,0,1,1,0,1,0,0.0,-2.8720422791622355,1
0,0,1,1,1,0,1,0,0,0,1,1,1,1,0,0,0.0,-2.8720370964157236,1
1,0,1,1,0,0,0,1,0,1,1,0,1,0,0,1,0.0,-2.872020811570719,1
0,1,1,0,0,1,0,0,0,1,0,1,1,1,1,0,0.0,-2.87199592725222,1
1,0,1,0,0,0,0,1,1,1,1,0,1,1,0,0,0.0,-2.8719884910101516,1
0,1,1,0,0,0,1,1,0,0,1,1,0,1,0,1,0.0,-2.8719874182823677,1
1,1,1,1,0,0,0,1,0,1,0,1,0,1,0,0,0.0,-2.871970556145645,1
0,0,0,0,1,0,1,1,1,0,0,1,0,1,1,1,0.0,-2.8719676237139273,1
1,0,1,0,0,0,1,1,0,1,1,0,0,1,1,0,0.0,-2.8719503429230016,1
1,1,0,0,1,0,1,0,0,1,1,0,0,1,1,0,0.0,-2.8718722369790735,1
1,1,0,0,1,0,1,1,0,1,0,0,1,0,1,0,0.0,-2.8718640645543108,1
0,0,0,0,1,0,1,1,1,0,1,1,1,0,0,1,0.0,-2.8718363470626973,1
1,0,1,0,1,0,0,0,1,1,1,0,0,1,1,0,0.0,-2.871836346596123,1
1,0,0,0,0,0,1,1,0,1,1,1,1,1,0,0,0.0,-2.8718253041672255,1
0,1,1,0,0,1,1,0,0,1,1,1,0,0,1,0,0.0,-2.8718232517760067,1
1,1,1,0,0,0,1,0,1,0,0,1,1,0,1,0,0.0,-2.871773700414336,1
1,0,0,0,0,0,1,1,1,0,1,1,1,0,1,0,0.0,-2.871749471123227,1
1,0,1,1,1,0,0,0,0,1,1,0,0,1,1,0,0.0,-2.8717476821913577,1
0,1,0,0,0,1,1,1,0,1,0,1,1,0,1,0,0.0,-2.8717453429323543,1
0,1,0,0,0,1,1,1,0,1,1,0,1,0,1,0,0.0,-2.8717029491636943,1
1,1,0,0,1,0,1,0,0,1,0,0,1,1,1,0,0.0,-2.8716926213229605,1
1,0,1,0,0,0,1,1,0,1,0,0,1,0,1,1,0.0,-2.871691033313949,1
1,1,1,1,0,0,0,0,1,0,1,0,0,1,1,0,0.0,-2.8716721474479994,1
1,0,0,0,0,0,1,0,1,0,1,1,1,1,1,0,0.0,-2.871642729519681,1
0,1,1,0,1,0,1,0,0,0,0,1,0,1,1,1,0.0,-2.8716217431976263,1
1,0,0,0,1,0,0,1,1,1,0,1,0,1,1,0,0.0,-2.8716160167744844,2
0,1,0,0,1,0,1,0,0,0,1,1,1,1,0,1,0.0,-2.871609735529897,1
0,0,1,0,0,1,0,0,1,1,0,1,1,1,1,0,0.0,-2.8715885841708793,1
0,1,1,0,0,1,0,0,0,1,1,1,0,1,1,0,0.0,-2.871574514536797,2
1,1,0,1,1,0,0,1,0,1,0,0,0,1,1,0,0.0,-2.8714567319246864,1
0,1,1,0,0,1,0,0,1,1,0,0,1,1,1,0,0.0,-2.8714174294601023,1
0,1,0,1,1,1,0,0,0,1,1,0,1,0,1,0,0.0,-2.8713832492198477,1
1,1,1,0,0,0,0,0,1,1,1,0,0,1,0,1,0.0,-2.8713692667809156,1
0,1,1,1,1,0,1,0,1,0,0,0,1,1,0,0,0.0,-2.8713458996090186,1
1,0,0,0,1,0,0,0,1,1,0,1,0,1,1,1,0.0,-2.871342817534215,1
1,0,1,1,0,0,0,0,1,0,1,0,1,0,1,1,0.0,-2.8713067547244724,1
1,0,1,0,1,0,1,0,1,1,0,0,1,0,1,0,0.0,-2.8713059285337343,1
1,1,1,0,0,0,1,1,1,1,0,0,1,0,0,0,0.0,-2.8712711785717775,1
1,1,0,0,0,0,1,1,0,1,0,0,0,1,1,1,0.0,-2.871259790135378,1
1,0,1,0,0,0,0,1,0,0,1,1,1,1,1,0,0.0,-2.8712523151153237,1
0,1,1,1,1,0,0,0,1,0,0,1,0,1,0,1,0.0,-2.871244189218093,1
1,0,1,1,0,0,1,0,1,0,0,1,1,0,1,0,0.0,-2.8712423913108265,2
1,1,0,1,0,0,0,1,1,0,1,0,0,0,1,1,0.0,-2.8712393291895433,1
1,1,0,0,1,0,0,0,1,1,0,0,0,1,1,1,0.0,-2.8712065419501496,1
1,0,1,1,0,0,1,0,0,1,0,1,1,0,0,1,0.0,-2.871173044860494,1
1,0,0,1,1,0,0,1,0,1,0,0,1,1,1,0,0.0,-2.871160145680946,1
0,1,0,0,0,1,0,1,0,1,1,1,0,1,1,0,0.0,-2.871133327910567,1
1,0,1,0,1,0,1,0,1,1,0,1,0,0,1,0,0.0,-2.871128727455892,1
0,1,1,1,1,0,1,1,0,0,0,0,0,1,1,0,0.0,-2.8711240906748814,1
1,0,0,0,1,0,1,1,1,1,0,1,0,0,1,0,0.0,-2.8711003132384567,1
1,0,1,1,0,0,1,1,0,1,0,0,0,1,1,0,0.0,-2.871084200431807,1
1,1,1,0,0,0,0,1,0,0,0,1,1,1,1,0,0.0,-2.871034162266287,1
1,1,0,1,1,0,0,0,0,1,0,0,0,1,1,1,0.0,-2.8710032676605586,1
0,1,1,1,0,1,0,0,0,1,0,1,0,1,1,0,0.0,-2.870987513739755,1
0,1,0,0,0,1,0,0,1,1,0,1,0,1,1,1,0.0,-2.870949547180494,1
0,1,0,0,0,1,0,0,1,1,1,0,0,1,1,1,0.0,-2.8709380908599713,1
1,1,0,1,1,0,0,0,1,1,0,1,0,1,0,0,0.0,-2.8709242771090135,1
0,1,1,1,1,0,1,0,1,0,0,1,0,1,0,0,0.0,-2.8709187585197435,1
1,1,0,1,1,0,1,0,0,1,0,0,0,1,1,0,0.0,-2.8708285817973547,1
0,1,0,0,0,1,1,0,1,1,0,0,1,1,1,0,0.0,-2.870827692506311,1
1,0,1,1,0,0,0,0,1,0,1,1,0,0,1,1,0.0,-2.870780665109992,1
1,0,0,1,1,0,1,0,0,1,1,0,0,1,1,0,0.0,-2.870772261204011,1
1,0,0,0,1,0,1,1,1,1,0,0,1,0,1,0,0.0,-2.8707369441227817,1
1,0,1,1,1,0,0,0,1,1,0,0,0,1,1,0,0.0,-2.870729716894515,1
1,0,0,1,1,0,1,0,0,1,1,1,1,0,0,0,0.0,-2.870675803269809,1
0,0,1,0,1,0,1,1,1,1,0,0,0,1,0,1,0.0,-2.8706173597148203,1
1,1,1,0,1,0,0,1,0,1,0,1,1,0,0,0,0.0,-2.870608327204905,1
1,0,1,1,0,0,1,0,0,1,0,0,0,1,1,1,0.0,-2.87046892488769,1
0,1,0,1,0,1,0,1,0,1,1,0,0,1,1,0,0.0,-2.8703913728077923,1
0,1,0,1,1,0,1,0,1,0,0,0,1,1,0,1,0.0,-2.8703644902742327,1
1,0,1,0,1,0,0,1,0,1,0,0,1,1,1,0,0.0,-2.8703474933384294,1
1,1,0,0,0,0,0,1,0,0,1,0,1,1,1,1,0.0,-2.8703025857575497,2
1,0,1,0,1,0,0,1,0,1,0,1,0,1,1,0,0.0,-2.8702962782143793,2
1,0,0,1,0,0,0,1,1,1,0,1,0,1,0,1,0.0,-2.8702113285723057,1
0,1,1,0,1,0,1,1,0,0,0,1,1,1,0,0,0.0,-2.870202304147774,1
1,1,1,0,0,0,0,1,0,0,1,1,0,0,1,1,0.0,-2.870090033596467,1
1,1,1,0,0,0,1,0,0,0,0,1,1,1,1,0,0.0,-2.8700585920425663,1
0,1,0,1,0,1,0,0,1,1,0,1,1,0,0,1,0.0,-2.870023227711332,1
0,0,0,1,0,1,0,0,1,1,0,0,1,1,1,1,0.0,-2.870016281499592,1
1,1,0,0,0,0,1,1,0,0,1,1,0,1,1,0,0.0,-2.870010821490636,1
1,0,0,1,1,0,1,0,1,1,0,0,0,1,1,0,0.0,-2.86998046125427,1
1,0,1,0,0,0,0,1,0,1,1,0,1,1,0,1,0.0,-2.869955585573184,1
1,1,1,0,1,0,0,1,0,1,0,0,0,1,1,0,0.0,-2.8699312619913293,2
1,1,0,0,1,0,0,0,1,0,1,1,0,1,1,0,0.0,-2.869924255079746,1
0,1,1,0,1,0,1,1,0,0,1,1,0,1,0,0,0.0,-2.869906470458503,1
1,0,1,0,0,0,1,1,0,1,0,1,1,1,0,0,0.0,-2.8697955895891165,1
1,0,1,0,1,0,1,1,0,1,0,0,1,0,1,0,0.0,-2.869776422732496,1
1,0,1,0,1,0,0,0,0,1,0,0,1,1,1,1,0.0,-2.8697609334410963,1
1,0,1,0,1,0,1,0,0,1,0,0,1,1,1,0,0.0,-2.8697380181373155,2
1,1,0,1,1,0,0,0,0,0,0,1,1,1,1,0,0.0,-2.869664675399604,1
1,1,0,1,1,0,0,0,0,0,1,1,0,1,1,0,0.0,-2.869648715139302,2
0,1,0,0,1,1,0,1,0,1,1,1,0,0,1,0,0.0,-2.8696270320101096,1
0,0,0,0,1,1,1,0,0,1,1,1,1,0,1,0,0.0,-2.869600526770042,1
1,0,0,1,0,0,1,1,1,1,1,0,0,0,0,1,0.0,-2.8695995222487847,1
1,0,1,0,0,0,0,1,0,1,1,1,0,1,0,1,0.0,-2.869582295154189,1
1,1,0,1,1,0,0,0,0,0,1,0,1,1,1,0,0.0,-2.8695681920905836,1
1,1,1,1,0,0,1,0,0,0,0,0,1,1,1,0,0.0,-2.8695680770374956,1
0,0,1,0,1,1,0,0,1,1,1,1,0,0,1,0,0.0,-2.869513904487834,1
1,0,1,0,1,0,1,0,0,1,1,0,0,1,1,0,0.0,-2.8695072391493572,1
1,0,1,0,0,0,1,0,1,0,0,1,1,1,1,0,0.0,-2.8694723642914965,2
0,0,1,0,1,0,1,0,1,0,1,0,1,1,0,1,0.0,-2.8694213281204215,1
1,1,0,0,1,0,0,1,0,1,0,0,0,1,1,1,0.0,-2.869416983348179,1
1,0,0,1,0,0,0,1,0,0,0,1,1,1,1,1,0.0,-2.869402291341559,1
0,1,0,0,1,1,0,1,0,1,1,0,1,0,1,0,0.0,-2.8694022671827994,1
1,0,0,1,0,0,0,1,0,0,1,1,0,1,1,1,0.0,-2.8693852608286576,1
1,1,1,0,1,0,0,0,1,1,1,0,0,1,0,0,0.0,-2.869363621298137,1
1,1,1,1,1,0,0,1,0,1,1,0,0,0,0,0,0.0,-2.869322756260496,1
0,0,1,0,0,1,1,0,0,1,0,1,1,1,1,0,0.0,-2.86930341277076,1
0,1,0,0,1,1,1,0,0,1,1,0,1,0,1,0,0.0,-2.86927255574102,1
1,1,1,0,1,0,1,0,0,1,0,0,0,1,1,0,0.0,-2.8692701229376794,1
1,1,0,0,0,0,1,1,1,0,1,0,0,1,1,0,0.0,-2.869268662198079,1
1,1,1,0,1,0,1,1,0,1,0,0,0,0,1,0,0.0,-2.869267780066098,1
0,1,0,0,1,1,0,0,0,1,1,1,0,1,1,0,0.0,-2.869215413637709,1
1,0,0,0,0,0,1,1,1,0,0,1,1,1,1,0,0.0,-2.869169925759673,1
1,1,0,0,1,0,1,0,0,1,1,0,1,1,0,0,0.0,-2.8691319047663613,1
1,0,1,0,0,0,1,0,0,1,0,1,1,1,0,1,0.0,-2.869128643840023,1
1,0,1,1,1,0,0,0,1,0,1,0,1,0,1,0,0.0,-2.8691217071000628,1
0,1,1,0,1,0,1,0,1,0,0,0,1,1,0,1,0.0,-2.8691080249225114,1
1,0,0,0,1,0,1,0,1,0,1,1,1,0,1,0,0.0,-2.869037922379996,1
1,1,0,0,1,0,1,0,1,0,1,0,1,0,1,0,0.0,-2.8690209078540816,1
1,1,1,0,1,0,0,1,1,1,1,0,0,0,0,0,0.0,-2.868994374576083,1
1,1,0,0,1,0,1,0,1,0,1,1,0,0,1,0,0.0,-2.868982810420653,1
0,0,1,0,0,1,0,1,0,1,1,0,1,1,1,0,0.0,-2.8689410067179075,2
0,0,1,0,0,1,1,0,1,1,0,0,1,0,1,1,0.0,-2.868901066845348,1
1,1,0,1,1,0,0,0,1,0,1,0,0,1,1,0,0.0,-2.8688980033150426,1
1,0,0,0,1,0,1,0,0,1,0,1,0,1,1,1,0.0,-2.8688935531738693,1
0,1,1,0,0,1,1,0,0,1,1,0,0,0,1,1,0.0,-2.8688752854347697,1
1,1,1,0,1,0,0,1,0,0,1,0,1,0,1,0,0.0,-2.868838781936268,1
1,1,1,0,0,0,0,1,0,0,1,1,1,1,0,0,0.0,-2.868820188748341,1
1,1,0,1,1,0,1,0,0,0,0,1,1,0,1,0,0.0,-2.8688034354862815,1
1,0,1,1,0,0,1,0,1,0,0,0,1,1,1,0,0.0,-2.868802127267081,1
1,0,0,0,1,0,1,1,0,1,1,0,0,0,1,1,0.0,-2.868783260518739,1
0,1,1,0,0,1,0,1,0,1,0,0,1,1,1,0,0.0,-2.868719003420118,1
1,1,0,1,1,0,0,0,0,1,0,1,0,1,0,1,0.0,-2.868665379059654,1
1,0,1,0,0,0,1,1,1,1,0,0,1,1,0,0,0.0,-2.8686153729086974,1
0,1,1,0,0,1,0,0,0,1,1,0,0,1,1,1,0.0,-2.868606035470255,1
1,1,1,0,1,0,0,0,1,1,1,0,0,0,0,1,0.0,-2.8685994017399947,1
1,0,1,0,1,0,0,0,1,1,0,0,0,1,1,1,0.0,-2.868454854629006,1
1,0,0,1,1,0,1,0,0,1,1,1,0,1,0,0,0.0,-2.868439868485681,1
1,0,1,0,1,0,1,0,1,1,1,1,0,0,0,0,0.0,-2.8684395833241756,1
1,1,1,1,1,0,0,0,1,1,0,0,0,1,0,0,0.0,-2.868433952293944,1
1,0,0,1,0,0,1,1,1,0,0,1,0,1,1,0,0.0,-2.868422879546932,1
1,1,0,1,1,0,1,0,0,1,1,0,0,1,0,0,0.0,-2.8683869158710764,1
0,0,0,1,1,1,0,0,0,1,1,1,0,1,1,0,0.0,-2.868371678339004,1
1,1,1,1,0,0,0,0,1,0,0,0,0,1,1,1,0.0,-2.86833466963822,1
1,0,0,1,1,0,1,1,0,1,0,1,1,0,0,0,0.0,-2.868327541968101,1
1,0,0,1,0,0,1,1,1,0,0,0,1,1,1,0,0.0,-2.868327232467742,1
0,0,1,0,0,1,1,0,1,1,0,1,0,1,1,0,0.0,-2.868320049942281,1
0,1,1,0,0,1,0,1,0,1,0,1,0,1,1,0,0.0,-2.8683065222392887,1
1,1,0,1,1,0,1,1,0,1,0,0,1,0,0,0,0.0,-2.8682598294182418,1
0,1,0,0,0,1,1,1,0,1,1,0,0,1,1,0,0.0,-2.868233210318874,1
0,1,1,0,0,1,0,0,1,1,1,0,1,0,0,1,0.0,-2.86821654799349,1
1,0,1,0,1,0,1,1,1,1,0,0,0,0,1,0,0.0,-2.868213197321829,1
1,0,1,0,0,0,1,1,1,1,0,1,0,1,0,0,0.0,-2.8682129834728616,1
1,1,1,1,0,0,0,1,0,0,0,1,1,1,0,0,0.0,-2.868205953000702,1
1,1,1,1,0,0,1,0,0,0,0,1,0,0,1,1,0.0,-2.868198099303876,2
1,0,1,0,0,0,1,1,0,0,1,0,1,1,1,0,0.0,-2.8680355097733896,1
0,1,1,0,0,1,1,1,1,1,0,0,0,0,1,0,0.0,-2.86802815590442,1
0,1,1,0,0,1,1,0,1,1,0,0,0,1,1,0,0.0,-2.8679996721514516,2
0,0,1,1,0,1,0,0,0,1,1,1,1,1,0,0,0.0,-2.8679839162810965,1
0,0,1,1,0,1,0,1,0,1,0,1,0,1,1,0,0.0,-2.8679460270085766,1
1,0,0,1,1,0,0,1,1,1,1,0,0,1,0,0,0.0,-2.8678124474735016,1
0,0,1,1,0,1,0,1,0,1,1,0,0,1,1,0,0.0,-2.8677938084517685,1
1,0,1,0,0,0,0,1,1,0,1,1,1,1,0,0,0.0,-2.8677845693680166,1
1,1,1,0,0,0,1,0,1,1,0,0,0,1,0,1,0.0,-2.867775458304441,1
1,0,1,1,1,0,0,0,0,0,0,1,1,1,1,0,0.0,-2.8677556677518194,1
1,0,1,0,1,0,0,1,1,0,1,0,1,0,1,0,0.0,-2.867706168900349,1
1,1,1,0,1,0,0,0,1,0,0,0,1,1,1,0,0.0,-2.8676474723729104,2
0,0,1,1,0,1,1,0,1,1,0,1,1,0,0,0,0.0,-2.8676338266207755,1
0,0,1,0,1,1,1,0,0,1,0,1,1,0,1,0,0.0,-2.867611816568119,2
1,0,0,1,1,0,1,0,0,1,0,1,1,0,0,1,0.0,-2.867605579121402,1
1,1,0,0,0,1,0,0,0,1,1,1,1,0,1,0,0.0,-2.867569893512296,1
1,1,1,0,1,0,1,0,0,0,1,0,1,0,1,0,0.0,-2.8675665181596193,1
0,1,1,1,0,1,0,1,0,1,1,1,0,0,0,0,0.0,-2.8675595325916676,1
1,1,0,1,1,0,1,0,1,1,0,0,0,1,0,0,0.0,-2.8675528921480558,1
0,0,0,1,1,1,0,0,1,1,1,0,0,1,1,0,0.0,-2.867518622740986,1
0,1,1,0,0,1,0,0,1,0,1,0,1,1,1,0,0.0,-2.8674940603180694,1
0,1,0,1,0,1,1,1,0,1,0,0,0,1,1,0,0.0,-2.8674866112359307,2
0,1,0,1,0,1,0,1,0,0,0,1,1,0,1,1,0.0,-2.8674746830896716,1
1,0,1,1,1,0,0,1,0,0,1,1,0,0,1,0,0.0,-2.8674714248876763,1
1,1,1,0,0,0,1,1,0,0,1,0,0,1,1,0,0.0,-2.867422550093591,1
0,0,1,0,1,1,0,1,0,1,1,0,1,0,1,0,0.0,-2.867283389178442,1
1,1,0,0,1,0,0,1,1,0,0,0,1,1,1,0,0.0,-2.8672670651244747,1
0,0,1,0,1,1,0,0,0,1,0,1,1,1,1,0,0.0,-2.8672478292433414,2
1,0,1,0,1,0,1,1,0,1,1,0,1,0,0,0,0.0,-2.8672475801532533,1
0,0,1,1,0,1,0,1,1,1,0,1,1,0,0,0,0.0,-2.867241059842416,1
1,1,1,0,0,0,1,1,0,0,0,1,0,1,1,0,0.0,-2.867227752733136,1
1,1,0,0,1,0,1,0,0,0,1,0,1,1,1,0,0.0,-2.86720237778325,1
1,1,1,1,1,0,0,0,0,0,1,0,0,1,1,0,0.0,-2.867129033569888,2
0,1,0,0,0,1,1,0,0,0,1,1,1,1,1,0,0.0,-2.8671121486703277,1
1,1,1,0,1,0,1,0,0,1,0,0,1,1,0,0,0.0,-2.86708688407373,1
0,0,0,1,1,1,0,0,1,0,1,1,1,0,1,0,0.0,-2.8670555150872272,1
1,0,1,0,1,0,1,0,1,0,0,1,1,0,1,0,0.0,-2.8669816739826244,1
1,1,0,0,0,0,0,1,1,0,1,0,1,1,0,1,0.0,-2.866970094178116,1
1,0,0,0,0,0,1,1,0,0,0,1,1,1,1,1,0.0,-2.8669468132080604,1
1,1,0,0,1,0,0,1,1,0,0,0,1,0,1,1,0.0,-2.8669202013560326,1
0,1,1,0,1,1,0,1,0,1,0,1,0,0,1,0,0.0,-2.8669143431696433,2
1,1,1,0,0,0,1,0,1,0,0,1,1,1,0,0,0.0,-2.8668683046803554,1
0,1,1,0,1,1,0,0,0,1,0,0,1,1,1,0,0.0,-2.866759027302378,2
1,1,1,1,0,0,0,1,1,0,0,0,1,0,0,1,0.0,-2.866750017706741,1
0,1,0,1,0,1,0,1,0,1,1,0,1,1,0,0,0.0,-2.8667142410481685,1
1,0,0,0,1,0,1,0,1,0,0,1,1,1,1,0,0.0,-2.86664838363558,1
1,1,0,1,1,0,0,0,0,0,1,1,1,0,0,1,0.0,-2.866628079168152,1
0,1,1,1,0,1,0,0,1,0,1,1,1,0,0,0,0.0,-2.866574166114427,1
1,1,1,0,0,0,0,0,1,0,1,1,0,1,0,1,0.0,-2.866565028303302,1
1,1,1,1,0,0,1,1,1,0,0,0,1,0,0,0,0.0,-2.8665646934242,1
1,0,1,0,1,0,1,0,1,0,1,1,0,0,1,0,0.0,-2.8664745085617946,1
0,1,1,0,1,1,0,0,0,1,1,0,0,1,1,0,0.0,-2.8664480698169097,1
1,1,1,0,0,0,1,0,1,0,1,1,0,1,0,0,0.0,-2.866429949550891,1
1,0,1,0,1,0,0,1,1,1,0,1,0,1,0,0,0.0,-2.866411985372191,1
1,0,1,1,1,0,0,1,0,1,0,0,1,0,0,1,0.0,-2.866400380237999,1
1,0,1,0,1,0,0,1,0,0,0,1,1,1,1,0,0.0,-2.8663860758066186,1
0,1,1,1,0,1,0,0,1,0,1,0,0,1,1,0,0.0,-2.866349173831017,1
1,1,1,0,0,0,1,1,1,0,0,0,0,1,1,0,0.0,-2.866309898425193,1
1,0,1,1,1,0,0,0,1,0,1,0,0,1,1,0,0.0,-2.866275420422415,1
0,0,1,0,1,1,0,0,1,1,0,0,1,1,1,0,0.0,-2.8662469685809047,1
0,1,1,0,1,1,0,0,0,0,1,1,1,0,1,0,0.0,-2.8662308457784653,1
1,1,0,1,1,0,1,0,0,0,1,0,0,1,1,0,0.0,-2.866229755234022,2
0,0,1,1,1,1,0,1,0,1,0,0,1,0,1,0,0.0,-2.8662292215900194,1
0,0,1,0,1,1,0,0,1,1,0,1,0,1,1,0,0.0,-2.86622628520677,1
1,1,0,1,1,0,1,0,0,0,0,0,1,1,1,0,0.0,-2.8661844163601344,1
0,1,1,0,1,1,0,0,1,1,0,0,0,0,1,1,0.0,-2.866179378112373,1
1,0,0,1,1,0,1,0,0,0,1,0,1,1,1,0,0.0,-2.8660852986838554,1
1,0,0,0,1,0,1,1,0,1,0,0,0,1,1,1,0.0,-2.8660779932972336,1
1,0,1,0,1,0,1,0,1,1,1,0,0,1,0,0,0.0,-2.866028109879546,1
1,0,1,0,1,0,0,0,1,1,1,0,0,1,0,1,0.0,-2.8659982539840585,1
0,0,0,0,1,1,1,0,1,1,0,1,0,1,1,0,0.0,-2.8659873649020593,1
0,0,0,1,0,1,0,1,1,1,1,1,0,1,0,0,0.0,-2.865954365081017,1
0,1,0,0,1,1,0,1,0,1,1,0,0,1,1,0,0.0,-2.8659230572825045,1
1,1,0,0,0,0,1,0,1,0,1,1,0,1,0,1,0.0,-2.865847983845238,1
1,0,1,0,1,0,0,1,1,1,1,0,0,0,0,1,0.0,-2.865746454565058,1
0,1,1,0,1,1,0,0,1,0,0,1,1,0,1,0,0.0,-2.8657235967720185,1
0,1,1,0,0,1,0,1,0,1,0,1,1,0,0,1,0.0,-2.8657033811547747,1
0,0,0,0,1,1,1,0,1,1,1,0,0,1,1,0,0.0,-2.8656806332519733,1
0,1,0,0,1,1,1,0,1,1,0,0,0,1,1,0,0.0,-2.865561468472697,2
0,0,1,1,1,1,0,0,0,0,1,1,1,0,1,0,0.0,-2.8655232836626765,1
1,0,0,1,1,0,1,1,1,0,0,0,1,0,1,0,0.0,-2.8654793668735805,1
0,1,1,1,1,1,0,0,0,0,0,1,1,0,1,0,0.0,-2.865428290007349,1
1,1,1,0,1,0,1,1,0,0,0,0,1,0,1,0,0.0,-2.8653844906865387,1
1,1,1,0,0,0,1,1,0,0,0,1,1,1,0,0,0.0,-2.865339719997469,1
0,0,1,1,1,1,1,0,1,1,0,0,0,0,1,0,0.0,-2.865333491169322,1
1,0,1,0,1,0,1,1,0,0,1,1,0,0,1,0,0.0,-2.865251114888172,1
0,0,1,0,0,1,1,1,1,1,0,0,0,0,1,1,0.0,-2.8652111339394253,1
1,0,0,1,1,0,1,0,0,1,0,1,0,1,0,1,0.0,-2.865207638059384,1
1,1,1,0,1,0,0,0,1,0,0,1,1,1,0,0,0.0,-2.8651767118908036,1
0,1,1,0,0,1,0,1,0,1,1,0,1,1,0,0,0.0,-2.865144996658269,1
1,1,0,0,1,0,0,1,0,0,1,0,0,1,1,1,0.0,-2.8651338974198666,2
0,0,0,1,1,1,1,0,0,1,1,0,0,1,1,0,0.0,-2.8651206008479253,1
1,0,1,0,1,0,1,0,0,0,1,1,0,1,1,0,0.0,-2.8650142654211734,1
1,0,1,0,1,0,0,1,1,0,0,0,1,1,1,0,0.0,-2.865001763952411,1
0,1,1,1,1,1,0,0,1,1,0,0,1,0,0,0,0.0,-2.864929597432122,1
1,0,1,0,0,0,1,1,1,1,0,0,0,1,0,1,0.0,-2.864902024433517,1
0,0,1,0,0,1,0,1,1,1,1,0,1,0,0,1,0.0,-2.8648309211203604,1
0,0,1,0,0,1,1,0,1,1,0,1,1,1,0,0,0.0,-2.8647787840783256,1
0,0,1,0,0,1,1,1,1,1,0,0,0,1,1,0,0.0,-2.864776202209562,1
1,1,1,0,1,0,0,0,0,0,1,0,0,1,1,1,0.0,-2.864762777216933,1
0,0,0,0,1,1,0,0,1,0,1,1,1,1,1,0,0.0,-2.8647533477525196,1
1,1,1,0,0,1,0,0,0,1,1,1,0,0,1,0,0.0,-2.8647443156349435,1
0,0,0,1,1,1,1,1,1,1,0,0,0,0,1,0,0.0,-2.8647391477332533,1
1,0,0,0,1,0,1,1,0,0,0,1,1,0,1,1,0.0,-2.864699496765972,1
1,1,1,0,1,0,1,0,0,0,1,0,0,1,1,0,0.0,-2.8646765206915656,1
1,0,1,1,1,0,1,1,1,1,0,0,0,0,0,0,0.0,-2.8646629868192144,1
0,1,0,0,1,1,0,0,1,0,1,1,0,1,1,0,0.0,-2.8646583095826696,1
0,1,0,0,1,1,0,1,1,1,1,0,1,0,0,0,0.0,-2.8646330000125695,1
1,1,1,1,1,0,0,1,0,0,0,0,0,1,1,0,0.0,-2.864627412679008,1
0,1,1,1,1,1,0,0,1,1,0,1,0,0,0,0,0.0,-2.864594643710796,1
1,0,1,0,0,0,1,0,0,0,1,1,1,1,0,1,0.0,-2.8645622679264005,1
0,0,1,0,0,1,0,1,1,1,0,0,0,1,1,1,0.0,-2.864548421114395,1
1,1,1,0,1,0,0,0,1,0,1,0,1,0,0,1,0.0,-2.8645374001389,1
1,0,1,1,1,0,0,0,1,0,0,1,1,1,0,0,0.0,-2.864474755842973,1
0,1,1,0,0,1,0,1,0,0,1,1,0,1,1,0,0.0,-2.864451388372149,1
0,1,0,1,1,1,0,0,0,1,1,1,0,1,0,0,0.0,-2.8643970040795317,1
1,0,1,0,1,0,1,0,1,0,0,0,1,1,1,0,0.0,-2.864359619212297,1
1,1,1,0,0,0,1,0,0,0,0,1,1,1,0,1,0.0,-2.8643419401019337,1
1,1,0,0,0,1,1,0,0,1,1,1,0,0,1,0,0.0,-2.8643179997720316,1
0,1,1,1,0,1,1,0,0,0,0,0,1,1,1,0,0.0,-2.8642809254606423,1
1,0,0,1,1,0,0,1,0,0,0,1,0,1,1,1,0.0,-2.8642539420475,1
0,0,0,0,0,1,1,1,1,1,0,1,1,0,0,1,0.0,-2.864220748407535,1
0,0,1,0,1,1,1,0,0,1,0,0,1,0,1,1,0.0,-2.8641944672006456,1
0,1,0,1,1,1,0,1,1,0,0,1,0,0,1,0,0.0,-2.86416076271495,1
1,0,1,0,1,0,1,1,1,0,0,1,0,0,1,0,0.0,-2.8641529961370633,1
1,0,1,1,1,0,1,0,1,1,0,0,0,0,0,1,0.0,-2.8641298399834954,1
0,1,1,0,0,1,1,0,1,0,0,1,0,0,1,1,0.0,-2.8641093525369934,1
1,1,1,0,1,0,1,1,0,1,0,0,0,1,0,0,0.0,-2.8640840081085033,2
1,1,0,0,1,0,1,0,0,0,0,1,0,1,1,1,0.0,-2.864059557282342,2
0,1,1,1,0,1,0,1,0,1,0,1,0,1,0,0,0.0,-2.864056142185296,1
1,1,0,0,1,0,1,1,1,0,0,0,0,1,1,0,0.0,-2.864055597748191,2
0,0,0,1,0,1,1,0,0,1,1,1,0,1,0,1,0.0,-2.863986338004627,1
0,1,1,0,0,1,1,0,1,0,1,0,0,1,1,0,0.0,-2.863943701676135,1
1,1,0,0,1,0,1,0,1,0,1,1,0,1,0,0,0.0,-2.8639403860715515,1
0,1,0,1,1,1,1,0,1,0,0,0,1,0,1,0,0.0,-2.8639383413414197,1
1,0,1,0,1,0,0,0,1,0,1,0,0,1,1,1,0.0,-2.8639369598102173,1
0,1,1,0,0,1,0,0,1,0,1,0,0,1,1,1,0.0,-2.8638492401628834,1
1,0,0,1,1,0,1,1,0,0,0,0,1,1,1,0,0.0,-2.863823339315589,1
0,0,0,1,1,1,0,0,1,0,0,1,1,1,1,0,0.0,-2.8638137947287565,1
1,1,0,1,1,0,1,0,0,0,0,1,1,1,0,0,0.0,-2.8637914041488504,1
1,0,1,0,0,0,1,0,1,0,1,0,1,1,0,1,0.0,-2.863776996594793,1
1,1,1,0,1,0,0,1,0,0,0,1,1,1,0,0,0.0,-2.8636881322816654,1
0,1,0,0,0,1,1,1,1,1,1,0,0,1,0,0,0.0,-2.8636709937736,1
0,0,1,0,1,1,0,0,0,1,1,1,1,0,0,1,0.0,-2.8636696395027763,1
0,1,0,1,0,1,1,1,0,1,0,0,1,1,0,0,0.0,-2.8636677711457894,1
0,0,1,1,0,1,1,0,1,0,0,1,0,1,1,0,0.0,-2.863615489995705,1
0,1,0,1,1,1,0,0,1,0,1,0,0,1,1,0,0.0,-2.8635904374767134,1
1,0,0,1,0,1,0,0,0,1,0,1,1,1,1,0,0.0,-2.863575116644218,1
1,0,0,1,0,1,0,0,0,1,1,1,0,1,1,0,0.0,-2.863552221578991,1
0,0,1,1,0,1,1,0,1,0,1,0,0,1,1,0,0.0,-2.863508075216846,1
0,0,0,1,1,1,0,0,1,1,1,0,1,1,0,0,0.0,-2.863507949876749,1
0,0,0,0,1,1,1,1,0,1,0,1,0,1,1,0,0.0,-2.8634893178342065,1
1,0,0,0,1,0,1,0,1,0,0,1,0,1,1,1,0.0,-2.8634713293180516,1
0,0,1,0,1,1,0,1,0,1,1,0,0,1,1,0,0.0,-2.8634462356959576,2
1,0,0,0,0,1,1,0,1,1,1,1,0,0,1,0,0.0,-2.8633571718310966,1
1,0,1,1,1,0,1,1,0,1,0,0,0,1,0,0,0.0,-2.863344578560227,1
0,0,1,1,0,1,0,1,1,1,0,1,0,1,0,0,0.0,-2.8633298125850426,1
0,1,1,0,1,1,1,0,0,1,0,0,0,1,1,0,0.0,-2.8633200522700104,1
0,0,1,0,1,1,0,0,0,1,1,1,1,1,0,0,0.0,-2.863318881974129,1
0,0,1,1,0,1,0,1,1,0,0,1,0,1,1,0,0.0,-2.8632753828103326,1
1,1,0,1,1,0,0,0,1,0,1,0,0,1,0,1,0.0,-2.8632653453316523,1
1,1,0,0,0,1,0,0,1,1,1,0,0,1,1,0,0.0,-2.8632501074693697,2
1,1,0,1,1,0,1,0,1,0,1,0,0,1,0,0,0.0,-2.8631630312676117,1
0,0,0,1,0,1,1,1,1,1,0,1,0,1,0,0,0.0,-2.863134175056351,1
1,0,1,1,1,0,0,1,0,0,0,1,1,1,0,0,0.0,-2.8629923948444422,1
1,0,0,1,1,0,1,1,1,0,0,0,0,1,1,0,0.0,-2.8629721162880752,2
0,1,0,0,1,1,1,1,0,1,0,0,0,1,1,0,0.0,-2.8629293836458483,1
1,0,1,1,1,0,0,0,1,0,0,0,0,1,1,1,0.0,-2.8628754998456905,1
0,0,1,0,0,1,1,1,0,0,0,1,1,0,1,1,0.0,-2.8628270024601457,1
1,0,0,1,0,0,1,1,1,0,0,0,1,1,0,1,0.0,-2.86267700713849,1
1,0,0,1,0,1,0,0,1,1,0,1,0,1,1,0,0.0,-2.862603990058478,1
0,1,0,0,1,1,1,1,0,0,1,0,1,0,1,0,0.0,-2.862579243336171,1
0,0,1,1,1,1,1,0,0,0,0,1,1,0,1,0,0.0,-2.862567139098122,1
0,1,1,0,1,1,0,1,1,0,0,0,1,0,1,0,0.0,-2.8625498833815226,1
1,0,1,0,1,0,0,1,0,0,1,0,0,1,1,1,0.0,-2.862494300010403,1
1,0,0,1,0,1,0,1,1,1,0,0,1,0,1,0,0.0625,-2.862438608373464,1
0,1,1,1,1,1,0,1,0,1,0,0,1,0,0,0,0.0,-2.8624226208444288,1
0,0,1,0,1,1,0,0,1,1,1,0,1,1,0,0,0.0,-2.8624185091038132,1
0,1,1,0,1,1,0,0,0,0,1,1,0,1,1,0,0.0,-2.8624044041638936,1
0,1,0,1,0,1,1,0,1,0,1,1,0,1,0,0,0.0,-2.8623907445271364,1
1,1,1,0,1,0,0,1,0,0,0,0,0,1,1,1,0.0,-2.862326917631009,2
1,1,1,0,1,0,1,1,0,0,0,0,0,1,1,0,0.0,-2.8622906600288456,2
1,0,1,0,1,0,1,1,1,1,0,0,0,0,0,1,0.0,-2.862282848809288,1
0,0,1,0,0,1,1,1,0,1,1,0,1,1,0,0,0.0,-2.862281798346726,1
1,1,1,0,0,1,0,1,0,1,0,0,1,0,1,0,0.0,-2.862238418062608,1
0,0,0,0,1,1,1,0,1,0,0,1,1,0,1,1,0.0,-2.8622025290166486,1
1,0,1,0,1,0,1,1,0,0,0,0,1,0,1,1,0.0,-2.862191688349256,1
1,0,1,0,0,1,0,1,0,1,1,0,1,0,1,0,0.0,-2.8621666606275693,1
0,1,0,0,1,1,0,1,0,0,1,0,1,1,1,0,0.0,-2.8620989818806857,1
1,1,1,0,0,1,0,0,0,1,0,0,1,0,1,1,0.0,-2.8620925140335487,1
1,1,1,1,1,0,1,1,0,0,0,0,1,0,0,0,0.0,-2.862042312397157,1
0,1,1,0,1,1,0,1,1,0,1,0,0,0,1,0,0.0,-2.862040686626463,1
1,0,1,1,1,0,1,0,0,0,0,1,1,1,0,0,0.0,-2.862020222479075,1
0,1,1,0,1,1,0,0,1,1,1,0,0,1,0,0,0.0,-2.8619696634952443,1
1,0,1,0,1,0,1,0,1,0,0,1,1,1,0,0,0.0,-2.8619286958396457,1
1,1,1,0,0,1,0,0,0,1,0,0,1,1,1,0,0.0,-2.861920531717824,1
0,1,1,0,1,1,0,0,1,0,0,1,0,1,1,0,0.0,-2.8618471467107627,1
1,0,0,1,0,1,0,0,1,0,1,1,1,0,1,0,0.0,-2.8617967964282136,1
1,1,1,0,1,0,1,0,1,0,0,0,1,1,0,0,0.0,-2.861759939593969,1
0,0,0,0,1,1,0,1,1,0,0,1,1,1,1,0,0.0,-2.8617367735406742,1
1,0,1,1,1,0,1,0,0,0,1,1,0,1,0,0,0.0,-2.861644446515635,1
1,0,0,0,1,0,1,1,0,0,0,0,1,1,1,1,0.0,-2.8616271160501645,1
0,1,0,0,1,1,0,1,1,0,0,1,0,1,1,0,0.0,-2.8616138367047284,1
1,1,0,1,1,1,0,0,0,1,0,0,1,0,1,0,0.0,-2.861513479027562,1
0,1,0,0,1,1,1,0,1,0,0,0,1,1,1,0,0.0,-2.8614862063428497,1
0,1,1,1,1,1,0,0,1,1,0,0,0,0,0,1,0.0,-2.861464740765756,1
1,0,0,0,1,0,1,1,1,0,0,1,1,1,0,0,0.0,-2.861462245532223,1
1,1,1,0,0,1,0,0,0,1,0,1,0,1,1,0,0.0,-2.8614476411612015,1
1,1,0,1,1,0,1,1,0,0,0,0,1,1,0,0,0.0,-2.861440749133192,1
1,0,0,0,1,0,0,1,1,0,1,0,1,1,0,1,0.0,-2.861368778582088,1
0,1,0,1,1,1,1,0,0,1,0,1,0,1,0,0,0.0,-2.8613360122011944,1
1,0,1,1,0,1,0,0,0,1,0,0,1,1,1,0,0.0,-2.8613322571547855,1
1,1,0,0,1,1,0,0,1,1,1,0,0,0,1,0,0.0,-2.8613068262223997,2
0,0,1,1,1,1,0,0,1,0,0,1,0,1,1,0,0.0,-2.861270452827177,1
0,0,1,0,0,1,1,0,1,1,1,0,0,1,0,1,0.0,-2.861263228601769,1
0,1,0,0,1,1,0,1,1,1,0,1,0,1,0,0,0.0,-2.8612172576356625,1
1,1,1,0,1,0,1,0,0,0,0,0,0,1,1,1,0.0,-2.8611953106624646,2
0,1,1,1,0,1,1,0,0,1,0,0,0,1,0,1,0.0,-2.8611910122615343,1
1,1,0,0,0,1,1,0,0,1,1,0,0,1,1,0,0.0,-2.8610800414119097,1
1,1,0,0,0,1,1,0,0,1,1,0,0,1,1,0,0.0625,-2.8610800414119084,1
0,1,1,1,0,1,1,1,0,1,0,0,0,1,0,0,0.0,-2.8610797355536963,1
1,1,0,0,0,1,0,1,0,1,0,1,0,1,1,0,0.0,-2.8610658334763266,1
0,1,0,1,1,1,0,1,0,0,0,0,1,1,1,0,0.0,-2.8610626813424513,1
1,0,1,0,0,1,1,0,1,1,0,0,1,0,1,0,0.0,-2.8610210126110176,1
0,0,1,1,1,1,0,0,1,0,1,0,0,1,1,0,0.0,-2.8609682655969757,1
1,0,0,0,0,1,0,0,0,1,1,1,0,1,1,1,0.0,-2.860927317392152,1
0,1,1,1,0,1,0,1,0,0,1,0,1,1,0,0,0.0,-2.8609031464189787,1
0,0,0,1,1,1,0,0,1,0,0,1,0,1,1,1,0.0,-2.860892915337783,1
1,0,0,0,0,1,0,1,0,1,1,0,1,1,1,0,0.0,-2.860847204504135,1
1,0,1,0,0,1,0,0,1,1,0,0,1,0,1,1,0.0,-2.860812199422595,1
0,1,1,1,0,1,0,1,0,0,1,1,0,0,0,1,0.0,-2.8607637503001424,1
0,0,1,0,0,1,0,0,1,0,1,1,1,1,0,1,0.0,-2.860752667094536,1
0,1,1,1,0,1,0,1,0,0,0,0,0,1,1,1,0.0,-2.860730732277158,1
1,0,0,1,0,1,1,1,0,1,1,0,0,0,1,0,0.0,-2.860644794140044,1
1,1,0,0,1,0,1,0,1,0,0,1,0,1,0,1,0.0,-2.860617872309093,1
1,1,1,1,1,0,0,1,1,0,0,0,0,0,0,1,0.0,-2.860608467868059,1
0,0,0,1,1,1,0,0,1,0,0,0,1,1,1,1,0.0,-2.860413966500322,1
0,0,1,1,0,1,1,0,1,0,1,0,1,1,0,0,0.0,-2.8603894485614276,1
1,1,1,0,0,1,0,0,1,1,0,0,0,1,1,0,0.0,-2.8603460156461558,1
1,1,0,0,0,1,1,1,1,1,0,0,0,0,1,0,0.0,-2.860276396792028,1
1,0,0,0,0,1,1,0,1,1,0,1,0,1,1,0,0.0,-2.860201939122422,1
0,0,0,0,1,1,1,1,0,1,0,0,0,1,1,1,0.0,-2.8600487868869875,1
1,0,0,0,0,1,1,0,1,1,0,0,1,0,1,1,0.0,-2.8600432483699114,1
0,0,1,0,1,1,1,0,0,1,1,0,1,1,0,0,0.0,-2.8600287208840287,1
1,1,0,1,0,1,0,0,0,1,1,0,1,1,0,0,0.0,-2.8599658783098927,1
0,1,1,0,0,1,0,1,1,0,1,1,0,1,0,0,0.0,-2.859955774169568,1
1,1,1,0,1,0,1,1,0,0,1,0,0,1,0,0,0.0,-2.8599312875703897,1
0,0,1,0,1,1,0,1,0,1,1,0,1,1,0,0,0.0,-2.8598924574331397,1
0,1,1,0,1,1,0,1,0,1,1,0,0,0,0,1,0.0,-2.8598649884398286,1
1,0,0,1,0,1,0,0,0,1,1,1,1,0,0,1,0.0,-2.859853249283043,1
0,0,1,0,1,1,1,0,0,0,1,1,0,1,1,0,0.0,-2.8597555917308104,1
1,1,0,0,0,1,0,1,1,0,1,0,1,0,1,0,0.0,-2.859670068989964,1
0,1,1,0,1,1,0,1,0,1,0,0,1,1,0,0,0.0,-2.859627300683524,1
0,1,1,0,1,1,1,0,0,0,0,0,1,1,1,0,0.0,-2.8595837847772128,1
0,1,1,0,1,1,0,1,0,0,0,1,0,1,1,0,0.0,-2.8595142915445138,1
1,1,1,1,0,1,0,0,1,1,0,1,0,0,0,0,0.0,-2.8595039593279807,1
1,1,0,0,1,1,0,0,0,1,0,1,0,0,1,1,0.0,-2.8594400478544806,1
0,0,1,0,1,1,1,0,1,1,0,1,0,0,0,1,0.0,-2.8594091815500993,1
0,1,1,0,1,1,0,1,0,0,1,0,0,1,1,0,0.0,-2.859380627354902,1
1,0,0,0,1,1,1,0,0,1,0,1,1,0,1,0,0.0,-2.859362893410564,1
1,0,1,1,1,1,0,0,0,1,0,0,1,0,1,0,0.0,-2.8592327837045963,1
0,1,1,0,1,1,1,0,0,0,1,0,0,1,1,0,0.0,-2.859180781618977,2
1,0,0,0,1,1,0,0,0,1,1,1,0,1,1,0,0.0,-2.8591741736619896,1
0,1,0,0,1,1,1,1,0,0,1,0,0,1,1,0,0.0,-2.8591402093496416,1
0,0,1,0,1,1,0,1,1,0,0,0,1,1,1,0,0.0,-2.859135063394076,1
1,0,0,0,1,1,0,1,0,1,1,0,1,0,1,0,0.0,-2.8591346405314755,1
0,0,1,0,1,1,0,1,1,0,0,1,0,1,1,0,0.0,-2.8590461621509204,1
0,1,1,0,1,1,0,1,1,0,0,0,0,0,1,1,0.0,-2.8590118145685564,1
0,1,0,0,1,1,1,0,0,0,0,1,0,1,1,1,0.0,-2.8590114335041275,1
1,1,0,0,1,0,1,1,0,0,0,0,1,1,0,1,0.0,-2.8589951568972696,1
1,1,0,0,1,1,0,0,0,1,1,0,0,1,1,0,0.0,-2.8589777769278224,1
1,0,0,1,0,1,0,1,1,1,0,0,0,1,1,0,0.0,-2.8589609545185177,1
0,1,1,0,1,1,1,1,1,1,0,0,0,0,0,0,0.0,-2.858790862436772,1
1,1,1,0,1,0,1,0,0,0,1,0,0,1,0,1,0.0,-2.8587670064369046,2
1,0,0,1,0,1,0,1,1,0,1,1,0,0,1,0,0.0,-2.858743794637556,1
0,1,1,0,1,1,0,1,1,0,1,0,1,0,0,0,0.0,-2.8587385201569306,1
0,1,1,0,1,1,1,0,1,0,0,0,0,1,1,0,0.0,-2.8586647953733126,1
1,1,0,1,0,1,0,0,1,0,1,0,0,1,1,0,0.0,-2.8586494534833347,1
0,0,1,1,1,1,1,0,0,0,1,0,0,1,1,0,0.0,-2.858534095856546,1
1,1,1,0,0,1,0,1,0,1,1,0,1,0,0,0,0.0,-2.8585032317968158,1
0,0,0,1,1,1,0,1,0,1,0,1,0,1,0,1,0.0,-2.8584011983784343,1
1,0,1,0,0,1,0,1,0,1,0,1,0,1,1,0,0.0,-2.8583884237784063,2
1,0,0,1,1,1,0,0,0,1,0,1,0,1,1,0,0.0,-2.8583694114023293,1
0,0,0,0,1,1,0,1,1,0,0,0,1,1,1,1,0.0,-2.8583633815550513,1
1,0,1,0,0,1,0,0,0,1,0,1,0,1,1,1,0.0,-2.8582677346137624,1
1,0,1,0,0,1,0,1,0,1,1,0,0,1,1,0,0.0,-2.8582593998483756,1
1,0,0,1,1,1,0,1,0,1,0,0,1,0,1,0,0.0,-2.8582055194708826,1
1,1,1,0,0,1,0,1,0,1,0,0,0,1,1,0,0.0,-2.858174184135475,1
0,1,1,0,0,1,1,1,0,0,0,1,1,1,0,0,0.0,-2.8581607241987412,1
1,0,0,0,1,1,0,0,1,1,0,1,0,1,1,0,0.0,-2.8581600033899264,1
1,1,0,1,1,1,0,0,0,1,0,0,0,1,1,0,0.0,-2.8581511751571758,1
1,1,0,0,1,0,1,1,1,0,0,0,0,1,0,1,0.0,-2.8580859683683735,1
0,1,0,0,1,1,1,1,1,0,0,1,1,0,0,0,0.0,-2.858036094242845,1
1,0,1,1,0,1,0,1,0,1,0,1,1,0,0,0,0.0,-2.858025488159962,1
1,0,1,0,0,1,1,0,0,0,1,1,1,0,1,0,0.0,-2.8579896698595464,1
1,1,0,0,1,1,0,0,1,1,0,0,0,1,1,0,0.0,-2.857974282867458,1
0,0,1,1,1,1,0,1,1,0,1,0,1,0,0,0,0.0,-2.8579133043716536,1
0,0,0,1,1,1,1,0,0,1,0,0,1,1,0,1,0.0,-2.8578910086756437,1
1,1,1,0,0,1,0,1,0,1,1,1,0,0,0,0,0.0,-2.857865759282329,1
1,0,0,1,1,1,0,0,0,1,0,0,1,1,1,0,0.0,-2.8578431033278795,1
1,1,0,0,0,1,1,0,0,1,0,0,0,1,1,1,0.0625,-2.857723245178521,1
1,1,0,0,0,1,1,1,0,0,1,0,1,0,1,0,0.0,-2.85764074209265,1
0,0,1,0,0,1,1,0,1,0,0,1,1,1,0,1,0.0,-2.857621801998289,1
0,1,0,0,1,1,1,0,1,0,1,1,0,1,0,0,0.0,-2.8575816083107815,1
1,1,0,0,0,1,1,1,0,1,1,0,1,0,0,0,0.0,-2.857526639249694,1
0,1,0,0,1,1,1,0,1,0,1,0,1,1,0,0,0.0625,-2.8575119581394723,1
1,0,1,1,0,1,0,0,0,1,0,0,0,1,1,1,0.0,-2.8575091875076994,1
1,1,1,1,0,1,0,0,0,1,1,0,0,1,0,0,0.0,-2.8574352384885313,1
1,0,1,1,0,1,0,0,0,0,0,1,1,1,1,0,0.0,-2.8574309967596023,1
1,1,1,1,0,1,0,0,0,1,0,1,0,1,0,0,0.0,-2.857345778934677,1
1,0,0,0,0,1,0,1,0,0,1,1,1,1,1,0,0.0,-2.8572443595647683,1
0,1,1,1,0,1,1,1,0,0,0,1,0,1,0,0,0.0,-2.8572313709124235,1
1,1,1,1,0,1,0,1,0,0,1,0,0,0,1,0,0.0,-2.8572193240002997,1
1,1,0,0,0,1,0,1,0,0,1,1,0,1,1,0,0.0,-2.8571887042146633,1
1,0,0,1,1,1,0,1,1,1,0,0,0,0,1,0,0.0,-2.8569629023405336,1
0,0,0,1,1,1,0,0,1,0,1,1,0,1,0,1,0.0,-2.8568952854898364,1
0,1,1,0,0,1,1,1,1,0,0,1,0,1,0,0,0.0,-2.8568864744110787,1
1,1,1,0,0,1,0,0,1,0,0,0,1,1,1,0,0.0,-2.8568259689725384,1
1,0,1,0,1,1,0,0,0,1,0,0,1,0,1,1,0.0,-2.856732891546172,1
1,0,0,0,0,1,1,1,1,1,0,0,0,1,1,0,0.0,-2.856725249885231,1
1,1,0,1,0,1,0,1,0,1,0,1,0,1,0,0,0.0,-2.856711329114865,1
1,1,0,1,0,1,0,0,0,1,0,1,0,1,0,1,0.0,-2.8566916312825406,1
1,1,0,1,0,1,0,1,0,1,0,0,1,1,0,0,0.0,-2.8566840646117853,1
1,1,0,1,1,1,0,0,1,0,0,1,0,0,1,0,0.0,-2.8566730048638744,1
1,1,0,1,1,1,0,0,1,1,0,0,1,0,0,0,0.0,-2.8565782237020243,1
0,0,1,1,0,1,0,1,1,0,0,1,0,1,0,1,0.0,-2.8565764430470852,1
1,1,0,1,1,1,0,0,1,0,0,0,1,0,1,0,0.0,-2.8565629659743235,1
1,0,1,0,0,1,0,1,1,0,1,1,0,0,1,0,0.0625,-2.856535478383141,1
0,0,1,0,1,1,0,1,0,0,1,1,1,1,0,0,0.0,-2.856442067497636,1
1,0,0,1,0,1,1,0,0,0,1,1,0,1,1,0,0.0,-2.856374819618908,1
1,0,1,0,1,1,0,0,0,1,1,0,0,1,1,0,0.0,-2.8563666126734475,1
1,1,1,0,0,1,0,0,1,0,1,1,1,0,0,0,0.0,-2.8563132534299647,1
1,1,1,0,0,1,0,0,1,0,1,0,0,1,1,0,0.0,-2.856297292403198,1
1,1,1,0,1,1,0,0,0,1,0,0,0,1,1,0,0.0,-2.8562936875329936,1
1,0,0,0,0,1,0,1,1,1,0,1,1,0,0,1,0.0,-2.8560923264124303,1
1,1,0,0,0,1,0,1,1,1,1,0,0,1,0,0,0.0,-2.8559503912481214,1
1,0,0,1,0,1,1,1,1,0,0,1,0,0,1,0,0.0,-2.8559158733929793,1
1,1,0,0,1,1,1,0,0,1,0,0,0,0,1,1,0.0,-2.8558418886685146,1
1,1,1,1,0,1,0,0,1,0,0,0,0,0,1,1,0.0,-2.8557726265605594,1
1,0,0,0,1,1,0,1,0,1,1,0,0,1,1,0,0.0,-2.855760777978588,1
0,0,1,0,1,1,1,0,1,0,0,0,0,1,1,1,0.0,-2.8556719621088917,1
0,0,1,1,1,1,1,1,0,1,0,0,0,1,0,0,0.0,-2.855656488370401,1
1,0,0,0,1,1,0,1,0,1,0,0,1,1,1,0,0.0,-2.8556141386753144,1
0,0,1,0,1,1,1,1,1,1,0,0,0,1,0,0,0.0,-2.855578877716286,1
0,0,1,1,1,1,0,1,0,1,0,0,0,1,0,1,0.0,-2.8554827848979696,1
1,0,1,0,0,1,1,1,0,1,0,1,1,0,0,0,0.0,-2.855315435288559,1
1,1,0,0,1,1,0,1,0,1,1,0,1,0,0,0,0.0,-2.8552948608862594,1
1,0,1,0,0,1,1,1,0,1,0,0,0,1,1,0,0.0,-2.8552242779022134,1
0,1,1,1,1,1,1,1,0,0,0,1,0,0,0,0,0.0,-2.855220601653242,2
1,1,0,0,1,1,1,0,0,0,0,1,1,0,1,0,0.0,-2.8552160965448103,1
1,0,1,0,0,1,0,1,0,1,0,1,1,0,0,1,0.0,-2.8552116839323953,1
0,1,0,0,1,1,1,1,0,0,0,1,1,1,0,0,0.0,-2.8552014030901773,1
0,1,1,0,1,1,1,0,1,0,0,0,1,1,0,0,0.0,-2.8551934687101688,2
0,1,1,0,1,1,1,1,1,0,1,0,0,0,0,0,0.0,-2.8550950717549375,1
0,0,1,1,1,1,1,0,0,0,1,1,0,1,0,0,0.0,-2.8550408152413427,1
0,1,1,0,0,1,1,1,0,0,0,0,1,1,0,1,0.0,-2.8550291429471453,1
1,0,1,0,0,1,0,1,0,0,0,1,1,1,1,0,0.0,-2.8550258751461035,1
1,1,0,0,1,1,1,0,0,1,1,0,1,0,0,0,0.0,-2.854956870923456,1
1,1,1,0,0,1,0,1,0,1,0,0,1,1,0,0,0.0,-2.8548818339307873,1
1,1,1,0,0,1,0,1,0,0,0,0,1,1,1,0,0.0,-2.85486476852937,1
0,1,1,0,1,1,0,1,1,0,1,0,0,1,0,0,0.0,-2.8547846775050036,1
0,0,1,1,1,1,1,0,1,0,0,0,1,1,0,0,0.0,-2.8546261622679245,1
0,1,1,1,1,1,1,0,0,0,1,0,0,1,0,0,0.0,-2.854612559773741,2
0,1,0,0,1,1,0,1,1,0,0,1,0,1,0,1,0.0,-2.854585545701176,1
1,1,0,1,1,1,0,1,0,0,1,0,0,0,1,0,0.0,-2.854570110383834,1
1,0,1,1,0,1,1,0,0,1,0,0,1,1,0,0,0.0,-2.8545683620804363,1
1,1,1,0,0,1,0,1,0,1,1,0,0,1,0,0,0.0,-2.854517066932751,1
1,0,1,0,0,1,0,1,0,0,1,1,0,1,1,0,0.0,-2.8545084016513775,1
1,1,0,0,1,1,0,1,1,0,0,0,1,0,1,0,0.0,-2.854438426369175,1
1,1,1,0,1,1,0,0,1,0,1,0,0,0,1,0,0.0,-2.8543874260725213,1
1,1,1,0,0,1,0,1,0,1,0,1,0,1,0,0,0.0,-2.8543758937119934,1
1,1,1,0,0,1,0,1,0,0,1,0,0,1,1,0,0.0,-2.8543573769176294,1
1,1,1,0,0,1,0,0,0,1,1,0,0,1,0,1,0.0,-2.8543440580483352,1
1,1,0,1,1,1,0,0,0,1,1,0,0,0,0,1,0.0,-2.8542998397272044,1
1,0,1,1,0,1,0,1,0,0,0,0,1,1,1,0,0.0,-2.854283791837817,1
1,0,1,0,0,1,1,0,0,0,1,1,0,1,1,0,0.0,-2.854278046647857,1
1,0,1,1,0,1,1,0,0,1,1,0,0,1,0,0,0.0,-2.8541957331950583,1
1,0,0,1,1,1,0,0,0,0,1,1,0,1,1,0,0.0,-2.854168948757254,1
1,0,1,1,0,1,0,1,0,0,0,1,0,0,1,1,0.0,-2.8541220514133716,1
1,1,1,0,0,1,1,0,0,0,1,0,0,1,1,0,0.0,-2.8540910784983677,1
1,0,0,0,0,1,1,1,0,1,1,1,0,1,0,0,0.0,-2.854087041738204,1
1,1,1,0,0,1,1,0,0,0,0,1,0,1,1,0,0.0,-2.8540584892767606,1
1,0,1,1,1,1,0,0,1,1,0,1,0,0,0,0,0.0,-2.854050559512064,1
1,0,0,0,1,1,0,0,1,0,1,1,0,0,1,1,0.0,-2.8540481965783275,1
1,0,1,1,0,1,0,1,0,1,1,0,0,1,0,0,0.0,-2.854032362584004,1
1,1,0,0,1,1,0,0,1,0,0,0,1,1,1,0,0.0,-2.8539783483567973,1
1,1,1,1,1,1,0,0,1,1,0,0,0,0,0,0,0.0,-2.8539286247489017,1
0,1,1,1,1,1,0,1,1,0,0,0,0,1,0,0,0.0,-2.8539012082663144,1
1,1,0,0,0,1,0,1,0,0,1,1,1,0,0,1,0.0,-2.853717053275704,1
1,0,1,1,0,1,1,0,0,0,1,0,0,1,1,0,0.0,-2.853664311644602,1
1,0,0,1,0,1,1,1,0,0,0,0,1,1,1,0,0.0,-2.8534910804301896,1
1,0,1,0,0,1,1,0,1,1,0,1,0,1,0,0,0.0,-2.8534523756583994,1
1,1,1,0,0,1,0,1,1,0,1,0,1,0,0,0,0.0,-2.8534325550226005,1
1,1,1,0,0,1,1,1,1,0,0,0,0,0,1,0,0.0,-2.8533975955938295,1
1,1,1,1,0,1,0,0,0,0,0,0,0,1,1,1,0.0,-2.8533682820876862,1
1,1,0,1,0,1,1,1,0,0,1,0,1,0,0,0,0.0,-2.853317161929526,1
1,1,1,0,0,1,0,1,1,0,0,1,1,0,0,0,0.0,-2.8532938219674997,1
1,0,0,1,1,1,0,1,1,0,0,0,1,0,1,0,0.0,-2.8532861354601633,1
1,0,0,1,1,1,0,0,1,1,0,1,0,1,0,0,0.0,-2.8532831463262545,1
1,0,1,0,1,1,0,1,0,0,1,0,1,0,1,0,0.0,-2.8532280381029707,1
0,1,1,0,1,1,1,1,0,0,0,0,1,0,0,1,0.0,-2.8531904059757456,2
1,0,1,0,1,1,0,1,0,1,0,0,0,1,1,0,0.0,-2.85313630211128,1
1,0,0,0,0,1,1,1,1,0,0,0,1,0,1,1,0.0,-2.853123051192739,1
1,0,1,0,0,1,0,0,1,1,1,0,0,1,0,1,0.0,-2.8531028017755378,1
1,0,1,0,0,1,0,0,1,0,1,1,1,1,0,0,0.0,-2.8530472569091057,1
1,1,0,0,0,1,1,1,1,0,0,0,0,1,1,0,0.0,-2.853042616820951,1
1,1,0,1,0,1,0,1,0,0,0,1,1,1,0,0,0.0,-2.8530184919083346,1
1,0,0,1,1,1,0,0,1,1,1,0,0,1,0,0,0.0,-2.852997786193634,1
1,0,1,0,1,1,0,0,0,0,0,1,1,0,1,1,0.0,-2.852968677345299,1
1,0,1,0,0,1,0,0,1,0,1,1,1,0,0,1,0.0,-2.8529334567154034,1
1,0,1,0,1,1,0,1,0,1,1,1,0,0,0,0,0.0,-2.852895752817072,1
0,1,1,0,1,1,1,1,0,0,0,0,1,1,0,0,0.0,-2.8528376601228866,1
1,1,0,0,0,1,1,1,1,1,0,0,0,1,0,0,0.0,-2.852808888690682,1
1,1,1,0,0,1,0,0,1,0,0,0,0,1,1,1,0.0,-2.8528071472462644,2
1,1,1,0,1,1,0,0,0,0,0,0,1,1,1,0,0.0,-2.852636747659383,1
1,1,1,0,1,1,0,0,0,1,1,0,0,1,0,0,0.0,-2.852450023978123,1
1,1,1,0,1,1,0,0,0,0,0,1,0,1,1,0,0.0,-2.852323847344055,1
1,1,1,1,0,1,1,0,1,0,1,0,0,0,0,0,0.0,-2.852249933082657,1
1,1,1,0,1,1,0,0,0,0,1,0,0,1,1,0,0.0,-2.852161664114319,1
0,0,1,1,1,1,0,1,0,0,0,1,0,1,0,1,0.0,-2.852062793303198,1
1,1,0,0,1,1,0,1,0,0,1,0,0,1,1,0,0.0,-2.8520461268760946,1
1,1,1,1,1,1,0,1,0,0,0,0,0,0,1,0,0.0,-2.851883692877998,1
1,0,0,0,0,1,0,0,1,0,1,1,1,1,0,1,0.0,-2.8518410871347615,1
1,0,1,1,1,1,0,1,0,0,1,0,0,0,1,0,0.0,-2.851795539977144,1
1,1,0,0,1,1,0,0,0,1,0,1,0,1,0,1,0.0,-2.8517899938323845,1
1,1,1,1,1,1,1,0,0,1,0,0,0,0,0,0,0.0,-2.851781231517484,1
1,0,1,0,0,1,1,1,0,1,0,0,1,1,0,0,0.0,-2.8517496994448917,1
1,0,1,0,1,1,1,0,1,0,0,0,1,0,1,0,0.0,-2.8517426238213526,2
0,0,1,0,1,1,1,0,1,0,1,0,0,1,0,1,0.0,-2.851738725178833,1
1,0,0,0,1,1,0,0,0,1,1,1,0,1,0,1,0.0,-2.8517364359943054,1
0,1,1,1,1,1,1,1,0,0,0,0,0,1,0,0,0.0,-2.8516541145650915,1
1,0,0,0,1,1,0,1,0,1,1,0,1,1,0,0,0.0,-2.851588297372024,1
0,1,1,0,1,1,0,1,1,0,0,0,0,1,0,1,0.0,-2.8514980321561443,1
1,1,0,0,1,1,1,0,0,0,1,0,0,0,1,1,0.0,-2.851496217890535,1
1,0,1,0,0,1,1,1,0,1,1,0,0,1,0,0,0.0,-2.851436149698058,1
1,0,0,1,1,1,1,1,0,0,0,0,1,0,1,0,0.0,-2.85142077742536,1
1,1,1,1,1,1,0,0,0,0,0,0,0,1,1,0,0.0,-2.8513995393500666,1
1,1,1,0,1,1,0,1,1,0,0,0,0,0,1,0,0.0,-2.851392138827053,1
1,1,1,0,0,1,0,1,0,0,1,0,1,0,0,1,0.0,-2.8513606226660673,1
1,0,0,1,0,1,0,0,1,0,1,0,1,1,0,1,0.0,-2.8513214957851307,1
1,0,1,0,1,1,1,0,1,0,1,0,0,0,1,0,0.0,-2.851195715901581,1
1,0,0,0,1,1,1,0,1,0,0,1,0,0,1,1,0.0,-2.8509902354125654,1
1,0,1,1,0,1,1,1,0,1,0,0,0,1,0,0,0.0,-2.8509366085387975,1
1,1,1,0,0,1,1,0,0,0,1,0,1,1,0,0,0.0,-2.8509148267349147,1
1,1,0,0,1,1,1,0,1,0,0,0,0,1,1,0,0.0,-2.850825825470695,1
1,1,1,0,0,1,1,0,0,0,0,1,1,0,0,1,0.0,-2.8506632944319534,1
1,1,1,0,0,1,0,1,0,0,1,1,0,1,0,0,0.0,-2.850589549803505,1
1,1,1,0,0,1,1,0,0,0,0,0,0,1,1,1,0.0,-2.850538012799884,1
1,0,1,1,1,1,0,0,1,1,0,0,0,1,0,0,0.0,-2.8505159499741075,1
1,1,0,1,1,1,0,0,0,0,0,1,1,1,0,0,0.0,-2.850408691123104,1
1,0,0,0,1,1,0,1,1,1,1,0,0,1,0,0,0.0,-2.850387343416738,1
1,0,0,0,1,1,0,0,1,1,1,0,0,1,0,1,0.0,-2.8503467640115807,1
1,0,0,0,1,1,0,0,1,0,1,1,1,1,0,0,0.0,-2.8499763124431783,1
1,0,1,0,0,1,1,0,1,0,1,0,1,1,0,0,0.0,-2.84992373194198,1
1,0,0,1,0,1,1,1,0,0,1,1,0,0,0,1,0.0,-2.849798999236096,1
1,1,0,1,0,1,0,1,0,0,0,1,0,1,0,1,0.0,-2.8496700062062303,1
1,0,1,0,1,1,0,1,0,1,0,0,1,1,0,0,0.0,-2.849520914853479,1
1,1,0,1,1,1,0,0,1,0,0,1,0,1,0,0,0.0,-2.849438317783707,1
1,1,1,0,0,1,1,0,1,0,1,0,0,1,0,0,0.0,-2.849394082449979,1
1,0,1,0,1,1,0,1,0,0,1,0,0,1,1,0,0.0,-2.849351482182067,1
1,1,0,1,1,1,0,0,1,0,0,0,1,1,0,0,0.0,-2.849325259141838,1
1,1,0,1,1,1,0,0,1,0,1,0,0,1,0,0,0.0,-2.849315698395016,1
1,0,1,0,1,1,1,0,0,1,0,1,0,0,0,1,0.0,-2.8492952724869505,1
1,0,0,1,1,1,1,0,1,0,1,0,1,0,0,0,0.0,-2.8490993346129843,1
1,0,1,0,1,1,0,0,0,0,1,1,1,1,0,0,0.0,-2.849020925483092,1
1,0,0,0,1,1,1,1,0,0,1,0,0,1,1,0,0.0,-2.848951672966207,1
1,1,1,0,1,1,0,0,0,0,0,1,1,1,0,0,0.0,-2.848888994430005,1
1,1,0,1,0,1,1,1,1,0,0,0,0,1,0,0,0.0,-2.848728777031877,1
1,1,0,0,1,1,0,1,0,0,0,0,0,1,1,1,0.0,-2.848681219288513,1
1,0,1,1,1,1,0,1,0,0,0,0,0,1,1,0,0.0,-2.8484515367686716,1
1,1,0,0,1,1,1,1,0,0,1,1,0,0,0,0,0.0,-2.848365354813033,1
1,0,0,0,1,1,1,0,0,0,1,0,0,1,1,1,0.0,-2.848132062652792,1
1,0,1,0,1,1,1,0,1,0,0,0,0,1,1,0,0.0,-2.8480478451950537,1
1,0,1,1,1,1,0,0,0,0,0,0,0,1,1,1,0.0,-2.847873293542612,1
1,1,0,0,1,1,1,0,0,0,1,1,0,1,0,0,0.0,-2.847723051975112,1
1,1,0,0,1,1,0,0,0,0,1,1,0,1,0,1,0.0,-2.847619611059161,1
1,1,1,0,0,1,1,1,0,0,1,0,0,1,0,0,0.0,-2.8475054096458825,1
1,1,1,0,0,1,1,1,0,0,0,1,0,0,0,1,0.0,-2.847389719808884,1
1,0,0,0,1,1,0,1,1,0,0,0,0,1,1,1,0.0,-2.8473745453793016,1
1,0,1,0,0,1,0,1,0,0,1,1,0,1,0,1,0.0,-2.8473140549647202,1
1,1,1,0,1,1,1,0,1,0,1,0,0,0,0,0,0.0,-2.847187576576965,1
1,1,0,1,1,1,1,0,0,0,0,0,1,1,0,0,0.0,-2.8469882549859102,1
1,0,0,0,1,1,1,0,1,0,1,1,0,1,0,0,0.0,-2.8468818832475433,1
1,0,0,0,1,1,1,0,1,0,0,1,1,1,0,0,0.0,-2.846859294767895,1
1,1,1,1,1,1,0,0,1,0,0,0,0,1,0,0,0.0,-2.846637601344861,1
1,0,0,0,1,1,1,0,1,0,1,0,1,1,0,0,0.0,-2.8466348566531434,1
1,0,1,0,1,1,1,1,0,1,0,0,0,1,0,0,0.0,-2.84607185509241,1
0,1,1,0,0,0,0,1,1,1,1,1,1,0,1,0,0.0,-2.845926551714121,1
1,1,1,0,1,1,1,0,0,0,0,0,1,1,0,0,0.0,-2.845453390674192,1
1,0,1,0,1,1,1,0,0,0,1,1,0,1,0,0,0.0,-2.8453544310828183,1
0,1,1,1,0,0,0,0,1,1,0,1,1,0,1,1,0.0,-2.845242293342242,1
1,1,1,0,1,1,1,0,0,0,0,1,0,1,0,0,0.0,-2.8450917202598958,1
1,0,1,0,1,1,0,0,0,0,1,1,0,1,0,1,0.0,-2.8450598710267734,1
1,1,0,0,1,1,0,1,0,0,0,1,0,1,0,1,0.0,-2.8448769012253394,1
1,1,0,0,1,1,1,1,0,0,0,0,1,1,0,0,0.0,-2.844851441285273,1
1,0,1,0,1,1,0,1,1,0,0,0,1,0,0,1,0.0,-2.8445019011963524,1
0,1,0,1,0,0,1,0,1,1,1,1,0,1,1,0,0.0,-2.8443418706514163,1
1,1,0,0,1,1,1,0,0,0,1,0,0,1,0,1,0.0,-2.84410493939728,1
1,0,1,0,0,1,1,1,0,0,1,0,0,1,0,1,0.0,-2.8440135847128363,1
1,1,1,0,1,1,1,0,1,0,0,0,0,1,0,0,0.0,-2.843961440095838,1
1,1,1,0,0,1,1,1,0,0,0,0,0,1,0,1,0.0,-2.8438730271610515,1
0,1,1,0,1,0,0,0,1,1,1,1,1,0,1,0,0.0,-2.843736077031295,1
1,0,0,1,1,1,1,0,0,0,0,1,0,1,0,1,0.0,-2.84372573692833,1
1,0,1,0,1,1,0,0,1,0,1,0,0,1,0,1,0.0,-2.8436730064021956,1
1,0,1,0,1,1,1,0,1,0,1,0,0,0,0,1,0.0,-2.8436360391151183,1
1,0,0,0,1,1,0,1,1,0,1,0,0,1,0,1,0.0,-2.843307031261377,1
0,1,1,0,0,0,0,1,1,1,0,1,1,1,1,0,0.0,-2.8430580826973824,1
1,0,0,1,1,1,0,1,1,0,0,0,0,1,0,1,0.0,-2.8425018266304214,1
1,0,0,1,1,1,1,0,1,0,0,0,0,1,0,1,0.0,-2.842417047632761,1
0,1,0,1,1,0,0,0,0,1,1,1,1,1,1,0,0.0,-2.8423817152516353,1
0,0,1,1,0,0,1,0,1,1,0,1,1,1,1,0,0.0625,-2.842366268948719,1
0,0,1,1,0,0,0,0,1,1,1,1,0,1,1,1,0.0,-2.8422948786029076,1
0,1,1,1,0,0,1,0,0,1,1,1,0,1,1,0,0.0,-2.8421146214780535,1
0,1,0,1,1,0,0,0,1,1,1,0,1,1,1,0,0.0,-2.8420606807450604,2
0,0,1,1,0,0,1,0,1,1,1,1,0,1,1,0,0.0,-2.8420470948599243,1
1,0,0,0,1,1,1,1,0,0,1,0,0,1,0,1,0.0,-2.8413581091759212,1
0,0,1,0,0,0,1,1,0,1,1,1,1,1,1,0,0.0,-2.84105308175541,1
1,0,1,0,1,1,1,1,1,0,0,0,0,1,0,0,0.0,-2.840965057468324,1
0,1,1,0,0,0,1,1,0,1,0,1,1,0,1,1,0.0,-2.840570783967766,1
0,1,1,1,1,0,0,1,0,1,0,1,1,0,1,0,0.0,-2.8405038349218024,1
0,1,1,1,1,0,0,0,0,1,0,1,1,1,1,0,0.0,-2.8404677274849557,2
0,1,1,0,1,0,1,0,1,1,1,0,1,0,1,0,0.0,-2.84045056968874,1
0,0,1,0,0,0,0,0,0,1,1,1,1,1,1,0,0.0,-2.840162477988587,1
0,1,1,1,1,0,0,0,0,1,1,1,0,1,1,0,0.0,-2.840150929169234,1
0,0,1,1,0,0,1,1,0,1,1,0,1,1,1,0,0.0,-2.840149218927058,1
0,1,1,0,0,0,1,1,1,1,0,0,1,1,1,0,0.0,-2.8400777647721895,1
0,1,0,0,1,0,1,0,1,1,1,0,1,1,1,0,0.0,-2.8400057447070104,1
0,1,1,1,1,0,0,0,1,1,0,0,1,1,1,0,0.0,-2.839970997962996,1
0,1,0,0,1,0,1,1,1,1,1,0,1,0,1,0,0.0,-2.839908808741563,1
1,1,0,1,0,0,0,0,1,1,1,1,1,0,1,0,0.0,-2.8398644776945137,1
0,1,0,1,1,0,0,1,0,1,1,1,0,1,1,0,0.0,-2.839858176218701,1
0,1,1,0,0,0,0,1,1,1,0,1,0,1,1,1,0.0,-2.8398575820179905,1
0,1,0,0,0,0,0,1,0,1,1,0,1,1,1,0,0.0,-2.8394469854706754,1
0,0,1,0,0,0,0,1,1,1,1,0,1,0,1,0,0.0,-2.83943408126851,1
0,1,0,1,1,0,0,1,1,1,1,1,1,0,0,0,0.0,-2.8394074347210365,1
0,0,1,0,0,0,0,0,1,1,1,1,0,1,1,0,0.0,-2.8393726367604732,1
0,1,1,1,0,0,1,1,0,1,0,1,0,1,1,0,0.0,-2.8393682668262037,2
0,1,1,1,1,0,1,0,0,1,1,1,0,0,1,0,0.0,-2.8393209268087864,2
0,1,1,0,0,0,0,0,1,1,1,0,0,1,1,0,0.0,-2.839271966450553,1
0,1,0,1,1,0,0,1,1,1,1,0,0,1,1,0,0.0,-2.839235694537659,1
0,1,0,0,0,0,0,0,1,1,1,0,0,1,1,1,0.0,-2.8392309804557074,1
0,0,1,1,0,0,0,1,0,1,0,1,1,0,1,0,0.0,-2.839218345219073,1
0,1,1,0,0,0,1,0,0,1,0,1,1,0,1,0,0.0,-2.839214459976509,2
0,1,0,0,1,0,0,0,1,1,1,0,1,0,1,0,0.0,-2.8391980960894294,1
0,1,1,1,0,0,0,1,0,1,0,0,1,0,1,0,0.0,-2.839070399251211,1
0,0,0,0,0,0,0,1,1,1,1,1,0,1,1,0,0.0,-2.8390584376432675,2
0,1,0,1,1,0,1,0,1,1,0,1,0,1,1,0,0.0,-2.838987597716892,1
0,1,0,0,0,0,0,1,1,1,0,1,0,1,1,0,0.0,-2.8388406505485753,1
0,1,1,0,1,0,0,1,0,1,0,1,1,1,1,0,0.0,-2.8388211563416514,1
0,1,0,0,0,0,1,0,0,1,1,1,0,0,1,1,0.0,-2.838785959870956,1
0,1,1,0,0,0,0,1,1,1,0,1,0,0,1,0,0.0,-2.838725881233295,1
0,0,0,0,0,0,1,1,1,1,1,1,0,0,1,0,0.0,-2.838723039146857,1
0,0,1,0,1,0,1,0,0,1,1,1,1,1,1,0,0.0,-2.8386867265600593,1
1,0,1,0,1,1,1,1,0,0,0,0,0,1,0,1,0.0,-2.8386537526377134,1
0,0,1,1,0,0,0,0,1,1,0,0,1,0,1,1,0.0,-2.8385845429330363,1
0,1,0,1,0,0,0,0,0,1,0,1,0,1,1,1,0.0,-2.838580469761636,1
0,0,0,1,1,0,0,0,0,1,1,1,1,0,1,0,0.0,-2.838414648938671,1
0,1,1,0,1,0,0,0,0,1,1,1,0,1,1,1,0.0,-2.838374848401494,1
0,1,1,0,1,0,1,1,0,1,1,0,1,0,1,0,0.0,-2.838355763624718,1
0,0,1,0,1,0,0,0,1,1,1,0,1,1,1,1,0.0,-2.838340014414097,1
0,0,0,1,0,0,1,0,0,1,1,1,0,1,1,0,0.0,-2.8383040407194247,1
0,1,1,0,1,0,1,0,0,1,1,0,1,1,1,0,0.0,-2.8382906060149242,1
0,0,1,1,0,0,0,1,0,1,1,1,1,1,0,1,0.0,-2.838194113065743,1
0,1,0,1,0,0,1,1,0,1,0,1,0,0,1,0,0.0,-2.838163146648226,1
0,1,1,1,0,0,0,1,1,0,0,1,1,1,1,0,0.0,-2.8381406892247356,1
0,1,0,1,1,0,0,0,1,1,1,0,0,0,1,0,0.0,-2.8380953708541115,1
1,1,0,0,0,0,0,0,1,1,1,1,1,1,1,0,0.0,-2.83802706932192,2
0,1,0,1,1,0,0,0,1,1,0,0,1,0,1,0,0.0,-2.8380055953267993,1
0,0,1,0,1,0,1,0,1,1,1,1,0,1,1,0,0.0,-2.837944789694364,1
0,1,1,0,1,0,1,0,0,1,1,1,0,1,1,0,0.0,-2.837937309933281,1
0,1,1,0,1,0,0,0,1,1,1,0,0,1,1,1,0.0,-2.837877866836993,2
0,1,1,0,1,0,1,0,1,1,0,0,1,1,1,0,0.0,-2.8377871322445003,1
1,1,0,1,0,0,0,0,0,1,1,1,1,0,1,1,0.0,-2.8377154645417573,1
0,1,0,0,1,0,1,1,0,1,1,0,1,1,1,0,0.0,-2.837701972779479,1
0,1,1,0,1,0,1,1,1,1,0,0,1,0,1,0,0.0,-2.837618166844432,1
0,1,1,1,1,0,0,1,1,1,1,0,1,0,0,0,0.0,-2.837473551864849,1
0,1,1,1,0,0,1,0,1,0,1,0,1,0,1,1,0.0,-2.8374596638084326,1
0,1,1,0,1,0,0,0,0,1,1,0,1,0,1,0,0.0,-2.8374561117125143,2
0,1,1,0,0,0,0,0,1,0,1,1,1,0,1,0,0.0,-2.837448765867845,1
0,0,1,0,0,0,0,1,0,1,0,1,1,1,1,0,0.0,-2.837385813030238,1
0,1,1,1,1,0,0,1,0,1,1,0,0,1,1,0,0.0,-2.8373680693701218,1
0,1,0,0,1,0,1,1,1,1,1,0,0,1,1,0,0.0,-2.8373387498372264,1
0,1,0,0,1,0,1,0,0,1,1,0,1,1,1,1,0.0,-2.83732841029945,1
0,0,1,1,1,0,1,0,0,1,1,1,0,1,1,0,0.0,-2.8372591005923624,1
0,1,1,1,0,0,1,0,1,0,1,1,0,1,1,0,0.0,-2.8371936435337104,1
0,1,1,0,0,0,1,0,1,1,1,1,0,1,0,1,0.0,-2.8371534110422445,1
0,0,1,0,1,0,0,0,1,1,1,0,1,0,1,0,0.0,-2.8371147598697695,1
0,1,1,0,0,0,0,0,1,1,0,1,1,1,0,0,0.0,-2.8370814018954977,1
0,0,1,0,0,0,1,0,0,1,1,0,1,1,1,0,0.0,-2.83706815747741,1
0,0,1,0,0,0,1,1,1,1,0,1,0,1,1,1,0.0,-2.8370322787598,1
0,0,1,0,0,0,1,0,0,1,0,1,1,1,1,0,0.0,-2.8370172831286946,1
0,1,1,1,1,0,1,0,1,1,1,0,1,0,0,0,0.0,-2.8369766949679374,1
0,0,0,0,1,0,0,0,1,1,1,1,0,1,1,0,0.0,-2.8369711847085477,1
0,0,1,1,0,0,1,1,1,1,0,1,1,0,0,1,0.0,-2.83690620552245,1
0,1,1,1,1,0,1,0,0,1,0,1,0,1,1,0,0.0,-2.836841522928671,1
0,0,1,1,1,0,0,1,1,1,1,0,0,1,1,0,0.0,-2.8368143418457046,1
0,1,0,0,1,0,0,0,1,1,0,1,0,1,1,0,0.0,-2.8367656881863024,1
0,0,1,0,0,0,1,0,0,1,1,1,0,1,1,0,0.0,-2.836751481517349,2
0,0,1,1,1,0,0,0,0,1,0,1,1,0,1,0,0.0,-2.8366306043838163,1
0,0,1,0,0,0,0,0,1,1,1,0,0,1,1,1,0.0,-2.836536960590501,1
0,1,0,0,0,0,0,1,1,1,1,1,0,1,0,0,0.0,-2.8364942308933996,1
0,1,1,0,1,0,0,1,0,1,1,1,1,1,0,0,0.0,-2.8364459437109644,1
0,0,1,0,0,0,1,0,1,1,1,0,0,1,1,0,0.0,-2.836380886590954,1
0,1,0,1,1,0,1,0,0,1,1,1,1,0,0,1,0.0,-2.836356779322603,1
0,1,0,0,1,0,1,0,0,1,0,1,1,0,1,0,0.0,-2.836333352819172,1
0,0,1,0,0,0,1,0,1,1,0,1,0,1,1,0,0.0,-2.8362944168152566,1
0,0,0,0,0,0,1,0,1,1,1,1,1,1,0,0,0.0,-2.8362697419392,1
0,1,0,0,0,0,1,0,0,1,0,1,0,1,1,1,0.0,-2.8361959523317952,1
0,0,1,1,0,0,0,1,0,1,1,0,0,1,1,0,0.0,-2.8361542947295098,1
0,1,0,1,1,0,1,0,0,1,0,0,1,1,1,1,0.0,-2.83612521861597,2
0,1,0,0,1,0,1,0,1,1,1,0,0,0,1,0,0.0,-2.83610470475617,1
1,1,1,0,0,0,0,0,1,1,1,0,1,1,1,0,0.0,-2.8360852879796763,1
0,1,0,0,0,0,1,0,1,1,0,1,1,1,0,0,0.0,-2.836057658943176,1
0,1,1,1,1,0,0,0,0,0,1,1,1,1,1,0,0.0,-2.8360123189383577,1
0,1,1,0,0,0,1,1,1,1,0,0,0,0,1,0,0.0,-2.835738462993194,1
0,0,1,0,1,0,1,1,0,1,1,0,1,0,1,1,0.0,-2.8356758649915896,1
1,1,1,1,0,0,0,0,0,1,1,1,0,1,1,0,0.0,-2.8356500909312183,1
0,0,0,1,1,0,0,0,0,1,1,0,1,1,1,0,0.0,-2.835644399999943,1
0,1,1,1,0,0,1,0,0,1,0,0,0,1,1,0,0.0,-2.8356038611196395,1
1,0,1,1,0,0,0,0,0,1,1,1,1,0,1,1,0.0,-2.835568153301579,1
0,0,0,1,1,0,0,0,1,1,1,0,0,1,1,0,0.0,-2.835543095486008,1
0,0,0,1,1,0,0,1,1,1,0,1,0,0,1,0,0.0,-2.8355209845652496,1
0,0,0,1,1,0,1,0,0,1,1,1,0,0,1,0,0.0,-2.8354467878213203,1
1,1,0,1,0,0,0,1,0,1,0,1,1,1,1,0,0.0,-2.8353980074350145,1
0,1,1,0,1,0,0,0,1,1,1,1,0,1,0,1,0.0,-2.8353617186182554,1
0,1,0,0,0,0,1,1,1,0,1,1,0,1,1,1,0.0,-2.8353214277234295,1
0,1,0,1,1,0,0,1,1,1,0,0,0,0,1,0,0.0,-2.83528827805354,1
0,1,0,0,1,0,1,0,1,0,1,1,1,0,1,1,0.0,-2.8352664867524884,1
0,1,1,0,1,0,1,1,0,1,0,1,0,1,1,0,0.0,-2.835259383279481,1
0,0,1,0,0,0,0,0,1,0,1,1,1,1,1,0,0.0,-2.8351748117158166,1
0,1,1,1,1,0,0,1,1,0,1,1,0,0,1,0,0.0,-2.8351414787468956,1
0,1,1,0,0,0,0,0,1,0,1,0,1,1,1,0,0.0,-2.835127274432094,1
0,1,0,1,1,0,0,1,1,0,1,0,1,1,1,0,0.0,-2.835090360905097,1
0,0,1,1,0,0,0,1,1,0,1,1,0,1,1,1,0.0,-2.835066490943274,1
0,1,0,0,1,0,1,1,0,1,0,1,0,1,1,1,0.0,-2.8350341670495816,1
0,0,1,0,1,0,1,1,1,1,0,1,0,1,1,0,0.0,-2.8350319152077152,1
1,1,1,0,0,0,1,0,1,1,0,1,1,0,1,0,0.0,-2.834987916961347,1
0,1,1,0,0,0,0,0,0,1,1,0,1,1,0,1,0.0,-2.8349815038027018,1
0,1,1,0,1,0,1,0,1,1,1,0,1,0,0,1,0.0,-2.8349502112302742,1
0,0,1,1,0,0,1,1,0,1,0,1,1,1,0,1,0.0,-2.8348621261643143,1
0,1,1,1,1,0,1,1,0,1,1,0,1,0,0,0,0.0,-2.834838769909533,1
0,1,1,0,1,0,0,1,0,1,0,0,1,0,1,0,0.0,-2.8348158627825306,1
0,1,1,0,1,0,0,1,1,1,0,0,0,1,1,1,0.0,-2.8347916318798454,1
0,1,1,1,0,0,0,1,0,0,1,0,1,0,1,0,0.0,-2.8347766602152578,1
1,0,1,1,0,0,0,0,1,1,1,1,0,1,1,0,0.0,-2.8347751660073186,1
1,1,0,1,0,0,1,0,0,1,0,1,1,1,1,0,0.0,-2.834755264475891,1
1,0,0,0,0,0,1,0,1,1,1,1,1,1,1,0,0.0,-2.834711442328597,1
0,1,1,1,0,0,1,1,0,1,0,0,1,1,0,1,0.0,-2.8346894202346355,1
1,1,0,0,0,0,1,0,1,1,0,1,1,1,1,0,0.0,-2.834678381582816,2
0,1,1,0,1,0,0,0,0,1,0,1,0,1,1,0,0.0,-2.8345495964016942,2
0,1,1,1,1,0,0,1,1,1,0,0,1,0,0,1,0.0,-2.8345231380356326,1
0,0,1,0,1,0,0,0,1,1,0,0,1,1,1,0,0.0,-2.8344834992681482,1
0,1,1,0,0,0,0,0,1,0,1,1,0,1,1,0,0.0,-2.834446119138419,1
0,1,1,1,0,0,1,1,0,1,1,0,0,1,0,1,0.0,-2.8344322124902335,1
0,0,1,0,1,0,0,0,1,1,1,0,0,1,1,0,0.0,-2.8343237159582464,1
0,0,0,0,1,0,1,0,0,1,1,1,0,1,1,0,0.0,-2.834251280912059,1
0,1,1,1,0,0,0,0,1,0,0,0,1,1,1,0,0.0,-2.834240499408538,1
0,1,1,0,1,0,0,0,0,0,1,1,1,1,1,1,0.0,-2.834150388151601,1
0,0,1,0,0,0,1,1,0,1,1,0,0,1,1,0,0.0,-2.834111651805928,1
0,0,1,1,0,0,0,0,1,0,0,1,1,0,1,1,0.0,-2.834078112777128,1
0,0,1,0,0,0,1,1,0,1,0,1,0,1,1,0,0.0,-2.834078093175135,1
0,1,0,0,1,0,1,1,0,1,0,1,0,0,1,0,0.0,-2.8340754740579968,1
0,1,1,0,1,0,0,0,1,1,0,0,0,1,1,0,0.0,-2.8340243773054845,2
1,1,0,0,0,0,0,0,1,1,1,1,0,0,1,0,0.0,-2.833949443406027,1
0,0,1,0,1,0,1,0,1,1,0,0,1,0,1,0,0.0,-2.8339210090951754,1
1,1,1,1,0,0,1,0,1,1,0,1,0,0,1,0,0.0,-2.8338523111215723,1
0,1,1,0,1,0,1,0,0,1,0,1,0,0,1,0,0.0,-2.8338489633226915,1
0,0,1,0,0,0,1,0,0,1,0,1,0,1,1,1,0.0,-2.8338367602627943,1
0,1,1,0,1,0,0,0,1,1,0,0,0,0,1,1,0.0,-2.8338071611443945,1
0,0,0,0,1,0,1,0,0,1,1,0,1,1,1,0,0.0,-2.8337991785682908,2
0,1,1,0,0,0,1,0,1,1,0,0,1,0,0,1,0.0,-2.833761188463793,1
0,1,1,1,0,0,0,0,0,1,0,1,0,1,0,1,0.0,-2.833746820328927,1
0,0,1,1,1,0,0,1,0,1,0,1,0,0,1,0,0.0,-2.8337237520666645,1
0,0,1,1,1,0,0,1,0,0,1,1,1,0,1,1,0.0,-2.8337008746732817,1
0,0,1,1,1,0,1,1,1,1,0,0,0,1,1,0,0.0,-2.833658159181087,1
0,1,1,0,0,1,0,0,1,1,1,1,1,0,1,0,0.0,-2.8336155161136753,1
0,1,0,1,1,0,0,0,1,0,1,0,1,0,1,0,0.0,-2.8335148204197322,1
0,0,0,0,1,0,1,0,0,1,1,0,1,0,1,1,0.0,-2.833497836789217,1
1,0,1,0,1,0,0,0,1,1,1,1,1,0,1,0,0.0,-2.833487456190362,1
0,0,0,0,1,0,1,0,1,1,0,0,1,1,1,0,0.0,-2.8334596751307446,1
0,0,1,0,0,0,0,1,1,1,0,0,0,1,1,1,0.0,-2.833455263944938,1
0,0,0,1,1,0,0,0,0,1,0,1,0,1,1,1,0.0,-2.8334035715893022,1
0,1,0,1,1,0,0,0,0,1,0,1,1,0,0,1,0.0,-2.8333625872499137,1
0,1,0,1,0,0,1,0,1,0,0,0,1,1,1,0,0.0,-2.833361527626122,1
0,0,1,1,1,0,1,1,1,1,0,0,0,0,1,1,0.0,-2.8333583032370564,1
0,1,1,1,0,0,1,0,0,1,0,1,0,1,0,0,0.0,-2.833332154021723,1
0,1,0,1,0,0,1,0,1,0,0,1,0,1,1,0,0.0,-2.833293319498728,1
0,1,1,1,1,0,0,1,0,1,0,0,0,0,1,0,0.0,-2.833278916963301,1
1,1,1,1,0,0,0,0,1,0,1,1,1,0,1,0,0.0,-2.8332471810943582,2
0,0,1,1,0,0,0,1,0,1,0,0,0,1,1,1,0.0,-2.8332423218190033,1
0,0,0,1,1,0,1,1,1,1,0,0,0,1,1,1,0.0,-2.833219178318294,1
0,1,0,1,0,0,1,0,0,0,1,0,1,0,1,1,0.0,-2.8331983999873973,1
0,0,1,1,1,0,1,0,0,1,0,1,0,0,1,0,0.0,-2.8331532160479904,1
1,0,0,0,0,0,0,1,0,1,1,1,1,1,1,1,0.0,-2.833130674626923,1
0,1,0,0,1,0,1,1,1,0,0,1,1,1,1,0,0.0,-2.833064616809074,1
0,1,0,1,0,0,0,1,1,1,0,0,0,1,0,1,0.0,-2.833054160760171,1
1,0,1,0,0,0,0,1,1,1,1,0,1,1,1,0,0.0,-2.833031219560845,1
1,1,1,0,0,0,0,1,1,1,0,0,1,1,1,0,0.0,-2.8329391325079936,1
1,0,1,1,0,0,0,0,1,1,1,1,1,1,0,0,0.0,-2.8329382595150503,1
1,1,1,0,0,0,1,0,0,1,1,1,0,1,1,0,0.0,-2.8329229963228273,1
1,1,0,1,1,0,0,1,0,1,0,1,1,0,1,0,0.0,-2.832914380894823,1
1,1,1,1,0,0,0,0,1,1,0,1,1,1,0,0,0.0,-2.8328976051698427,1
1,1,1,0,0,0,0,0,1,1,1,1,1,0,0,1,0.0,-2.832896372968464,1
1,1,1,0,0,0,1,1,0,1,1,1,0,0,1,0,0.0,-2.832894312510643,1
0,1,1,0,1,0,1,1,0,1,1,1,0,1,0,0,0.0,-2.83279304125921,3
0,0,1,0,1,0,0,0,1,0,1,1,1,0,1,0,0.0,-2.8327226685822833,1
0,1,1,1,1,0,1,0,0,1,0,0,0,0,1,0,0.0,-2.8326724375288856,2
0,1,1,1,0,0,1,1,0,0,0,0,1,1,1,1,0.0,-2.8326519148107288,1
0,0,0,1,1,0,1,1,0,0,1,1,1,1,1,0,0.0,-2.832610163906396,1
0,0,0,1,1,0,0,1,1,1,0,0,0,1,1,0,0.0,-2.8325600681618948,1
0,0,0,1,1,0,1,0,0,1,0,0,1,1,1,0,0.0,-2.832540618417,1
0,1,1,0,1,0,0,0,0,1,1,0,1,1,0,0,0.0,-2.832534298414058,1
0,0,1,1,0,0,1,1,0,0,1,1,0,1,1,1,0.0,-2.832519885745354,1
1,0,1,1,1,0,0,0,1,1,0,1,1,0,1,0,0.0,-2.832489042552892,1
0,0,1,1,1,0,1,0,1,1,0,0,0,0,1,0,0.0,-2.8324614907964816,1
0,0,1,0,0,0,0,1,1,0,0,1,1,1,1,0,0.0625,-2.832457235550626,1
0,1,1,0,1,0,0,1,1,1,1,0,0,1,0,1,0.0,-2.8324517395320243,2
1,0,1,0,0,0,1,1,1,1,1,0,1,0,1,0,0.0,-2.832448098740159,1
1,1,1,1,0,0,1,0,0,1,1,0,0,1,1,0,0.0,-2.8324446696797825,1
0,1,0,0,1,0,0,0,0,0,1,1,1,1,1,0,0.0,-2.832372299817563,1
0,1,1,1,1,0,0,1,1,0,0,1,0,0,1,1,0.0,-2.8323567839102743,1
0,1,0,1,0,1,0,0,0,1,1,1,1,1,1,0,0.0,-2.8323194363681026,1
0,1,1,0,1,0,1,1,1,1,0,0,1,1,0,0,0.0,-2.832317615012381,1
1,1,0,0,0,0,0,1,0,1,0,1,1,0,1,0,0.0,-2.83230834661116,2
0,1,1,0,1,0,0,0,0,1,0,1,1,0,0,1,0.0,-2.832269498055415,1
0,1,1,0,1,0,1,1,0,1,0,0,0,1,1,1,0.0,-2.8321994951505394,1
0,1,1,0,0,0,1,0,0,0,1,0,1,1,1,0,0.0,-2.832184278129124,1
1,1,1,0,0,0,0,0,1,1,0,1,0,1,1,1,0.0,-2.832157359420176,1
1,1,0,0,0,0,1,0,1,1,1,1,1,1,0,0,0.0,-2.832133861812444,1
1,0,0,0,1,0,1,0,1,1,1,1,1,0,1,0,0.0,-2.832125407915444,1
1,0,0,1,0,0,1,1,0,1,1,0,1,1,1,0,0.0,-2.8321181133758477,1
0,0,1,0,1,0,0,0,0,1,0,1,0,1,1,1,0.0,-2.832097294064792,1
0,0,1,0,0,0,1,0,1,0,0,1,1,1,1,0,0.0,-2.8320560361100844,1
0,1,1,1,1,0,1,1,0,1,0,0,1,1,0,0,0.0,-2.8320346426371312,1
0,1,0,0,1,0,0,0,1,0,1,1,0,0,1,1,0.0,-2.8320304070327182,1
1,1,1,1,1,0,0,0,1,1,0,1,0,0,1,0,0.0,-2.8320204649823086,1
0,0,1,0,1,0,0,0,1,1,1,1,0,1,0,0,0.0,-2.832005231409147,1
1,0,0,1,1,0,0,0,1,1,1,1,0,1,1,0,0.0,-2.8319783897121327,1
0,1,1,0,0,0,1,0,0,0,0,1,1,1,1,0,0.0,-2.831970663036478,1
0,1,1,0,1,0,0,0,1,1,0,0,1,1,0,0,0.0,-2.8319264058561298,1
0,1,1,1,1,0,1,0,1,0,0,1,0,1,1,0,0.0,-2.831923749715508,1
0,0,1,1,0,0,1,1,1,0,1,0,0,1,1,1,0.0,-2.8319129691874076,1
0,0,1,0,1,0,1,1,0,0,1,1,1,1,1,0,0.0,-2.8319044752055538,1
0,0,1,0,0,0,0,0,1,0,1,1,0,1,1,1,0.0,-2.8318805910926463,1
0,1,1,0,0,0,0,1,0,1,1,0,0,1,0,1,0.0,-2.8318628200823484,1
0,0,1,0,1,0,1,1,0,1,0,1,0,0,1,0,0.0,-2.8318359834161835,1
0,0,1,0,1,0,1,0,0,1,0,0,1,1,1,0,0.0,-2.831816394915178,1
0,0,0,1,0,1,0,0,1,1,1,1,1,1,1,0,0.0,-2.831812683324324,1
0,1,1,0,0,0,1,1,0,0,1,1,0,0,1,0,0.0,-2.8317999445020474,1
0,0,1,0,0,0,1,1,0,1,1,1,0,1,0,0,0.0,-2.8317747476642046,1
0,0,0,0,0,0,1,1,1,0,0,1,1,1,1,0,0.0,-2.831747817333583,1
0,0,0,0,1,0,1,1,0,1,0,1,0,1,1,0,0.0,-2.831742323196253,1
1,0,1,1,0,0,0,1,1,1,0,1,0,1,1,0,0.0,-2.831739888470905,1
1,1,0,0,0,0,1,0,1,1,1,0,0,1,1,1,0.0,-2.8317217702446524,1
1,0,1,0,0,0,0,0,1,1,0,1,1,0,1,0,0.0,-2.8317160480550085,1
0,1,1,0,1,0,0,1,0,1,0,0,0,1,1,0,0.0,-2.831714020980115,1
1,0,0,1,1,0,0,1,1,1,1,1,0,0,1,0,0.0,-2.831701636652911,1
0,1,1,0,0,0,1,0,0,0,0,1,1,0,1,1,0.0,-2.83169677173515,1
0,0,1,0,1,0,0,1,1,1,1,1,0,0,0,0,0.0,-2.831650921028226,2
1,1,0,0,0,0,1,1,1,1,0,0,1,0,1,1,0.0,-2.831642827801355,1
0,1,1,1,0,0,0,1,0,0,1,0,0,1,1,0,0.0,-2.8316332589195814,1
0,1,1,1,0,0,0,0,1,0,1,1,0,1,0,0,0.0,-2.8316138880820163,1
0,1,1,1,0,0,1,1,0,0,0,0,1,0,1,0,0.0,-2.83157115699868,1
0,1,1,0,0,0,1,0,0,0,1,1,0,1,1,0,0.0,-2.8315615985011586,1
1,1,1,1,0,0,0,0,0,1,1,0,0,0,1,0,0.0,-2.8315357424734398,1
0,1,0,0,0,0,1,1,1,0,0,1,0,0,1,1,0.0,-2.83151948043352,1
0,1,1,0,0,0,1,0,1,0,1,0,0,1,1,0,0.0,-2.8314969915336814,1
1,0,0,1,0,0,0,1,1,1,1,1,1,0,0,1,0.0,-2.831489326556886,1
0,1,1,0,0,0,1,0,0,1,0,0,1,1,0,1,0.0,-2.83148059637991,2
0,0,1,0,0,0,1,0,0,1,1,1,0,1,0,1,0.0,-2.83146448298476,1
1,1,1,0,1,0,0,0,0,1,1,1,0,1,1,0,0.0,-2.8314352555500784,1
0,1,0,0,1,0,0,0,1,1,0,1,0,1,0,1,0.0,-2.831405542370609,2
0,0,1,0,1,0,0,1,1,0,0,1,1,1,1,1,0.0,-2.831403782598384,1
0,1,1,0,1,0,0,1,0,0,1,1,0,1,1,1,0.0,-2.831374653579628,1
0,0,1,1,1,0,1,1,1,1,1,0,0,1,0,0,0.0,-2.831371473971413,1
1,1,1,1,0,0,0,1,0,1,1,0,1,1,0,0,0.0,-2.8313598791454817,1
0,1,0,1,1,0,0,0,0,0,0,1,1,1,1,0,0.0,-2.831254943610986,1
0,1,1,1,1,0,0,0,0,1,1,0,0,1,0,0,0.0,-2.8312544212848354,1
0,1,1,1,0,0,0,0,1,0,1,1,0,0,0,1,0.0,-2.8312493980228837,1
0,0,1,0,1,0,0,1,1,1,0,0,0,1,1,0,0.0,-2.8312446860057765,1
1,1,0,1,0,0,0,1,0,0,1,1,1,1,1,0,0.0,-2.8312358196947205,1
0,1,1,1,1,0,0,0,0,1,0,0,1,0,0,1,0.0,-2.831231753034362,1
0,0,1,1,1,0,1,0,1,1,1,0,0,1,0,1,0.0,-2.8311922224169783,1
0,0,0,0,0,0,1,1,0,1,1,0,1,1,0,1,0.0,-2.8311899092382045,1
0,1,0,1,1,0,0,0,0,0,1,0,1,1,1,0,0.0,-2.8311599623162342,1
0,0,1,0,1,0,1,0,1,1,0,0,0,1,1,0,0.0,-2.831157917735304,1
0,0,0,0,1,0,1,1,0,1,0,0,1,0,1,1,0.0,-2.8311505270747777,1
0,1,1,0,1,0,1,1,0,0,1,0,1,0,1,1,0.0,-2.8311430554261685,1
1,1,0,1,1,0,1,0,1,1,0,0,1,0,1,0,0.0,-2.8311207791266164,1
0,1,0,1,0,0,1,1,0,0,0,1,0,1,1,0,0.0,-2.8311190211031874,1
0,1,0,0,1,0,1,0,0,1,0,1,1,1,0,0,0.0,-2.8310894432371985,1
0,0,1,0,0,0,1,1,0,1,0,0,0,1,1,1,0.0,-2.8310832725381445,1
0,0,1,1,0,0,1,0,0,0,1,0,1,0,1,1,0.0,-2.8310591737350017,1
0,1,1,0,1,0,0,1,1,0,0,0,1,1,1,1,0.0,-2.8310107470899064,1
0,1,1,1,0,0,1,0,0,0,0,0,1,0,1,1,0.0,-2.8309767289322414,1
0,1,0,0,1,0,1,0,0,1,0,0,0,1,1,1,0.0,-2.8309506692120667,1
1,1,0,0,1,0,0,1,0,1,1,0,1,0,1,1,0.0,-2.8308719994858165,1
0,0,1,1,1,0,1,0,0,1,1,0,1,0,0,0,0.0,-2.8308692581502237,1
1,1,1,0,1,0,0,0,1,1,0,0,1,1,1,0,0.0,-2.83078993584925,1
1,1,0,1,0,0,1,0,0,1,1,0,0,0,1,0,0.0,-2.830786196547339,1
0,1,0,0,1,1,0,0,1,1,1,1,1,0,1,0,0.0,-2.830768574384761,1
0,0,1,1,1,0,0,1,0,1,0,0,0,1,1,0,0.0,-2.8307643014708774,1
1,0,1,1,1,0,0,1,0,1,1,0,1,0,1,0,0.0,-2.830703438131949,1
1,0,1,1,0,0,0,0,0,1,1,1,1,1,0,1,0.0,-2.830691746688372,1
1,0,0,0,0,0,1,0,1,1,0,1,1,0,1,0,0.0,-2.8306888462895885,1
0,1,1,0,1,0,1,0,0,0,0,1,1,1,1,1,0.0,-2.8306646507497,1
0,1,1,0,1,0,0,1,1,0,0,1,0,1,1,1,0.0,-2.8306608657134777,1
1,0,1,0,1,0,0,0,1,1,1,1,0,1,1,0,0.0,-2.830635337005392,2
1,1,0,0,1,0,1,1,0,1,0,1,1,0,1,0,0.0,-2.830595205433292,1
0,1,1,1,0,1,1,0,0,1,0,1,1,0,1,0,0.0,-2.830554476465331,1
0,1,1,0,1,0,1,1,1,0,1,0,0,1,1,0,0.0,-2.8304790043756594,2
1,0,0,1,0,0,0,0,1,1,0,0,1,1,1,0,0.0,-2.830474739442659,1
1,0,1,0,0,0,1,1,0,1,0,1,1,0,1,1,0.0,-2.8304498900249833,1
1,1,0,1,0,0,0,1,1,0,1,0,1,1,1,0,0.0,-2.8304498655378563,1
1,1,1,0,1,0,0,0,1,1,0,1,0,1,1,0,0.0,-2.8304132176073056,1
0,1,1,1,1,0,1,0,0,0,1,1,1,1,0,0,0.0,-2.830362820835356,1
0,0,1,1,1,0,1,1,0,0,1,1,0,1,1,0,0.0,-2.83035578260221,1
0,0,0,0,1,0,0,1,0,0,1,1,1,0,1,1,0.0,-2.83028910443588,1
0,1,1,0,1,0,1,0,0,0,1,1,0,1,1,1,0.0,-2.8302780584335387,1
0,1,1,1,0,1,0,0,0,1,0,1,1,1,1,0,0.0,-2.8302147459288314,1
0,0,0,1,1,0,1,1,0,1,0,0,0,1,1,0,0.0,-2.8301877486123947,1
0,1,1,1,0,0,0,1,0,0,1,0,1,1,0,0,0.0,-2.8301331555111453,1
0,1,1,1,1,0,1,0,1,0,1,0,1,1,0,0,0.0,-2.830132313949315,1
1,1,0,1,1,0,0,0,1,0,1,1,1,0,1,0,0.0,-2.830104378401121,1
1,0,0,1,1,0,0,1,0,1,0,1,1,1,1,0,0.0,-2.8301000899240285,1
1,0,0,0,1,0,0,1,1,1,0,1,1,1,1,0,0.0,-2.8300730111431935,1
1,0,1,1,1,0,0,0,0,1,1,0,1,0,1,1,0.0,-2.8300701287694268,1
0,1,1,0,0,0,0,0,1,0,1,0,1,1,0,1,0.0,-2.830019308920101,1
0,1,0,0,1,0,0,1,0,0,1,0,1,0,1,1,0.0,-2.83001394474969,1
1,1,0,0,1,0,0,1,1,1,0,0,1,1,1,0,0.0,-2.8300058335493095,2
0,1,0,1,1,0,1,0,1,1,0,0,0,1,0,0,0.0,-2.829993713287223,1
0,1,1,0,0,1,1,0,1,1,1,1,0,0,1,0,0.0,-2.8299873480163495,1
0,0,1,1,1,0,0,1,1,0,0,0,1,1,1,1,0.0,-2.8299763418974138,1
0,1,1,0,1,0,0,0,0,0,1,0,1,0,1,1,0.0,-2.829959688331921,1
0,1,1,1,1,0,1,0,1,1,0,0,0,0,0,0,0.0,-2.829937714697059,1
0,1,0,0,0,1,1,0,0,1,1,1,1,1,1,0,0.0,-2.8299311656509367,1
1,0,0,1,0,0,1,0,1,1,1,0,0,0,1,0,0.0,-2.8298765378443482,1
0,1,1,0,1,0,0,0,1,0,0,0,1,1,1,0,0.0,-2.829854096311623,1
0,0,1,0,1,0,0,1,1,0,1,1,0,0,1,0,0.0,-2.8298499852075807,1
0,1,0,0,0,1,0,1,0,1,1,1,1,1,1,0,0.0,-2.829843684183218,1
1,0,1,0,0,0,0,0,0,1,1,1,0,1,1,0,0.0,-2.829803420964015,1
1,1,0,0,1,0,0,0,0,1,1,1,0,0,1,0,0.0,-2.8298019729170667,2
1,1,0,0,0,0,1,1,0,1,0,0,1,1,1,1,0.0,-2.8297893665593756,1
1,0,1,1,0,0,1,0,1,1,1,0,1,1,0,0,0.0,-2.8297386503428332,1
0,1,1,0,0,0,1,0,1,0,1,0,1,1,0,0,0.0,-2.8297339729443842,1
1,1,0,1,0,0,0,0,1,0,1,1,0,1,1,1,0.0,-2.8297005356300895,1
0,1,0,1,1,1,0,0,1,1,1,0,1,0,1,0,0.0,-2.829680752439395,1
0,1,0,0,0,1,1,1,1,1,1,1,0,0,1,0,0.0,-2.82967377889195,1
0,1,0,0,1,0,1,1,0,0,0,1,1,0,1,0,0.0,-2.829628969328746,1
0,1,0,0,1,0,1,1,0,0,1,1,0,0,1,0,0.0,-2.8296289161161567,1
1,0,1,1,1,0,0,0,1,1,0,1,0,1,1,0,0.0,-2.829601622008723,1
1,1,1,0,0,0,1,0,1,1,1,1,0,1,0,0,0.0,-2.829589836307962,2
0,1,0,0,0,0,1,1,0,0,1,1,1,1,0,0,0.0,-2.829565144609764,1
1,1,1,0,0,0,0,1,0,1,0,1,0,0,1,0,0.0,-2.8295544123129193,1
0,1,1,0,1,0,0,0,1,0,1,0,0,1,1,0,0.0,-2.8295510500777485,1
1,1,1,0,1,0,1,0,1,1,1,0,0,0,1,0,0.0,-2.8295403472823493,1
1,0,0,0,1,0,1,0,1,1,1,0,1,1,1,0,0.0,-2.829525703579794,1
0,1,1,0,1,0,1,0,0,0,1,0,1,0,1,0,0.0,-2.8294828499581675,1
0,1,1,1,0,1,1,0,1,1,0,1,0,0,1,0,0.0,-2.8294626562488174,1
1,1,0,1,1,0,1,0,0,1,1,0,0,1,1,0,0.0,-2.8294436261927007,1
1,1,0,1,1,0,1,1,0,1,0,0,1,0,1,0,0.0,-2.8294225184678594,1
0,1,0,0,1,0,0,0,1,0,1,0,0,1,1,1,0.0,-2.829361324833198,1
0,1,0,1,0,1,1,0,0,1,1,1,0,1,1,0,0.0,-2.8293236598741616,1
1,1,1,0,1,0,0,0,0,1,1,1,1,1,0,0,0.0,-2.829319815813761,1
1,1,0,0,0,0,0,0,0,1,1,0,0,1,1,1,0.0,-2.8292895519085364,1
1,1,1,0,0,0,0,1,1,1,0,0,0,1,1,1,0.0,-2.829275841714634,1
0,1,1,0,1,0,1,0,1,0,0,0,1,0,1,0,0.0,-2.829172974821355,2
1,0,1,0,1,0,0,1,0,1,1,0,1,1,1,0,0.0,-2.829166799078502,1
0,1,1,0,1,0,0,0,1,0,1,0,0,0,1,1,0.0,-2.829149429184236,1
0,1,0,1,0,1,0,1,0,1,1,0,1,1,1,0,0.0,-2.8291308791196013,1
0,1,1,0,1,0,1,1,0,1,0,0,1,0,0,0,0.0,-2.829115621707663,1
0,0,1,0,1,0,0,1,0,1,0,0,0,1,1,1,0.0,-2.8291017016586912,1
1,1,1,1,0,0,0,1,0,0,0,1,1,1,1,0,0.0,-2.829097447222953,1
1,0,0,1,0,0,0,1,0,1,1,1,1,0,0,0,0.0,-2.8290119408637073,1
1,0,1,0,0,0,1,0,0,1,1,1,0,0,1,0,0.0,-2.828952369816084,1
0,0,1,0,1,0,1,1,0,1,0,0,0,1,1,0,0.0,-2.8289481416963964,2
0,1,1,0,1,0,1,1,1,1,0,0,0,1,0,1,0.0,-2.8289385105174367,1
0,1,0,0,1,0,1,0,0,0,1,1,0,0,1,1,0.0,-2.8289106932307195,2
1,1,0,1,1,0,0,0,0,1,0,1,0,0,1,0,0.0,-2.8288580540867008,1
1,1,1,0,0,0,1,0,1,1,0,0,0,1,1,1,0.0,-2.82883767471733,1
0,0,1,1,1,0,1,0,0,0,0,1,1,0,1,0,0.0,-2.8288179715639488,1
0,1,1,0,1,0,1,0,1,0,1,0,0,0,1,0,0.0,-2.8287513238900788,1
0,1,1,0,1,0,1,0,0,1,0,0,1,0,0,1,0.0,-2.8287219412170304,1
1,1,1,0,1,0,0,1,0,1,0,1,0,1,1,0,0.0,-2.828703353844566,1
0,0,1,1,0,0,1,0,1,0,1,1,0,1,0,0,0.0,-2.8287030970630744,1
0,0,1,0,1,0,1,1,1,1,0,0,1,0,0,0,0.0,-2.828617953102279,2
0,1,1,0,0,0,1,0,0,0,0,1,0,1,1,1,0.0,-2.82861007972617,1
0,1,1,0,1,0,0,1,1,1,0,0,0,1,0,0,0.0,-2.8285953929052168,1
1,1,1,1,0,0,0,0,1,0,1,1,1,1,0,0,0.0,-2.8285942867576126,1
1,1,1,1,0,0,0,1,0,0,1,1,0,1,1,0,0.0,-2.8285842147809577,1
1,1,1,1,0,0,0,0,1,1,1,0,0,0,0,0,0.0,-2.82852293106369,1
1,1,0,0,0,0,1,0,0,1,0,0,1,0,1,1,0.0,-2.8284845897068003,1
1,0,1,0,0,0,0,1,1,1,0,1,0,0,1,0,0.0,-2.8284687477276877,1
0,1,1,1,0,0,1,1,0,0,0,0,0,1,1,0,0.0,-2.828455708254655,1
0,1,1,0,0,0,1,1,0,1,0,0,0,1,0,1,0.0,-2.8284483412466006,1
0,1,1,0,1,1,0,0,1,1,1,0,1,0,1,0,0.0,-2.8284426682065353,1
0,1,0,1,0,1,0,1,1,1,1,0,0,1,1,0,0.0,-2.8284386684233813,2
1,1,0,1,0,0,0,0,1,1,0,1,0,1,0,0,0.0,-2.8284264768242693,1
0,1,0,1,0,1,0,1,1,1,0,0,1,1,1,0,0.0,-2.8283703423379585,1
0,1,1,1,1,0,0,0,0,0,1,0,0,0,1,1,0.0,-2.828368370751902,1
0,1,1,1,0,0,1,0,1,0,0,1,0,1,0,0,0.0,-2.8283549178586087,1
1,0,0,0,0,0,1,0,1,1,1,0,0,1,1,0,0.0,-2.8283180332936584,2
0,1,0,1,0,0,1,0,1,0,1,0,0,1,0,1,0.0,-2.8283057635656412,1
0,0,1,1,1,0,1,1,0,1,0,0,1,0,0,0,0.0,-2.8282840381782672,1
0,0,0,1,0,0,1,0,1,0,1,1,0,1,0,1,0.0,-2.8282612664051956,1
1,0,1,1,0,0,1,0,1,1,0,0,0,1,1,1,0.0,-2.8281855154538738,1
1,0,1,1,0,0,1,0,0,1,1,0,0,0,1,0,0.0,-2.8281840102187825,1
1,1,1,1,0,0,0,1,1,0,0,0,1,1,1,0,0.0,-2.8281357980507034,1
1,1,1,1,1,0,0,0,0,1,1,1,0,1,0,0,0.0,-2.828121416499979,1
0,0,1,0,1,0,0,1,0,0,1,0,1,1,1,0,0.0,-2.828092039237683,1
0,1,1,0,1,1,0,0,1,1,1,1,0,0,1,0,0.0,-2.8280391455213176,1
1,1,1,0,0,0,1,0,0,0,1,1,1,0,1,1,0.0,-2.8280234484266717,2
1,1,1,0,1,0,1,0,0,1,1,0,0,1,1,0,0.0,-2.827996735857112,2
1,1,1,1,0,0,0,1,0,1,0,0,1,1,0,1,0.0,-2.8279764006088755,1
0,0,0,0,1,1,0,0,1,1,1,1,1,0,1,1,0.0,-2.8279512679989134,1
0,0,1,0,1,0,0,1,0,0,1,1,0,1,1,0,0.0,-2.827951073955712,1
0,1,1,0,1,0,0,0,0,0,1,1,1,1,0,0,0.0,-2.8279503138242084,1
0,1,1,0,0,0,0,1,0,0,1,0,1,1,0,1,0.0,-2.827920122316862,1
1,1,1,0,0,0,1,1,0,1,1,1,0,1,0,0,0.0,-2.827871756480575,1
0,1,0,0,1,1,0,0,0,1,1,1,1,1,1,0,0.0,-2.8278537898935987,1
1,1,0,0,0,0,1,1,1,0,0,1,1,1,1,0,0.0,-2.8277432650658834,1
0,1,1,0,0,1,0,1,0,1,1,0,1,1,1,0,0.0,-2.827646193489688,1
0,1,1,0,0,0,1,1,0,0,1,0,1,1,0,0,0.0,-2.827626031621879,1
1,1,0,1,0,0,1,0,1,1,0,1,0,0,0,0,0.0,-2.827613724004199,1
1,1,0,1,1,0,0,0,1,0,0,1,1,1,1,0,0.0,-2.82761087420981,1
0,1,0,0,1,0,0,1,0,0,1,1,1,1,0,0,0.0,-2.8276044445592845,1
1,0,0,1,0,0,1,0,0,1,1,0,0,0,1,1,0.0,-2.827534961557418,1
1,0,1,1,1,0,0,0,1,1,0,1,1,1,0,0,0.0,-2.827482198385457,1
0,0,1,0,1,0,0,0,0,0,1,0,1,1,1,1,0.0,-2.8274800688574837,1
0,1,1,0,1,0,0,0,1,0,0,1,1,1,0,0,0.0,-2.8274749922695683,1
0,0,1,0,0,1,1,1,1,1,1,0,1,0,1,0,0.0,-2.827468585319285,1
0,0,1,0,0,1,1,0,1,1,0,1,1,1,1,0,0.0,-2.827425999930976,1
0,0,1,0,0,1,1,0,1,1,1,0,1,1,1,0,0.0,-2.8274216113374564,1
0,1,1,0,1,0,0,1,0,0,0,1,0,0,1,1,0.0,-2.827409940131567,1
1,0,1,0,1,0,0,0,1,1,0,1,0,1,1,1,0.0,-2.8273453549124055,1
0,1,1,1,1,0,1,1,1,0,0,0,1,1,0,0,0.0,-2.8273418668832706,1
1,0,1,0,1,0,1,0,1,1,0,1,0,1,1,0,0.0,-2.8273104606283987,3
1,1,1,0,1,0,0,0,0,0,1,1,1,1,1,0,0.0,-2.8273097235192663,1
1,1,1,0,0,0,1,1,0,1,1,1,0,0,0,1,0.0,-2.8272724022084845,1
1,0,0,0,1,0,1,0,0,1,0,1,1,1,1,1,0.0,-2.827265439543594,1
1,0,1,1,0,0,1,1,0,1,1,0,1,0,0,1,0.0,-2.8272603460710406,1
1,1,0,1,1,0,0,0,0,1,1,1,0,1,0,1,0.0,-2.8272356893316815,1
1,0,0,0,1,0,0,0,0,1,0,1,1,1,1,0,0.0,-2.827196805265917,1
1,1,0,1,0,0,1,1,1,0,1,0,0,1,1,0,0.0,-2.8271536261713086,1
1,0,1,0,0,0,0,0,1,0,1,1,1,0,1,0,0.0,-2.8271104070074555,1
0,0,1,1,0,0,1,1,0,0,1,0,1,1,0,0,0.0,-2.8271008794165775,1
1,0,1,0,0,0,0,1,0,1,1,0,0,1,1,0,0.0,-2.827082224753052,1
0,1,1,1,0,1,0,0,0,1,1,1,1,0,0,1,0.0,-2.8270791328588794,1
0,1,1,0,0,1,1,0,1,1,1,0,0,0,1,1,0.0,-2.8270689533151354,1
1,0,1,0,1,0,1,1,1,1,0,1,0,0,1,0,0.0,-2.827056415561327,1
0,0,1,0,1,0,0,0,1,0,0,0,1,1,1,1,0.0,-2.827029488641122,1
0,1,0,0,0,1,0,1,0,1,1,1,0,1,1,1,0.0,-2.8270251429306095,1
0,0,0,0,0,1,1,1,1,1,1,1,0,0,1,1,0.0,-2.8269803983955946,1
0,1,0,0,1,0,1,1,0,0,1,0,0,1,1,0,0.0,-2.826972137696259,1
1,1,0,0,1,0,1,0,1,1,1,1,0,1,0,0,0.0,-2.82697212202786,1
0,1,1,0,1,0,1,0,0,0,0,0,1,1,1,0,0.0,-2.8269236265645175,1
1,0,1,0,0,0,1,0,1,1,1,0,1,1,0,1,0.0,-2.82690516438315,1
1,0,1,0,0,0,0,0,0,1,0,0,1,1,1,1,0.0,-2.8268727344536595,1
1,1,0,0,0,0,0,0,1,0,1,1,0,1,1,0,0.0,-2.8268578684040238,2
1,1,0,1,0,0,0,0,0,0,1,1,0,1,1,0,0.0,-2.8268331189612113,1
0,1,1,0,1,0,1,0,1,0,1,0,1,0,0,0,0.0,-2.826796902745052,1
1,0,1,0,1,0,0,1,0,1,1,1,1,1,0,0,0.0,-2.8267869774861363,1
1,0,1,0,0,0,0,0,1,1,0,1,1,1,0,0,0.0,-2.826771149725303,1
0,0,1,0,1,0,1,0,1,0,0,1,0,1,1,0,0.0,-2.8267688650579204,1
1,1,1,0,1,0,1,1,1,1,0,0,0,0,1,0,0.0,-2.826757246002462,1
0,1,1,1,0,1,1,0,0,1,1,0,0,1,1,0,0.0,-2.826752833611759,1
0,0,1,1,1,0,0,1,1,0,0,1,1,0,0,0,0.0,-2.826748253211686,1
0,1,1,0,0,1,0,0,1,1,0,0,1,0,1,0,0.0,-2.8267169880402028,1
0,1,1,1,0,1,1,0,0,1,0,1,0,1,1,0,0.0,-2.8267094422164156,1
0,1,1,1,0,1,0,0,0,1,0,0,1,0,1,0,0.0,-2.826691251608291,1
1,1,0,0,0,0,0,0,0,1,0,1,1,1,0,1,0.0,-2.826673698039486,1
1,0,0,0,0,0,0,1,0,1,0,1,0,1,1,1,0.0,-2.8266597251456975,1
0,1,0,1,1,1,1,0,1,1,1,0,0,0,1,0,0.0,-2.8266238336347924,2
0,0,1,0,1,0,1,1,0,1,1,0,0,1,0,0,0.0,-2.8265905266345417,1
0,1,1,0,0,0,0,1,1,0,0,1,0,1,0,1,0.0,-2.826583889472467,1
1,0,1,0,0,0,1,0,0,1,1,0,0,1,1,0,0.0,-2.8265823343565333,1
1,1,1,0,0,0,1,1,1,1,0,1,0,1,0,0,0.0,-2.826578757621439,1
1,1,1,0,0,0,0,1,0,0,0,1,1,1,1,1,0.0,-2.8265780812792354,1
0,1,0,0,0,1,1,0,1,1,0,1,0,1,1,1,0.0,-2.826574691785652,1
1,0,1,0,0,0,1,1,0,1,0,1,0,0,1,0,0.0,-2.8265321162279284,1
1,0,0,0,0,0,1,1,0,1,1,0,0,1,1,0,0.0625,-2.826520251917382,1
0,0,1,1,1,0,0,1,0,0,1,0,0,1,1,0,0.0,-2.826514773085671,1
1,0,0,0,1,0,0,0,1,1,0,1,0,1,1,0,0.0,-2.826511623648887,1
1,1,0,0,1,0,1,0,0,1,0,1,0,0,1,0,0.0,-2.8265084111385104,1
1,1,1,0,0,0,0,0,0,1,0,0,0,1,1,1,0.0,-2.8265042527168154,2
1,1,1,0,0,0,1,0,1,1,1,0,0,1,0,1,0.0,-2.8265025603754963,1
0,1,0,1,1,1,0,0,1,1,0,1,0,1,1,0,0.0,-2.826500107134597,1
1,1,0,0,0,0,1,0,0,1,1,1,0,1,0,0,0.0,-2.826495546140089,1
0,1,1,0,1,0,0,0,1,0,0,0,0,1,1,1,0.0,-2.8264932595773993,1
1,1,1,0,1,0,0,1,1,0,0,1,1,0,1,0,0.0,-2.8264837488547925,1
0,0,1,1,1,0,0,0,1,0,0,1,1,0,0,1,0.0,-2.826439124040666,1
1,1,1,0,1,0,0,0,1,0,0,1,1,1,1,0,0.0,-2.826398989801085,1
1,0,1,1,0,0,0,0,1,0,1,0,1,0,1,0,0.0,-2.8263966159801095,1
1,0,1,1,1,0,0,1,1,1,0,0,0,1,1,0,0.0,-2.826392324646172,1
1,1,1,0,0,0,1,0,0,1,0,0,0,1,1,0,0.0,-2.8263875142250625,1
0,1,0,1,0,1,1,0,0,1,1,0,0,1,1,1,0.0,-2.826331810088328,2
1,0,0,0,0,0,1,1,0,1,0,0,1,1,1,0,0.0,-2.826318374857001,1
1,1,0,0,0,0,0,1,1,1,1,0,0,1,0,0,0.0,-2.826308979048941,1
1,0,0,0,1,0,1,1,1,1,1,0,0,0,1,1,0.0,-2.826300865685346,1
1,1,0,0,1,0,1,0,0,1,0,0,1,0,1,0,0.0,-2.826295110502709,1
0,1,0,0,0,0,1,1,1,0,0,1,0,1,0,1,0.0,-2.8262657131432674,1
0,1,1,0,1,0,1,0,1,0,0,0,0,1,1,0,0.0,-2.8262651336756566,1
0,1,1,1,0,1,0,0,0,1,0,1,0,0,1,0,0.0,-2.826248856757833,1
0,1,1,1,1,0,0,1,0,0,0,0,0,1,1,0,0.0,-2.826234376658574,2
1,0,1,1,0,0,1,0,1,1,0,0,1,1,0,1,0.0,-2.826228925968141,1
1,1,0,1,0,0,0,0,1,0,0,1,0,1,1,0,0.0,-2.826184237317854,1
1,0,0,0,1,0,1,0,0,1,1,0,1,0,1,0,0.0,-2.8261804658119827,1
1,0,0,1,1,0,1,0,1,1,1,1,0,1,0,0,0.0,-2.82613437204362,1
0,0,1,1,1,0,1,0,0,0,0,0,1,1,1,0,0.0,-2.8261020274269875,1
1,1,0,0,0,0,0,1,1,1,0,1,0,1,0,0,0.0,-2.8260418138394394,1
1,1,1,0,0,0,1,1,0,0,1,1,0,1,1,0,0.0,-2.825948862091064,1
0,1,1,1,0,1,0,1,1,1,0,1,1,0,0,0,0.0,-2.8259291605168384,1
0,1,1,1,0,1,0,0,1,1,0,1,1,1,0,0,0.0,-2.825924532311625,1
1,0,1,0,1,0,0,0,1,0,1,1,1,0,1,1,0.0,-2.8258181834832885,1
1,0,1,1,1,0,1,1,1,1,0,0,0,0,1,0,0.0,-2.8257875843755706,1
0,0,1,1,0,1,0,1,1,1,0,1,0,1,1,0,0.0,-2.8257818187695545,2
1,0,1,0,0,0,0,1,1,1,0,0,0,1,1,0,0.0,-2.8257799308646714,1
0,1,1,0,1,0,1,0,0,1,0,0,0,1,0,1,0.0,-2.82576794794108,1
1,0,1,0,0,0,1,0,0,1,1,0,0,0,1,1,0.0,-2.8257456337299223,1
0,1,0,0,0,1,0,0,1,1,0,1,0,1,1,0,0.0,-2.8257370652736853,1
0,1,0,1,1,0,1,1,0,0,0,0,0,1,1,0,0.0,-2.8257339664515726,1
0,1,0,1,1,0,0,0,1,0,0,0,1,1,0,1,0.0,-2.8257327074956926,1
0,1,1,0,1,1,0,0,0,1,0,1,1,1,1,0,0.0,-2.82572889709304,1
0,1,1,1,1,0,1,1,0,0,0,0,0,0,1,0,0.0,-2.825703360325045,1
0,1,0,0,0,1,1,1,1,1,1,1,1,0,0,0,0.0,-2.8256872746116724,1
0,0,0,1,0,1,1,0,1,1,0,1,0,0,1,0,0.0,-2.825657568279577,1
0,1,1,1,0,1,0,0,1,1,0,0,0,0,1,0,0.0,-2.825615916162926,1
1,1,1,0,0,0,1,0,1,0,1,1,1,1,0,0,0.0,-2.825612161262503,1
1,1,1,0,0,0,0,0,0,0,1,0,1,1,1,0,0.0,-2.825555721101872,1
0,1,0,1,0,1,1,1,1,1,0,0,0,1,1,0,0.0,-2.8255219371360973,1
0,1,1,1,1,0,1,0,0,0,0,0,0,1,1,0,0.0,-2.8254971920128282,1
0,1,1,0,1,0,1,1,0,0,1,1,0,1,0,1,0.0,-2.8254953546811215,2
0,1,0,1,0,1,0,0,0,1,0,0,1,1,1,0,0.0,-2.825456211193843,1
0,0,1,0,1,1,0,1,1,1,0,1,1,0,1,0,0.0,-2.825446863949825,1
0,0,1,0,1,1,1,0,1,1,1,0,1,0,1,0,0.0,-2.8254317077783613,1
0,0,0,1,0,1,0,1,1,1,1,0,0,1,1,1,0.0,-2.8253961784700667,1
0,1,0,1,0,1,1,1,1,0,1,0,1,0,1,0,0.0,-2.8253833462882274,1
1,1,1,0,0,0,0,0,0,0,0,1,1,1,1,0,0.0,-2.8253694974570553,1
1,1,1,1,0,0,0,1,0,0,0,1,0,1,1,1,0.0,-2.825366455236945,1
0,1,0,1,0,1,0,1,1,0,1,1,0,0,1,1,0.0,-2.8253659622253515,1
1,0,0,0,1,0,0,0,1,0,1,1,1,1,1,1,0.0,-2.825351790729407,1
1,1,1,0,1,0,1,1,0,1,0,0,0,1,1,0,0.0,-2.825272647886532,1
1,0,1,1,1,0,1,0,1,1,0,0,0,0,1,1,0.0,-2.8252642354906827,1
1,0,0,1,1,0,0,0,1,1,0,1,1,0,0,0,0.0,-2.8252575923664227,1
0,0,1,0,1,1,1,0,1,1,1,1,0,0,1,0,0.0,-2.8252502504552326,1
1,0,1,1,0,0,1,1,0,0,1,0,1,0,1,1,0.0,-2.8252441655272187,1
1,0,1,0,0,0,1,1,0,1,1,0,1,1,0,1,0.0,-2.8252222234589883,1
1,1,0,0,1,0,1,0,1,0,1,1,0,1,1,0,0.0,-2.8252128232650544,2
1,1,1,0,1,0,0,0,1,0,1,1,0,0,1,1,0.0,-2.8252062409130767,1
1,0,0,1,1,0,0,0,1,1,0,0,0,1,1,0,0.0,-2.825182461419187,1
1,0,1,0,0,0,0,1,0,1,1,0,1,1,0,0,0.0,-2.8251751455690965,1
0,1,1,0,1,0,0,1,0,0,1,1,0,1,0,0,0.0,-2.825167485696186,1
1,0,1,1,1,0,0,1,0,1,1,0,1,0,0,1,0.0,-2.8251214120373143,1
1,0,1,0,0,0,0,1,1,0,1,1,0,1,1,1,0.0,-2.825120310957928,1
0,1,0,1,0,1,0,1,1,1,0,0,0,0,1,0,0.0,-2.825102744254127,1
1,0,0,0,0,0,1,0,1,1,0,0,0,1,1,1,0.0,-2.8250756582175334,1
0,1,0,0,0,1,0,0,1,0,1,1,1,0,1,0,0.0,-2.8250003479074866,1
1,0,1,0,1,0,0,0,1,1,1,0,1,1,0,1,0.0,-2.8249829933383324,1
1,0,0,0,0,0,1,0,1,1,1,0,1,0,0,1,0.0,-2.8249769170375965,1
1,0,0,0,1,0,1,1,0,1,0,1,0,1,1,1,0.0,-2.8249726791698855,1
0,1,1,0,1,1,0,0,1,1,0,0,1,1,1,0,0.0,-2.824940573984277,1
1,1,1,0,0,0,0,1,1,0,0,1,0,1,1,1,0.0,-2.8249208189962314,1
1,1,1,0,0,0,0,0,0,0,1,0,1,0,1,1,0.0,-2.824904945772203,1
1,1,0,1,1,0,1,0,0,0,1,0,1,1,1,0,0.0,-2.8248632693415967,1
0,1,0,1,0,1,1,0,1,0,1,1,0,1,1,0,0.0,-2.8248586858103124,1
1,0,0,0,1,0,0,1,0,1,0,1,0,1,1,0,0.0,-2.824806758491264,1
1,1,0,1,0,0,1,1,0,0,0,0,1,1,1,1,0.0,-2.8247859790813763,1
1,1,0,0,1,0,0,0,0,1,1,1,0,1,0,0,0.0,-2.824727767956779,1
1,1,0,0,1,0,1,1,0,1,0,1,1,0,0,1,0.0,-2.824710882316323,1
1,0,1,0,1,0,1,0,1,1,1,1,0,1,0,0,0.0,-2.8246893375463054,1
1,0,1,0,1,0,1,1,1,1,1,0,1,0,0,0,0.0,-2.824680222511735,1
1,1,1,0,1,0,0,0,1,1,1,0,0,1,0,1,0.0,-2.824676651822337,1
1,1,1,0,0,0,0,1,1,0,0,0,1,0,1,0,0.0,-2.8246746212041858,1
1,0,1,0,0,0,0,1,1,0,0,1,1,0,1,0,0.0,-2.8246459655963227,2
0,1,1,0,1,1,0,1,1,1,1,0,0,0,1,0,0.0,-2.8246393487867567,1
0,1,1,0,1,0,0,0,0,0,1,1,0,1,0,1,0.0,-2.824609313779914,1
1,0,1,0,1,0,0,1,0,0,1,1,1,0,1,1,0.0,-2.8246033954943446,1
0,0,0,0,1,1,0,0,1,1,1,1,0,1,1,1,0.0,-2.824591939207213,1
1,1,1,0,1,0,1,1,1,1,0,0,1,0,0,0,0.0,-2.8245711753851617,1
1,1,0,0,1,0,0,1,0,1,0,0,0,1,1,0,0.0,-2.824547402727671,1
0,0,1,0,0,1,1,1,0,1,1,1,0,1,1,0,0.0,-2.8245455015904994,1
1,1,0,0,1,0,1,0,0,1,1,1,0,1,0,1,0.0,-2.8245374211756555,1
1,0,0,1,1,0,1,0,1,1,0,0,0,0,1,0,0.0,-2.824468737593821,1
1,0,1,0,0,0,1,1,0,1,0,1,1,0,0,0,0.0,-2.8244566509386053,1
0,1,0,1,0,1,0,0,1,0,0,1,1,0,1,0,0.0,-2.8244540869379864,1
0,1,1,0,0,1,0,1,0,0,1,1,1,0,1,1,0.0,-2.824452846550268,1
0,1,0,1,1,1,1,0,0,1,0,1,0,0,1,1,0.0,-2.8244398842562664,1
1,0,1,0,1,0,0,0,0,1,0,0,1,0,1,1,0.0,-2.8243965894567387,1
0,1,0,0,1,1,1,0,1,1,1,0,0,1,1,0,0.0,-2.824291955122653,1
1,0,1,0,0,0,0,0,0,1,1,1,0,1,0,1,0.0,-2.824277219465217,1
1,0,0,1,1,0,1,1,0,1,0,1,1,1,0,0,0.0,-2.824256735996053,1
1,1,1,0,0,0,0,0,1,0,1,0,0,1,1,0,0.0,-2.824256523168555,1
1,1,0,0,0,0,1,0,0,0,1,1,0,1,1,0,0.0,-2.8242539973556475,1
1,1,0,0,1,0,1,1,1,1,1,0,0,1,0,0,0.0,-2.8242496455930244,2
0,1,1,0,0,1,1,0,0,1,0,0,1,0,1,0,0.0,-2.8242466761159393,1
1,1,1,0,1,0,1,1,1,1,1,0,0,0,0,0,0.0,-2.824230212270369,1
0,1,1,0,0,1,0,1,0,1,0,0,1,0,1,0,0.0,-2.82417253577776,1
1,1,1,0,0,0,0,1,0,1,0,1,0,0,0,1,0.0,-2.824165003361524,1
1,0,1,1,1,0,1,0,0,1,1,0,1,0,0,1,0.0,-2.824108187714365,1
1,1,1,0,0,0,1,1,0,0,1,1,1,1,0,0,0.0,-2.824104712502628,1
1,1,1,0,0,0,0,0,0,1,0,1,0,1,0,1,0.0,-2.824103497033917,1
1,0,1,1,0,0,0,1,0,1,0,1,0,1,0,0,0.0,-2.82408972630767,1
1,1,1,0,0,0,0,0,1,0,0,0,1,0,1,1,0.0,-2.824083823345733,1
1,0,1,1,1,0,0,1,0,0,0,1,1,1,1,0,0.0,-2.8240772767935525,1
1,0,1,0,0,0,0,0,1,0,0,1,1,0,1,1,0.0,-2.824038555690539,1
1,0,1,1,0,0,1,0,0,0,0,1,1,0,1,0,0.0,-2.824025487998865,1
1,0,1,0,0,0,0,0,1,0,1,0,1,0,1,1,0.0,-2.823970809882889,1
1,0,1,1,0,0,0,0,0,1,0,0,1,1,0,1,0.0,-2.8239489252870023,1
0,0,0,0,0,1,1,0,0,1,1,1,0,0,1,1,0.0,-2.823897240382755,1
1,0,1,0,0,0,1,1,0,1,0,0,0,1,1,0,0.0,-2.823862784697539,1
1,1,1,0,1,0,1,0,0,0,1,0,1,1,1,0,0.0,-2.8238409841090464,2
0,0,1,0,0,1,1,0,1,1,1,0,0,1,1,1,0.0,-2.8238402223346526,1
1,1,1,1,1,0,0,1,0,0,0,0,1,1,1,0,0.0,-2.8238393460062117,1
1,0,0,0,1,0,1,1,0,1,0,0,1,0,1,0,0.0,-2.8238291799690347,1
0,0,1,0,0,1,1,1,1,0,1,1,1,0,1,0,0.0,-2.8238064921075807,1
1,1,0,0,0,0,1,0,1,0,1,0,0,1,1,0,0.0,-2.823785095474949,1
1,1,0,0,0,0,0,0,1,0,0,1,0,1,1,1,0.0,-2.823783482753879,1
0,0,1,1,1,0,0,1,1,0,0,1,0,1,0,0,0.0,-2.823759995640609,1
1,1,1,0,1,0,0,0,1,1,0,1,0,0,0,0,0.0,-2.823729458243652,1
1,1,0,0,1,0,1,0,1,1,1,0,0,1,0,1,0.0,-2.823723864960322,1
1,1,0,0,1,0,1,1,0,0,1,1,0,1,1,0,0.0,-2.823720473036844,1
0,0,1,1,0,1,1,1,0,1,1,0,0,1,1,0,0.0,-2.8237180134384676,1
0,1,1,1,1,1,0,0,1,0,0,1,1,0,1,0,0.0,-2.823708152996179,1
0,1,0,0,1,1,1,0,1,0,1,1,1,0,1,0,0.0,-2.823683799943882,2
0,1,0,1,1,1,1,0,0,1,0,0,1,1,1,0,0.0,-2.823662126822718,1
1,1,0,0,1,0,1,1,0,0,1,0,1,1,1,0,0.0,-2.823661826169783,1
1,1,1,1,1,0,1,0,1,1,0,0,0,1,0,0,0.0,-2.8236572336081376,2
1,1,1,0,1,0,1,0,1,1,1,0,0,0,0,1,0.0,-2.8236349777616185,1
1,0,0,1,1,0,0,0,0,1,0,1,1,1,0,0,0.0,-2.823634096667836,1
1,0,0,1,0,0,1,0,0,0,0,1,1,1,1,0,0.0,-2.8236273221849078,2
1,1,0,1,0,0,1,0,0,0,0,1,0,1,1,0,0.0,-2.823615866138587,1
1,1,1,0,1,0,1,0,1,1,0,1,0,0,0,1,0.0,-2.8235858559459666,1
1,1,1,1,0,0,1,0,0,1,0,0,0,1,0,0,0.0,-2.8235632518320366,1
1,0,0,0,1,0,1,0,1,1,0,1,1,1,0,1,0.0,-2.8235629153030266,1
0,1,1,1,0,1,0,0,0,1,0,1,1,1,0,1,0.0,-2.8235586053843016,1
0,1,1,1,1,1,0,0,1,0,1,0,1,0,1,0,0.0,-2.823554331774523,1
1,0,1,0,0,0,0,0,1,1,0,0,1,1,0,1,0.0,-2.8235484438158895,1
1,0,1,1,1,0,0,1,0,1,0,0,0,0,1,0,0.0,-2.823542432837958,1
0,1,0,0,1,0,1,0,1,0,0,1,0,1,0,1,0.0,-2.8235391895539754,1
0,0,1,1,1,0,0,1,0,0,0,0,0,1,1,1,0.0,-2.8235035598877847,1
0,1,1,0,0,1,1,0,1,1,1,0,1,1,0,0,0.0,-2.8234843590036816,1
1,1,1,0,0,0,0,1,1,1,0,0,0,1,0,0,0.0,-2.823450770376363,2
0,1,0,1,1,0,1,1,0,0,1,0,0,1,0,0,0.0,-2.8234407426833363,1
0,0,1,1,0,1,0,1,0,0,1,1,1,1,1,0,0.0,-2.8234048408775836,1
1,0,1,0,0,0,1,1,0,0,0,1,1,1,1,1,0.0,-2.823369894107473,1
1,0,1,0,0,0,1,0,1,0,1,1,0,0,1,0,0.0,-2.823329778214955,1
0,0,0,0,0,1,1,0,0,1,1,0,1,1,1,0,0.0,-2.823223619550102,1
1,0,1,0,1,0,1,0,1,0,0,1,1,1,1,0,0.0,-2.823212880078728,1
1,1,1,0,1,0,0,1,0,1,0,0,1,1,0,1,0.0,-2.8232117752414396,1
1,0,1,1,1,0,0,0,1,0,1,1,1,1,0,0,0.0,-2.8232108672618583,1
1,0,1,0,0,0,0,0,1,1,0,1,0,1,0,1,0.0,-2.8232099413920966,1
0,1,0,1,1,1,1,0,0,1,1,1,1,0,0,0,0.0,-2.8231981309558223,1
1,1,1,1,1,0,0,1,1,0,1,0,1,0,0,0,0.0,-2.823183873992022,1
0,1,0,0,0,1,1,0,0,1,0,0,1,1,1,0,0.0,-2.8231615881833294,1
1,0,1,0,1,0,1,0,1,0,1,0,1,1,1,0,0.0,-2.823139300765636,1
1,1,0,0,0,0,1,0,1,0,0,0,1,0,1,1,0.0,-2.823130960868558,1
0,0,0,0,0,1,0,1,0,1,0,1,1,1,1,0,0.0,-2.8231157650313605,1
0,0,1,1,0,1,0,1,1,1,0,1,1,0,0,1,0.0,-2.8230966619453617,1
0,0,1,1,0,1,1,0,1,1,1,0,1,1,0,0,0.0,-2.823079458747097,1
1,0,0,0,1,0,1,0,0,1,0,0,1,0,1,1,0.0,-2.823072771151703,1
0,0,1,1,0,1,0,1,0,1,1,0,0,0,1,0,0.0,-2.8230669765413623,1
1,1,1,1,0,1,0,0,0,1,1,1,0,0,1,0,0.0,-2.8230604132349324,1
0,1,1,0,0,1,0,0,0,0,1,1,1,0,1,0,0.0625,-2.8230554417673215,1
1,1,1,0,1,0,0,0,0,0,0,1,1,0,1,0,0.0,-2.8230246153661462,1
1,0,0,1,1,0,0,1,0,1,0,0,0,0,1,1,0.0,-2.822982015470255,1
0,1,1,1,1,0,1,0,1,0,0,0,0,1,0,0,0.0,-2.8229533534678515,1
1,0,0,1,0,0,1,1,0,1,0,1,0,0,0,1,0.0,-2.822885803456459,1
1,1,0,1,1,0,1,0,0,1,1,0,0,0,0,0,0.0,-2.822856615587356,1
0,0,0,1,0,1,1,0,0,1,0,1,0,1,1,0,0.0,-2.82285381814342,1
1,1,1,1,1,0,1,0,0,0,0,0,1,1,1,0,0.0,-2.822846623229103,1
0,1,0,1,1,1,0,1,1,0,1,1,0,0,1,0,0.0,-2.82284534743144,1
0,1,1,0,0,1,0,0,1,1,0,0,0,1,1,0,0.0,-2.8228387436250637,1
0,0,0,1,1,1,1,0,1,0,1,1,1,0,1,0,0.0,-2.8228325370108145,1
0,1,1,1,0,1,0,0,0,1,0,0,0,1,1,0,0.0,-2.8228277142806393,1
1,0,1,1,1,0,0,0,1,1,1,0,0,0,0,0,0.0,-2.8228257477254672,1
1,0,1,0,0,0,1,1,1,1,0,1,0,0,0,0,0.0,-2.8228249437725417,1
0,0,1,1,0,1,1,1,1,1,0,0,0,1,1,0,0.0,-2.8228244442916552,1
1,1,1,0,1,0,0,1,1,0,0,1,0,0,1,1,0.0,-2.822790538883291,1
1,1,0,1,1,0,1,1,0,0,0,1,0,1,1,0,0.0,-2.8227038635680954,1
1,1,0,1,1,0,1,1,1,1,0,0,0,0,0,1,0.0,-2.822679747727503,1
1,1,0,0,1,0,1,1,1,0,0,0,1,1,1,0,0.0,-2.82267185956346,1
0,0,1,0,1,0,1,1,0,0,0,1,1,1,0,0,0.0,-2.8226505722480013,1
1,1,0,0,1,0,0,0,0,0,1,1,0,1,1,0,0.0,-2.822641994657931,1
0,1,1,1,0,1,0,1,0,0,1,1,0,1,1,0,0.0,-2.8226397671073054,1
1,0,1,1,0,0,0,0,1,1,0,0,0,1,0,1,0.0,-2.8226133053994094,1
1,1,1,1,1,0,0,0,0,0,0,1,0,1,1,1,0.0,-2.8226103967538503,1
1,1,1,0,1,0,1,0,1,0,1,0,0,1,1,0,0.0,-2.8225896905381482,2
1,0,1,0,1,0,1,1,0,1,1,0,1,0,0,1,0.0,-2.822585358119422,1
1,0,1,0,1,0,0,1,0,1,1,0,1,0,0,0,0.0,-2.822575004739548,1
0,1,1,0,1,1,1,0,0,1,0,1,0,0,1,1,0.0,-2.8225665296861644,1
0,1,0,0,0,1,0,1,1,0,0,1,1,1,1,1,0.0,-2.822554652018117,1
1,1,1,0,1,0,1,1,1,0,0,1,0,0,1,0,0.0,-2.8225523434713584,1
0,1,0,0,0,1,1,0,1,0,1,0,1,1,1,1,0.0,-2.822543104069948,1
1,1,1,0,1,0,0,0,0,1,0,0,1,1,0,0,0.0,-2.822539929933619,1
1,1,0,0,1,0,1,0,0,0,1,0,1,1,1,1,0.0,-2.8225349699514277,1
0,1,0,0,0,1,1,0,1,1,1,1,0,1,0,1,0.0,-2.822527978164624,1
0,1,0,0,0,1,1,1,1,0,0,1,1,1,1,0,0.0,-2.8225202025132643,1
1,1,0,0,1,0,1,0,1,0,1,1,1,1,0,0,0.0,-2.822518559145357,1
1,0,0,1,1,0,0,1,0,0,1,0,1,1,1,1,0.0,-2.8225151407393767,1
1,1,1,1,1,0,0,0,0,0,1,0,0,1,1,1,0.0,-2.8225142521969557,1
1,1,1,0,1,0,1,0,1,0,0,1,0,1,1,0,0.0,-2.82251086505057,1
0,0,0,1,0,1,1,1,1,1,0,0,0,1,1,1,0.0,-2.8225043104320715,1
1,1,1,0,1,0,0,1,0,0,1,1,1,1,0,0,0.0,-2.8224929534801695,1
0,1,0,0,0,1,0,1,1,0,1,1,0,1,1,1,0.0,-2.82249188496891,1
0,1,0,1,0,1,1,1,0,0,1,0,1,1,1,0,0.0,-2.822470396189365,1
0,1,0,1,1,1,0,0,1,1,0,1,1,1,0,0,0.0,-2.8224560449895884,1
0,1,0,1,0,1,1,1,0,0,1,1,0,1,1,0,0.0,-2.822398197326889,1
1,0,1,0,0,0,1,0,1,1,0,1,0,0,0,1,0.0,-2.822389565795781,1
1,0,1,0,0,0,0,0,1,0,1,1,1,1,0,0,0.0,-2.8223718760994414,1
1,0,1,0,1,0,1,0,1,0,0,1,1,0,1,1,0.0,-2.822370099624785,1
0,0,1,1,0,1,1,0,1,0,1,1,0,1,1,0,0.0,-2.82234649792423,1
1,0,0,0,1,0,1,1,1,0,0,1,1,0,1,1,0.0,-2.822312286572529,1
1,0,1,0,1,0,1,0,0,1,1,1,0,1,0,1,0.0,-2.822290735100773,1
1,0,1,1,0,0,0,1,0,0,0,0,1,1,1,0,0.0,-2.8222800275278472,1
1,0,1,1,1,0,1,1,0,1,0,0,1,1,0,0,0.0,-2.8222736399110078,1
1,0,0,1,0,1,0,0,0,1,1,1,1,1,1,0,0.0,-2.8222609346248615,1
1,0,0,1,0,0,1,1,1,1,0,0,0,1,0,0,0.0,-2.8222363998393822,1
1,1,1,0,1,0,0,0,0,1,0,1,0,1,0,0,0.0,-2.8222314005650184,1
0,0,1,1,0,1,0,1,1,1,0,0,0,0,1,0,0.0,-2.8221931638174054,1
1,1,1,1,0,0,0,0,0,0,1,1,0,1,0,0,0.0,-2.8221615203115893,1
0,1,0,0,0,1,1,0,1,1,1,1,0,0,0,0,0.0,-2.8221551981674686,1
0,0,0,0,0,1,1,0,1,0,1,1,1,0,1,0,0.0,-2.8221046566799926,1
0,0,1,1,1,1,0,1,0,1,0,1,0,0,1,1,0.0,-2.822100923511912,1
0,0,1,1,0,1,0,1,1,0,1,1,0,1,1,0,0.0,-2.822085891382287,1
1,0,1,1,1,0,1,1,0,1,1,0,0,1,0,0,0.0,-2.822064704563876,1
1,1,1,0,1,0,1,0,0,1,1,0,0,1,0,1,0.0,-2.822047212037734,1
0,1,0,1,0,1,1,0,1,1,0,0,1,1,0,1,0.0,-2.822040499085615,1
1,1,0,0,0,0,1,1,0,0,0,1,0,1,1,0,0.0,-2.822032433444245,1
1,1,1,1,0,1,0,0,1,1,0,1,0,0,1,0,0.0,-2.8220143628093943,1
0,0,1,0,1,1,1,0,1,1,0,1,0,1,1,0,0.0,-2.822013396977053,1
0,1,0,0,0,1,0,0,0,0,1,1,1,1,1,0,0.0,-2.822006491043708,1
0,1,0,0,0,1,0,1,1,0,1,1,0,0,1,0,0.0,-2.8219653679789154,1
1,0,1,1,1,0,1,0,0,0,1,0,1,0,1,1,0.0,-2.8219633373218596,1
0,0,1,0,1,0,0,1,1,0,0,0,1,1,0,1,0.0,-2.821950086216757,1
1,1,0,0,0,1,0,0,1,1,1,1,0,1,1,0,0.0,-2.8219280697128877,1
1,0,1,0,1,0,0,1,1,1,0,0,1,1,0,1,0.0,-2.8219102958995252,1
1,0,1,1,0,0,0,0,1,0,1,0,1,1,0,0,0.0,-2.821899650397758,1
1,1,1,0,0,0,1,1,0,0,1,0,0,0,1,0,0.0,-2.8218945461883127,1
1,1,1,1,0,0,1,0,1,0,0,0,1,1,0,1,0.0,-2.8218907782550504,1
1,0,0,0,1,0,0,0,1,0,0,1,1,1,1,0,0.0,-2.8218766827258577,1
0,1,1,1,0,1,0,0,0,0,1,1,0,0,1,0,0.0,-2.8218736768173907,1
1,0,1,0,1,0,0,1,0,0,0,1,1,1,1,1,0.0,-2.821838276073338,1
1,0,1,0,0,0,1,0,0,0,1,1,0,1,1,0,0.0,-2.8218364541238277,1
1,1,0,0,0,0,1,0,0,0,1,1,1,1,0,0,0.0,-2.8218286508361627,1
1,1,0,1,1,0,0,1,0,0,1,0,0,0,1,0,0.0,-2.821779372834656,1
0,0,0,1,0,1,1,0,1,1,0,1,1,0,0,0,0.0,-2.821717143293738,1
0,0,0,0,1,1,0,1,0,1,1,1,0,0,1,0,0.0,-2.8217097152247788,1
1,0,1,1,1,0,1,0,1,0,1,0,0,1,1,0,0.0,-2.821709182321598,1
1,0,1,0,1,0,1,1,0,0,1,0,1,1,1,0,0.0,-2.821687737211967,1
0,0,0,0,1,1,1,0,0,1,0,1,1,0,1,0,0.0,-2.82165327976392,1
1,0,1,0,1,0,0,1,0,0,1,0,1,1,1,1,0.0,-2.8216414403826766,2
1,0,0,0,1,0,0,0,0,1,1,1,0,1,0,1,0.0,-2.8216116764489825,1
0,1,0,0,0,1,0,0,1,0,1,1,0,1,1,0,0.0,-2.82160087204869,1
1,1,0,1,0,1,0,1,1,1,0,0,1,0,1,0,0.0,-2.8215789552859945,1
1,1,1,0,1,0,0,1,1,1,0,0,0,1,0,1,0.0,-2.821576055717436,1
0,0,1,0,1,1,0,1,1,1,0,0,1,1,1,0,0.0,-2.8215649961068916,1
1,1,1,1,1,0,1,0,1,0,1,1,0,0,0,0,0.0,-2.821561689262545,1
1,1,1,0,1,0,0,1,0,0,0,0,1,1,1,1,0.0,-2.821515435297017,2
1,1,1,0,1,0,1,1,1,1,0,0,0,1,0,0,0.0,-2.821512643013231,1
0,1,1,0,1,0,0,1,1,0,0,0,0,1,0,1,0.0,-2.8214258400987844,1
0,0,1,0,1,1,0,1,1,1,1,1,1,0,0,0,0.0,-2.821405539110697,1
1,0,0,1,0,1,0,1,1,1,0,1,1,0,1,0,0.0,-2.8213985123157195,1
0,0,0,0,1,1,1,1,1,1,0,1,0,1,1,0,0.0,-2.8213705347279463,1
1,1,0,0,1,0,1,0,0,1,1,0,0,1,0,0,0.0,-2.8213376768280227,1
0,0,0,1,0,1,0,1,1,1,1,1,0,0,0,0,0.0,-2.8213192177036737,1
0,0,0,0,1,1,0,1,1,1,0,1,0,1,1,1,0.0,-2.821290415380439,1
0,0,0,0,1,1,1,0,1,1,1,0,0,1,1,1,0.0,-2.8212532855125927,1
0,1,1,0,1,0,1,1,1,0,0,0,0,1,0,0,0.0,-2.8212217512399174,1
0,0,0,1,0,1,0,1,1,1,1,0,1,0,0,0,0.0,-2.821185965207608,1
1,1,1,1,1,0,0,1,0,0,1,1,0,1,0,0,0.0,-2.8211734875307415,1
1,0,1,1,0,0,1,0,0,0,0,1,0,1,1,0,0.0,-2.821170848255986,1
0,0,1,0,0,1,1,1,0,0,1,1,1,1,1,0,0.0,-2.821167433925127,2
0,1,1,1,1,1,1,0,0,1,1,0,1,0,0,0,0.0,-2.8211547199256537,1
1,1,0,0,0,0,1,0,0,0,1,0,0,1,1,1,0.0,-2.821150888404442,1
0,0,1,0,1,1,0,0,1,1,1,0,0,0,1,0,0.0,-2.8211212922027076,1
1,1,0,0,1,0,1,0,1,0,0,1,0,0,1,0,0.0,-2.821087487485259,1
1,1,1,0,1,0,1,1,0,0,1,0,0,1,1,0,0.0,-2.8210782853279865,1
0,1,0,0,1,1,0,1,0,0,1,1,1,1,1,0,0.0,-2.8210661845327447,1
1,1,1,0,1,0,1,1,0,0,0,1,0,1,1,0,0.0,-2.821052370985315,1
0,0,1,0,0,1,1,0,0,1,0,0,1,1,1,0,0.0,-2.8210501332243965,1
1,0,1,0,0,0,1,0,1,0,0,1,0,1,1,0,0.0,-2.8210134006814434,2
1,0,0,0,1,0,0,1,1,1,0,1,0,1,0,0,0.0,-2.8209662236102044,1
1,1,1,0,0,1,0,0,0,1,1,0,1,0,1,1,0.0,-2.820904301404604,1
1,0,1,1,0,0,1,1,0,1,0,0,0,1,0,0,0.0,-2.820864584301372,1
1,1,1,0,1,0,1,1,1,1,0,0,0,0,0,1,0.0,-2.820841491462488,1
1,1,0,1,0,1,0,0,1,0,1,1,1,0,1,0,0.0,-2.8208366326762566,1
0,1,0,0,1,1,0,0,0,1,1,1,1,1,0,1,0.0,-2.8208356572607465,1
1,1,1,0,1,0,1,1,0,0,0,0,1,0,1,1,0.0,-2.8208113030638775,1
0,0,1,0,0,1,0,0,0,1,0,1,0,1,1,1,0.0,-2.820804188498175,1
0,1,0,0,1,1,1,0,1,0,0,1,1,0,1,1,0.0,-2.820791422031603,1
1,1,1,0,0,0,1,1,0,1,0,0,0,0,0,1,0.0,-2.8207808448908365,1
0,1,1,1,1,1,0,0,0,0,1,0,1,1,1,0,0.0,-2.820716964116545,1
1,1,1,0,0,0,0,1,0,0,0,1,1,1,0,0,0.0,-2.820664818214609,1
1,1,1,1,1,0,0,0,1,0,0,0,0,0,1,0,0.0,-2.820641620326926,1
0,1,1,1,1,1,0,0,0,0,1,1,0,0,1,1,0.0,-2.820641609199021,1
0,1,0,0,1,1,1,0,0,1,1,1,1,1,0,0,0.0,-2.820638182029389,1
1,0,1,0,1,0,1,0,0,1,0,0,0,0,1,1,0.0,-2.820634222257119,1
1,0,0,0,0,0,1,1,0,1,0,0,1,1,0,1,0.0,-2.820604437356594,1
0,0,0,0,0,1,1,0,0,1,0,1,0,1,1,1,0.0,-2.8206022845139627,1
0,1,1,0,0,1,1,0,0,0,1,0,1,1,1,1,0.0,-2.8205098876990986,1
1,1,1,0,0,1,0,1,0,1,1,1,0,0,1,0,0.0,-2.820491395181116,1
0,0,0,0,1,1,0,0,1,1,1,0,0,1,1,0,0.0,-2.82048349340637,1
1,0,1,0,1,0,1,0,0,0,1,0,1,1,1,1,0.0,-2.820481996623238,1
0,1,0,0,1,1,0,0,1,1,0,0,0,1,1,0,0.0625,-2.8204537311031945,1
0,1,1,0,0,1,1,0,0,1,0,0,0,1,1,0,0.0,-2.8204463926991368,1
1,1,1,1,1,0,0,1,1,0,0,0,1,1,0,0,0.0,-2.820430946270973,1
0,0,1,0,0,1,0,1,0,1,1,0,0,1,1,0,0.0,-2.8204038472111925,1
0,0,1,0,0,1,1,1,1,1,0,0,0,1,1,1,0.0,-2.8203820816164047,1
0,0,0,1,1,1,0,0,0,1,1,0,0,0,1,1,0.0,-2.8203634408021276,1
0,0,1,0,0,1,1,0,1,1,0,1,1,1,0,1,0.0,-2.8203402497412653,1
0,1,1,0,0,1,1,1,0,1,1,1,0,1,0,0,0.0,-2.8202880761906757,1
0,1,0,0,1,1,0,0,1,0,1,0,1,1,1,1,0.0,-2.820283336017794,1
1,1,1,0,0,1,1,0,0,1,1,1,0,0,1,0,0.0,-2.820277428922048,1
1,1,0,0,1,0,0,1,1,0,1,1,0,1,0,1,0.0,-2.820242151392472,1
0,0,1,1,1,1,0,1,1,1,0,0,0,1,1,0,0.0,-2.820213008354139,1
0,0,1,0,0,1,0,1,1,0,0,1,1,1,1,1,0.0,-2.8202086267125033,1
0,1,0,0,1,1,0,0,1,1,1,0,1,1,0,1,0.0,-2.8201816505546238,1
1,1,0,0,1,0,1,1,1,0,1,0,1,1,0,0,0.0,-2.8201283539458863,2
1,1,0,0,1,1,0,0,1,1,1,0,1,0,1,0,0.0,-2.8201078084428834,1
0,1,1,1,0,1,0,1,0,0,0,0,1,1,1,1,0.0,-2.8200999088675864,1
0,1,0,0,0,1,1,1,0,0,1,1,0,1,1,1,0.0,-2.820081347847051,1
0,1,1,1,0,1,1,0,0,1,0,0,1,0,0,0,0.0,-2.8200346884351153,1
0,0,1,0,0,1,1,0,1,1,1,0,1,0,0,0,0.0,-2.8200147888458655,1
1,1,1,0,1,0,0,0,0,0,1,0,0,1,1,0,0.0,-2.820011840662307,1
0,1,1,1,1,1,0,0,1,1,1,0,0,1,0,0,0.0,-2.819978766352004,1
0,0,0,1,1,1,1,0,1,0,0,1,1,0,1,1,0.0,-2.8199585280093618,1
0,0,1,1,0,1,1,1,1,0,0,0,1,0,1,1,0.0,-2.81995620796821,1
1,1,1,0,1,0,1,1,1,0,0,0,0,1,1,0,0.0,-2.819924691360726,1
1,1,1,0,1,0,0,1,1,0,0,0,0,1,1,1,0.0,-2.8199225621475783,1
1,1,1,0,0,1,1,0,1,1,0,0,1,0,1,0,0.0,-2.8198651747757353,1
1,0,0,0,1,0,1,1,0,0,0,1,1,0,1,0,0.0,-2.8198297365502043,1
1,0,1,0,1,0,0,1,0,1,0,0,1,1,0,0,0.0,-2.8198165791458,1
1,0,0,0,1,0,1,1,0,0,1,1,0,0,1,0,0.0,-2.819808820201991,1
1,1,0,0,0,1,1,0,0,1,0,1,1,1,1,0,0.0,-2.8197889110989234,1
1,1,0,0,0,1,1,0,0,1,1,1,0,1,1,0,0.0,-2.8197536776722067,1
1,0,0,1,0,0,1,0,1,0,1,1,0,0,0,1,0.0,-2.8197489705812373,1
1,1,1,0,1,0,0,0,1,0,1,0,1,0,0,0,0.0,-2.8197314924980503,1
0,1,1,0,0,1,0,1,0,0,1,1,0,0,1,0,0.0,-2.8197176471305485,1
0,1,1,0,0,1,0,0,0,0,0,1,1,1,1,0,0.0,-2.8197011637935327,1
1,1,1,0,0,0,1,0,0,0,0,1,1,1,0,0,0.0,-2.819673854986886,1
1,1,1,1,1,0,1,0,0,0,0,1,1,0,0,1,0.0,-2.8196645576986583,1
1,0,1,0,1,0,0,1,0,1,1,0,0,1,0,0,0.0,-2.8196565793476065,1
1,0,1,0,0,1,0,0,1,1,0,1,1,1,1,0,0.0,-2.8196497369047004,1
0,1,1,1,0,1,0,1,0,0,0,0,1,0,1,0,0.0,-2.8196458741248307,1
0,0,0,1,1,1,1,0,1,0,0,1,1,1,1,0,0.0,-2.8196415824552283,1
0,0,1,1,0,1,0,1,0,1,0,0,0,1,1,0,0.0,-2.819606111060069,1
1,1,0,0,0,0,1,1,0,0,1,1,0,1,0,0,0.0,-2.8195913181557373,1
0,1,1,1,0,1,1,0,0,1,1,0,0,0,0,0,0.0,-2.8195676702076993,1
1,0,1,0,0,0,1,1,0,0,0,1,0,1,1,0,0.0,-2.819534302638137,1
1,0,0,1,1,0,1,0,1,1,0,0,0,1,0,0,0.0,-2.8195146201957924,2
0,0,1,1,0,1,1,0,0,0,1,0,1,0,1,0,0.0,-2.8194922377811675,1
0,0,0,1,0,1,1,1,0,1,0,0,0,1,1,0,0.0,-2.8194913594469453,2
1,1,0,1,1,0,0,1,0,0,1,0,1,0,0,0,0.0,-2.819469164526745,1
0,0,1,0,1,1,1,0,0,1,0,0,1,1,1,1,0.0,-2.819466648496869,1
0,1,1,0,0,1,1,0,1,0,0,1,0,1,1,1,0.0,-2.8194568506867457,2
1,0,1,1,1,0,1,0,0,0,0,0,1,1,1,1,0.0,-2.8194408538232016,1
1,0,1,0,0,0,0,1,0,0,1,0,0,1,1,1,0.0,-2.819436621289935,1
0,0,1,0,1,1,0,1,0,1,1,1,1,0,0,1,0.0,-2.8194303605134206,1
0,0,1,0,0,1,0,0,1,0,0,1,1,1,1,0,0.0,-2.819419848128751,1
0,1,1,1,0,1,1,0,0,0,1,0,0,1,1,1,0.0,-2.8193858996266545,1
0,1,1,1,0,1,0,0,0,1,1,0,0,1,0,0,0.0,-2.8193790419047082,1
0,1,1,0,0,1,0,1,1,1,0,1,0,1,0,1,0.0,-2.8193442041561454,1
0,1,1,0,0,1,1,1,1,1,0,1,0,1,0,0,0.0,-2.819332410615423,1
1,0,1,0,1,0,1,1,1,0,1,0,0,0,1,1,0.0,-2.819327020689738,1
0,1,0,0,0,1,1,0,1,1,0,0,1,0,0,1,0.0,-2.8193262702891575,1
1,0,1,1,1,0,1,0,0,0,0,1,0,1,1,1,0.0,-2.8193194590639292,1
1,1,1,1,1,0,1,0,1,0,1,0,0,1,0,0,0.0,-2.819316516060436,1
0,1,0,1,1,1,0,0,1,1,0,0,1,1,0,1,0.0,-2.81930956033397,1
1,1,1,1,1,0,1,1,0,0,0,0,0,0,1,1,0.0,-2.8193010265339242,1
0,0,1,0,1,1,0,0,0,1,0,1,0,0,1,1,0.0,-2.81926378351778,1
0,1,0,0,0,1,1,0,0,1,0,1,1,1,0,0,0.0,-2.8192599223015717,1
1,1,1,0,0,0,1,0,0,0,1,1,0,1,0,0,0.0,-2.819243289005674,1
0,1,1,0,0,1,0,0,1,1,1,0,0,1,0,0,0.0,-2.8192429958675587,1
1,0,1,0,1,0,1,0,1,0,1,0,0,1,1,1,0.0,-2.819233782219715,1
1,0,1,0,1,0,0,0,1,0,1,0,0,1,1,0,0.0,-2.819231880112703,1
0,1,0,0,0,1,0,1,1,1,0,1,0,0,0,1,0.0,-2.8192018424439302,1
1,1,0,1,0,1,0,1,0,1,1,0,0,1,1,0,0.0,-2.8192016190611255,1
1,0,1,0,0,1,0,0,1,1,1,1,0,1,1,0,0.0,-2.8191996719054018,1
0,0,1,1,0,1,1,1,1,0,1,0,0,1,1,0,0.0,-2.819159596321323,1
0,1,0,0,0,1,1,0,1,0,0,0,1,0,1,1,0.0,-2.8191555504762134,1
1,1,1,0,1,0,0,0,1,0,0,0,0,1,1,0,0.0,-2.819112126127764,1
1,0,1,0,1,0,1,0,0,1,0,1,0,1,0,0,0.0,-2.8191052469341717,1
1,1,1,0,1,0,1,0,1,0,0,0,0,1,1,1,0.0,-2.8190581239783103,1
1,1,0,1,1,0,1,0,0,0,1,0,1,1,0,1,0.0,-2.8190559397990675,1
1,1,1,1,0,0,1,1,0,0,1,0,0,0,0,0,0.0,-2.8190452786346496,1
1,0,0,0,1,0,0,1,0,1,0,1,0,1,0,1,0.0,-2.8190383586622176,1
0,1,0,1,1,1,0,1,1,1,1,0,0,1,0,0,0.0,-2.819027008890375,1
1,0,1,0,1,0,1,0,0,1,1,0,0,1,0,0,0.0,-2.8190148631134013,1
0,1,0,0,0,1,1,0,1,1,1,0,0,1,0,0,0.0,-2.8190107803651467,1
1,1,1,1,1,0,0,0,0,0,0,0,0,1,1,0,0.0,-2.8190090000695815,1
1,1,0,0,0,1,1,1,1,1,1,0,0,0,1,0,0.0,-2.8189902865098255,1
1,1,1,0,1,0,0,1,0,1,0,0,0,0,0,1,0.0,-2.8189739111759757,1
0,0,1,0,0,1,0,0,1,0,1,1,0,1,1,0,0.0,-2.8189565222829924,1
1,0,1,1,0,0,1,0,0,0,1,1,0,1,0,0,0.0,-2.818951198122527,1
0,0,0,1,1,1,0,0,1,0,1,1,0,0,1,0,0.0,-2.8189334671468114,1
0,1,1,1,0,1,0,1,1,1,0,0,0,1,0,1,0.0,-2.818894032131267,1
0,1,0,1,1,1,0,0,1,0,0,0,1,0,1,0,0.0,-2.8188344544318005,1
0,0,1,0,1,1,0,0,0,1,0,1,0,1,1,0,0.0,-2.818826982497165,1
0,0,0,1,1,1,0,1,1,1,1,0,1,1,0,0,0.0,-2.8188041277514078,1
1,0,1,1,1,0,0,0,1,0,1,0,1,0,0,0,0.0,-2.8187429904743384,1
0,1,0,0,0,1,1,0,1,0,1,0,0,1,1,0,0.0,-2.8187386040985984,1
0,0,0,1,0,1,0,1,0,1,1,1,0,1,0,0,0.0,-2.818719597054167,1
0,0,1,1,1,1,0,1,0,0,0,1,1,0,1,1,0.0,-2.8187176956923654,1
1,1,0,0,1,0,0,0,1,0,1,0,1,0,0,1,0.0,-2.818702633119348,1
0,0,1,1,0,1,0,0,1,0,0,0,1,1,1,0,0.0,-2.818658438912121,1
0,1,1,1,0,1,0,0,0,0,1,0,0,1,1,0,0.0,-2.8186284384525306,1
1,0,1,1,0,1,0,1,1,1,0,1,0,0,1,0,0.0,-2.818626571623308,1
1,1,1,1,0,1,0,1,1,1,0,0,0,0,1,0,0.0,-2.818615644096614,1
1,1,1,0,1,1,0,0,0,1,1,1,0,0,1,0,0.0,-2.8185771200530483,1
0,0,0,1,0,1,0,1,0,0,1,1,0,1,1,0,0.0,-2.8185665653394256,1
0,1,1,0,1,1,1,0,0,0,0,1,1,1,1,0,0.0,-2.8185432736711076,1
1,1,0,1,1,0,1,1,0,0,0,0,0,0,1,0,0.0,-2.818533017769698,1
0,0,0,0,1,1,0,0,0,1,0,1,0,1,1,1,0.0,-2.818482895749313,1
1,1,0,1,1,0,0,1,1,0,0,0,1,0,0,0,0.0,-2.8184659270134587,1
0,1,1,0,1,1,1,0,0,0,1,0,1,1,1,0,0.0,-2.8184528146329777,1
1,1,0,0,0,1,0,0,1,1,1,0,0,0,1,0,0.0,-2.8184482644916837,1
0,1,0,1,0,1,0,1,0,0,1,0,0,1,1,0,0.0,-2.818418490610291,1
1,0,0,1,1,0,1,1,0,0,0,0,1,0,1,0,0.0,-2.8184161165090837,1
0,1,0,1,0,1,1,0,0,0,0,0,1,1,1,0,0.0,-2.8184074928828124,1
1,1,1,0,0,0,1,0,0,0,1,1,0,0,0,1,0.0,-2.8183652012269365,1
1,0,1,0,1,0,1,0,0,1,0,0,1,0,0,1,0.0,-2.8183619278860284,1
0,1,1,0,1,1,0,0,0,1,1,1,0,1,0,1,0.0,-2.818345102810528,1
1,1,1,1,1,0,1,0,1,0,0,1,0,0,0,1,0.0,-2.8182681978582855,1
1,0,1,0,1,0,0,1,1,1,0,0,0,1,0,0,0.0,-2.8182553193778546,1
1,1,0,1,1,0,1,0,0,0,1,0,1,0,0,0,0.0,-2.8182144966724127,1
1,0,1,1,1,0,1,0,1,0,0,0,0,1,1,1,0.0,-2.818195984672589,1
0,0,1,0,1,1,1,0,1,1,1,0,1,1,0,0,0.0,-2.818133685124369,1
0,1,0,0,0,1,1,0,1,0,1,1,1,0,0,0,0.0,-2.818097235592039,1
1,0,1,1,1,0,1,0,0,0,1,0,0,0,1,0,0.0,-2.8180909395234433,1
0,1,1,0,1,1,1,0,0,0,1,1,0,1,1,0,0.0,-2.8180756191589404,1
1,0,1,0,1,0,1,1,1,0,1,0,1,1,0,0,0.0,-2.818064873419312,1
0,0,1,0,1,1,1,0,1,1,1,1,0,0,0,1,0.0,-2.8180571708628874,1
1,1,0,0,1,1,1,0,0,1,0,1,1,0,1,0,0.0,-2.8180537390491,1
1,0,1,0,1,0,0,1,0,0,0,0,1,1,1,0,0.0,-2.818042500410138,1
0,0,1,1,1,1,0,0,0,0,0,1,1,1,1,1,0.0,-2.817982907126183,1
0,0,1,0,1,1,1,1,1,1,1,1,0,0,0,0,0.0,-2.817961618272201,1
1,0,0,0,0,0,1,0,1,0,1,1,0,1,0,1,0.0,-2.8179491559996084,1
1,1,0,1,1,0,0,0,1,0,0,1,0,0,0,1,0.0,-2.8179106719942597,1
1,1,0,0,1,1,0,0,0,1,1,0,1,0,1,1,0.0,-2.81786410088731,1
0,0,1,0,1,1,0,0,1,0,1,1,0,1,1,1,0.0,-2.8178403161736076,1
1,1,0,0,1,0,0,1,0,0,1,0,1,1,0,0,0.0,-2.817771970448501,1
1,1,1,1,1,0,1,1,0,0,1,0,0,1,0,0,0.0,-2.817761991855893,1
0,1,1,1,1,1,1,0,0,1,0,1,0,0,0,1,0.0,-2.8177586417184446,1
1,0,0,1,1,0,0,1,0,1,0,0,0,1,0,1,0.0,-2.8177405598686858,1
0,1,0,0,1,1,0,1,0,0,0,1,1,0,1,0,0.0,-2.8177295922690893,1
1,0,1,0,1,0,0,1,1,1,0,0,0,0,0,1,0.0,-2.8176805076826126,1
1,0,1,0,0,0,1,1,0,0,1,0,1,1,0,0,0.0,-2.81767771899925,1
0,0,0,0,1,1,0,1,0,1,0,0,1,1,1,0,0.0,-2.81766987368839,1
1,0,1,0,0,1,0,1,0,1,0,1,1,1,1,0,0.0,-2.817611794118427,1
0,0,1,1,1,1,0,0,0,0,1,0,1,1,1,1,0.0,-2.817600668669896,1
0,1,1,0,1,1,0,0,1,1,1,0,0,1,0,1,0.0,-2.8175722632946987,1
0,1,0,0,1,1,1,1,0,1,0,1,1,1,0,0,0.0,-2.817557942246492,1
0,1,1,1,1,1,1,0,0,0,0,0,1,1,1,0,0.0,-2.8175505225105066,1
1,1,1,0,1,0,0,1,0,0,0,0,0,1,1,0,0.0625,-2.81753899539921,1
1,0,0,1,1,0,1,0,1,0,0,0,0,1,1,0,0.0,-2.8175207279473007,1
0,0,1,1,1,1,0,0,0,1,0,0,0,1,1,0,0.0,-2.8175008370453396,2
0,0,0,0,1,1,1,0,1,0,0,1,1,1,1,1,0.0,-2.817479730131442,1
1,0,0,1,1,0,0,0,1,0,0,0,0,1,1,1,0.0,-2.8174538126081163,1
0,1,1,0,0,1,1,0,0,1,0,0,1,0,0,1,0.0,-2.817443583470995,1
0,1,1,0,0,1,1,0,0,1,0,0,1,0,0,1,0.0625,-2.817443583470995,1
1,0,1,0,1,0,0,0,0,0,1,1,1,0,0,1,0.0,-2.817442114568754,1
0,1,0,0,1,1,0,1,1,0,0,1,0,1,1,1,0.0,-2.81741539322954,1
0,1,1,0,0,1,0,1,0,0,0,0,1,0,1,1,0.0,-2.817376925759377,1
1,1,1,0,0,1,0,1,0,1,0,1,0,0,1,1,0.0,-2.8173431308282533,1
1,1,1,0,1,1,0,0,1,1,1,0,0,0,1,0,0.0,-2.8173241683378207,1
0,1,0,1,0,1,0,0,1,0,1,1,0,1,0,0,0.0,-2.817319559100889,1
1,0,0,1,1,1,0,1,0,1,1,1,0,0,1,0,0.0,-2.817316850717091,1
1,1,0,0,1,0,0,1,0,0,1,0,1,0,0,1,0.0,-2.8173094683715303,1
0,1,1,0,0,1,1,1,0,0,0,0,1,0,1,0,0.0,-2.817293040550976,1
1,0,1,0,1,0,1,1,0,0,0,1,0,0,1,0,0.0,-2.8172706613622855,1
1,0,1,0,0,1,1,0,0,1,1,1,0,1,1,0,0.0,-2.817252497411487,1
1,0,1,0,0,0,1,1,0,0,1,1,0,1,0,0,0.0,-2.8171993661322046,1
0,1,0,0,1,1,0,1,1,0,0,0,1,1,1,1,0.0,-2.817180385935826,1
1,1,1,0,0,1,0,0,0,1,0,0,1,0,1,0,0.0,-2.817166939914787,2
1,1,0,1,1,1,0,0,0,1,0,1,0,1,1,0,0.0,-2.817132327267099,1
1,1,1,0,0,1,0,1,0,1,1,0,0,1,1,0,0.0,-2.8170645663542957,1
0,1,1,0,0,1,0,1,0,0,1,1,1,1,0,1,0.0,-2.817055271637408,1
1,1,0,0,1,1,0,1,1,1,0,1,0,0,1,0,0.0,-2.817054881143648,1
1,1,0,1,1,1,1,0,0,1,0,0,1,0,1,0,0.0,-2.817046305228483,1
0,0,1,0,0,1,1,0,0,1,1,1,0,1,0,0,0.0,-2.817045992071108,1
1,1,1,0,0,1,1,0,0,1,0,1,0,1,1,0,0.0,-2.817031520251191,1
1,1,0,0,0,1,1,1,0,1,0,0,1,0,1,1,0.0,-2.8170198990521156,1
0,0,1,0,0,1,0,0,0,1,1,1,0,1,0,1,0.0,-2.8170029038274484,1
1,1,1,0,0,1,0,1,0,1,0,1,0,1,1,0,0.0,-2.8169968527398797,1
1,1,1,0,0,1,0,0,0,1,1,0,0,1,1,1,0.0,-2.8169013554207103,1
0,1,0,0,1,1,1,1,1,1,0,1,0,1,0,0,0.0,-2.8168945347403813,1
1,1,0,0,1,1,0,0,1,1,0,1,0,1,1,0,0.0,-2.816887644069972,1
0,1,1,0,1,1,0,0,1,0,1,0,0,0,1,0,0.0625,-2.816855764903578,1
0,1,0,0,1,1,0,1,1,0,0,0,1,0,1,0,0.0,-2.8168255523489876,1
1,1,1,0,1,0,0,0,1,0,1,0,0,1,0,0,0.0,-2.816822142063235,1
0,0,0,1,1,1,0,1,0,0,0,1,1,0,1,0,0.0,-2.816819056909733,1
1,0,1,0,1,0,1,0,0,0,1,0,0,1,1,0,0.0,-2.8168137144297596,1
1,1,1,1,0,1,0,1,0,0,0,1,1,0,1,0,0.0,-2.816800866521573,1
0,0,1,0,0,1,0,1,0,1,1,1,0,1,0,0,0.0,-2.8167990162233303,1
0,0,1,0,0,1,1,1,1,0,0,0,1,0,1,0,0.0,-2.816746320734403,1
0,1,1,1,1,1,0,0,1,1,0,0,0,1,0,1,0.0,-2.8167389563218355,1
1,1,1,0,1,0,0,0,1,0,0,1,0,1,0,0,0.0,-2.8166957464028783,1
1,1,0,0,1,0,0,1,1,0,0,0,1,1,0,0,0.0,-2.8166775850546744,1
1,1,1,1,0,1,1,0,0,1,0,1,1,0,0,0,0.0,-2.8166707340254185,1
1,0,1,1,1,0,0,0,0,0,0,1,1,0,0,1,0.0,-2.8166265936235324,1
1,0,1,1,0,0,1,1,0,0,1,0,0,1,0,0,0.0,-2.816619723093937,1
1,1,1,1,1,0,0,1,1,0,0,0,0,1,0,1,0.0,-2.81657983408245,1
1,1,1,0,1,0,1,0,0,0,0,0,0,1,1,0,0.0,-2.816578018007281,1
0,1,1,0,0,1,0,1,0,1,1,0,0,1,0,0,0.0,-2.8165765078712646,1
1,0,0,0,0,1,0,1,0,1,0,1,1,1,1,1,0.0,-2.8165672946273954,1
1,1,0,0,0,1,0,1,0,1,1,0,0,1,1,1,0.0,-2.816556402201402,1
0,0,0,1,1,1,1,0,1,1,0,1,0,1,0,1,0.0,-2.8165236900469646,2
1,1,1,1,0,0,0,1,0,0,0,0,0,1,0,1,0.0,-2.816503280046261,1
1,0,1,1,0,1,0,1,0,1,1,0,0,1,1,0,0.0,-2.8164531191304674,1
0,0,0,0,0,1,1,0,0,1,0,1,1,1,0,1,0.0,-2.8164384419046273,1
1,0,1,1,1,1,0,0,1,1,1,0,0,0,1,0,0.0,-2.8163919539967086,1
1,0,0,0,0,1,1,0,0,1,0,1,1,0,1,0,0.0,-2.8163847946224374,1
0,1,1,1,1,1,0,0,1,1,0,0,0,0,0,0,0.0,-2.8163686229014973,1
0,1,0,0,0,1,1,1,0,1,1,0,0,1,0,0,0.0,-2.816329889878269,1
0,0,1,0,0,1,0,0,1,1,0,1,0,1,0,1,0.0,-2.816272959038212,1
1,1,1,1,0,1,0,0,0,0,1,0,1,1,1,0,0.0,-2.8162676331567082,1
0,1,0,0,0,1,1,1,0,1,0,1,0,1,0,0,0.0,-2.816250452504689,1
1,0,1,0,1,1,0,1,0,1,0,1,1,0,1,0,0.0,-2.8162130050860523,1
0,0,0,1,1,1,0,1,1,0,1,0,0,1,1,1,0.0,-2.816150194001545,1
1,0,0,0,1,0,1,0,1,0,1,1,0,1,0,0,0.0,-2.816097890659579,1
1,0,1,0,0,1,1,0,1,1,1,0,0,1,1,0,0.0,-2.8160956707496108,1
1,1,0,1,1,1,1,0,1,1,0,0,0,0,1,0,0.0,-2.8160947400500373,1
1,0,0,0,1,0,1,1,1,0,0,0,0,1,1,0,0.0,-2.816090389072027,1
0,1,0,0,0,1,1,0,0,0,0,1,0,1,1,1,0.0,-2.816077516527483,1
0,1,1,1,1,1,0,0,1,0,1,1,0,1,0,0,0.0,-2.8160592942613487,1
0,1,1,1,0,1,0,1,0,0,1,1,0,1,0,1,0.0,-2.816025803736607,1
1,0,0,1,1,1,0,0,1,1,0,1,0,1,1,0,0.0,-2.8160235874071047,1
0,1,1,1,0,1,1,1,0,0,1,1,0,1,0,0,0.0,-2.8160142057339828,1
0,0,1,1,0,1,1,0,0,0,0,1,0,1,1,0,0.0,-2.8160131924648386,1
0,0,1,0,1,1,1,1,0,1,1,0,1,0,0,1,0.0,-2.8159548885063463,1
1,1,1,0,0,0,1,1,1,0,0,0,0,1,0,0,0.0,-2.815947157657602,1
1,0,1,0,1,0,1,0,1,0,0,0,0,1,1,0,0.0,-2.8159445948909836,2
1,0,0,1,1,0,1,1,0,0,0,0,0,1,1,0,0.0,-2.815939413338771,1
1,1,0,1,1,1,0,0,1,1,0,0,0,1,1,0,0.0,-2.815911819294148,1
0,1,0,1,0,1,1,0,0,1,0,0,0,1,0,1,0.0,-2.815870386320981,1
1,1,0,1,1,0,0,1,1,0,0,0,0,1,0,0,0.0,-2.8158323587599376,1
0,0,1,0,0,1,0,1,1,1,1,0,0,1,0,0,0.0,-2.8158070214951922,1
1,0,1,0,0,1,0,0,1,1,1,1,1,1,0,0,0.0,-2.815782388524211,1
1,1,1,0,0,1,1,0,1,0,0,1,1,0,1,0,0.0,-2.815759983020057,1
1,0,1,0,0,1,0,0,1,1,1,0,0,1,1,1,0.0,-2.8157172655588023,1
1,0,1,0,1,1,0,1,0,1,1,1,0,0,1,0,0.0,-2.8157147764427184,1
1,1,0,1,0,1,0,1,0,0,1,1,0,0,1,1,0.0,-2.815693998762952,1
0,1,1,0,0,1,0,0,1,0,1,0,1,1,0,0,0.0,-2.8156718880950287,2
0,0,0,1,1,1,0,1,1,0,1,0,0,0,1,0,0.0,-2.8156675327493037,1
0,0,0,1,0,1,0,1,0,1,1,0,0,1,0,1,0.0,-2.8156547968342966,1
0,0,0,1,0,1,1,0,0,0,0,1,0,1,1,1,0.0,-2.8156541084234172,1
1,0,1,0,0,1,0,0,1,0,1,1,1,0,1,1,0.0,-2.815638346116152,1
1,1,1,1,0,1,0,0,0,0,1,1,0,1,1,0,0.0,-2.8156101751617166,1
0,0,0,1,0,1,1,1,0,0,1,0,0,1,1,0,0.0,-2.8156100444814163,1
1,1,1,0,1,0,0,1,0,0,0,0,1,1,0,0,0.0,-2.815584063065949,1
1,0,1,1,0,0,1,0,0,0,1,0,0,1,0,1,0.0,-2.8155757305802576,1
1,1,1,1,0,1,0,0,0,0,1,1,0,0,1,1,0.0,-2.8155697149727708,1
1,1,0,1,0,1,0,1,0,0,0,1,1,1,1,0,0.0,-2.815567181316476,1
0,1,1,0,1,1,1,1,0,0,0,0,1,1,1,0,0.0,-2.815554223732774,1
1,0,0,1,0,1,0,0,0,1,0,0,1,0,1,1,0.0,-2.8154685868054043,1
1,0,1,0,1,1,0,0,0,1,1,1,0,1,1,0,0.0,-2.8154464549953526,1
1,1,0,1,0,1,1,0,0,1,0,1,1,1,0,0,0.0,-2.815424690244558,1
0,0,1,0,1,1,0,0,0,0,0,1,1,0,1,1,0.0,-2.815405309475292,1
1,1,1,0,1,0,0,1,0,0,1,0,0,1,0,0,0.0,-2.815280800343783,1
1,1,1,0,1,1,0,0,0,1,0,1,0,1,1,0,0.0,-2.8152725842309496,1
1,1,1,0,0,1,0,0,1,1,1,1,0,1,0,0,0.0,-2.815267170414001,1
1,0,0,1,0,1,0,0,0,1,0,0,1,1,1,0,0.0,-2.8152467012389706,1
1,0,0,0,1,0,1,0,1,0,0,0,0,1,1,1,0.0,-2.8152448039479503,1
1,1,1,0,0,0,1,1,1,0,0,0,0,0,0,1,0.0,-2.8152428134730334,1
0,1,1,0,1,1,1,0,0,1,0,0,1,1,0,1,0.0,-2.815233394505319,1
1,1,1,0,1,1,0,0,0,1,1,0,0,1,1,0,0.0,-2.815144397801728,1
1,1,1,0,1,1,0,0,0,1,1,0,0,0,1,1,0.0,-2.815107974938502,1
0,1,1,0,1,1,1,1,0,1,0,1,0,1,0,0,0.0,-2.815047099437372,2
0,1,1,0,1,1,1,1,0,1,1,0,0,1,0,0,0.0,-2.815046781088175,1
0,1,1,0,1,1,0,0,0,1,0,1,0,0,0,1,0.0,-2.8149978487488836,1
0,0,1,0,1,1,0,0,0,1,1,0,1,1,0,0,0.0,-2.814969561839895,1
1,0,1,1,1,1,0,1,0,1,0,0,1,0,1,0,0.0,-2.8149612060849205,1
0,0,0,0,0,1,1,0,1,0,1,1,1,1,0,0,0.0,-2.8149420082204166,1
0,1,1,0,1,1,0,0,0,0,0,0,1,0,1,1,0.0,-2.8148958645180744,1
1,1,1,1,0,1,0,1,1,0,1,0,0,0,1,0,0.0,-2.8148453541554894,1
1,1,1,0,1,0,1,1,0,0,0,0,1,0,0,0,0.0,-2.814826920571399,1
1,1,1,1,0,1,1,0,1,0,0,1,0,0,1,0,0.0,-2.8147128821660767,1
1,0,0,0,0,1,1,0,1,1,1,1,1,0,0,1,0.0,-2.814695599693405,1
0,0,0,0,1,1,1,1,1,0,0,1,0,1,1,1,0.0,-2.814624176481579,1
1,0,0,0,0,1,0,0,1,0,1,1,1,1,1,1,0.0,-2.814582626408084,1
0,0,1,1,1,1,0,1,0,1,0,0,1,1,0,1,0.0,-2.814559762109556,1
0,1,1,0,1,1,0,0,0,1,0,1,0,1,0,0,0.0,-2.814555190226751,1
1,0,0,1,0,1,0,0,0,0,1,1,1,0,1,0,0.0,-2.814553257711699,1
0,1,1,0,1,1,0,0,0,1,1,0,0,1,0,0,0.0,-2.81450196541814,1
1,1,0,0,0,1,0,0,1,0,0,1,1,0,1,0,0.0,-2.814479316904929,3
1,1,0,1,0,1,1,0,1,1,0,1,0,1,0,0,0.0,-2.814453744360523,1
0,1,0,1,0,1,1,0,1,0,1,0,0,1,0,0,0.0,-2.814445422017047,1
0,0,1,0,1,1,0,1,1,1,0,0,1,1,0,1,0.0,-2.814441806679964,2
0,1,1,0,1,1,1,1,1,0,1,0,1,0,0,0,0.0,-2.8144204132047377,1
1,1,1,1,1,1,1,0,0,1,0,0,0,0,1,0,0.0,-2.814417160408949,1
0,0,1,0,1,1,1,1,1,1,1,0,0,1,0,0,0.0,-2.8144144459745464,1
0,1,1,0,1,1,1,1,1,0,0,0,0,1,1,0,0.0,-2.8143484557005083,1
1,0,1,0,1,1,0,0,1,1,0,0,1,1,1,0,0.0,-2.8143471283476176,1
0,0,0,0,1,1,0,1,0,0,0,1,1,1,1,0,0.0,-2.8143364608126484,1
1,0,0,1,0,1,0,1,1,1,0,0,0,0,1,0,0.0,-2.814314124955838,1
1,0,1,0,1,1,0,1,1,1,0,1,0,0,1,0,0.0,-2.814286712818688,1
1,0,1,0,1,0,0,1,1,0,0,1,0,1,0,0,0.0,-2.8142413104564645,1
0,0,1,0,1,1,0,1,1,1,1,0,0,1,0,1,0.0,-2.8142217248303463,1
0,0,1,0,1,1,0,0,1,1,0,0,1,1,0,0,0.0,-2.814189766610571,1
1,0,1,0,0,1,0,1,0,1,0,0,1,1,1,1,0.0,-2.8140633653214975,1
0,0,0,0,1,1,1,0,0,0,1,0,1,0,1,1,0.0,-2.814049161796777,1
0,0,1,0,1,1,0,0,1,0,0,1,0,1,1,0,0.0,-2.81403153876873,1
1,0,1,0,1,1,0,0,1,1,1,0,0,1,1,0,0.0,-2.814007518578275,1
0,0,1,0,1,1,0,1,1,0,1,0,0,0,1,0,0.0,-2.8139895891763356,1
1,0,0,1,0,1,0,0,1,0,1,1,0,1,1,1,0.0,-2.8139450372022985,1
0,0,1,0,1,1,0,1,1,1,1,0,0,0,0,0,0.0,-2.8139062425137005,1
0,0,1,0,0,1,0,1,0,0,1,1,1,0,0,1,0.0,-2.8138786912153324,1
1,1,1,0,0,1,1,1,0,1,0,0,0,1,1,0,0.0,-2.8138709372594017,1
0,1,1,0,1,1,0,1,1,0,0,0,0,0,1,0,0.0,-2.813827468109446,2
1,0,0,0,1,1,1,0,1,1,0,1,0,1,1,0,0.0,-2.8138264888041262,1
1,0,1,0,0,0,1,1,0,0,0,1,0,1,0,1,0.0,-2.8138232712094995,1
1,1,1,0,0,1,0,1,0,1,1,0,1,1,0,0,0.0,-2.8138160992968393,1
1,0,1,0,1,0,1,0,0,0,1,0,1,0,0,1,0.0,-2.8137260287689623,1
0,0,1,1,1,1,0,0,0,0,0,0,1,1,1,0,0.0,-2.813724213302611,1
0,1,0,0,1,1,1,1,1,0,1,1,0,0,0,1,0.0,-2.813689699882005,1
0,1,1,0,1,1,1,0,1,0,1,1,0,0,0,1,0.0,-2.8136646209957776,1
1,0,1,0,0,1,1,0,0,1,1,0,0,1,1,1,0.0,-2.81365313178614,1
1,1,1,1,1,1,0,0,0,0,1,1,0,0,1,0,0.0,-2.8136335090788442,1
1,0,0,0,1,1,1,1,1,1,1,0,0,0,1,0,0.0,-2.813617271793469,2
0,1,0,1,1,1,1,1,0,1,0,0,0,1,0,1,0.0,-2.813607531175782,1
1,0,0,1,1,1,0,0,0,1,0,1,0,0,1,0,0.0,-2.813598800022419,1
1,0,0,0,1,1,1,1,1,1,0,0,1,0,1,0,0.0,-2.8135970263358483,1
1,0,1,0,0,1,1,0,0,0,1,1,1,1,1,0,0.0,-2.813591266412682,1
1,1,1,1,0,1,1,1,0,0,0,0,1,0,1,0,0.0,-2.813580454082942,1
1,1,1,0,0,1,1,0,0,1,0,0,0,1,1,1,0.0,-2.8135665984694276,1
1,0,0,0,0,1,1,1,0,1,0,1,0,0,1,0,0.0,-2.813529974183926,1
1,1,0,1,1,1,0,1,0,0,1,0,1,0,1,0,0.0,-2.813508262904255,1
1,0,1,0,0,1,0,1,0,1,1,0,0,0,1,0,0.0,-2.81349508491887,1
1,1,1,0,0,1,1,0,0,0,1,0,1,1,1,0,0.0,-2.813490008300704,1
0,1,0,1,1,1,1,1,0,0,0,0,0,0,1,0,0.0,-2.8134884249659122,1
0,1,1,0,0,1,1,1,0,1,0,0,0,1,0,0,0.0,-2.813479991044307,1
1,0,1,0,0,1,1,0,0,1,1,0,0,0,1,0,0.0,-2.8134738081778146,1
1,0,1,0,0,1,0,0,0,1,0,1,0,1,1,0,0.0,-2.8134737481619316,1
0,1,1,0,0,1,0,1,0,1,0,0,0,1,0,1,0.0,-2.813439459340519,1
0,0,1,1,1,1,0,1,1,0,1,0,1,1,0,0,0.0,-2.8133330681438453,1
0,1,1,0,0,1,1,1,0,0,1,1,0,1,0,1,0.0,-2.8133159899897646,1
1,1,1,0,1,0,1,0,1,0,0,0,0,1,0,0,0.0,-2.8133135859923666,2
0,0,1,0,0,1,1,1,1,0,0,1,1,1,0,1,0.0,-2.8132911238280593,1
1,0,1,1,1,1,0,0,1,0,0,1,1,0,1,0,0.0,-2.8132594200523635,1
1,1,0,0,1,1,0,0,1,1,0,0,0,0,1,0,0.0,-2.8132422304261144,1
0,1,0,1,1,1,0,1,0,0,0,1,1,1,0,1,0.0,-2.8132264225139405,1
0,1,0,0,1,1,0,1,1,0,1,0,1,1,0,1,0.0,-2.8132258158571806,2
1,1,1,0,0,1,0,1,0,1,1,1,0,1,0,0,0.0,-2.813201174980337,1
0,0,0,1,1,1,1,0,0,1,1,0,0,1,0,0,0.0,-2.81319714888034,1
0,1,0,1,1,1,1,0,0,1,0,0,0,1,0,0,0.0,-2.813149235818563,1
1,0,1,1,1,1,0,0,1,1,0,0,0,1,1,0,0.0,-2.8131416047051405,1
0,0,1,0,0,1,1,0,1,1,0,0,0,1,0,1,0.0,-2.8131362448245536,1
1,0,0,1,1,1,0,0,0,1,0,0,1,0,1,0,0.0,-2.8130950401459565,1
0,1,1,0,0,1,1,0,0,0,1,0,1,1,0,0,0.0,-2.813064572645664,2
1,0,1,1,0,1,1,1,0,0,1,1,0,0,1,0,0.0625,-2.813026568236852,1
1,0,1,1,0,1,1,0,0,1,1,1,0,1,0,0,0.0,-2.8129753285203956,1
0,0,0,1,1,1,0,1,0,0,1,0,0,1,1,0,0.0,-2.81296168392279,1
0,1,0,0,1,1,0,1,1,0,1,1,0,0,0,0,0.0,-2.8129409991535375,1
1,1,1,0,0,1,0,0,0,0,1,0,1,0,1,0,0.0,-2.8129386696472602,1
0,0,0,0,1,1,1,0,1,0,1,1,1,0,0,0,0.0,-2.8128818804320552,1
1,1,0,0,1,1,0,0,1,0,1,1,0,1,1,0,0.0,-2.8128626222699356,1
1,1,1,0,0,1,1,0,0,0,1,1,0,1,1,0,0.0,-2.8128241953405606,1
0,1,0,0,1,1,1,0,1,0,0,1,1,0,0,0,0.0,-2.812819305594349,1
1,1,1,0,0,1,0,0,0,1,1,1,0,0,0,0,0.0,-2.8128140861066107,1
0,1,1,1,1,1,0,1,1,0,1,0,0,1,0,0,0.0,-2.812808923749504,1
0,0,0,1,1,1,0,1,0,1,0,0,1,1,0,0,0.0,-2.812734824147472,1
0,0,0,1,1,1,1,1,1,1,0,0,0,0,0,0,0.0,-2.812705624415841,1
1,1,1,0,0,1,1,1,1,1,0,0,1,0,0,0,0.0,-2.812647177062423,1
1,1,1,1,0,1,0,0,0,0,1,1,1,1,0,0,0.0,-2.812612425324739,1
1,0,1,1,1,0,1,0,1,0,0,0,0,1,0,0,0.0,-2.812607394507504,1
0,0,0,0,0,1,1,1,0,0,1,1,1,1,0,0,0.0,-2.812605786560046,1
1,1,1,0,0,1,1,0,1,1,0,0,1,1,0,0,0.0,-2.812601499735225,2
1,0,1,0,0,1,1,0,1,1,0,1,1,1,0,0,0.0,-2.812586902389468,1
1,0,1,0,0,1,0,1,1,0,0,1,1,1,1,0,0.0,-2.8125423055021135,1
1,0,1,1,0,1,0,0,0,0,0,1,1,0,1,0,0.0,-2.8125402720445947,1
1,0,0,0,0,1,0,1,0,1,1,1,1,1,0,1,0.0,-2.812520507352331,1
1,1,0,1,1,0,1,0,0,0,0,0,0,1,0,1,0.0,-2.8125021847860032,1
1,1,0,1,0,1,1,1,0,0,0,1,0,1,1,0,0.0,-2.812389068380296,1
1,0,1,0,1,1,1,0,0,1,0,0,1,1,1,0,0.0,-2.8123540047438578,1
1,0,1,0,0,1,1,1,1,0,1,1,0,0,1,0,0.0,-2.8123112744575796,1
0,0,0,1,1,1,0,1,1,0,0,0,0,1,1,0,0.0,-2.8122879950199837,1
1,0,1,0,1,1,1,1,0,1,1,0,0,0,1,0,0.0,-2.812279942131965,1
1,1,1,0,0,1,1,0,1,1,1,0,0,1,0,0,0.0,-2.812212095559846,1
0,1,1,0,0,1,1,0,1,0,1,0,0,1,0,0,0.0,-2.8121126969133483,1
1,0,0,0,0,1,0,0,0,1,1,1,1,1,0,0,0.0,-2.8120833756220383,1
0,0,1,0,1,1,1,1,0,1,1,0,0,1,0,1,0.0,-2.8120812113921834,1
1,0,1,0,0,1,0,1,1,0,1,1,0,1,1,0,0.0,-2.8120170428591367,1
0,1,0,1,1,1,0,0,1,0,1,0,0,0,0,1,0.0,-2.812005002847539,1
1,1,0,1,1,1,0,0,1,1,1,0,0,1,0,0,0.0,-2.812003073210479,1
1,0,1,0,1,0,0,1,0,0,1,0,0,1,0,1,0.0,-2.8120017903516326,1
0,1,1,0,0,1,0,1,1,0,1,0,0,1,0,0,0.0,-2.811934334020311,2
1,1,1,0,0,1,1,0,1,1,0,1,0,0,0,1,0.0,-2.811909193363489,1
1,0,1,0,1,1,0,0,0,1,0,0,1,0,1,0,0.0,-2.8118990361736405,2
1,1,1,0,1,1,1,0,0,1,0,0,0,1,1,0,0.0,-2.8118565042864705,1
1,0,0,1,1,1,1,0,1,0,1,0,1,0,1,0,0.0,-2.8118460457990557,1
1,1,0,1,0,1,0,0,0,1,0,0,1,1,0,0,0.0,-2.8118323040827855,1
1,1,1,1,0,1,0,0,0,0,1,0,0,0,1,0,0.0,-2.8118218558107526,1
0,1,1,0,1,1,1,1,0,1,0,0,0,1,0,1,0.0,-2.8117187730923674,1
1,1,1,0,1,1,1,0,0,0,0,1,1,0,1,0,0.0,-2.8117113292017923,1
0,0,1,0,1,1,1,0,0,0,0,0,1,1,1,0,0.0,-2.811691176977748,1
0,0,1,0,1,1,0,1,0,1,0,1,0,1,0,0,0.0,-2.8116765632995895,1
1,1,1,1,0,1,0,0,1,1,0,0,0,1,0,1,0.0,-2.8115896258397366,1
1,1,0,0,0,1,0,1,1,0,0,0,1,0,1,0,0.0,-2.811501992657475,1
1,1,0,0,1,1,1,1,0,1,0,0,0,1,1,0,0.0,-2.8114716159069855,1
0,0,0,1,0,1,1,0,1,0,0,1,0,1,0,1,0.0,-2.811434868261193,1
1,1,0,1,0,1,0,0,0,0,0,0,1,1,1,0,0.0,-2.8114315006850843,1
1,1,0,0,0,1,1,0,1,1,1,0,0,0,0,0,0.0,-2.8114189167107084,1
0,0,1,0,1,1,1,1,1,0,0,0,0,1,1,1,0.0,-2.8113880609496427,1
1,0,1,1,0,1,0,0,1,0,0,1,0,1,1,1,0.0,-2.8112501200251083,1
1,0,1,1,1,1,1,0,0,1,0,1,1,0,0,0,0.0,-2.811216153876652,1
1,0,0,0,0,1,0,0,1,0,0,1,1,0,1,1,0.0,-2.8111844931274996,1
1,0,1,1,1,1,1,0,0,0,0,1,1,0,1,0,0.0,-2.8111348880284885,1
1,0,0,0,0,1,1,0,1,0,1,1,0,0,1,0,0.0,-2.8111222904683713,1
1,0,1,1,1,1,0,1,0,1,1,0,1,0,0,0,0.0,-2.811112358729861,1
1,0,0,0,0,1,0,0,1,0,0,1,1,1,1,0,0.0,-2.8110108367620033,1
1,1,1,1,1,1,0,0,0,1,0,0,1,1,0,0,0.0,-2.8109847778968167,1
0,1,1,0,1,1,1,0,0,0,1,0,1,0,0,0,0.0,-2.810905065035663,1
1,1,0,0,1,1,0,0,0,1,0,0,0,1,1,0,0.0,-2.810869787970625,1
1,0,0,0,1,1,0,1,0,1,1,1,1,0,0,1,0.0,-2.8108696725827045,1
0,1,1,0,1,1,1,1,1,0,0,0,1,1,0,0,0.0,-2.81085734947242,1
0,1,0,0,1,1,1,1,0,1,0,0,0,1,0,0,0.0,-2.810831818106763,1
1,0,0,1,0,1,0,1,1,0,0,0,1,1,1,1,0.0,-2.8107695120991485,1
0,0,1,0,1,1,0,0,1,1,0,0,0,1,0,1,0.0,-2.8107518209191458,1
1,1,1,1,1,1,0,0,0,0,0,0,1,0,1,1,0.0,-2.8107464929219166,1
1,0,1,0,0,1,1,1,0,0,1,0,1,1,1,0,0.0,-2.810716595684964,1
1,0,1,1,1,1,0,0,0,1,0,0,0,0,1,0,0.0,-2.810648370717277,1
1,0,1,0,1,1,0,1,1,1,0,1,1,0,0,0,0.0,-2.810614364169594,1
0,0,1,0,0,1,1,1,0,1,0,0,0,1,0,1,0.0,-2.810598545506358,1
0,1,1,1,1,1,1,1,0,0,0,1,0,1,0,0,0.0,-2.8105624771186206,1
1,1,0,0,1,1,1,0,0,1,1,1,0,1,0,0,0.0,-2.8105063646894615,1
1,0,1,0,1,1,0,1,1,1,0,0,0,1,1,0,0.0,-2.810498069501406,1
1,0,1,0,1,1,0,0,1,1,0,0,0,1,1,1,0.0,-2.8104764885489946,1
1,0,1,0,1,1,0,1,1,1,1,0,1,0,0,0,0.0,-2.810421473462981,1
0,0,1,1,1,1,1,0,0,0,0,0,0,1,1,0,0.0,-2.810404558678652,1
1,0,0,1,0,1,0,0,1,0,0,0,1,1,1,0,0.0,-2.810283844763926,1
0,0,1,1,1,1,1,0,0,0,1,0,1,0,0,0,0.0,-2.810263450359572,1
0,0,1,1,1,1,1,1,1,0,0,0,1,1,0,0,0.0,-2.81025788422764,1
1,1,1,1,1,1,0,0,0,0,1,0,0,1,1,0,0.0,-2.8102532921711028,1
1,0,1,0,0,1,1,0,0,1,0,0,0,0,1,1,0.0,-2.810158144643469,1
0,0,0,0,1,1,0,0,0,0,1,1,1,1,0,1,0.0,-2.810081179469093,1
1,1,1,0,1,1,1,0,1,1,0,1,0,0,0,0,0.0,-2.8100659759116033,1
1,1,1,0,1,1,0,0,1,0,1,0,0,1,1,0,0.0,-2.8099964336430396,1
1,1,0,1,1,1,1,0,0,1,0,1,0,1,0,0,0.0,-2.8099022255446147,1
1,1,1,0,0,1,0,1,0,1,1,0,0,1,0,1,0.0,-2.8098918547581744,1
1,0,0,1,1,1,0,0,0,1,0,0,0,1,1,0,0.0,-2.8098702483920164,1
1,1,1,0,0,1,0,1,0,1,0,1,0,1,0,1,0.0,-2.809795137336523,1
1,1,1,1,0,1,0,1,0,0,1,0,1,1,0,0,0.0,-2.809750044066767,1
1,1,0,1,1,1,0,0,0,0,0,1,0,1,1,1,0.0,-2.8097357805307706,1
1,0,1,1,0,1,1,0,0,1,0,0,1,0,0,0,0.0,-2.8097326295158336,1
0,1,0,1,1,1,1,1,0,0,1,0,0,0,0,0,0.0,-2.8095969953523316,1
1,1,0,0,1,1,0,1,1,1,1,0,0,0,0,1,0.0,-2.809491437727881,1
1,0,0,0,0,1,1,1,0,0,1,0,1,1,1,1,0.0,-2.8094629064897703,1
1,0,1,1,0,1,0,1,0,0,0,1,0,1,1,1,0.0,-2.809418678609699,1
1,0,0,0,1,1,1,0,1,1,0,1,1,0,0,1,0.0,-2.8094088472186605,1
1,1,1,0,0,1,1,0,0,0,0,1,0,1,1,1,0.0,-2.809362639516208,1
0,0,1,1,1,1,0,0,1,0,0,1,0,1,0,0,0.0,-2.8093612499350713,1
0,1,1,0,0,1,1,0,0,0,1,0,0,1,0,1,0.0,-2.809358031390864,1
1,1,1,0,0,1,1,0,0,0,1,0,0,1,1,1,0.0,-2.8093507729387084,1
1,0,0,0,1,1,0,1,1,1,1,1,0,1,0,0,0.0,-2.8093422605518263,1
1,0,1,1,0,1,0,1,0,1,1,0,0,0,0,0,0.0,-2.80925051066869,1
1,1,1,1,1,1,0,0,1,0,0,0,0,1,1,0,0.0,-2.8092224714270797,1
0,1,1,1,0,1,1,1,0,0,0,0,0,1,0,0,0.0,-2.8091413420414493,1
1,0,0,0,0,1,1,0,0,1,0,1,1,0,0,1,0.0,-2.8091050990702344,1
1,1,1,0,0,1,0,0,0,0,1,0,0,1,1,0,0.0,-2.8090710312403857,1
1,0,0,1,1,1,1,1,1,0,0,0,1,0,1,0,0.0,-2.8090616444484193,1
1,0,0,0,0,1,0,1,0,1,1,1,0,1,0,0,0.0,-2.809043814333005,1
1,0,0,1,1,1,1,0,1,0,0,1,0,1,1,0,0.0,-2.8090172706810987,2
1,0,1,0,0,1,1,1,1,0,1,0,0,1,1,0,0.0,-2.808951934855214,1
1,1,1,1,0,1,0,0,0,0,1,0,1,0,0,0,0.0,-2.808945246604698,1
1,1,0,1,1,1,0,1,1,0,0,0,0,1,1,0,0.0,-2.8088224853982067,1
1,0,1,0,0,1,1,0,1,0,0,0,1,0,1,0,0.0,-2.8087753601571603,1
1,0,0,1,0,1,1,1,0,1,0,0,1,0,0,0,0.0,-2.808772727391492,1
0,0,1,0,1,1,1,1,0,1,0,0,0,0,0,1,0.0,-2.808759691261829,2
1,1,1,1,0,1,1,0,0,0,1,1,0,1,0,0,0.0,-2.8087303791643645,1
1,1,1,1,0,1,1,0,0,0,0,0,0,0,1,0,0.0,-2.8087122554083175,1
1,0,1,0,0,1,1,0,1,1,0,1,0,1,0,1,0.0,-2.8086551328492,1
1,1,1,1,0,1,0,0,0,0,0,0,0,1,1,0,0.0,-2.808600639272629,1
1,1,1,0,0,1,1,0,1,0,0,1,1,1,0,0,0.0,-2.8085365115152214,1
1,0,1,0,1,1,0,1,0,1,0,0,0,0,1,0,0.0,-2.808441777718116,1
1,0,1,0,0,1,1,0,1,0,1,0,0,1,1,1,0.0,-2.8084285079744573,1
0,0,1,0,1,1,1,1,0,0,1,0,1,0,0,0,0.0,-2.8084167722267477,1
1,0,1,1,0,1,1,0,1,0,1,0,1,1,0,0,0.0,-2.80837185986752,1
1,0,1,0,1,1,1,0,0,1,1,0,1,1,0,0,0.0,-2.8083692821741133,1
1,0,1,1,0,1,1,0,1,0,0,1,1,1,0,0,0.0,-2.8083629843105307,1
1,1,1,0,1,1,0,1,0,0,0,1,0,1,1,0,0.0,-2.8082722790304837,1
0,0,1,0,1,1,0,1,0,1,0,0,0,1,0,1,0.0,-2.808254126674698,1
1,0,1,0,1,1,0,0,0,1,0,0,0,1,1,0,0.0,-2.808194629048769,1
1,0,0,0,1,1,1,1,0,1,0,0,0,0,1,0,0.0,-2.8081230530827432,1
1,0,0,0,0,1,1,0,1,1,0,1,0,1,0,0,0.0,-2.8081151296102043,1
1,0,1,0,0,1,0,0,1,0,1,0,0,1,1,0,0.0,-2.808058825652146,1
1,1,1,0,1,1,1,0,0,0,0,0,1,0,1,1,0.0,-2.8080579220563435,1
0,0,1,0,1,1,0,0,0,0,0,1,1,1,0,1,0.0,-2.808000959697802,1
1,0,1,1,0,1,1,1,1,0,1,1,0,0,0,0,0.0,-2.8079760730760315,1
1,0,0,1,1,1,0,0,1,0,1,0,0,0,1,0,0.0,-2.8079525159711696,1
1,0,0,0,0,1,1,0,1,1,0,0,1,1,0,0,0.0,-2.807919109159391,1
1,1,1,0,1,1,1,0,0,1,1,0,0,1,0,0,0.0,-2.807911663328572,1
1,1,0,0,1,1,1,1,0,0,0,1,0,1,1,0,0.0,-2.807907993614324,1
0,0,1,0,1,1,0,1,0,0,1,1,0,1,0,0,0.0,-2.807895058741515,1
1,1,1,0,0,1,0,0,1,0,1,1,0,1,0,1,0.0,-2.807794985113784,1
1,1,1,0,1,1,0,0,0,0,0,0,1,0,1,0,0.0,-2.80778822099143,1
0,1,1,0,1,1,1,0,0,0,0,0,1,0,0,1,0.0,-2.8077396535622423,1
1,1,1,0,1,1,0,0,0,0,1,1,1,1,0,0,0.0,-2.80773841233438,1
1,1,0,0,1,1,1,1,0,0,1,0,0,0,1,1,0.0,-2.807726049947622,1
1,1,1,1,0,1,0,1,1,0,0,1,0,1,0,0,0.0,-2.8077164835417503,1
0,0,1,0,1,1,1,1,1,0,0,0,1,0,0,0,0.0,-2.8075766961983186,1
1,1,0,0,1,1,0,1,0,0,0,0,1,1,1,1,0.0,-2.8075001647015716,1
1,1,0,0,1,1,0,1,0,0,0,0,1,0,1,0,0.0,-2.8074151989093945,1
1,1,0,0,0,1,1,0,1,0,1,0,1,0,0,0,0.0,-2.807410062037209,1
1,1,0,0,0,1,1,0,1,0,0,1,1,0,0,0,0.0,-2.807361583869409,1
1,1,1,1,1,1,0,1,0,1,0,0,0,1,0,0,0.0,-2.807256088068036,2
1,1,0,0,1,1,1,0,0,0,0,1,0,1,1,1,0.0,-2.807188807181885,1
1,0,1,0,1,1,1,0,1,0,0,1,0,1,1,0,0.0,-2.807122430417719,1
1,0,1,0,0,1,1,1,0,0,0,0,1,1,1,1,0.0,-2.807118023107403,1
0,0,1,1,1,1,1,1,0,0,1,0,0,0,0,0,0.0,-2.807111186498285,1
1,1,0,1,1,1,1,1,0,0,0,0,0,0,1,1,0.0,-2.8069320189400813,1
1,0,1,0,0,1,0,1,0,1,0,0,1,0,0,1,0.0,-2.8068891446058815,1
1,0,0,0,1,1,1,1,1,0,0,1,0,1,1,0,0.0,-2.806889043464794,1
1,0,1,1,1,1,0,0,0,0,0,1,0,0,1,0,0.0,-2.8068198264096647,1
0,1,1,0,1,1,1,0,1,0,0,0,0,0,0,1,0.0,-2.8067317801923597,1
1,0,1,0,1,1,0,0,1,0,1,1,1,1,0,0,0.0,-2.8067189432631707,1
0,0,1,1,1,1,1,0,0,0,1,0,0,1,0,0,0.0,-2.806693612652868,1
1,0,0,1,1,1,0,1,0,1,0,1,0,0,0,0,0.0,-2.8066093289392136,1
1,0,0,0,1,1,0,0,0,0,1,0,1,1,1,0,0.0,-2.806534080952311,1
1,0,1,0,0,1,0,1,0,1,1,0,0,0,0,1,0.0,-2.806440362944261,1
0,1,1,0,0,1,1,1,0,0,0,0,0,1,0,1,0.0,-2.8064256951169053,1
1,1,1,0,1,1,0,0,1,1,0,0,0,0,0,0,0.0,-2.806407812427018,1
1,0,1,0,0,1,1,0,0,0,0,1,0,1,1,0,0.0,-2.806191067228113,1
1,1,0,1,1,1,0,0,0,0,0,0,0,1,1,0,0.0,-2.8059028959117835,1
1,0,0,0,1,1,0,1,1,0,1,1,1,1,0,0,0.0,-2.8057304563390635,1
1,1,1,1,0,1,0,1,0,0,0,1,0,1,0,1,0.0,-2.8056350701561787,1
1,0,1,0,0,1,1,0,1,1,0,0,0,1,0,0,0.0,-2.8053235059640302,1
1,1,1,0,0,1,0,1,1,0,0,0,1,1,0,1,0.0,-2.805235936186935,2
1,0,1,0,1,1,1,1,0,1,0,1,0,0,0,1,0.0,-2.8050759711682116,1
1,1,1,0,1,1,0,1,0,0,0,1,1,0,0,1,0.0,-2.804986437479395,1
1,1,1,1,0,1,0,0,0,0,1,0,0,0,0,1,0.0,-2.8049623011699945,1
1,1,0,1,0,1,0,1,0,0,0,0,1,1,0,0,0.0,-2.804861590529484,1
1,1,1,0,0,1,1,1,1,0,0,1,0,1,0,0,0.0,-2.8048574824811574,1
1,1,1,0,1,1,0,1,0,0,1,0,1,1,0,0,0.0,-2.804800272697725,1
1,0,1,0,0,1,1,0,1,0,0,0,0,0,1,1,0.0,-2.804795070401684,1
1,0,1,1,0,1,1,0,1,0,0,0,1,1,0,1,0.0,-2.8046910395360665,1
1,0,1,1,0,1,0,1,1,0,0,0,1,0,0,0,0.0,-2.804612070032605,1
1,0,1,0,0,1,0,0,1,0,1,1,0,1,0,0,0.0,-2.8043732023300616,1
0,1,1,0,1,1,1,1,0,0,0,0,0,1,0,0,0.0,-2.804283885959352,1
1,1,0,0,0,1,1,0,1,0,0,1,0,1,0,0,0.0,-2.8040165038248,1
1,0,0,0,1,1,1,0,0,0,0,1,0,1,1,0,0.0,-2.803954255335347,1
0,1,0,0,1,1,1,1,0,0,0,0,0,1,0,1,0.0,-2.803909431511075,1
1,0,1,1,1,1,0,1,0,0,0,0,0,1,1,1,0.0,-2.803794435313259,1
1,1,0,0,1,1,0,1,0,0,0,1,1,1,0,1,0.0,-2.803641465881178,1
1,0,0,0,1,1,1,0,0,0,1,0,0,1,1,0,0.0,-2.8035320966997204,1
1,0,1,1,1,1,1,0,0,0,0,0,0,1,1,1,0.0,-2.803455798823166,1
1,0,0,1,0,1,0,0,1,0,0,0,1,1,0,1,0.0,-2.8031967829467987,1
1,0,0,0,1,1,0,0,0,0,0,0,1,1,1,1,0.0,-2.80316796276385,1
1,0,0,0,1,1,1,1,1,0,0,0,0,1,1,1,0.0,-2.803060528461015,1
1,0,1,0,1,1,0,0,1,1,0,0,0,0,0,1,0.0,-2.802951865090625,1
1,0,1,0,1,1,0,0,1,0,0,0,0,1,1,0,0.0,-2.8029389522260484,1
1,0,1,0,0,1,1,0,0,1,0,0,0,1,0,1,0.0,-2.80291982002908,1
1,1,1,0,0,1,1,1,0,0,1,0,0,1,0,1,0.0,-2.8027268742406983,1
1,0,1,0,1,1,0,0,1,0,1,1,0,1,0,1,0.0,-2.8026997431278655,1
1,0,0,0,1,1,1,0,1,1,0,0,0,1,0,0,0.0,-2.8026037891590008,1
1,1,0,0,1,1,1,1,1,0,0,1,0,1,0,0,0.0,-2.8025610371500496,1
1,1,1,0,0,1,0,1,0,0,1,0,0,0,0,1,0.0,-2.8025438140037453,1
1,1,0,0,1,1,1,1,1,0,0,0,1,0,0,1,0.0,-2.8025354554410495,1
1,0,0,0,1,1,1,1,1,1,0,0,0,1,0,1,0.0,-2.802516613144434,1
1,0,1,1,1,1,1,0,1,0,0,1,0,1,0,0,0.0,-2.802430115215113,1
1,0,0,0,1,1,0,0,1,1,0,0,0,1,0,1,0.0,-2.8022675618820436,1
1,0,1,1,0,1,0,1,0,0,0,1,0,0,0,1,0.0,-2.802255667436884,1
1,1,1,1,1,1,1,0,1,0,0,0,0,1,0,0,0.0,-2.802189198823565,1
1,0,1,1,0,1,0,1,0,0,0,1,0,1,0,0,0.0,-2.802168565281078,1
1,0,0,1,1,1,1,1,1,0,0,1,0,1,0,0,0.0,-2.801944086127251,1
1,0,1,1,0,1,1,0,0,0,1,0,0,1,0,0,0.0,-2.8019178397886044,1
1,1,1,1,0,1,1,0,0,0,0,0,0,1,0,0,0.0,-2.801897019720394,1
1,0,1,1,0,1,1,0,0,0,0,1,0,0,0,1,0.0,-2.8017805645983884,1
1,0,1,0,1,1,0,1,0,0,1,0,1,1,0,1,0.0,-2.8012169603887407,1
1,0,1,0,1,1,1,0,0,1,0,0,0,1,0,0,0.0,-2.8011289818285485,1
1,0,1,0,1,1,0,1,0,0,0,0,0,1,1,0,0.0,-2.8011184861776792,1
1,0,1,0,1,1,0,1,0,0,1,1,0,1,0,1,0.0,-2.801034457471162,1
1,0,1,0,1,1,0,0,0,1,0,0,0,1,0,1,0.0,-2.800783289749703,1
1,1,1,0,1,1,0,1,0,0,1,0,0,1,0,1,0.0,-2.800733898294677,1
1,0,1,0,1,1,0,0,0,0,0,0,0,1,1,1,0.0,-2.800508338038844,1
1,0,1,1,1,1,0,1,0,0,0,1,0,1,0,1,0.0,-2.800337605540023,1
1,0,0,0,1,1,0,1,0,0,1,0,1,1,0,0,0.0,-2.7997862100944158,1
1,1,1,0,1,1,1,1,1,0,0,0,0,1,0,0,0.0,-2.799637814571759,1
1,0,1,0,1,1,1,0,1,0,0,1,0,1,0,1,0.0,-2.799401166229941,1
1,0,1,0,1,1,0,0,1,0,0,1,0,1,0,0,0.0,-2.799294482764479,1
1,1,1,0,0,1,1,1,0,0,0,0,0,1,0,0,0.0,-2.7992815513648184,1
1,0,1,0,1,1,0,0,1,0,0,1,0,0,0,1,0.0,-2.7991350595001707,1
1,0,0,1,1,1,1,0,0,0,0,1,0,0,0,1,0.0,-2.7989739758196883,1
1,1,1,0,0,1,1,0,0,0,0,0,0,1,0,1,0.0,-2.798607629421555,2
1,0,0,1,1,1,0,1,1,0,0,0,0,1,0,0,0.0,-2.797814511987048,1
1,1,1,0,1,1,1,0,0,0,0,0,0,1,0,0,0.0,-2.7968446997390837,1
1,1,1,0,1,1,0,0,0,0,0,0,0,1,0,1,0.0,-2.7965823283189524,1
1,0,1,0,1,1,1,0,1,0,0,0,0,1,0,0,0.0,-2.7959232189546075,1
0,0,0,1,0,0,1,1,1,1,1,1,1,1,1,0,0.0,-2.7107541293932,1
0,0,1,0,0,0,0,1,1,1,1,1,1,1,1,1,0.0,-2.709912387353663,1
0,1,0,1,1,0,0,1,1,1,1,1,0,0,1,1,0.0,-2.7085749099708414,1
0,1,1,1,0,0,1,1,1,1,0,1,0,1,1,0,0.0,-2.707976985558326,1
0,1,1,0,1,0,0,0,1,1,0,1,1,1,1,1,0.0625,-2.707479013750423,1
0,1,1,0,1,0,1,0,1,1,1,0,1,1,1,0,0.0,-2.7072185397065294,1
0,1,1,1,0,0,1,0,1,0,1,1,1,1,1,0,0.0,-2.707024014619596,1
0,0,1,1,1,0,0,0,1,1,0,1,1,1,1,1,0.0,-2.7066111710153313,1
0,1,0,0,1,0,1,1,1,1,1,0,1,1,1,0,0.0,-2.7064558036787982,1
0,0,1,1,1,0,1,0,1,1,0,1,1,1,1,0,0.0,-2.706334309764583,1
0,1,1,1,0,0,1,1,0,1,0,0,1,1,1,1,0.0,-2.706216831141883,1
0,0,1,0,1,0,1,1,0,1,1,1,1,1,1,0,0.0,-2.7053934500369,1
0,1,0,0,0,0,1,1,1,0,1,1,1,1,1,1,0.0,-2.7045963245270768,1
1,0,1,1,0,0,0,0,1,1,1,1,1,1,1,0,0.0,-2.704529227146238,1
0,0,1,1,1,0,0,1,0,1,1,0,1,1,1,1,0.0,-2.7042442421316197,1
1,1,1,1,0,0,0,0,1,1,1,1,0,1,1,0,0.0,-2.704043606226084,1
1,1,0,0,0,0,1,1,1,1,1,1,1,0,1,0,0.0,-2.7038443848055946,1
1,1,1,1,0,0,1,0,1,1,0,1,1,0,1,0,0.0,-2.7036645963702988,1
0,1,1,1,0,0,1,1,0,1,1,1,0,1,0,1,0.0,-2.7035048236833674,1
0,1,1,0,0,0,1,1,1,1,1,1,0,1,0,1,0.0,-2.703490356923189,1
0,1,0,0,1,0,1,1,1,1,0,0,1,1,1,1,0.0,-2.70342025906635,1
0,0,0,1,0,0,1,0,0,1,1,0,1,0,1,0,0.0,-2.703253477618672,1
1,1,0,1,0,0,1,0,1,1,1,0,1,0,1,1,0.0,-2.702840052519588,1
0,1,1,0,1,0,1,0,1,0,1,1,1,1,1,0,0.0,-2.702747779466586,2
1,1,1,1,0,0,0,1,0,1,0,1,1,1,1,0,0.0,-2.70264505062572,1
0,0,1,1,1,0,0,1,1,0,1,1,1,1,1,0,0.0,-2.702590315076688,1
0,1,1,0,0,0,0,0,1,1,0,1,1,0,0,0,0.0,-2.702351472051244,1
1,1,1,1,0,0,0,0,0,1,0,1,1,1,1,1,0.0,-2.7022490204689147,1
0,0,1,0,0,0,1,0,0,1,0,1,1,0,1,0,0.0,-2.7022246191304546,1
0,1,1,1,1,0,1,0,0,0,1,1,1,1,1,0,0.0,-2.7020117550833227,1
0,1,1,1,1,0,1,1,1,0,1,0,1,0,1,0,0.0,-2.701772842630416,1
1,1,1,0,0,0,1,0,1,1,0,1,1,1,1,0,0.0,-2.7017199721910883,1
0,0,0,0,0,0,1,0,1,1,1,1,1,0,0,0,0.0,-2.701476058194348,1
0,0,1,0,0,0,1,0,1,1,1,0,0,0,1,0,0.0,-2.70144641726323,1
0,1,0,1,0,0,0,0,1,1,0,1,0,1,0,0,0.0,-2.701401539998484,1
0,1,1,1,0,0,0,0,0,1,0,0,0,1,1,0,0.0,-2.701383702610925,1
0,0,1,0,1,0,1,1,1,1,0,1,0,1,1,1,0.0,-2.7012998262256724,1
0,0,0,0,0,0,1,1,1,1,0,0,1,0,1,0,0.0,-2.701271158826633,1
0,0,0,1,0,0,0,0,0,1,1,0,0,1,1,1,0.0,-2.701225377664419,1
1,0,0,0,0,0,1,1,1,1,1,1,1,1,1,0,0.0,-2.7011880884113237,1
0,0,0,1,1,0,1,1,1,0,1,1,1,0,1,1,0.0,-2.7011859342996525,1
1,1,0,0,0,0,1,1,1,1,0,1,1,1,1,0,0.0,-2.701100441012888,1
0,1,1,1,1,0,1,1,0,1,1,1,0,1,0,0,0.0,-2.701063070703621,1
0,0,0,1,0,0,0,1,0,1,0,0,1,1,1,0,0.0,-2.7010210049444323,1
0,1,1,0,0,0,0,0,0,1,1,0,1,1,0,0,0.0,-2.700499163239466,1
0,1,0,1,1,0,1,1,0,1,0,1,1,1,0,1,0.0,-2.70030567789507,1
1,1,1,0,1,0,0,0,1,1,0,1,1,1,1,0,0.0,-2.70013556671206,1
0,1,1,0,1,0,1,0,0,0,1,1,1,1,1,1,0.0,-2.7000128848068794,1
0,0,1,0,0,0,0,1,0,1,0,1,0,1,1,0,0.0,-2.6997310994409025,1
0,1,1,0,0,1,0,0,1,1,1,1,1,1,1,0,0.0,-2.6996460129594153,1
1,1,0,1,1,0,0,1,0,1,1,1,0,1,1,0,0.0,-2.6995085589522247,1
0,1,0,0,0,0,1,0,0,1,1,1,0,1,0,0,0.0,-2.6992856964076113,1
1,1,1,1,0,0,1,1,0,1,1,0,0,1,1,0,0.0,-2.6990495913681194,1
1,1,1,1,0,0,0,1,0,1,0,1,0,1,1,1,0.0,-2.699024309987342,1
1,1,0,0,1,0,1,0,1,1,1,1,0,1,1,0,0.0,-2.6989342369158305,1
0,1,1,1,1,0,1,0,0,0,1,0,1,1,1,1,0.0,-2.6989226644694435,1
1,1,0,0,1,0,1,0,1,1,1,0,1,1,1,0,0.0,-2.6988950894987607,1
0,0,1,1,0,0,0,1,1,1,0,0,1,0,0,0,0.0,-2.6988938783771417,1
1,1,0,1,0,0,1,0,1,0,1,1,1,1,1,0,0.0,-2.698875431866453,1
0,1,1,1,0,0,0,0,1,0,0,1,0,0,1,0,0.0,-2.698756038914689,1
0,1,0,1,0,1,0,1,1,1,0,1,1,0,1,1,0.0,-2.698671543968163,1
0,0,1,1,1,0,1,1,0,1,0,1,1,1,0,1,0.0,-2.698640249148787,1
0,0,0,1,0,0,1,0,1,1,0,1,0,1,0,0,0.0,-2.6984549566706226,1
1,0,1,1,1,0,1,0,1,1,0,1,1,0,1,0,0.0,-2.698439222700939,1
1,1,1,1,0,0,1,0,0,1,0,1,0,1,1,1,0.0,-2.6982715083687863,1
0,0,1,0,1,0,1,1,0,0,1,1,1,1,1,1,0.0,-2.69818839718669,1
1,1,1,0,0,0,1,0,1,1,0,1,0,1,1,1,0.0,-2.6979755629556514,1
0,0,1,0,0,0,0,0,1,0,0,1,1,1,1,0,0.0,-2.697726379045634,1
0,0,1,1,1,0,1,1,1,1,0,0,1,1,0,1,0.0,-2.6976886304871073,1
0,0,1,0,1,0,0,0,0,1,0,0,1,1,1,0,0.0,-2.6975740958980943,1
1,0,1,1,1,0,0,1,0,1,1,0,1,1,1,0,0.0,-2.697420537196315,1
0,0,0,0,0,0,0,1,1,0,1,0,1,1,1,0,0.0,-2.6973462210718147,1
1,1,0,1,1,0,1,0,1,1,0,0,1,0,1,1,0.0,-2.6972141876504594,1
1,0,0,1,0,0,1,1,1,1,1,0,0,1,1,1,0.0,-2.6972119141505955,1
0,1,1,0,1,0,0,0,0,1,0,0,0,1,1,0,0.0,-2.6970962231222444,1
0,1,1,0,0,0,0,1,0,1,0,1,0,1,0,0,0.0,-2.6970889591507863,1
1,0,1,0,1,0,0,1,1,1,1,1,0,1,1,0,0.0,-2.697046795801242,1
0,0,1,0,0,1,0,1,1,1,1,1,1,0,1,1,0.0,-2.697009544747571,1
0,1,0,0,1,0,0,0,1,1,1,0,0,1,0,0,0.0,-2.696983444951792,1
1,0,1,0,1,0,1,0,1,1,1,0,1,1,1,0,0.0,-2.6968729052967433,1
1,1,1,1,1,0,0,0,0,1,0,0,1,1,1,1,0.0,-2.6968325592238376,1
0,0,0,0,1,0,1,0,0,1,1,0,0,1,1,0,0.0,-2.6967668234873257,1
1,1,0,0,0,0,0,0,1,1,0,0,1,0,1,0,0.0,-2.696744944795398,1
0,1,1,0,0,1,0,0,1,1,1,0,1,1,1,1,0.0,-2.6967128399108597,1
0,1,1,0,0,1,1,0,1,1,1,0,1,1,1,0,0.0,-2.696707008295645,1
0,1,1,1,0,1,1,0,0,1,1,0,1,1,1,0,0.0,-2.696637372735781,1
0,0,0,0,1,0,0,0,1,1,0,0,0,1,1,1,0.0,-2.6966361198911746,1
0,1,1,0,0,0,1,0,0,0,1,1,0,0,1,0,0.0,-2.6966045524782047,1
1,0,1,0,0,0,1,1,0,1,1,1,0,1,1,1,0.0,-2.6965918926222487,1
0,1,1,1,1,0,1,0,0,0,1,1,1,1,0,1,0.0,-2.69657233311011,1
1,0,1,1,1,0,1,0,0,1,1,1,0,1,1,0,0.0,-2.6965656622342316,1
1,1,1,0,1,0,0,0,1,1,1,0,0,1,1,1,0.0,-2.6965183853073205,1
0,1,1,0,0,0,0,1,1,1,0,0,0,1,0,0,0.0,-2.6965157437831957,1
1,1,1,1,1,0,0,1,1,1,0,1,1,0,0,0,0.0,-2.6964808909469813,1
0,0,0,0,1,0,1,0,1,1,0,0,0,1,1,0,0.0,-2.6964434630309473,1
0,1,1,0,1,0,1,0,0,1,0,0,0,0,1,0,0.0,-2.6964305330784573,1
0,1,1,1,0,1,1,0,0,1,1,1,0,0,1,1,0.0,-2.696381577771165,1
1,0,1,0,1,0,1,1,1,1,1,1,0,0,1,0,0.0,-2.696332966014209,1
0,1,0,0,1,0,1,0,1,1,1,0,0,0,0,0,0.0,-2.6962557133765457,1
0,1,0,0,0,0,1,1,1,1,0,0,0,1,0,0,0.0,-2.6962352370613303,1
0,1,1,1,0,1,0,0,0,1,1,1,0,1,1,1,0.0,-2.6961748822419773,1
0,0,0,1,0,0,1,0,1,0,1,0,0,1,1,0,0.0,-2.6961299353199797,1
1,1,1,0,1,0,1,1,1,1,0,1,0,0,1,0,0.0,-2.6960824533415693,1
0,1,1,1,0,1,0,0,1,1,0,0,1,1,1,1,0.0,-2.6960301975264125,1
0,0,0,1,1,0,0,1,0,1,1,0,1,0,0,0,0.0,-2.6959675920131296,1
0,0,1,1,0,0,1,0,1,0,0,1,0,0,1,0,0.0,-2.6959116551214186,1
1,0,1,1,1,0,1,0,1,1,0,0,1,1,1,0,0.0,-2.6957747553079194,1
1,1,0,0,1,0,1,1,1,1,0,0,1,0,1,1,0.0,-2.6955924562885025,1
0,0,0,1,1,0,1,1,0,1,0,0,0,0,1,0,0.0,-2.6955283775375305,1
1,0,1,1,1,0,0,1,1,1,0,1,0,0,1,1,0.0,-2.6954425244803977,1
0,0,0,1,0,1,1,0,1,1,1,1,0,1,1,1,0.0,-2.695319835245141,1
1,1,1,1,0,0,0,1,0,0,0,1,1,1,1,1,0.0,-2.6952756483083435,1
1,0,0,1,1,0,1,0,0,1,1,0,1,1,1,1,0.0,-2.695164951330854,1
1,1,1,1,1,0,0,1,0,1,1,0,1,1,0,0,0.0,-2.695137455241065,1
1,1,0,1,1,0,1,1,1,1,0,0,0,1,1,0,0.0,-2.6950434334824545,1
1,1,1,0,0,0,1,1,1,0,1,0,1,1,1,0,0.0,-2.695028279025749,1
0,0,0,0,0,0,0,1,1,0,1,1,1,1,0,0,0.0,-2.695012681247867,1
0,1,1,0,0,0,0,0,0,0,0,0,1,1,1,1,0.0,-2.6949961791695616,1
1,0,1,1,1,0,0,0,1,0,1,1,1,1,1,0,0.0625,-2.6949544379710924,1
0,0,0,1,0,1,0,1,1,1,1,1,0,1,1,1,0.0,-2.69492793824438,1
1,1,1,1,1,0,0,1,1,0,0,1,1,0,1,0,0.0,-2.6949000051309318,1
0,1,0,0,1,0,0,0,1,0,0,1,0,1,1,0,0.0,-2.694890069068539,1
1,1,1,0,0,0,1,0,0,0,1,1,1,1,1,1,0.0,-2.6947857758418188,1
0,0,0,1,0,1,0,1,1,1,1,0,1,1,1,1,0.0,-2.6947314849624275,1
0,0,1,0,0,0,1,0,0,0,0,1,1,0,1,1,0.0,-2.694670134316823,1
0,0,1,0,0,0,1,0,0,0,1,1,0,1,1,0,0.0,-2.6946572335734453,1
0,1,1,1,0,0,0,0,0,0,1,1,0,1,0,0,0.0,-2.694588770297546,1
1,1,1,1,1,0,1,0,1,1,0,0,0,0,1,1,0.0,-2.694567037065341,1
0,1,1,1,1,0,0,0,0,0,0,0,1,0,1,0,0.0,-2.6942446322096814,1
0,1,0,0,1,1,1,0,1,1,0,1,1,0,1,1,0.0,-2.6941514326627347,1
0,0,0,0,0,0,1,0,1,0,1,0,0,1,1,1,0.0,-2.69414794298625,1
0,1,1,0,1,1,0,0,1,1,1,1,0,1,1,0,0.0,-2.6941151043083753,2
0,1,1,0,0,0,1,0,1,0,0,0,0,1,1,0,0.0,-2.69403506379284,2
1,0,1,0,1,0,1,1,1,1,1,1,1,0,0,0,0.0,-2.6940324662719046,1
0,1,1,1,1,1,0,0,0,1,1,1,0,1,1,0,0.0,-2.693884241469333,1
0,0,1,0,1,0,1,0,1,1,1,0,0,0,0,0,0.0,-2.693835813823343,1
0,0,1,1,0,0,1,0,0,0,1,0,0,1,1,0,0.0,-2.6937908287979804,1
1,0,1,1,1,0,1,1,0,1,1,0,0,1,1,0,0.0,-2.6937746371408595,1
1,1,1,1,0,0,1,1,1,0,1,0,0,1,1,0,0.0,-2.693767345579346,1
0,0,1,1,0,0,0,1,1,0,0,0,0,1,1,0,0.0,-2.6937103505027116,1
1,1,1,1,1,0,1,1,0,1,0,0,0,1,1,0,0.0,-2.6935815833270844,1
1,1,1,1,1,0,0,1,1,1,1,0,0,1,0,0,0.0,-2.6934929070054743,1
0,0,1,0,0,1,1,1,1,1,0,1,1,1,1,0,0.0,-2.6934136365827293,1
1,1,1,0,1,0,1,1,1,1,0,0,0,1,1,0,0.0,-2.693407342247802,1
0,0,0,1,1,0,1,1,0,1,0,1,0,0,0,0,0.0,-2.693344124658327,1
1,1,1,1,1,0,1,0,1,1,0,0,1,1,0,0,0.0,-2.6933197401085094,1
1,1,1,0,1,0,0,1,1,0,1,0,1,1,1,0,0.0,-2.6932658916461465,1
0,1,0,1,1,1,1,0,0,1,1,1,0,1,1,0,0.0,-2.693258404289894,1
1,0,1,1,1,0,1,0,0,1,0,1,0,1,1,1,0.0,-2.693215888884687,1
1,1,1,0,1,0,0,1,1,0,0,1,1,1,1,0,0.0,-2.6931416058225004,1
0,0,0,1,1,0,1,0,0,1,0,1,0,0,0,1,0.0,-2.6930379766975507,1
0,0,1,0,1,0,0,0,0,0,1,0,1,1,1,0,0.0,-2.6930339108489405,1
0,1,1,0,0,1,1,0,1,1,0,1,0,1,1,1,0.0,-2.692952249788018,1
1,1,1,0,1,0,1,0,1,1,0,0,0,1,1,1,0.0,-2.692900560067847,1
0,0,0,0,0,1,1,1,1,1,0,1,1,1,1,1,0.0,-2.692692028115472,1
0,0,1,1,0,1,1,1,1,1,0,0,1,1,1,0,0.0,-2.6926351711250156,1
0,1,1,0,0,1,1,1,1,1,0,1,0,1,1,0,0.0,-2.6926219590494727,1
0,1,1,0,0,1,1,0,1,0,1,1,1,1,1,0,0.0,-2.692600012197472,1
0,0,1,0,0,0,0,1,0,0,0,1,0,1,1,1,0.0,-2.6924972996263876,1
1,0,0,0,1,0,0,0,0,1,1,1,0,0,1,0,0.0,-2.6924944241606537,1
0,0,1,0,1,0,0,1,0,1,0,1,0,1,0,0,0.0,-2.6924535268540577,1
0,0,1,1,0,1,1,0,1,1,1,1,1,1,0,0,0.0,-2.692438085686229,1
0,1,0,0,1,0,0,0,0,0,1,1,1,0,0,1,0.0,-2.6923843379891546,1
0,0,1,0,1,0,0,0,0,1,0,0,1,1,0,1,0.0,-2.692247490519178,1
0,1,0,0,0,0,1,1,0,0,0,1,1,1,0,0,0.0,-2.692197984386657,1
0,0,0,0,1,0,1,0,1,0,0,1,0,1,1,0,0.0,-2.692094394315829,1
0,1,1,1,0,0,1,1,0,0,0,0,1,0,0,0,0.0,-2.6920819869103196,1
1,1,0,0,0,0,0,0,0,1,1,1,0,0,0,1,0.0,-2.6920799320030033,1
0,1,0,1,1,1,0,0,1,1,1,1,1,1,0,0,0.0,-2.6918348803263576,1
0,0,1,1,1,0,0,0,0,0,0,0,1,1,1,0,0.0,-2.6918161652866437,1
1,1,1,1,1,0,0,1,0,1,0,0,1,1,0,1,0.0,-2.6916762943116783,1
0,0,0,0,1,0,1,0,1,0,0,0,1,1,1,0,0.0,-2.6916757218458764,1
0,0,1,0,1,0,1,0,0,1,0,0,1,0,0,1,0.0,-2.691592340913455,1
1,1,1,0,0,0,1,0,0,1,0,0,0,0,1,0,0.0,-2.691515490368406,1
0,1,1,1,0,1,1,0,1,0,1,1,0,1,1,0,0.0,-2.6914836992590887,1
1,0,1,0,1,0,0,1,1,1,0,1,1,1,0,1,0.0,-2.69138899256904,1
0,1,0,1,0,1,0,0,1,1,0,0,0,0,1,0,0.0,-2.691021731149579,1
0,1,0,1,0,1,1,1,1,1,1,1,0,1,0,0,0.0,-2.690993259989593,1
1,0,1,1,0,0,0,0,0,1,0,0,0,0,1,1,0.0,-2.6909898828912153,1
1,1,1,1,1,0,1,0,0,0,1,1,0,0,1,1,0.0,-2.690852710485988,1
0,1,1,1,1,1,0,1,0,1,1,1,1,0,0,0,0.0,-2.6908015875176927,1
1,0,1,0,0,0,1,0,1,1,0,0,0,0,1,0,0.0,-2.690705241627853,1
0,0,1,1,1,0,1,1,0,1,0,0,0,0,0,0,0.0,-2.690681647779665,1
0,1,1,0,1,1,0,0,1,0,1,1,1,1,1,0,0.0,-2.6906479779296575,1
0,1,1,1,1,1,0,0,0,1,1,0,0,1,1,1,0.0,-2.6906476296361754,1
0,0,1,0,0,0,0,1,0,0,1,0,1,1,0,1,0.0,-2.6906355399343136,1
0,0,0,0,1,1,1,1,1,1,0,1,1,1,1,0,0.0,-2.6905480728843454,1
1,1,0,1,0,0,1,0,1,1,0,0,0,0,0,0,0.0,-2.6904881958050577,1
1,0,1,0,1,0,1,1,0,0,1,1,1,0,1,1,0.0,-2.6904771264539473,1
0,0,1,1,0,1,1,1,0,1,1,1,1,0,0,1,0.0,-2.690297945739049,1
1,0,1,1,1,0,1,1,1,1,0,1,0,1,0,0,0.0,-2.690131084012509,1
0,1,1,0,0,1,1,0,0,1,1,1,1,1,0,1,0.0,-2.6901273958837573,1
1,1,1,0,0,0,1,1,0,0,1,1,1,1,0,1,0.0,-2.69006976089202,1
1,1,0,0,1,0,0,0,0,1,0,0,0,1,1,0,0.0,-2.6898594274060197,1
1,1,1,1,1,0,1,0,0,0,1,1,1,1,0,0,0.0,-2.6898569694463133,1
1,1,0,0,0,0,0,1,0,1,0,1,0,1,0,0,0.0,-2.689852596725388,1
0,0,1,0,1,0,1,0,0,0,0,0,1,1,1,0,0.0,-2.6898395266809043,1
0,0,1,0,1,1,1,1,0,1,0,1,1,0,1,1,0.0,-2.6897854607922174,1
0,0,1,0,0,0,1,0,0,0,1,0,1,1,0,1,0.0,-2.689780021521581,1
1,1,1,0,1,0,0,0,0,1,0,0,0,0,1,0,0.0,-2.6897721182155205,1
1,1,1,0,1,0,1,0,0,0,1,0,1,1,1,1,0.0,-2.689741586018264,1
0,1,1,1,0,1,1,1,0,1,0,1,1,1,0,0,0.0,-2.689577744210352,1
1,1,1,1,0,0,0,0,0,1,0,0,0,1,0,0,0.0,-2.6895586576956205,1
1,1,1,1,1,0,1,0,1,1,0,0,0,1,0,1,0.0,-2.689470902305339,1
1,0,0,0,0,0,0,0,0,1,1,1,0,1,0,1,0.0,-2.689466038046223,1
1,1,0,0,0,0,1,0,0,1,1,0,0,1,0,0,0.0,-2.6894123155938905,1
1,1,1,0,1,0,0,1,1,0,1,0,0,1,1,1,0.0,-2.6893985409657226,1
0,1,1,0,0,1,0,0,0,1,1,0,0,0,1,0,0.0,-2.6893171643099647,1
1,1,0,0,0,1,1,0,0,1,1,1,1,0,1,1,0.0,-2.6892584623054665,1
0,1,1,1,1,0,0,0,0,0,1,0,0,1,0,0,0.0,-2.6892543343396933,1
0,1,1,0,1,0,1,0,0,0,0,0,0,1,1,0,0.0,-2.689181625545385,2
1,0,0,1,0,0,0,1,0,1,1,0,0,1,0,0,0.0,-2.6891708138843997,1
0,0,1,0,1,0,1,1,0,1,0,0,0,1,0,0,0.0,-2.6891566643888565,1
1,0,0,0,1,0,1,0,0,1,1,0,0,0,1,0,0.0,-2.689013694529032,1
0,0,0,0,0,1,0,0,0,1,0,1,1,1,1,0,0.0,-2.6888315261839537,1
0,1,0,1,1,1,1,1,1,1,1,0,1,0,0,0,0.0,-2.6887830358459555,1
1,0,1,1,1,0,0,0,0,1,0,0,0,0,1,0,0.0,-2.6887599279108096,1
1,1,0,0,0,0,1,0,1,0,0,1,0,0,1,0,0.0,-2.6887494705893697,1
0,1,1,0,1,1,1,1,0,0,1,1,1,0,1,0,0.0625,-2.6886850597024265,1
0,0,0,1,1,0,0,0,0,0,1,0,1,1,0,1,0.0,-2.6885816754046963,1
0,0,0,0,0,1,0,0,1,1,0,1,0,1,1,0,0.0,-2.6884498550273417,1
1,1,0,0,0,1,1,1,1,1,0,1,1,0,1,0,0.0,-2.688440190550411,1
0,0,0,1,0,1,1,0,0,1,1,0,0,0,1,0,0.0,-2.6884276093898727,1
1,1,1,1,1,0,0,1,1,0,0,0,0,1,1,1,0.0,-2.6883014107399577,1
0,1,0,0,0,1,0,0,1,1,0,0,0,1,1,0,0.0,-2.68829865073851,1
1,1,1,1,0,1,0,0,1,1,1,0,0,0,1,1,0.0,-2.6881717413434396,1
1,0,0,0,0,1,1,0,1,1,1,1,1,1,1,0,0.0,-2.688163021118113,1
0,1,1,0,1,1,1,0,0,1,1,1,1,1,0,0,0.0,-2.6879928944995566,1
1,1,0,0,1,0,0,0,0,1,1,0,0,1,0,0,0.0,-2.6874099362658925,1
0,1,1,0,1,1,0,0,1,1,0,1,1,1,0,1,0.0,-2.687371288053673,1
1,1,1,0,0,1,1,1,0,1,0,1,1,0,1,0,0.0,-2.68732306925007,1
0,0,1,0,1,0,1,1,0,0,0,0,0,1,1,0,0.0,-2.6872208073169546,1
1,0,1,0,0,0,0,0,1,0,0,0,1,1,1,0,0.0,-2.687196277578879,2
0,0,0,0,1,0,1,1,0,0,1,0,1,1,0,0,0.0,-2.687179476791557,1
1,0,0,1,0,0,0,0,0,0,1,1,1,1,0,0,0.0,-2.687176490939282,1
0,0,0,0,1,0,1,1,0,0,0,1,1,0,0,1,0.0,-2.687166811855652,1
0,0,1,0,1,0,1,1,1,0,0,0,1,0,0,0,0.0,-2.687086871057292,1
1,0,0,0,1,0,0,0,1,0,0,1,1,0,1,0,0.0,-2.6870180941319823,1
0,1,1,0,1,0,1,0,0,0,1,0,0,1,0,0,0.0,-2.6869216952968467,1
1,1,1,0,0,0,0,1,0,1,0,0,0,0,0,1,0.0,-2.6868769714466127,1
1,0,1,0,0,0,0,0,1,0,0,1,0,1,1,0,0.0,-2.6868014828060036,1
1,0,0,0,0,0,1,1,0,1,1,0,0,1,0,0,0.0,-2.686781459214046,1
1,0,1,0,0,0,1,1,0,1,1,0,0,0,0,0,0.0,-2.6867693257340166,1
0,1,1,0,1,1,0,1,1,1,1,1,0,1,0,0,0.0,-2.6866742036887734,1
0,1,1,1,1,1,1,0,0,0,1,1,0,1,1,0,0.0,-2.6866526229915344,1
0,1,0,0,1,1,1,0,1,0,1,1,0,1,1,1,0.0,-2.68663059594268,1
1,0,1,1,1,0,1,1,1,0,0,1,1,1,0,0,0.0,-2.686496460545537,1
1,0,1,0,1,0,1,0,1,0,1,1,1,1,0,1,0.0,-2.686467261771024,1
1,1,0,1,1,1,0,0,0,1,1,1,0,1,1,0,0.0,-2.686454403735306,1
1,0,1,0,1,0,1,1,1,0,0,0,1,1,1,1,0.0,-2.686393930983594,1
1,0,1,1,1,1,0,0,1,1,1,0,1,0,1,0,0.0,-2.686344061645391,1
1,1,0,0,1,1,0,1,1,1,1,0,1,0,1,0,0.0,-2.6863284173623505,1
1,1,0,0,0,0,1,0,0,0,1,0,0,0,1,1,0.0,-2.6863155936653897,1
0,1,0,0,1,0,1,0,0,0,0,0,1,1,0,1,0.0,-2.686262324697334,1
0,1,1,0,0,1,0,0,0,1,1,0,1,0,0,0,0.0,-2.686153434093243,1
1,1,0,0,1,1,0,0,1,1,1,0,1,1,1,0,0.0,-2.686147368112083,1
1,1,0,0,0,1,1,1,0,1,1,0,1,1,1,0,0.0,-2.6861412214962623,1
1,1,1,0,0,1,1,0,1,1,0,0,1,1,1,0,0.0,-2.685924382777989,1
1,0,1,0,1,0,0,0,0,0,0,1,1,0,1,0,0.0,-2.685741254027664,1
1,1,1,0,0,0,0,0,0,0,0,1,1,1,0,0,0.0,-2.6856955597758305,1
0,1,0,1,1,1,1,1,1,0,0,0,1,1,1,0,0.0,-2.6856864926985473,1
1,0,0,0,0,0,1,1,1,1,0,0,0,1,0,0,0.0625,-2.685647306890258,1
1,0,1,0,0,1,0,1,1,1,0,1,1,1,1,0,0.0,-2.6856288875038272,1
0,1,1,0,0,1,1,0,1,0,1,1,1,1,0,1,0.0,-2.685550818669597,1
0,0,0,1,0,1,1,1,0,1,0,0,0,0,1,0,0.0,-2.685527749342901,1
0,0,1,1,0,1,0,0,0,1,0,0,0,1,1,0,0.0,-2.6854392843921104,1
0,1,0,1,1,1,0,1,1,1,1,0,0,1,0,1,0.0,-2.68536285549699,1
1,0,1,0,1,1,1,0,0,1,1,1,1,0,1,0,0.0,-2.685348849777439,1
1,0,1,0,1,1,0,0,0,1,1,1,1,1,1,0,0.0,-2.685289764139876,1
1,0,1,0,0,1,0,0,1,1,1,1,0,1,1,1,0.0,-2.685241277316929,1
0,1,0,1,1,1,0,1,1,1,0,0,1,1,0,1,0.0,-2.685218126031736,1
1,0,1,0,1,0,0,0,0,1,0,0,1,1,0,0,0.0,-2.6851649762958996,1
1,1,1,0,1,0,0,0,0,0,0,1,0,0,1,0,0.0,-2.6851135862587068,1
0,1,1,0,0,1,0,0,1,0,0,0,1,0,1,0,0.0,-2.6850623294382587,1
1,0,0,1,1,1,0,0,1,1,1,0,1,1,1,0,0.0,-2.685005317265369,1
1,1,1,1,0,1,1,0,1,1,0,0,0,1,1,0,0.0,-2.6849816039766514,1
1,1,1,0,0,0,0,0,1,0,1,0,0,1,0,0,0.0,-2.6846519524718393,1
0,1,1,0,1,1,0,1,0,1,1,1,0,1,0,1,0.0,-2.68455598762523,1
1,0,1,0,0,0,0,1,1,0,1,1,0,0,0,0,0.0,-2.6843806238298002,1
1,1,1,0,0,0,1,0,0,0,0,0,0,1,1,0,0.0,-2.6842608364726974,1
1,0,0,0,1,0,0,1,0,1,1,0,0,0,0,1,0.0,-2.684200256761299,1
1,1,0,0,1,1,0,1,0,1,1,1,0,1,1,0,0.0,-2.6841955085059857,1
0,0,1,1,1,1,1,1,0,1,1,0,1,1,0,0,0.0,-2.6841837724928332,1
1,1,0,0,0,1,0,0,1,0,1,1,1,1,1,1,0.0,-2.6841519318348945,1
1,0,0,1,1,0,0,0,0,0,0,0,1,1,1,0,0.0,-2.683919936562189,1
0,1,1,1,1,1,1,1,0,0,1,1,1,0,0,0,0.0,-2.683915395090655,1
1,0,0,0,1,1,0,0,0,1,1,1,1,1,1,1,0.0,-2.6838908516167805,1
0,1,0,0,1,1,1,1,0,1,1,0,1,1,0,1,0.0,-2.6837464290737216,1
1,1,0,1,0,1,0,0,1,1,0,1,1,1,0,1,0.0,-2.6837206160797056,1
1,0,0,1,1,1,1,1,0,1,0,1,1,0,1,0,0.0,-2.683688644389872,1
1,1,1,0,0,0,1,0,1,0,1,0,0,0,0,0,0.0,-2.683660561022024,1
1,0,1,0,0,0,1,0,0,0,1,0,0,0,1,1,0.0,-2.683514522510107,1
1,0,1,0,0,0,0,0,1,0,0,0,0,1,1,1,0.0,-2.6835011968644205,1
1,1,1,0,0,1,0,1,0,0,1,1,1,1,1,0,0.0,-2.6832780353051255,1
1,1,0,1,1,1,0,1,0,0,1,1,1,0,1,0,0.0,-2.683169252396514,1
1,0,0,0,1,0,0,0,1,1,0,0,0,1,0,1,0.0,-2.6831678154326126,1
0,1,0,1,1,1,1,1,0,0,1,0,0,1,1,1,0.0625,-2.6831675165948763,1
1,0,0,1,1,0,0,0,0,1,0,0,0,1,0,1,0.0,-2.6831131752442663,1
1,1,1,0,0,1,1,0,0,0,1,1,1,1,1,0,0.0,-2.682870711220386,1
0,1,1,1,1,1,1,0,1,0,1,0,1,1,0,0,0.0,-2.682814339174053,1
1,1,1,1,1,1,0,0,1,0,0,1,1,0,1,0,0.0,-2.682775617797989,1
0,1,1,1,1,1,1,1,1,1,0,0,0,1,0,0,0.0,-2.6826586610343357,1
1,0,1,0,1,1,1,1,0,1,0,1,1,0,1,0,0.0,-2.6824885278707313,1
1,0,0,0,1,0,1,1,0,0,1,0,0,0,1,0,0.0,-2.682218433211187,1
1,0,1,0,0,1,1,0,1,0,1,1,1,1,1,0,0.0,-2.6820428522598174,1
1,1,0,1,1,0,0,0,0,0,0,1,0,1,0,0,0.0,-2.6819587753679315,1
1,0,1,0,0,0,0,1,0,0,0,0,0,1,1,1,0.0,-2.681956806472464,1
1,1,1,0,0,1,0,1,1,0,0,1,1,1,1,0,0.0,-2.6819518667859246,1
1,0,0,1,0,0,1,1,0,0,1,0,0,1,0,0,0.0,-2.681723597142963,1
0,0,0,0,0,1,0,1,0,1,1,0,1,1,0,0,0.0,-2.6816978537091654,1
1,0,1,0,1,0,1,0,0,1,0,0,0,1,0,0,0.0,-2.6816150125120592,1
1,1,1,1,0,1,1,0,1,0,0,0,1,1,1,0,0.0,-2.681574312573354,1
1,0,1,1,0,1,0,1,1,0,0,1,1,1,1,0,0.0,-2.6815063730101123,1
1,1,1,0,1,1,0,0,0,1,0,1,0,1,1,1,0.0,-2.6813018259729944,1
1,1,1,1,0,1,1,0,1,1,1,0,0,1,0,0,0.0,-2.681300522978673,1
1,0,0,0,1,0,1,0,1,0,0,0,0,1,1,0,0.0,-2.6812413778909185,1
0,0,1,0,1,1,1,1,1,0,0,0,1,1,1,1,0.0,-2.6812396021284357,1
1,0,0,1,1,1,0,0,1,1,1,1,1,1,0,0,0.0,-2.6812326160082236,1
1,0,0,0,1,0,1,0,0,0,1,0,0,0,1,1,0.0,-2.68106541172518,1
1,0,1,0,1,0,0,0,1,0,0,0,0,0,1,1,0.0,-2.6809620396683203,1
1,1,1,0,1,0,0,1,0,0,0,0,1,0,0,0,0.0,-2.6808334688993627,1
1,0,0,0,1,1,1,1,0,1,1,0,1,1,1,0,0.0,-2.680770381058889,1
1,1,1,1,1,1,0,1,0,1,0,0,0,0,1,1,0.0,-2.6807140570614774,1
0,1,1,0,1,1,0,0,0,1,0,0,1,0,0,0,0.0,-2.680705548234657,1
1,1,0,0,1,0,0,1,0,0,0,1,0,1,0,0,0.0,-2.680470149457495,1
1,1,1,1,1,1,0,0,0,0,0,1,1,1,1,0,0.0,-2.6804621778146727,1
1,0,1,0,1,1,0,1,1,1,0,0,1,1,1,0,0.0,-2.6803532763927826,1
0,0,0,1,0,1,1,0,1,0,0,1,1,0,0,0,0.0,-2.680301362338878,1
1,0,1,0,1,1,0,0,1,1,0,1,0,1,1,1,0.0,-2.6802358992661164,1
0,1,1,0,1,1,0,0,0,0,0,1,0,0,1,0,0.0,-2.6800812843193675,1
1,1,1,0,1,1,0,0,1,0,1,0,1,1,1,0,0.0,-2.6800618118830517,1
1,1,1,0,1,1,0,0,1,1,0,1,1,0,0,1,0.0,-2.6799811776894265,1
1,0,1,1,0,1,1,1,0,0,0,1,1,1,1,0,0.0,-2.679750596894859,1
1,1,0,1,1,1,0,1,0,0,1,0,1,0,1,1,0.0,-2.679719172771006,1
1,1,1,0,0,1,0,1,0,1,0,1,1,1,0,1,0.0,-2.679703157412286,1
1,1,0,0,1,0,1,1,0,0,1,0,0,0,0,0,0.0,-2.6796751278556674,1
0,0,1,0,0,1,1,0,0,1,0,1,0,1,0,0,0.0,-2.679634049060765,1
1,0,0,1,1,1,1,1,0,1,1,1,1,0,0,0,0.0,-2.6794640466939894,1
1,1,1,0,0,1,0,1,0,0,1,1,0,1,1,1,0.0,-2.6792736354256057,1
0,1,1,1,1,1,1,1,1,0,0,1,0,1,0,0,0.0,-2.679150598389283,1
1,1,0,0,1,1,1,1,1,1,0,1,1,0,0,0,0.0,-2.678991057591637,1
0,1,1,0,0,1,0,1,0,1,0,0,0,1,0,0,0.0,-2.678989272296993,1
0,0,0,0,1,1,0,0,1,0,1,0,0,1,1,0,0.0,-2.678948328146611,1
0,1,0,0,1,1,0,0,1,0,0,0,0,1,1,0,0.0,-2.678919985632636,1
1,0,0,0,1,1,0,0,1,0,1,1,1,1,1,1,0.0,-2.6789039444359126,1
1,1,1,1,1,1,0,0,1,1,0,1,0,1,0,0,0.0,-2.6788917532711354,1
0,1,1,0,0,1,1,0,0,0,1,0,1,0,0,0,0.0,-2.678827605278234,1
0,0,1,0,0,1,0,1,1,1,0,0,0,0,0,1,0.0,-2.6787676549600152,1
1,1,0,0,1,1,0,1,1,1,1,1,0,1,0,0,0.0,-2.6787342707924777,1
1,0,1,0,1,1,0,1,0,0,1,1,1,0,1,1,0.0,-2.678560378198468,1
1,0,0,0,1,0,1,0,1,0,0,0,1,1,0,0,0.0,-2.6784927367575313,1
0,1,0,1,1,1,0,0,0,0,0,0,0,1,1,0,0.0,-2.6783682241627647,1
1,1,0,1,0,1,1,1,0,1,0,1,0,1,0,1,0.0,-2.678280299287862,1
0,0,0,1,0,1,0,1,0,1,0,0,0,1,0,1,0.0,-2.678227867629584,1
1,0,1,0,1,0,0,1,0,0,1,0,0,1,0,0,0.0,-2.6779525706607545,1
1,1,1,0,0,1,0,1,1,0,0,1,0,1,1,1,0.0,-2.6779512512501,1
0,1,1,1,0,1,0,0,0,0,1,0,0,0,0,1,0.0,-2.6779378344431963,1
1,1,0,1,0,1,0,0,0,1,1,0,0,0,0,0,0.0,-2.6776992705226306,1
0,1,1,0,0,1,0,0,1,0,1,0,0,1,0,0,0.0,-2.677642667055556,1
1,0,0,1,1,0,1,0,0,0,0,0,1,0,0,1,0.0,-2.677497911141742,1
1,1,0,1,0,1,0,0,0,0,0,1,0,0,1,0,0.0,-2.677258966587276,1
1,0,1,0,1,1,0,1,1,0,0,1,1,0,1,1,0.0,-2.6772312601615544,1
1,0,1,1,1,1,0,1,0,1,0,0,0,1,1,1,0.0,-2.677049153148536,1
1,1,0,0,1,1,0,1,0,0,1,0,1,1,1,1,0.0,-2.6769910736583276,1
1,0,0,1,0,1,1,1,1,1,0,1,0,1,0,1,0.0,-2.6769572920745626,1
1,1,1,1,1,1,1,1,0,1,1,0,0,0,0,0,0.0,-2.6768909553715305,1
0,0,1,0,0,1,1,1,0,1,0,0,0,0,0,1,0.0,-2.676716185057419,1
1,1,1,1,1,1,0,0,0,0,1,1,1,1,0,0,0.0,-2.676640475765736,1
0,0,1,0,0,1,1,1,0,0,0,0,0,0,1,1,0.0,-2.6764739705599556,1
1,0,1,0,1,1,0,1,1,1,1,0,1,1,0,0,0.0,-2.676425374705773,1
1,1,0,0,1,1,1,1,1,0,1,0,0,1,1,0,0.0,-2.6760262732618516,1
1,1,1,0,0,1,1,1,0,0,1,0,0,1,1,1,0.0,-2.6760006996635166,1
1,0,0,1,1,1,0,1,0,1,1,1,0,1,0,1,0.0,-2.6759360589366112,1
0,0,1,1,1,1,0,0,0,0,0,0,0,1,1,0,0.0,-2.6758136332993976,1
1,1,1,1,0,1,0,1,0,0,0,1,1,1,0,1,0.0,-2.6756804095664695,1
1,0,0,1,1,1,1,0,0,1,0,1,1,1,0,1,0.0,-2.675675919688521,1
0,0,0,1,1,1,0,1,0,0,0,0,0,1,1,0,0.0,-2.675495367413005,1
0,0,1,1,0,1,1,1,0,0,0,1,0,0,0,0,0.0,-2.6753772778079474,1
1,0,1,1,1,1,0,1,1,1,1,0,0,1,0,0,0.0,-2.6752656520477736,1
0,1,1,0,0,1,0,0,0,0,1,0,0,1,0,1,0.0,-2.6750476736103526,1
0,0,1,1,0,1,1,0,0,0,0,1,0,1,0,0,0.0,-2.674941530427334,1
1,1,1,0,1,1,1,1,0,0,0,0,1,0,1,1,0.0,-2.674892201359479,2
1,0,0,0,0,1,0,1,0,1,1,0,1,0,0,0,0.0,-2.67484848645054,1
0,0,0,1,1,1,0,0,0,0,0,1,1,1,0,0,0.0,-2.6748477795980237,1
0,1,0,0,0,1,1,0,0,0,0,1,0,1,0,1,0.0,-2.674780616224173,1
1,0,0,0,0,1,0,0,0,1,0,1,1,1,0,0,0.0,-2.674676746102879,1
1,0,1,1,1,1,1,1,0,0,1,1,1,0,0,0,0.0,-2.6739051217867438,1
1,0,1,0,0,1,0,0,1,0,1,0,0,0,1,0,0.0,-2.6736871913965974,1
1,0,1,0,1,1,0,1,1,0,1,1,1,0,0,1,0.0,-2.6730831288047234,1
0,0,0,0,1,1,0,1,0,0,1,0,1,0,0,1,0.0,-2.673074981235172,1
0,1,0,0,1,1,0,0,0,0,0,1,0,1,0,1,0.0,-2.6726409752382363,1
1,0,1,0,0,1,0,1,0,0,0,0,1,0,1,0,0.0,-2.6725293149981075,1
1,1,1,0,1,1,1,0,1,1,0,0,0,1,0,1,0.0,-2.6724803380319138,1
1,0,0,1,1,1,1,1,0,1,1,0,0,1,0,1,0.0,-2.6723907006530805,1
0,0,1,1,0,1,1,1,0,0,0,0,0,1,0,0,0.0,-2.671873740186993,1
1,0,1,1,0,1,1,0,0,1,0,0,0,0,0,0,0.0,-2.671840855960803,1
1,0,1,0,0,1,1,1,1,0,1,0,1,1,0,1,0.0,-2.671470145034183,1
1,0,1,0,0,1,1,0,1,0,0,0,0,0,1,0,0.0,-2.670721996826091,1
1,1,1,0,0,1,0,0,1,0,0,0,1,0,0,0,0.0,-2.6706947560253886,1
1,0,0,1,0,1,1,0,0,0,0,1,1,0,0,0,0.0,-2.6703790470321453,1
1,1,1,1,1,1,1,1,0,0,0,0,1,0,0,1,0.0,-2.6701896318540097,1
1,0,1,0,1,1,0,0,0,0,0,0,1,0,1,0,0.0,-2.6701783408367064,1
1,0,1,0,1,1,0,0,0,1,1,0,0,0,0,0,0.0,-2.670049841100072,1
0,0,1,0,1,1,1,0,0,0,1,0,0,1,0,0,0.0,-2.670024410257353,1
1,1,1,1,1,1,1,1,0,0,0,1,0,1,0,0,0.0,-2.6698711882234267,1
1,0,1,1,1,1,1,0,0,0,0,1,1,1,0,1,0.0,-2.669758240464488,1
1,1,1,0,1,1,0,0,0,0,0,0,0,0,1,0,0.0,-2.6696866647878768,1
1,0,0,0,1,1,1,0,0,1,1,0,0,0,0,0,0.0,-2.669415263164286,1
1,1,0,0,1,1,0,0,0,0,0,0,0,1,1,0,0.0,-2.66920874249716,1
1,1,1,0,1,1,0,1,1,0,1,0,0,1,0,1,0.0,-2.6688690867051097,1
1,1,0,0,1,1,0,0,0,0,0,1,1,0,0,0,0.0,-2.6687924886239234,1
1,1,0,0,1,1,1,1,1,0,1,0,0,1,0,1,0.0,-2.6683588741486997,1
1,1,1,0,0,1,0,0,0,0,1,0,0,1,0,0,0.0,-2.667908615883763,1
1,0,1,1,0,1,0,0,0,0,1,0,0,1,0,0,0.0,-2.6674955270115754,1
1,1,0,1,0,1,0,1,0,0,0,0,0,1,0,0,0.0,-2.6673248430786876,1
1,0,1,1,1,1,0,0,0,0,0,0,1,0,0,0,0.0,-2.6656363289841396,1
1,0,1,0,0,1,0,0,0,0,0,1,0,1,0,1,0.0,-2.6645692609825056,1
1,0,0,1,1,1,0,0,0,0,0,0,1,1,0,0,0.0,-2.6643569222621437,1
1,0,0,1,0,1,0,1,0,0,0,0,0,1,0,1,0.0,-2.6637900346377625,1
0,1,1,0,1,0,1,0,1,1,1,1,1,0,1,1,0.0,-2.4867245368605113,1
0,1,1,1,0,0,1,1,0,1,0,1,1,1,1,1,0.0,-2.4860755889693245,2
0,1,1,1,1,0,1,1,1,1,0,1,1,0,1,0,0.0,-2.4857673636716253,1
0,1,1,0,1,0,0,1,1,1,1,0,1,1,1,1,0.0,-2.484605695495035,1
1,1,1,0,0,0,0,0,1,1,1,1,1,1,1,1,0.0,-2.481969751510124,1
0,1,1,1,0,1,1,0,1,1,1,1,1,0,1,0,0.0625,-2.4794008948703006,1
1,1,1,1,1,0,0,1,1,1,0,0,1,1,1,0,0.0,-2.4761688656174616,1
0,1,0,0,0,1,1,0,1,1,1,1,1,1,1,1,0.0,-2.4758454512468404,1
1,1,1,1,0,0,1,1,1,1,1,0,1,0,0,1,0.0,-2.4754515721305603,1
0,0,1,0,0,0,1,0,0,1,1,0,0,0,1,0,0.0,-2.4751425228558213,1
0,0,0,1,0,0,0,0,0,0,1,1,1,0,1,0,0.0,-2.474983397910369,1
0,1,1,0,0,0,0,0,0,1,0,0,1,0,0,1,0.0,-2.4735184014888483,1
0,0,0,0,0,0,0,1,0,0,0,1,1,1,1,0,0.0,-2.471123227352014,1
0,0,1,1,0,0,0,0,0,0,1,0,0,1,1,0,0.0,-2.470070989078732,1
1,1,1,1,0,1,1,0,0,1,1,0,1,1,1,0,0.0,-2.4666676173236777,1
0,0,1,0,1,0,0,1,0,0,0,0,1,0,1,0,0.0,-2.4664561645401486,1
1,0,0,0,1,0,0,0,0,1,0,0,1,0,1,0,0.0,-2.4654334769929473,1
0,0,0,0,1,0,1,1,0,1,0,0,0,1,0,0,0.0,-2.464993926529094,1
0,0,1,1,1,0,0,0,1,0,0,1,0,0,0,0,0.0,-2.4648148429924124,1
1,0,1,1,1,1,0,0,0,1,1,1,1,1,1,0,0.0,-2.464571409675722,1
0,0,1,0,1,0,0,1,0,0,1,0,1,0,0,0,0.0,-2.4641832252775737,1
1,0,1,0,0,0,0,0,0,1,0,0,1,1,0,0,0.0,-2.4636908263529698,1
1,1,1,0,0,1,0,1,0,1,1,1,0,1,1,1,0.0,-2.463224606426656,1
1,1,0,0,0,0,0,0,1,0,0,0,0,1,1,0,0.0,-2.4628782346004705,1
1,1,1,1,0,1,0,0,0,0,1,1,1,1,1,1,0.0,-2.462445849633804,1
1,0,0,1,1,0,0,0,0,1,0,0,1,0,0,0,0.0,-2.4619188772609375,1
1,1,1,0,0,0,0,0,0,0,0,0,0,1,1,0,0.0,-2.4607684486162213,1
1,1,1,0,1,1,0,1,1,1,0,0,1,1,1,0,0.0,-2.460514693607494,1
0,1,0,1,0,1,0,0,0,0,1,0,0,0,1,0,0.0,-2.4602633542657757,1
1,0,1,0,1,0,0,0,0,1,0,0,0,1,0,0,0.0,-2.4582012520584424,1
1,1,1,0,1,1,1,0,0,1,1,0,0,1,1,1,0.0,-2.457797967368716,1
1,0,0,0,1,0,0,0,0,0,1,0,0,0,1,1,0.0,-2.4577008554246573,1
1,1,1,1,1,1,1,0,0,1,0,1,1,1,0,0,0.0,-2.4572276233172685,1
1,1,1,1,1,1,1,0,0,0,1,0,1,1,1,0,0.0,-2.4571486067269968,1
0,1,0,1,0,1,0,1,0,0,0,0,0,1,0,0,0.0,-2.4505459402530003,1
0,0,0,1,1,1,0,0,1,0,0,0,1,0,0,0,0.0,-2.4505418484792507,1
1,1,0,0,1,1,0,0,0,0,0,0,0,0,1,0,0.0,-2.44566857293222,2
0,1,0,0,0,0,0,0,0,0,0,1,0,1,1,0,0.0,-2.1573246627356673,1
1,1,0,1,1,1,0,0,1,1,1,1,1,1,1,0,0.0,-2.1561925248749283,1
1,1,0,1,0,1,1,1,1,1,0,1,1,1,1,0,0.0,-2.155045164697243,1
1,1,1,0,1,1,0,0,1,1,0,1,1,1,1,1,0.0,-2.1513887432552687,1
1,0,1,0,0,1,0,0,0,0,0,0,0,1,0,0,0.0,-2.124767181780927,1
