
#parameters    
param n, integer, > 0; /* number of assets */    
param B, >= 0;      
param mu{i in 1..n};                          
param sigma{i in 1..n, j in 1..n};    
param q;    
                                              
#variables                                    
var y{i in 1..n, j in 1..n}, binary;    
var x{i in 1..n}, binary;                     
    
#capacity constraint    
s.t. card0: sum{i in 1..n} x[i] = B ;    
#constraints to link x and y                   
s.t. card1{i in 1..n,j in 1..n}: y[i,j] <= x[i] ;    
s.t. card2{i in 1..n,j in 1..n}: y[i,j] <= x[j] ;    
s.t. card3{i in 1..n,j in 1..n}: y[i,j] >= x[i]+x[j]-1 ;    
    
#objective function    
minimize obj: sum{i in 1..n, j in 1..n} y[i,j] * sigma[i,j] * q - sum{i in 1..n} mu[i]*x[i];    

solve;
printf: "{ ""solution"": [%d", x[1] > "results/scenario2_B0.5_classical/IPL_linearized_N50q0.30B25_solution.json";
printf{i in 2..n}: ",%d", x[i] >> "results/scenario2_B0.5_classical/IPL_linearized_N50q0.30B25_solution.json";
printf: "]}" >> "results/scenario2_B0.5_classical/IPL_linearized_N50q0.30B25_solution.json";

#data:
data;

param n := 50;
param q := 0.30000000000000004;
param B := 25;
param mu :=
1 -0.0010753937018997627
2 0.003184989688125284
3 0.004947662593461677
4 -0.0010761150631194815
5 -0.0017767353451441203
6 0.005235464981643951
7 -0.0038837243913531438
8 -0.0009972167745616266
9 0.0020718886471820463
10 -0.001777451961215193
11 -0.002148705581971805
12 -0.0015744878851202682
13 0.0030134719660018404
14 -0.004934690969784067
15 0.006042996525424682
16 0.0049356108129312735
17 -0.0026570361436570543
18 0.000646923625153889
19 0.0010580943356939155
20 0.005429620524810386
21 0.0005083401040078761
22 0.0007339970465524926
23 -0.0030671373116341106
24 -0.0042660856409866225
25 0.0007755294796409462
26 0.0025180639828712827
27 0.006019197528018666
28 -0.0006716303219082953
29 0.00164504682190324
30 0.0002097645563815531
31 -0.004658108505997444
32 0.0002921787234012985
33 0.0035644548681372733
34 -0.0008038609869957414
35 0.0004422936748512296
36 7.888916867924146e-05
37 0.0006917673479394538
38 -0.006339404861740239
39 0.008514820035294496
40 -0.0016109337674434453
41 0.004165861139529709
42 -0.003935161698451939
43 0.0029177764464053068
44 -0.00024362753419397422
45 -0.003987896114206612
46 0.0013705180789189864
47 0.003850267111173938
48 -0.0022707007553109783
49 0.0003266678685980906
50 -0.00044791099769350695;
param sigma : 1 2 3 4 5 6 7 8 9 10 11 12 13 14 15 16 17 18 19 20 21 22 23 24 25 26 27 28 29 30 31 32 33 34 35 36 37 38 39 40 41 42 43 44 45 46 47 48 49 50 :=
1 0.0002982431682116612 0.0001984519067298755 4.066140809386464e-05 0.00030816999049993154 0.0001211144461594076 0.0001337003425412675 0.00031804744420077996 0.00018667403592457842 0.0002262585327372305 0.00028591851633215533 0.0003334100262795684 0.00014078274985845432 0.00016988714580645488 0.00031118457477839707 6.626917183619475e-05 3.1282759516382583e-05 0.0002804769767720224 7.939686708218188e-05 7.047647593703531e-05 6.731079928085501e-05 6.148634587030687e-05 0.00014352127069967236 0.000349512558572337 0.00038760002418815787 9.385536005734646e-05 3.3768913292644344e-05 6.539112017760022e-05 7.773171908892217e-05 0.000512993296836017 7.64328182670552e-05 0.0004267158154579395 8.53712573082493e-05 0.00012376777995425556 0.0002165597073728197 0.00013748675894057172 0.00020991792659077031 0.000254817587255099 0.0005059096652059373 -8.29459183430754e-06 9.221436181744086e-05 8.010054507322373e-05 -0.0001221891994693296 0.0001393850557203419 0.0003288580392396167 0.0002442166888682321 8.694387256517777e-05 -3.701023256704551e-05 0.00023325410720199136 5.18377952767569e-05 0.00044361825247554026
2 0.0001984519067298755 0.0014472109547375082 0.000400668951446065 1.661952344363827e-05 -5.771104207303522e-06 0.00030472526247925566 -3.9334269027355656e-05 1.5475391480533896e-05 0.00011607480641886068 -0.00012655374971549295 0.00014483019574234067 0.00014135819343308957 0.000182265166267165 -6.312957592127448e-05 4.6619808421680607e-05 6.95961743794565e-06 0.00048046468037487146 0.00031673039016198235 0.0003982385750040549 0.00016742244565173283 9.177203509258438e-05 6.309555846686821e-05 0.000283720656753911 0.00011322140424014313 0.0009574537377765053 0.00021776035995719074 0.00019729044688101513 -3.700210106599147e-05 0.00012603926252758186 0.00011571017558663346 0.0002054242362526324 0.00017028905882218205 0.00010272087829656526 0.00037743289619757657 -9.119868945745588e-05 -7.001862112365926e-06 0.00023884928287129083 0.00021553496592041323 6.0717342533813964e-05 -0.00012864977072046523 0.0002689679706735428 0.00013342732541221446 8.09175489296392e-05 0.00035037619651401855 0.0006323149261786616 0.00013924162591746956 4.877614922902603e-05 -9.8084948956537e-05 0.000357331543756012 0.0003114998834823748
3 4.066140809386464e-05 0.000400668951446065 0.0003728678247217739 -7.996734128615067e-05 -6.280364334224773e-06 0.00023025406267057519 -9.719573257412082e-05 -1.4771478438274612e-06 3.398789733937578e-05 -0.00014269813891060307 1.4770035701316033e-05 0.00015406844904168233 0.00011009972036598026 -0.0001258087606416622 0.00010405226283123559 0.00010974951832279412 0.00012722476478036125 0.00025882919426489516 0.00025343131715936125 0.0002186572117352291 0.00012936690964092268 0.0001153256200851176 3.7612896584535115e-05 -7.643645347285639e-05 0.0003781763102416394 0.00016363511176710623 0.00019502443730114567 1.2035109202787577e-06 -5.8222929629796807e-05 0.00016995296261128375 -9.402784789924375e-05 0.00019746661590631383 7.175572993438127e-05 0.0002483235465086351 -0.0001466996547712296 -4.750813381724393e-05 1.982540155499065e-05 2.5311673715866233e-05 0.00020293378717828485 5.184934065512932e-05 0.0001896323000524488 0.00037292841864813365 0.0001301897516621421 0.0001315434943995038 0.0002203750234795754 2.5355661427409286e-05 0.000175417795518 -0.00011093857555749809 0.00016636275549493333 -3.2592661896963294e-05
4 0.00030816999049993154 1.661952344363827e-05 -7.996734128615067e-05 0.0006390151821220779 0.00019796470718055954 5.706621340129454e-05 0.0004388859292526839 0.000221304835314838 0.00023043473674195004 0.0005195403314742134 0.0005322306755599049 0.00011355070864043202 0.0002005161930334944 0.0006177291269676631 1.9111638375333535e-05 5.3456022524503e-05 0.0003179171531029788 1.815722229421187e-05 4.4769407471472516e-05 5.94411541929599e-07 0.00012459970638155295 0.00021931562356372684 0.0003176829751535905 0.0005950191228211766 -4.55597179537228e-05 -7.910402180102688e-06 5.858876097706468e-05 0.00013488649215697495 0.0009101102833784464 9.660315293309754e-05 0.0007328417701660965 9.565447637815311e-05 0.00016559476266254252 0.00019018313377799207 0.00018593919570218586 0.00037717906454579053 0.0003981071672363651 0.0007735683220915588 -4.129463510184254e-05 0.00016638697419255817 3.5623457454145386e-05 -1.155059986183986e-05 0.0001229619450886653 0.00037218571593338726 0.00027308221605916845 7.479774025968331e-05 -5.5409625738541756e-05 0.00044973655631848824 -1.7863406695617828e-05 0.000753844393021125
5 0.0001211144461594076 -5.771104207303522e-06 -6.280364334224773e-06 0.00019796470718055954 0.00024484403636604595 3.908862532726042e-05 0.0001864635276044783 7.884428049575446e-05 5.880907822864383e-05 0.00012904103440667335 0.00014585012947313433 5.450973588324088e-05 0.00010178646328991686 0.00016590034183684558 4.1952178579472296e-05 8.070034279541697e-05 0.00017933947495625012 4.7200954837427655e-06 2.0648228771049853e-05 -3.870745996142029e-06 5.554023518079249e-05 9.685058678634343e-05 0.00014110601343961368 0.00018348048574557505 -4.158762628266953e-05 2.4811653101486778e-05 5.4392397724489665e-05 8.891834994779091e-05 0.00024551856488684115 2.353313219620166e-05 0.0002062003466601563 5.8219156466128634e-05 5.305484626377564e-05 3.118929867521625e-05 5.88432423022159e-05 6.085201541795437e-05 0.00010863116865978248 0.00027095585039430545 1.4325001192330839e-05 4.898208282669697e-05 1.4765859925731676e-05 -7.335904737919024e-06 0.00011310063518286126 0.00014462372885678222 9.209623453093153e-06 4.936133432370294e-05 5.3466080365906786e-05 0.0001291585027403233 5.623727977884748e-05 0.0001815194861577665
6 0.0001337003425412675 0.00030472526247925566 0.00023025406267057519 5.706621340129454e-05 3.908862532726042e-05 0.0002733419496137259 3.477895143537723e-05 5.051346409665849e-05 9.916941305984505e-05 -6.168847225093409e-06 9.543982671936416e-05 0.0001417174670727858 0.00011748718885063415 2.4728857277778972e-05 9.008004698103146e-05 9.805015049092461e-05 0.00018741883482087916 0.00018325529638013377 0.0001717179622333133 0.000175423188337835 0.00011498215090549717 8.17384484626215e-05 9.810903001583093e-05 -1.175633436768667e-05 0.00025539884330274805 0.0001121274356142816 0.00013709643168118325 7.725075726064518e-05 0.00013219981739832448 0.00016347673105343718 4.752261161998423e-05 0.0001569451878637204 8.39971049298963e-05 0.00022832359305415616 -3.822111433442034e-05 3.5144018749857746e-05 0.0001125627484524276 0.000149400318094841 0.00010172163532279983 8.143139549939127e-05 0.0001472349543956012 4.427094628410364e-05 0.00013710733437533943 0.00016679518061760506 0.00015686595524459863 9.194469625928772e-05 9.502889178853833e-05 1.21509693935387e-05 0.00014402966053455088 6.495832121655436e-05
7 0.00031804744420077996 -3.9334269027355656e-05 -9.719573257412082e-05 0.0004388859292526839 0.0001864635276044783 3.477895143537723e-05 0.0005983319314381478 0.0002426446345592235 0.0002146713560576629 0.0004615821440860841 0.0004951483001659293 0.00011642359763688896 0.0001301584432410816 0.00045508355455826813 -9.919300745347762e-06 -5.802088804962899e-05 0.0002516776269461224 -2.6235150833894035e-05 -3.224852996061595e-05 -7.628539913831437e-05 2.474920432134516e-06 0.0001741345389975701 0.0005375556917813666 0.0007307911995096744 -8.568195683095511e-05 -7.197711497370924e-05 1.0111681196138183e-05 0.00013354122987045092 0.0008121951021673983 -2.0860740352514474e-06 0.0006879713955639575 -2.2586689644460103e-05 0.00014466411174115522 0.00011496582562936889 0.0002043424463540004 0.000304959087698234 0.0003245050918294761 0.0006478096374821751 -0.0001063281968038148 0.00012643490340175892 -2.1861213360099604e-05 -0.00010194908764518557 0.00015110619376979388 0.0003479407509917665 0.00019839314146028836 6.801142665940182e-05 -9.672638480450656e-05 0.00040143292504187547 -0.00010349259867721161 0.000676240839860527
8 0.00018667403592457842 1.5475391480533896e-05 -1.4771478438274612e-06 0.000221304835314838 7.884428049575446e-05 5.051346409665849e-05 0.0002426446345592235 0.00018544184177312568 0.0001479011924463795 0.00021567298559929665 0.0002249733660386207 8.279746962227936e-05 9.377441216941789e-05 0.00023442148473400653 4.1244273945119695e-05 3.6448857000823226e-05 0.00011283189372978831 2.43657623047614e-05 2.404134909853972e-06 2.9703987562318306e-05 1.3931319909381689e-06 0.0001260443672447671 0.00016631230304023302 0.00029575642531733717 -1.6436091046116677e-05 1.2030668095647513e-05 1.4656963901855384e-05 4.1259725637278576e-05 0.00030662400572635556 6.267750687497344e-05 0.0002721868164848604 6.094526652230782e-05 0.00010197295330277853 0.0001328172014975319 0.00012301312741039248 0.00012704660467826155 0.00017215013402238651 0.0003099436748632243 -1.2584672438775847e-05 8.512326807867783e-05 4.672093010997963e-05 -6.224189691968162e-05 0.00013673938710084553 0.00020517122438455093 9.461618968333424e-05 3.945436226101926e-05 2.7788480353060583e-05 0.0001877340409076983 -1.9562517266516356e-05 0.00031698532355162797
9 0.0002262585327372305 0.00011607480641886068 3.398789733937578e-05 0.00023043473674195004 5.880907822864383e-05 9.916941305984505e-05 0.0002146713560576629 0.0001479011924463795 0.00026564527270201506 0.00024406629632607872 0.00023535451139643153 0.00015620572434253544 0.00012361597087567628 0.0003022563969567303 7.011300050575058e-05 1.087634557381956e-05 0.0002372957216468676 0.0001132002612485836 0.00013208880746223785 8.142736437230496e-05 9.413420195178763e-05 8.298203274332404e-05 0.00031772136416666446 0.00026973403289319315 2.3038449031941633e-05 8.962586082940531e-05 6.511842912132003e-05 1.131242199666783e-05 0.0004099812681382784 0.00010209162945276026 0.00030070797543424633 0.00011584214010342748 7.928893019869523e-05 0.0002110837166355892 0.00014097441814078698 0.00015517797459994062 0.0001777639025030936 0.00040887503396935365 3.150131710565373e-05 9.659608902025156e-05 9.456951103963092e-05 -5.821528103866232e-05 0.00012227073295689402 0.000287180500338425 0.00027786490364037234 7.14846136121872e-05 1.0987153263741488e-05 0.0001643262881235441 0.00010207496911040436 0.0002943525444410893
10 0.00028591851633215533 -0.00012655374971549295 -0.00014269813891060307 0.0005195403314742134 0.00012904103440667335 -6.168847225093409e-06 0.0004615821440860841 0.00021567298559929665 0.00024406629632607872 0.0005576072916489424 0.00048354693519659454 7.347158944952119e-05 0.00010532961974256896 0.0006037084686540565 1.4183449265719675e-05 -1.4395973248716507e-05 0.0002804965505947682 -5.049144088660664e-05 -4.526820812720983e-05 -4.8957181948395795e-05 3.571790027342903e-05 0.00016955350958891807 0.00042143660295547507 0.0006465017490263304 -0.00015905722357679127 -9.1964472707254e-05 -2.9898864668323823e-05 9.115152675486772e-05 0.0008309435291524368 2.5912682722887205e-05 0.0006974740426283586 4.873372650623991e-06 0.00011084603361631618 0.00010394113269336877 0.0002538137010283218 0.0003930041479058505 0.00032169071489197956 0.000785436368564765 -0.0001032656314293545 0.00013531552711596142 -4.3470672757575426e-05 -0.00010530803906628301 9.652081246778767e-05 0.00029240416340146116 0.0002052393307645633 5.186591009691795e-05 -0.00010458552390490704 0.0004063247379351532 -6.800716556252753e-05 0.0006786277381191357
11 0.0003334100262795684 0.00014483019574234067 1.4770035701316033e-05 0.0005322306755599049 0.00014585012947313433 9.543982671936416e-05 0.0004951483001659293 0.0002249733660386207 0.00023535451139643153 0.00048354693519659454 0.0006636998345885119 0.0001858789343458482 0.00021190226005308871 0.0005381027921623606 -2.1876843565779944e-05 -6.567045601479093e-07 0.00041884878553452343 8.035468695858458e-05 6.601760833826437e-05 1.6150890454117705e-05 8.733112644196854e-05 0.00022851963689568246 0.0005189140031884351 0.000689986810506963 9.414779360001772e-05 -5.6858275230780885e-05 0.0001029045958969123 0.0001422904349301615 0.0011161433200511924 5.652987680920098e-05 0.000792678416866297 5.740431811722229e-05 0.00021041025784476189 0.0002765980154398694 0.0001511051471182046 0.00041033297151469596 0.0004022657942385694 0.0008415004074622895 -1.7440262209485966e-06 0.00016159586671953788 8.623376122264636e-05 0.00016849321707534305 0.00017298865061423494 0.0004315596953833438 0.0003611326397138392 7.550295085043499e-05 -9.183764927234668e-05 0.0004265927116841739 -5.621100870438765e-05 0.0008104851316365156
12 0.00014078274985845432 0.00014135819343308957 0.00015406844904168233 0.00011355070864043202 5.450973588324088e-05 0.0001417174670727858 0.00011642359763688896 8.279746962227936e-05 0.00015620572434253544 7.347158944952119e-05 0.0001858789343458482 0.00020665655480499667 0.00017039927998550815 0.0001285918978314291 7.653849779410308e-05 5.1702058776119836e-05 0.00019073564641265142 0.00018245695294394844 0.00018154962671007222 0.00014412574920277677 0.00014578578015849139 0.00010560832155847972 0.0002109903469564214 0.00012991781118571092 0.00014881311400567136 0.0001368712761027834 0.00014198891751191717 3.498898649551879e-05 0.0003356618997634871 0.00016152981541558154 0.00014404924647825075 0.0001471873809502307 0.00010536902266851747 0.00022303744595772486 -4.103037681890747e-06 6.407703212098213e-05 0.00011197979846395726 0.0002055033740604721 0.0001004553412972201 0.00011372700686404116 0.00015972877315786484 0.00024562602125731355 0.0001492289561313662 0.0002318386330573403 0.000238197747737712 6.465718585086473e-05 9.95602641335573e-05 7.192257705065644e-05 0.00010533491807857304 0.00016328996941070435
13 0.00016988714580645488 0.000182265166267165 0.00011009972036598026 0.0002005161930334944 0.00010178646328991686 0.00011748718885063415 0.0001301584432410816 9.377441216941789e-05 0.00012361597087567628 0.00010532961974256896 0.00021190226005308871 0.00017039927998550815 0.0002507571666499509 0.00018023629369406553 0.00010412862376836045 9.118635052758942e-05 0.00018576610684710955 0.00015027060831180713 0.00010286135309017753 0.00010298707499850087 0.00016980650062597405 0.00016524360647874597 0.00011835061162525923 0.00018527949721882598 0.00020532976725926976 0.0001315910232232556 0.00012054794123290438 6.311399087151803e-05 0.00033258321789494526 0.00015113427424175732 0.00020725119058332894 0.00012072335615787643 0.00012521715168739987 0.00018913302219525854 5.505642826741005e-05 8.995372289679413e-05 0.0001761190520111489 0.00022298019206459785 7.184338260592814e-05 0.00010616825926260825 0.00011044341816187793 0.00022777002594888396 0.00010600804372597546 0.00024667050572360513 0.00016032314094086133 8.957539820082675e-05 8.527859561625722e-05 0.00012201812391962621 0.00010968847913966056 0.00023506849780160084
14 0.00031118457477839707 -6.312957592127448e-05 -0.0001258087606416622 0.0006177291269676631 0.00016590034183684558 2.4728857277778972e-05 0.00045508355455826813 0.00023442148473400653 0.0003022563969567303 0.0006037084686540565 0.0005381027921623606 0.0001285918978314291 0.00018023629369406553 0.0007577466195952185 5.6218498324293284e-05 4.31884167051058e-05 0.0003464144101343601 1.555675483990873e-05 1.913926619545815e-05 1.799564609801592e-05 0.00011248905993461871 0.0002152103387054521 0.00045083905377640924 0.0006989446808031432 -0.00011565620593845618 -2.5206761148042976e-05 -1.5941610352419866e-05 0.00010462244275593366 0.0009404142690023925 8.313358646904315e-05 0.0007583896155142072 6.355619584516308e-05 0.00016344482512187697 0.00016901751373494696 0.00033194422896781474 0.00041498801396312805 0.00037086647808453455 0.000894866392262322 -6.45534043057632e-05 0.0001678606263904106 2.3310535207437236e-05 5.686031279562417e-05 0.0001223714211904916 0.0003561854260021669 0.00026175706527162545 9.186689551068961e-05 -1.5878592770783067e-05 0.0004324558660085209 -2.2517803291986964e-06 0.0007483663244437906
15 6.626917183619475e-05 4.6619808421680607e-05 0.00010405226283123559 1.9111638375333535e-05 4.1952178579472296e-05 9.008004698103146e-05 -9.919300745347762e-06 4.1244273945119695e-05 7.011300050575058e-05 1.4183449265719675e-05 -2.1876843565779944e-05 7.653849779410308e-05 0.00010412862376836045 5.6218498324293284e-05 0.0001498397455650934 0.00011242808640349164 6.380905598968863e-05 8.752934365821146e-05 4.774022160973615e-05 0.00011613981155706056 8.655427080505332e-05 8.654774961381688e-05 -7.69348818399079e-06 9.130638205014294e-06 8.043088591885188e-05 0.00010583948260816471 5.3360847165826934e-05 -6.874072696220359e-06 -8.12668948199044e-05 0.00011268625263702752 -3.523532390140839e-05 8.48393002563869e-05 1.9870926768907115e-05 6.636831671510403e-05 5.095152320916396e-05 7.011068416959374e-06 1.986914539906872e-05 3.373956637674415e-05 6.085512377036891e-05 6.340027698183926e-05 3.9618211844222e-05 8.508482969049135e-05 7.515045352565321e-05 6.177618696023574e-05 7.508037190711915e-07 4.110165566428607e-05 0.00012491294762146442 1.3109001838285517e-06 8.538339991025346e-05 -1.2798827695675589e-05
16 3.1282759516382583e-05 6.95961743794565e-06 0.00010974951832279412 5.3456022524503e-05 8.070034279541697e-05 9.805015049092461e-05 -5.802088804962899e-05 3.6448857000823226e-05 1.087634557381956e-05 -1.4395973248716507e-05 -6.567045601479093e-07 5.1702058776119836e-05 9.118635052758942e-05 4.31884167051058e-05 0.00011242808640349164 0.00016616530871964804 5.5577642899616356e-05 6.8800599736418e-05 2.9275956435342048e-05 0.00011899287059488167 8.369765668719657e-05 0.00010150308918007663 -0.00013222376818158206 -8.542876808098916e-05 5.5372988512593515e-05 7.181172797678288e-05 8.007122201928765e-05 2.7890039945298546e-05 -5.517302016276208e-05 9.3523129492661e-05 -5.6214281072390935e-05 9.336637749824025e-05 4.5557335782853126e-05 5.732162874496515e-05 1.3512343336735641e-05 -3.908871697586605e-06 2.1880946985155684e-05 5.0451260280217615e-05 0.00010147008458308105 7.265814915336652e-05 5.921715447694423e-05 0.00010415027820422026 9.321104527464274e-05 3.238448707777047e-05 -8.503623753e-05 4.393447127595659e-05 0.00014762394327856213 5.259576040224464e-06 6.245420929442512e-05 -1.743741718661716e-05
17 0.0002804769767720224 0.00048046468037487146 0.00012722476478036125 0.0003179171531029788 0.00017933947495625012 0.00018741883482087916 0.0002516776269461224 0.00011283189372978831 0.0002372957216468676 0.0002804965505947682 0.00041884878553452343 0.00019073564641265142 0.00018576610684710955 0.0003464144101343601 6.380905598968863e-05 5.5577642899616356e-05 0.0006648845032712465 0.0001533300608212614 0.00019793513866968234 9.69716008636782e-05 9.148620345299932e-05 0.0001123165647243403 0.0004439305587136862 0.00040525590537173823 0.00024243685404635567 4.8643879325014436e-05 9.067154965619064e-05 4.2687027573553636e-05 0.0007522920800596222 9.52970125169324e-05 0.0005501441074586882 7.262056114361429e-05 5.5708173562847975e-05 0.00025717199727845 3.129015734174508e-05 0.00027589765029349586 0.0002797383381194708 0.0006279039806874064 6.155945356163295e-05 8.167753893764981e-05 9.411557943630578e-05 9.349476089582208e-05 0.00018435289071233347 0.0003575667805861941 0.00036245300973289927 9.300715256294071e-05 -2.7246600664786183e-05 0.0002449096775362989 0.00014000395000247337 0.0005089454759623812
18 7.939686708218188e-05 0.00031673039016198235 0.00025882919426489516 1.815722229421187e-05 4.7200954837427655e-06 0.00018325529638013377 -2.6235150833894035e-05 2.43657623047614e-05 0.0001132002612485836 -5.049144088660664e-05 8.035468695858458e-05 0.00018245695294394844 0.00015027060831180713 1.555675483990873e-05 8.752934365821146e-05 6.8800599736418e-05 0.0001533300608212614 0.0002487414835073915 0.0002461286129154514 0.0001753860959110798 0.0001624194785866143 9.868915537105691e-05 0.00011810779252861012 9.11283504759126e-06 0.0002877516576521297 0.000184144797565377 0.00016103530572453016 9.076713762623285e-06 0.00011084898484629763 0.00018108311010303816 1.3346412779828687e-05 0.00018815541051895546 8.523757680715393e-05 0.0002561909737471211 -4.904840368053325e-05 -4.110960726271189e-06 6.917187516646814e-05 8.085872972292409e-05 0.00015829392160697918 7.128497712780276e-05 0.0001850712145977592 0.0003439135913440458 0.00011491798113015013 0.0001910314370509382 0.00027032505478488537 4.621791306377411e-05 0.00013766007019145874 -2.9837781121551107e-05 0.00017746599948609108 3.58142649165147e-05
19 7.047647593703531e-05 0.0003982385750040549 0.00025343131715936125 4.4769407471472516e-05 2.0648228771049853e-05 0.0001717179622333133 -3.224852996061595e-05 2.404134909853972e-06 0.00013208880746223785 -4.526820812720983e-05 6.601760833826437e-05 0.00018154962671007222 0.00010286135309017753 1.913926619545815e-05 4.774022160973615e-05 2.9275956435342048e-05 0.00019793513866968234 0.0002461286129154514 0.00034193153704522287 0.00018652417859848524 0.0001589474786577679 3.354177920702794e-05 0.00016915526028902367 -1.7089596375126585e-05 0.0002707377377986129 0.00020440226529314762 0.00017736259467723072 -2.0553111812085305e-05 0.00016249784509994857 0.0001732224402352797 3.4381911435455566e-05 0.000223460194292564 5.453495017952889e-05 0.0002683346194273414 -0.00013201280474067466 -1.925072023176018e-05 6.253811343629122e-05 0.00012040064648310465 0.00015028873432622623 4.540151220096152e-05 0.0002156540948927585 0.0002705564651712884 0.0001043985117504581 0.00020665056221750149 0.0004060247573549036 2.7209563824338878e-05 0.00012043852476717519 -4.471421875639322e-05 0.00020173788463741978 7.01197696481624e-05
20 6.731079928085501e-05 0.00016742244565173283 0.0002186572117352291 5.94411541929599e-07 -3.870745996142029e-06 0.000175423188337835 -7.628539913831437e-05 2.9703987562318306e-05 8.142736437230496e-05 -4.8957181948395795e-05 1.6150890454117705e-05 0.00014412574920277677 0.00010298707499850087 1.799564609801592e-05 0.00011613981155706056 0.00011899287059488167 9.69716008636782e-05 0.0001753860959110798 0.00018652417859848524 0.0002610388904146728 9.40383994330341e-05 5.753239242664068e-05 2.521776051058062e-05 -7.591136095777044e-05 0.00014178466242532152 0.00013058197315608117 9.071040016197016e-05 -6.6210970996786764e-06 2.1279615455459095e-05 0.00014091665885639725 -7.163832517390344e-05 0.00016365681775327566 6.717034871919292e-05 0.0002041695388284616 -6.974931500663143e-05 -1.9509163649296174e-05 8.88021713220402e-06 8.762846479201883e-05 0.00014459028390544963 6.806214879635794e-05 0.00018011766997158202 0.00017536752654224245 9.694114441815165e-05 9.759517377164585e-05 0.0001457815885888781 2.4223899804843033e-05 0.00015730318099555117 -6.147853196479356e-05 9.069396397553718e-05 5.971869463259608e-06
21 6.148634587030687e-05 9.177203509258438e-05 0.00012936690964092268 0.00012459970638155295 5.554023518079249e-05 0.00011498215090549717 2.474920432134516e-06 1.3931319909381689e-06 9.413420195178763e-05 3.571790027342903e-05 8.733112644196854e-05 0.00014578578015849139 0.00016980650062597405 0.00011248905993461871 8.655427080505332e-05 8.369765668719657e-05 9.148620345299932e-05 0.0001624194785866143 0.0001589474786577679 9.40383994330341e-05 0.0002376595512810047 9.984034975966094e-05 2.4631939666377124e-05 -4.178560715781132e-05 0.0001587077392596593 0.00016437046058272292 0.00019072108295547192 4.528475993046933e-05 0.00019669263193661523 0.00016650255113252426 5.1374106082646614e-05 0.00015684701892450603 7.831764964914296e-05 0.00013109752630426075 1.0667430988713515e-05 3.425137061275698e-05 8.961355761531862e-05 0.000125945769874271 0.00010306801079682682 0.00010945073010434083 0.00010979811761113879 0.0002208830238283 6.493463506893814e-05 0.0001563320559589235 0.0001615905461596931 9.038897141225451e-05 0.00011166674635313995 3.187972820712847e-05 0.0001735612744826995 4.4203194241793274e-05
22 0.00014352127069967236 6.309555846686821e-05 0.0001153256200851176 0.00021931562356372684 9.685058678634343e-05 8.17384484626215e-05 0.0001741345389975701 0.0001260443672447671 8.298203274332404e-05 0.00016955350958891807 0.00022851963689568246 0.00010560832155847972 0.00016524360647874597 0.0002152103387054521 8.654774961381688e-05 0.00010150308918007663 0.0001123165647243403 9.868915537105691e-05 3.354177920702794e-05 5.753239242664068e-05 9.984034975966094e-05 0.00023778098413365948 0.00013098813745460817 0.0003088663329175811 0.00014313972225228966 4.342921712545472e-05 9.135644847789264e-05 7.602579131177353e-05 0.000259797137360908 0.00012181255794909444 0.00025110156102818744 9.397956839348201e-05 0.0001324806108596743 0.00013949479693974736 8.429813283066679e-05 0.00014252008575165912 0.0001586691808102593 0.00030236617374163966 5.8948101024758795e-05 0.00010856275626847996 6.444560504829013e-05 0.00033209816965624485 0.00013470640602429975 0.00019344828457840496 8.07050769047253e-05 4.672355394009271e-05 8.648933171430208e-05 0.00014616019652711513 3.171851307233258e-05 0.00028358895474526097
23 0.000349512558572337 0.000283720656753911 3.7612896584535115e-05 0.0003176829751535905 0.00014110601343961368 9.810903001583093e-05 0.0005375556917813666 0.00016631230304023302 0.00031772136416666446 0.00042143660295547507 0.0005189140031884351 0.0002109903469564214 0.00011835061162525923 0.00045083905377640924 -7.69348818399079e-06 -0.00013222376818158206 0.0004439305587136862 0.00011810779252861012 0.00016915526028902367 2.521776051058062e-05 2.4631939666377124e-05 0.00013098813745460817 0.0009500126586892216 0.000799438198906067 0.00012086041385397436 -2.9632926490113487e-05 4.8625394174357274e-05 0.00010349545386154764 0.0008932529823765668 1.26531977801746e-05 0.000705489086350822 4.73109078178887e-05 0.00014641883579816055 0.00027028920170783094 0.00018741572106988015 0.000334979814114969 0.0002592536652310455 0.0008106333792326694 -6.920006073392462e-05 4.824423875424431e-05 0.00011594896640128263 0.0001896805764144326 0.00016099221768801634 0.00043075530644720854 0.000546610838643085 5.772128060663169e-05 -0.00013540422465822184 0.0002585529155274223 4.144114863059161e-05 0.0006357508815997634
24 0.00038760002418815787 0.00011322140424014313 -7.643645347285639e-05 0.0005950191228211766 0.00018348048574557505 -1.175633436768667e-05 0.0007307911995096744 0.00029575642531733717 0.00026973403289319315 0.0006465017490263304 0.000689986810506963 0.00012991781118571092 0.00018527949721882598 0.0006989446808031432 9.130638205014294e-06 -8.542876808098916e-05 0.00040525590537173823 9.11283504759126e-06 -1.7089596375126585e-05 -7.591136095777044e-05 -4.178560715781132e-05 0.0003088663329175811 0.000799438198906067 0.0012534343789268637 4.144514903259093e-05 -0.00012545151048141872 -9.866545270989838e-05 0.00010888674054592601 0.0010639582151576548 -1.555641842881841e-05 0.0010056696891631556 -5.471208534576765e-05 0.00017593145957718354 0.00020441614212119016 0.0002591157249818296 0.0004764693480426475 0.0004297702039793867 0.0009239948348586109 -9.672124076045268e-05 0.0001195926242527226 -5.2044854832098646e-05 0.0003634916114978974 0.00014063828662599047 0.0004506816948791622 0.00034555503721927225 1.623923264529988e-05 -0.00011641348611833467 0.0005079239903496357 -0.00017371398757159696 0.001016264271542369
25 9.385536005734646e-05 0.0009574537377765053 0.0003781763102416394 -4.55597179537228e-05 -4.158762628266953e-05 0.00025539884330274805 -8.568195683095511e-05 -1.6436091046116677e-05 2.3038449031941633e-05 -0.00015905722357679127 9.414779360001772e-05 0.00014881311400567136 0.00020532976725926976 -0.00011565620593845618 8.043088591885188e-05 5.5372988512593515e-05 0.00024243685404635567 0.0002877516576521297 0.0002707377377986129 0.00014178466242532152 0.0001587077392596593 0.00014313972225228966 0.00012086041385397436 4.144514903259093e-05 0.0008316945316629241 0.00018832557758702585 0.0002390092368433141 1.6291347836501596e-05 4.5039164396418435e-05 0.00018322576056787877 3.538689210480731e-05 0.00017456596914247678 0.00012652187382417103 0.0002973009219498121 -0.00011519982748329416 -1.1092023941058503e-05 0.00014854583149961822 2.7985275693423407e-05 9.223599140041376e-05 -3.0322491230768992e-05 0.0002174521124861713 0.00046972162679469914 9.072350886919717e-05 0.00022664637104479816 0.00039526628557102507 0.00012261467410988838 0.00010949546998118144 -0.00011815964009478824 0.00026176336603402246 0.00012871745279961977
26 3.3768913292644344e-05 0.00021776035995719074 0.00016363511176710623 -7.910402180102688e-06 2.4811653101486778e-05 0.0001121274356142816 -7.197711497370924e-05 1.2030668095647513e-05 8.962586082940531e-05 -9.1964472707254e-05 -5.6858275230780885e-05 0.0001368712761027834 0.0001315910232232556 -2.5206761148042976e-05 0.00010583948260816471 7.181172797678288e-05 4.8643879325014436e-05 0.000184144797565377 0.00020440226529314762 0.00013058197315608117 0.00016437046058272292 4.342921712545472e-05 -2.9632926490113487e-05 -0.00012545151048141872 0.00018832557758702585 0.00022833448162743277 0.00013838486696258519 -2.3041337283102725e-05 -8.744939187827332e-05 0.0001866698986222148 -0.00010686788995612761 0.00018087114345912672 3.753764069933477e-05 0.00015150473278960464 -2.979583330664256e-05 -8.675784801586236e-05 2.1654341894075757e-05 -9.902972414070331e-05 9.67966402398144e-05 5.300985282961794e-05 0.00014263751110356616 0.00016446429558763292 8.419003973938677e-05 0.00012165690327020664 0.00018700091212140766 4.6113009013759415e-05 0.00016241274560331473 -4.9527737262508587e-05 0.00019283841103853378 -8.02657952381854e-05
27 6.539112017760022e-05 0.00019729044688101513 0.00019502443730114567 5.858876097706468e-05 5.4392397724489665e-05 0.00013709643168118325 1.0111681196138183e-05 1.4656963901855384e-05 6.511842912132003e-05 -2.9898864668323823e-05 0.0001029045958969123 0.00014198891751191717 0.00012054794123290438 -1.5941610352419866e-05 5.3360847165826934e-05 8.007122201928765e-05 9.067154965619064e-05 0.00016103530572453016 0.00017736259467723072 9.071040016197016e-05 0.00019072108295547192 9.135644847789264e-05 4.8625394174357274e-05 -9.866545270989838e-05 0.0002390092368433141 0.00013838486696258519 0.00028500718500550087 4.121644804291079e-05 0.00018219640168840262 0.00012400912549710746 1.6752192127104097e-05 0.0001683305393205185 9.272667738430843e-05 0.00015801162641931242 -6.947347313647702e-05 1.2866263385595694e-05 7.281944591800282e-05 0.0001068221567260747 0.00012688433970075848 9.270320771485326e-05 0.0001472667994351249 0.00016937410592228792 0.00012076332994369064 0.00017517552944445422 0.00019874732641605644 8.383233212600027e-05 9.220796165574177e-05 4.693246978965229e-06 0.00013803182416785687 5.4824926495516255e-05
28 7.773171908892217e-05 -3.700210106599147e-05 1.2035109202787577e-06 0.00013488649215697495 8.891834994779091e-05 7.725075726064518e-05 0.00013354122987045092 4.1259725637278576e-05 1.131242199666783e-05 9.115152675486772e-05 0.0001422904349301615 3.498898649551879e-05 6.311399087151803e-05 0.00010462244275593366 -6.874072696220359e-06 2.7890039945298546e-05 4.2687027573553636e-05 9.076713762623285e-06 -2.0553111812085305e-05 -6.6210970996786764e-06 4.528475993046933e-05 7.602579131177353e-05 0.00010349545386154764 0.00010888674054592601 1.6291347836501596e-05 -2.3041337283102725e-05 4.121644804291079e-05 0.00013034117778207318 0.00022821332058393755 5.131845082931647e-05 0.0001516017240542763 3.935178341788743e-05 8.533606767633353e-05 5.091298787535564e-05 5.570973659326918e-05 8.631961586298698e-05 9.6609264451626e-05 0.00017310008044097369 -3.597816419172339e-05 4.6822085733497314e-05 3.1206826931917e-05 2.574631247611349e-05 6.228790393968643e-05 7.315938210603385e-05 1.0549583780504382e-05 4.5269886217409925e-05 -1.4668274620002099e-05 9.70388014157009e-05 1.0571344285881018e-05 0.00012064079328856069
29 0.000512993296836017 0.00012603926252758186 -5.8222929629796807e-05 0.0009101102833784464 0.00024551856488684115 0.00013219981739832448 0.0008121951021673983 0.00030662400572635556 0.0004099812681382784 0.0008309435291524368 0.0011161433200511924 0.0003356618997634871 0.00033258321789494526 0.0009404142690023925 -8.12668948199044e-05 -5.517302016276208e-05 0.0007522920800596222 0.00011084898484629763 0.00016249784509994857 2.1279615455459095e-05 0.00019669263193661523 0.000259797137360908 0.0008932529823765668 0.0010639582151576548 4.5039164396418435e-05 -8.744939187827332e-05 0.00018219640168840262 0.00022821332058393755 0.0020880807870078282 8.636356368815204e-05 0.0013304142894921581 9.66835059073323e-05 0.0003043831445712153 0.0004331815521384795 0.0001816889580129993 0.0006892197930365631 0.0006584548756041942 0.0014208352616606277 -1.6386586802475882e-05 0.00028803467269290263 0.00013455374647053294 0.00020385870502943908 0.00024100478015708183 0.0006964843131525236 0.0006668365355662484 0.0001358444713401222 -0.00017971113255315605 0.0007157325710181446 -8.850088745308081e-05 0.0013311296081004154
30 7.64328182670552e-05 0.00011571017558663346 0.00016995296261128375 9.660315293309754e-05 2.353313219620166e-05 0.00016347673105343718 -2.0860740352514474e-06 6.267750687497344e-05 0.00010209162945276026 2.5912682722887205e-05 5.652987680920098e-05 0.00016152981541558154 0.00015113427424175732 8.313358646904315e-05 0.00011268625263702752 9.3523129492661e-05 9.52970125169324e-05 0.00018108311010303816 0.0001732224402352797 0.00014091665885639725 0.00016650255113252426 0.00012181255794909444 1.26531977801746e-05 -1.555641842881841e-05 0.00018322576056787877 0.0001866698986222148 0.00012400912549710746 5.131845082931647e-05 8.636356368815204e-05 0.0003028644955542894 1.2586898146576996e-05 0.00022579782850433062 8.087651132680941e-05 0.00020763507059292616 -2.4431662518135784e-05 4.094290256320209e-05 8.771455173662248e-05 2.4224199827508728e-05 3.965141234210191e-05 0.00011295020324338078 0.0001559489754628492 0.0002912725848553404 0.00016464754879176523 0.00013314831117581348 0.00020740299661506804 3.8310123513776725e-05 0.00014971805844503125 4.542185675671838e-05 0.00016524415336006384 2.4549710194213207e-05
31 0.0004267158154579395 0.0002054242362526324 -9.402784789924375e-05 0.0007328417701660965 0.0002062003466601563 4.752261161998423e-05 0.0006879713955639575 0.0002721868164848604 0.00030070797543424633 0.0006974740426283586 0.000792678416866297 0.00014404924647825075 0.00020725119058332894 0.0007583896155142072 -3.523532390140839e-05 -5.6214281072390935e-05 0.0005501441074586882 1.3346412779828687e-05 3.4381911435455566e-05 -7.163832517390344e-05 5.1374106082646614e-05 0.00025110156102818744 0.000705489086350822 0.0010056696891631556 3.538689210480731e-05 -0.00010686788995612761 1.6752192127104097e-05 0.0001516017240542763 0.0013304142894921581 1.2586898146576996e-05 0.0011107287022632869 -1.2066196690412243e-05 0.0001879361907967371 0.00023320445624223758 0.0002561759550769129 0.0005531502767811582 0.000521138369437289 0.0010885943246185562 -0.00010994214440173486 0.00014666431713829698 -1.8972476815813885e-06 2.6586553212095988e-05 0.0001422326463612514 0.0005044157088912014 0.00044731809321780646 7.085920251320462e-05 -0.00019459191590883622 0.000592192220521999 -8.334211639474417e-05 0.0010909552758220228
32 8.53712573082493e-05 0.00017028905882218205 0.00019746661590631383 9.565447637815311e-05 5.8219156466128634e-05 0.0001569451878637204 -2.2586689644460103e-05 6.094526652230782e-05 0.00011584214010342748 4.873372650623991e-06 5.740431811722229e-05 0.0001471873809502307 0.00012072335615787643 6.355619584516308e-05 8.48393002563869e-05 9.336637749824025e-05 7.262056114361429e-05 0.00018815541051895546 0.000223460194292564 0.00016365681775327566 0.00015684701892450603 9.397956839348201e-05 4.73109078178887e-05 -5.471208534576765e-05 0.00017456596914247678 0.00018087114345912672 0.0001683305393205185 3.935178341788743e-05 9.66835059073323e-05 0.00022579782850433062 -1.2066196690412243e-05 0.00027661478877841374 9.502920173315118e-05 0.00025732647764765764 -4.489966892892491e-05 6.776370066996539e-06 7.849525273414519e-05 0.00012874150514674933 0.00010314843100485314 7.929278184772134e-05 0.0001926248068314933 0.00020280709440819312 0.00014568718992700682 0.00017510908449097263 0.0002778923754655276 2.662618391245872e-05 0.00015074644466604416 -3.3992806267894076e-06 0.0001821529523376659 3.415618149973924e-05
33 0.00012376777995425556 0.00010272087829656526 7.175572993438127e-05 0.00016559476266254252 5.305484626377564e-05 8.39971049298963e-05 0.00014466411174115522 0.00010197295330277853 7.928893019869523e-05 0.00011084603361631618 0.00021041025784476189 0.00010536902266851747 0.00012521715168739987 0.00016344482512187697 1.9870926768907115e-05 4.5557335782853126e-05 5.5708173562847975e-05 8.523757680715393e-05 5.453495017952889e-05 6.717034871919292e-05 7.831764964914296e-05 0.0001324806108596743 0.00014641883579816055 0.00017593145957718354 0.00012652187382417103 3.753764069933477e-05 9.272667738430843e-05 8.533606767633353e-05 0.0003043831445712153 8.087651132680941e-05 0.0001879361907967371 9.502920173315118e-05 0.00015223239458801816 0.00015420208692572626 8.01552366346733e-05 8.643566418302243e-05 0.00013824160169332396 0.00025932785469451444 2.0935371610602884e-05 6.979639636890828e-05 0.00012060356953422135 0.00015711405130417375 0.00010104286082544847 0.00017729867569228738 0.00013580864788944905 6.275626914342682e-05 5.47491064937753e-05 9.391122800623633e-05 3.2371549766727055e-05 0.0002325006609925997
