0,1,2,3,4,5,6,7,8,9,10,11,12,13,14,15,16,17,18,19,20,21,22,23,24,25,26,27,28,29,30,31,chain_break_fraction,energy,num_occurrences
1,0,0,1,0,0,0,0,0,1,1,1,1,1,1,1,1,0,1,0,0,0,1,0,0,0,0,0,1,1,1,1,0.0,-19.475477138892003,1
1,0,1,1,0,0,0,0,1,0,0,1,0,1,0,1,0,0,0,0,1,0,0,1,0,1,1,1,1,1,1,1,0.0,-19.46980635870517,1
1,0,0,0,0,0,1,1,1,0,0,1,1,0,1,1,1,0,0,0,0,0,0,1,0,0,1,1,1,1,1,1,0.0,-19.46782443530635,1
1,0,0,1,0,0,1,1,1,0,1,1,1,0,0,1,0,0,1,0,0,0,1,1,0,1,1,0,1,0,0,1,0.0,-19.466207475139907,1
1,0,1,1,0,0,0,1,0,0,1,1,1,1,1,0,0,0,1,0,1,0,0,1,0,1,0,0,1,1,0,1,0.03125,-19.464632392663564,1
1,1,0,1,0,1,0,0,0,0,1,1,0,0,1,1,0,1,0,0,1,0,1,1,0,0,1,0,1,1,1,0,0.0,-19.4641635782608,1
1,0,0,1,0,1,1,0,0,1,0,1,1,1,0,1,1,0,1,0,0,0,0,0,0,1,1,0,0,1,1,1,0.0,-19.464061669194187,1
1,0,1,1,0,0,0,0,1,1,1,0,1,1,0,0,0,0,1,0,1,0,1,0,0,1,1,0,1,1,1,0,0.0,-19.4639468744882,1
1,0,1,1,0,0,1,1,0,0,1,1,0,0,1,0,0,0,1,0,1,0,1,0,1,0,1,0,1,1,0,1,0.0,-19.462888941616782,1
1,1,1,1,0,0,0,0,0,0,1,0,1,1,1,1,0,0,0,1,0,0,0,1,0,0,1,1,1,1,1,0,0.0,-19.462791052842736,1
1,0,1,1,1,1,1,1,0,1,1,0,0,0,0,1,0,0,0,0,0,0,1,0,1,0,1,0,1,1,1,0,0.0,-19.461531812812307,1
1,1,0,0,1,1,1,1,0,1,0,0,1,0,1,1,0,0,1,0,0,0,0,1,0,0,1,0,1,1,1,0,0.0,-19.460847498059852,1
1,1,0,1,0,0,1,0,0,0,0,0,1,0,1,1,0,0,0,0,1,0,1,1,1,1,0,1,1,1,1,0,0.0,-19.460479621392995,1
1,1,0,0,1,0,1,1,0,0,1,1,1,1,1,0,0,0,0,0,1,0,0,0,0,1,1,0,1,1,1,0,0.0,-19.459246942207933,1
1,0,1,0,1,0,1,1,0,0,1,0,0,1,0,0,0,0,1,0,1,0,1,1,0,1,1,0,0,1,1,1,0.0,-19.459149224098706,1
0,0,1,1,0,0,0,1,0,1,1,0,0,0,0,1,0,1,1,0,0,1,1,0,1,0,1,0,1,1,1,1,0.0,-19.459099174857737,1
1,0,0,1,1,1,0,0,0,0,0,0,1,0,1,1,1,1,0,0,0,0,1,1,1,0,1,0,1,1,0,1,0.0,-19.458482271239454,1
0,1,1,1,0,1,0,1,0,1,1,0,1,0,1,1,0,0,1,0,0,0,1,1,0,0,0,0,1,1,0,1,0.0,-19.4584102089825,1
1,1,0,1,0,0,0,1,0,1,1,1,0,0,0,0,0,0,0,0,1,0,1,1,0,1,1,1,1,0,1,1,0.0,-19.45825736227793,1
1,0,1,0,1,1,1,0,0,0,0,1,0,0,0,1,1,0,0,0,0,1,1,1,1,0,1,0,1,1,0,1,0.0,-19.45798932545373,1
1,1,1,1,0,0,0,0,1,0,1,1,0,0,1,1,0,0,0,0,0,0,1,1,0,1,1,0,1,1,1,0,0.0,-19.457803218154513,1
0,0,0,0,0,1,1,0,0,1,1,1,1,1,0,0,0,0,0,0,1,1,1,0,1,0,0,1,1,1,1,1,0.0,-19.457512722307683,1
1,1,0,1,1,1,0,0,0,0,1,1,0,0,0,1,1,0,0,0,0,1,0,1,0,1,1,0,1,1,0,1,0.0,-19.457276670849293,1
1,1,1,1,0,1,0,0,0,0,1,0,1,0,1,1,0,1,1,1,1,0,0,0,0,0,0,0,1,1,0,1,0.0,-19.45683634769591,1
1,1,1,1,0,0,0,1,1,0,1,0,1,0,0,0,1,1,1,0,1,0,1,0,0,0,0,1,0,1,0,1,0.0,-19.45672774216652,1
1,1,0,1,0,0,1,0,1,0,0,1,1,0,1,1,0,0,0,0,0,0,1,1,1,0,1,1,1,0,0,1,0.0,-19.456637971664822,1
0,0,1,1,0,0,0,1,0,0,1,1,0,1,0,0,0,1,0,0,1,1,1,1,0,1,0,0,1,1,1,1,0.0,-19.45606222984092,1
0,0,0,1,0,0,0,0,1,1,1,1,1,0,1,0,1,0,1,0,1,0,1,0,1,0,1,0,1,1,1,0,0.0,-19.4560352803331,1
1,0,0,0,1,1,1,0,0,0,0,0,1,0,1,0,0,0,0,1,1,0,1,0,1,0,1,1,1,1,1,1,0.0,-19.455643930910792,1
0,0,0,1,0,0,0,1,1,1,1,0,1,1,1,1,1,0,1,0,0,1,0,0,0,0,1,0,1,1,1,0,0.0,-19.455478970469592,1
1,1,0,1,0,0,0,0,1,1,1,0,0,1,0,1,0,0,1,0,1,0,1,0,1,1,0,0,0,1,1,1,0.0,-19.455238716304407,1
1,0,1,1,1,0,1,1,0,0,1,1,0,0,1,1,0,1,0,0,1,0,0,0,1,0,0,0,1,1,0,1,0.0,-19.455235236301835,1
1,0,1,1,1,1,0,1,0,1,0,0,1,0,0,0,1,0,0,0,1,0,1,0,0,1,0,1,1,1,0,1,0.0,-19.455206099271564,1
1,1,1,1,0,0,1,0,0,1,1,0,1,0,0,0,1,0,1,0,1,0,1,1,0,0,1,1,1,0,0,0,0.0,-19.455082689551503,1
1,0,0,1,0,0,1,0,1,1,0,0,0,1,0,0,0,0,1,0,1,1,0,1,0,1,1,0,1,1,1,1,0.0,-19.454576461165576,1
1,1,1,1,0,1,1,0,0,0,1,1,1,0,0,0,0,0,1,1,1,1,0,0,1,0,0,0,0,1,1,0,0.0,-19.45452607490261,1
1,1,0,1,1,1,0,1,0,0,1,0,1,0,1,0,0,0,1,0,0,0,1,1,0,1,0,1,0,1,1,0,0.0,-19.454396672840073,1
0,1,0,1,0,0,1,0,0,0,1,0,1,0,1,0,0,0,1,0,1,0,1,0,1,1,1,1,1,1,1,0,0.0,-19.45430599735378,1
1,0,0,1,0,1,0,0,0,0,1,0,0,0,0,1,0,1,1,1,0,1,0,0,0,1,1,1,1,1,1,1,0.0,-19.45417234842691,1
1,1,1,1,0,1,0,0,1,0,0,0,1,0,1,0,1,0,0,0,1,0,0,1,1,0,1,0,1,1,0,1,0.0,-19.454097877628964,1
1,0,1,1,0,1,0,0,0,1,1,1,0,0,0,0,0,0,1,0,0,1,1,0,1,1,1,0,1,0,1,1,0.0,-19.45396265555402,1
0,1,1,1,0,0,0,0,0,1,1,1,1,0,0,1,0,1,0,0,1,1,0,1,0,0,0,1,1,1,0,1,0.0,-19.45390098655603,1
1,1,1,0,1,1,0,0,1,0,1,1,0,0,0,1,0,0,0,0,0,0,1,1,0,1,0,1,1,1,0,1,0.0,-19.453787468890148,1
1,1,0,0,1,1,0,0,0,0,0,1,0,1,1,1,0,1,1,0,0,0,0,1,0,1,1,0,1,1,1,0,0.0,-19.453686150301802,1
1,0,1,0,1,0,1,0,0,0,1,1,1,1,0,1,1,1,0,1,0,0,0,0,1,0,0,0,1,1,0,1,0.0,-19.453592671235697,1
1,1,1,0,0,1,1,0,1,0,0,0,1,0,0,0,0,0,0,0,1,0,1,1,0,1,1,1,1,1,0,1,0.0,-19.453362339900693,1
1,0,1,0,0,1,1,1,0,1,0,0,1,0,0,1,0,1,0,0,0,0,1,0,1,1,1,0,1,1,1,0,0.0,-19.453016898160325,1
1,1,0,1,1,1,1,0,0,1,1,0,1,1,0,1,0,1,1,0,0,0,0,0,1,0,0,0,1,0,0,1,0.0,-19.452972457078275,1
1,0,1,1,1,0,1,0,0,0,1,0,1,0,1,0,0,1,0,0,1,0,1,1,0,0,1,1,1,1,0,0,0.0,-19.45264149842763,1
0,1,1,0,1,1,1,0,0,0,1,1,1,0,0,0,0,0,1,1,1,1,0,0,0,0,1,0,1,1,0,1,0.0,-19.452373576107917,1
1,0,1,1,0,0,0,0,0,1,1,0,0,0,1,0,1,0,1,0,1,0,0,0,0,1,1,1,1,1,1,1,0.0,-19.452281912241496,1
0,0,0,1,1,1,0,1,1,1,1,0,1,0,0,0,0,1,1,0,0,0,1,1,0,0,1,0,1,1,0,1,0.0,-19.452223189833816,1
1,0,0,0,0,0,1,0,0,1,1,1,1,0,1,1,1,1,1,0,1,0,0,0,0,1,0,0,1,1,1,0,0.0,-19.452112541735193,1
1,0,1,1,0,1,0,0,1,0,1,1,1,0,1,0,0,1,0,0,0,0,1,0,0,1,1,0,1,0,1,1,0.0,-19.45208227994381,1
1,0,0,1,0,0,1,1,0,0,1,1,1,0,1,0,0,0,1,0,1,0,1,1,0,1,1,1,0,0,0,1,0.0,-19.45204940254614,1
0,0,0,1,1,0,1,0,0,0,1,1,1,0,1,0,1,1,0,0,0,0,1,0,0,1,1,0,1,1,1,1,0.0,-19.452044046912718,1
0,0,0,0,0,0,1,0,1,1,1,1,1,1,1,1,1,0,0,0,1,0,1,0,0,0,0,1,1,1,1,0,0.0,-19.451999974936314,1
1,0,1,0,0,0,1,0,0,0,0,0,1,0,1,1,0,1,0,0,1,1,1,1,0,1,0,1,1,1,1,0,0.0,-19.45196891244816,1
0,1,0,1,0,0,1,0,0,0,1,1,1,1,1,1,0,0,1,0,1,0,0,1,0,1,0,1,0,1,0,1,0.0,-19.4518503333498,1
1,0,0,0,0,0,1,0,0,1,1,1,0,0,0,1,1,1,0,0,1,0,1,1,0,1,1,0,1,1,1,0,0.0,-19.451807118057783,1
1,1,1,1,0,1,0,1,1,0,1,0,0,0,0,1,1,0,0,0,0,0,0,1,1,1,0,0,1,1,0,1,0.0,-19.45180132114413,1
1,1,1,0,1,1,0,0,1,0,1,0,0,0,1,1,0,0,1,0,1,1,0,1,0,0,0,0,1,1,0,1,0.0,-19.451721922587705,1
1,0,0,0,1,0,0,0,0,1,1,1,1,0,1,1,1,0,1,0,0,1,0,0,0,1,0,1,1,1,1,0,0.0,-19.451657335330157,1
1,0,1,0,1,1,1,1,0,0,0,0,0,0,1,0,0,0,0,0,0,0,1,1,0,1,1,1,1,1,1,1,0.0,-19.451622191082098,1
0,1,0,0,0,0,0,1,0,1,0,1,1,0,1,1,1,1,0,0,1,0,0,0,1,0,0,1,1,1,1,1,0.0,-19.45149580072204,1
1,1,0,0,0,1,0,0,1,0,1,1,1,1,0,1,0,0,0,0,0,1,0,0,1,1,1,1,1,0,0,1,0.0,-19.451286078295134,1
0,1,1,1,0,1,0,0,0,1,0,1,1,0,0,1,1,0,1,0,1,0,1,0,0,1,0,1,0,1,0,1,0.0,-19.451238498227056,1
0,0,0,1,1,1,0,0,1,1,1,0,0,0,1,1,0,0,0,0,1,0,1,0,1,0,1,0,1,1,1,1,0.0,-19.451086795201128,1
1,0,0,1,0,1,1,1,1,1,1,1,1,0,0,0,0,1,0,0,1,0,0,0,0,1,0,0,1,1,1,0,0.0,-19.450986232572582,1
1,1,1,1,1,0,1,0,0,0,1,1,0,0,1,1,0,0,0,1,0,0,0,0,0,1,0,0,1,1,1,1,0.0,-19.450978233479596,1
1,0,1,0,1,1,0,0,0,1,1,0,1,0,0,1,1,0,1,0,1,0,0,0,0,1,1,1,0,1,0,1,0.0,-19.45092083626236,1
0,0,0,0,0,1,1,0,1,1,1,1,1,1,1,0,0,0,1,0,1,0,1,0,0,0,0,1,1,0,1,1,0.0,-19.45075775548592,1
0,0,1,0,0,1,1,1,1,1,1,0,0,0,0,1,0,0,0,0,1,0,1,1,1,0,1,0,1,0,1,1,0.0,-19.4507143493518,1
1,1,0,1,0,1,1,0,1,0,0,0,1,1,1,0,1,0,1,0,0,0,1,1,1,0,0,0,1,0,0,1,0.0,-19.45063822866262,1
1,1,0,0,1,0,0,1,1,0,1,0,1,1,1,0,1,0,1,0,0,0,0,0,1,1,0,0,1,0,1,1,0.0,-19.450583877318643,1
1,0,0,0,0,0,1,1,0,1,0,0,1,0,0,1,1,1,1,1,0,0,1,0,0,1,1,0,1,0,1,1,0.0,-19.450568549664528,1
1,0,0,1,1,1,0,0,0,1,0,0,1,1,1,1,0,1,0,0,1,0,0,0,0,1,0,1,1,1,1,0,0.0,-19.45038048011823,1
0,1,1,0,1,0,1,1,1,0,1,1,0,0,0,1,0,0,1,1,1,0,1,0,0,0,1,0,1,0,0,1,0.0,-19.450281977375433,1
0,1,0,0,1,0,0,1,0,1,1,0,1,0,0,1,1,1,1,0,1,0,1,0,0,0,1,1,0,1,0,1,0.0,-19.45021284358513,1
1,0,0,1,1,0,1,0,0,0,1,1,1,0,1,1,0,1,0,0,0,0,0,0,1,1,0,1,1,1,0,1,0.0,-19.450210447457295,1
0,1,1,1,1,0,1,0,0,1,1,0,1,0,1,1,0,0,1,0,0,0,1,1,0,0,1,0,1,0,0,1,0.0,-19.450160750049818,1
0,0,0,1,0,1,0,0,1,1,1,0,0,0,0,1,0,0,1,1,1,0,1,1,0,1,0,0,1,1,1,1,0.0,-19.45010801601145,1
1,1,0,1,1,0,1,0,0,0,1,0,0,0,0,1,0,1,1,1,0,0,1,0,0,1,1,0,0,1,1,1,0.0,-19.449908500194205,1
1,1,1,0,0,0,0,0,1,0,0,0,1,0,1,1,0,0,1,1,1,0,0,1,1,1,0,0,1,0,1,1,0.0,-19.449641067221503,1
1,0,1,1,1,0,0,1,0,0,1,0,1,1,1,1,0,0,0,0,1,0,1,0,1,1,0,1,0,0,0,1,0.0,-19.44964052040078,1
1,1,1,1,0,0,0,0,0,0,1,0,1,0,0,0,0,1,0,1,0,0,1,0,1,1,1,1,1,1,1,0,0.0,-19.44962954093845,1
0,1,0,1,0,1,1,0,0,1,1,0,1,0,1,1,1,0,0,0,1,0,1,0,0,0,0,1,0,1,1,1,0.0,-19.44958958642281,1
1,1,0,1,0,1,0,0,1,0,0,0,1,0,1,1,0,1,0,0,1,1,0,0,0,1,0,1,1,1,1,0,0.0,-19.449489252168394,1
0,0,0,1,1,1,0,1,1,0,1,0,0,0,1,0,0,0,1,0,1,0,1,1,1,0,1,1,1,0,1,0,0.0,-19.44944607382268,1
1,0,1,1,0,0,1,1,0,1,1,1,1,1,1,0,0,0,0,0,0,0,1,0,0,1,1,0,1,1,0,0,0.0,-19.449430180778972,1
0,0,0,1,1,0,1,0,0,1,0,1,1,1,0,1,0,1,0,0,1,1,0,0,0,1,1,0,1,1,0,1,0.0,-19.44905384452088,1
0,1,1,0,0,0,0,1,0,0,0,1,0,0,1,1,1,0,1,0,0,1,0,1,1,0,1,1,1,1,0,1,0.03125,-19.449016769990358,1
0,0,0,0,0,1,1,1,0,1,0,0,1,0,1,0,1,1,1,0,0,0,1,0,0,0,1,1,1,1,1,1,0.0,-19.449011995474066,1
1,1,1,0,1,0,1,0,1,1,1,1,0,0,0,1,1,0,1,0,0,0,0,0,0,1,0,0,1,1,1,0,0.0,-19.448884791631635,1
1,1,0,1,1,0,1,0,0,1,1,0,1,0,1,1,0,0,0,0,1,0,1,0,0,1,1,0,1,0,0,1,0.0,-19.44885079786536,1
1,1,0,1,0,1,0,1,1,0,0,1,0,0,1,0,0,0,1,1,0,0,0,0,0,1,0,1,1,1,1,1,0.0,-19.44880477551631,1
1,1,0,0,0,1,0,0,0,1,1,0,1,0,0,1,0,1,0,0,1,1,1,0,0,1,0,1,1,1,0,1,0.0,-19.44865250425895,1
0,1,0,1,0,0,1,0,1,1,1,0,1,0,1,0,0,0,1,0,1,0,0,0,0,1,1,0,1,1,1,1,0.0,-19.448597405425023,1
1,0,1,1,0,0,1,1,1,1,1,0,0,0,0,1,0,0,1,0,1,0,0,0,1,1,0,1,1,0,1,0,0.0,-19.448590403353176,1
1,1,0,1,1,0,1,1,0,0,1,0,1,0,0,1,1,1,0,0,0,0,0,0,1,1,1,0,0,1,0,1,0.0,-19.448581054704718,1
1,0,0,1,0,1,1,0,0,1,0,1,1,1,1,1,0,1,0,0,0,1,0,0,1,0,0,0,1,1,0,1,0.0,-19.448561701219983,1
1,1,0,1,0,0,0,0,0,0,1,1,0,0,1,0,1,1,1,0,1,0,1,0,1,1,0,0,0,1,1,1,0.0,-19.448511966894486,1
1,0,0,0,0,1,0,0,1,0,1,1,1,0,0,0,1,1,0,1,0,0,1,1,1,0,0,1,1,0,1,1,0.0,-19.448505365324948,1
0,1,0,1,0,0,0,1,0,1,1,1,1,0,1,0,0,0,1,0,0,0,1,1,1,1,0,0,1,1,0,1,0.0,-19.44847193314225,1
1,1,1,0,1,1,1,1,0,1,0,1,0,0,0,1,0,1,1,0,0,1,1,0,0,0,0,0,0,1,1,0,0.0,-19.448371625372328,1
1,1,0,1,0,1,1,0,1,0,0,0,0,0,1,1,0,0,1,0,0,1,1,0,0,1,1,0,1,1,0,1,0.0,-19.448356740404705,1
1,1,0,1,0,1,0,1,0,0,1,1,0,0,1,1,1,1,0,0,1,1,0,0,0,0,0,1,1,0,0,1,0.0,-19.448268001679605,1
0,0,0,0,1,1,0,0,0,1,1,1,0,1,0,1,0,0,0,0,1,0,1,0,1,1,1,1,1,1,0,1,0.0,-19.44819386079279,1
0,0,1,0,0,0,0,1,1,1,1,0,1,0,0,1,0,1,0,0,0,0,1,0,1,1,0,1,1,1,1,1,0.0,-19.44817006356033,1
1,1,0,1,0,0,1,0,1,0,1,1,0,0,1,1,0,0,1,0,0,0,1,1,1,1,0,0,1,1,0,0,0.0,-19.448169569061513,1
1,0,0,1,0,0,0,0,0,1,1,0,1,0,1,0,1,1,0,0,1,1,0,0,0,1,1,0,1,1,1,1,0.0,-19.44810114515607,1
1,1,0,0,0,1,1,0,1,0,1,0,1,0,1,1,0,0,1,0,0,0,0,0,1,1,0,1,1,1,0,1,0.0,-19.44806541595947,1
1,1,1,0,0,0,1,0,1,0,1,0,0,0,1,1,0,0,1,0,0,0,1,0,0,1,1,1,1,1,0,1,0.0,-19.448042214968574,1
1,0,1,1,1,1,1,0,0,0,1,1,0,0,0,1,1,0,0,1,1,0,0,1,0,1,0,0,1,1,0,0,0.0,-19.447614961107337,1
1,1,0,1,1,0,1,0,0,1,0,0,0,1,1,1,0,0,0,0,1,0,0,0,0,1,1,1,1,1,1,0,0.0,-19.447442203667467,1
0,0,1,1,1,1,0,1,0,0,1,0,0,0,1,1,0,0,0,0,1,0,1,1,0,1,1,1,1,1,0,0,0.0,-19.447386343244915,1
1,1,0,1,1,0,0,0,0,0,0,1,0,0,1,1,1,0,1,0,0,1,0,0,1,1,1,1,1,0,1,0,0.0,-19.44729155661836,1
1,1,1,1,0,1,1,1,0,0,0,1,0,0,1,0,0,0,1,0,0,0,0,0,1,1,0,1,1,1,0,1,0.0,-19.447048059893465,1
1,1,1,1,0,1,1,1,0,1,1,1,1,0,0,0,0,0,1,0,1,0,1,0,0,1,1,0,0,0,0,0,0.0,-19.446878304323832,1
1,1,0,1,1,0,1,0,0,0,0,0,1,0,1,1,0,1,0,0,0,0,0,0,1,1,1,1,1,1,0,1,0.0,-19.446563597568897,1
1,0,1,0,1,1,1,1,0,1,1,1,0,0,1,0,0,0,1,0,1,0,0,0,0,1,0,0,1,1,1,0,0.0,-19.446451672183798,1
1,0,0,0,0,1,1,0,1,0,1,0,0,0,0,1,1,0,1,0,0,1,0,0,1,1,1,1,1,1,0,1,0.0,-19.446409311547917,1
1,0,0,0,0,1,1,0,1,0,1,1,1,0,1,1,0,0,0,0,1,1,0,0,0,1,1,1,1,0,0,1,0.0,-19.446393077782,1
1,0,0,1,0,1,0,0,1,1,1,1,1,0,1,0,0,0,1,0,1,0,1,0,1,1,0,0,0,0,1,1,0.0,-19.446261050907875,1
1,0,0,1,0,0,1,1,1,0,1,1,0,0,1,0,0,0,0,0,0,1,0,1,0,1,1,1,1,0,1,1,0.0,-19.44612266982252,1
0,0,0,1,1,1,1,1,0,1,1,1,0,0,1,0,1,0,0,0,1,0,1,0,0,0,0,1,1,1,1,0,0.0,-19.446068621644216,1
1,0,0,0,0,0,1,0,1,1,1,1,0,0,1,0,1,0,1,0,0,0,1,1,0,1,0,0,1,1,1,1,0.0,-19.445884880337392,1
1,1,0,0,0,0,0,1,0,1,1,1,0,0,1,1,0,0,1,1,0,0,1,0,0,1,1,0,1,1,0,1,0.0,-19.445777194027986,1
0,0,0,0,0,1,1,0,0,0,1,1,0,1,0,0,1,1,1,1,1,0,1,0,0,0,1,1,1,1,0,1,0.0,-19.44547643800074,1
0,0,0,0,0,1,0,0,1,1,1,0,1,0,1,1,0,0,0,0,1,1,1,1,1,0,1,0,1,1,0,1,0.0,-19.44545295995396,1
1,0,0,1,1,1,1,0,0,1,1,0,0,0,1,0,0,0,0,0,1,0,0,0,1,1,1,0,1,1,1,1,0.0,-19.44533744174614,1
1,0,0,1,0,1,0,1,0,1,1,1,0,0,0,0,0,0,1,1,0,0,0,1,1,1,1,0,0,1,1,1,0.0,-19.445323688355323,1
1,1,0,1,0,0,1,1,1,1,0,1,1,1,0,0,1,1,0,0,0,0,0,0,0,1,0,0,1,1,0,1,0.0,-19.445319459316497,1
0,0,0,0,0,0,0,1,1,0,1,0,0,1,1,1,0,1,0,0,1,1,1,1,0,0,1,1,1,1,0,1,0.0,-19.445288811027332,1
1,1,0,0,0,1,1,0,1,1,1,0,1,0,1,1,0,0,1,0,1,0,1,0,1,0,1,0,0,0,1,0,0.0,-19.445231106583883,1
0,0,0,1,0,1,0,1,0,0,1,0,1,0,1,0,0,1,0,0,1,1,1,1,1,0,1,1,1,1,0,0,0.0,-19.44518827705967,1
1,0,1,0,0,1,0,0,1,1,1,0,1,0,1,0,1,1,0,0,0,0,0,0,0,0,1,1,1,1,1,1,0.0,-19.44516566733724,1
0,0,0,0,0,1,1,0,0,1,1,0,1,0,1,0,0,0,0,0,1,1,1,1,0,1,1,0,1,1,1,1,0.0,-19.445031144794232,1
0,0,0,0,1,0,1,0,0,1,0,1,1,1,1,1,0,1,1,0,0,0,0,0,0,1,1,1,1,1,1,0,0.0,-19.444909170626524,1
1,1,0,0,1,1,1,0,0,0,1,1,0,0,1,0,0,1,1,1,0,0,0,0,1,0,0,0,1,1,1,1,0.0,-19.44472606608629,1
0,1,0,0,0,0,1,1,0,1,1,0,0,0,1,1,0,1,0,0,0,0,1,1,1,0,1,0,1,1,1,1,0.0,-19.444652137958567,1
1,0,0,0,0,0,1,0,0,0,1,1,1,1,1,1,0,1,1,1,1,0,1,0,0,1,0,0,0,1,0,1,0.0,-19.44464414745197,1
1,0,0,0,0,1,1,1,1,1,1,1,1,0,1,1,0,0,0,1,1,0,0,0,0,0,1,0,1,1,0,0,0.0,-19.444569756715897,1
1,0,0,1,1,0,1,0,1,0,1,0,0,1,1,1,0,0,0,1,1,0,0,1,0,1,0,0,1,0,1,1,0.0,-19.444412010530264,1
1,1,0,1,1,1,0,0,0,1,1,1,1,0,1,1,0,1,0,0,0,0,1,0,0,0,1,1,0,1,0,0,0.0,-19.444356268291635,1
1,1,0,1,1,1,0,1,0,1,0,0,0,0,1,1,0,0,0,0,1,1,0,0,0,1,1,0,1,1,0,1,0.0,-19.44432025073705,1
1,1,0,1,0,0,1,1,0,0,1,1,0,0,1,0,0,0,0,0,1,1,0,0,1,1,0,1,1,1,0,1,0.0,-19.444312511639332,1
1,1,1,1,1,1,1,0,0,0,1,1,1,0,0,0,0,1,0,0,0,0,1,1,0,1,1,0,0,1,0,0,0.0,-19.444258593075247,1
1,0,0,1,0,1,1,0,0,0,1,0,1,0,1,1,0,1,0,0,0,0,0,1,1,1,1,1,1,1,0,0,0.0,-19.444189115059473,1
1,0,1,1,1,0,1,0,0,1,1,0,0,0,1,1,0,0,1,0,0,0,0,0,1,1,1,0,1,1,0,1,0.0,-19.444177952903505,1
1,0,0,1,0,0,0,0,0,0,1,1,1,1,1,0,1,1,0,0,0,1,0,0,1,1,0,1,1,1,0,1,0.0,-19.444166088726938,1
1,0,0,1,1,0,1,0,0,0,1,1,0,0,1,0,0,1,1,1,0,0,1,0,1,0,0,1,0,1,1,1,0.0,-19.444031076741602,1
0,0,1,1,0,1,1,0,0,1,1,1,0,0,0,1,0,0,1,0,1,1,0,0,1,1,1,0,0,1,1,0,0.0,-19.44399294635614,1
1,1,0,0,0,1,1,0,0,0,1,1,0,0,1,1,0,0,0,1,1,0,0,1,0,1,1,0,1,1,0,1,0.0,-19.44390436389696,1
1,1,0,1,0,1,0,0,1,0,1,1,1,0,0,0,0,1,1,1,0,0,0,1,0,1,1,0,1,1,0,0,0.0,-19.443898012380128,1
0,0,1,1,0,0,1,0,0,1,0,1,1,0,1,0,0,0,1,0,1,1,1,1,0,1,1,0,0,1,1,0,0.0,-19.44377126552699,1
1,1,0,0,1,1,0,1,0,1,0,1,0,1,1,1,0,1,0,0,1,0,0,0,0,0,1,1,0,0,1,1,0.0,-19.443665081948737,1
0,1,0,1,1,0,0,1,0,1,1,1,0,0,1,1,0,0,0,0,0,0,1,1,0,1,0,1,1,1,0,1,0.0,-19.443649918782437,1
1,0,0,1,1,0,1,0,1,1,1,0,0,0,1,1,0,0,0,0,1,1,0,1,1,0,0,0,1,0,1,1,0.0,-19.443469531193426,1
0,0,0,1,1,0,0,0,0,1,1,1,1,0,1,0,1,1,0,0,1,0,0,1,0,1,1,0,1,1,1,0,0.0,-19.443430695276817,1
0,1,0,0,0,0,1,1,1,1,1,1,0,0,0,1,0,0,1,0,1,0,0,1,0,1,1,1,0,1,1,0,0.0,-19.44340100508402,1
0,1,0,1,1,0,1,0,0,0,0,0,1,0,1,1,0,1,0,0,1,0,1,1,1,1,1,0,0,1,1,0,0.0,-19.443336621063352,1
1,1,0,0,0,1,0,0,1,1,1,1,0,0,1,1,0,0,0,0,0,0,1,1,0,1,1,0,1,1,0,1,0.0,-19.443333218928682,1
0,0,0,1,1,0,1,1,1,0,1,1,1,0,0,1,0,1,0,0,0,1,1,0,0,1,1,1,0,0,1,0,0.0,-19.443240865202938,1
1,0,0,0,0,0,0,0,1,0,0,1,0,1,1,0,1,0,1,0,0,1,1,0,1,1,1,1,1,1,0,1,0.0,-19.443112073491307,1
1,0,0,0,1,1,0,0,0,1,1,1,0,0,1,0,1,0,0,0,1,0,1,1,0,1,1,0,1,1,0,1,0.0,-19.44296428565786,1
0,1,0,1,0,0,1,0,1,1,1,1,1,0,0,1,0,1,1,0,0,0,0,0,0,1,1,1,1,1,0,0,0.0,-19.442925188429736,1
1,0,0,1,1,1,1,0,0,1,1,0,1,0,0,0,0,1,0,0,0,0,0,1,1,1,1,0,1,1,0,1,0.0,-19.442885648437876,1
1,1,0,1,0,0,1,0,0,0,1,0,1,0,1,0,0,1,0,1,1,0,1,1,1,0,1,0,0,0,1,1,0.0,-19.442868294135042,1
0,1,0,1,0,1,1,0,0,0,1,1,1,0,1,1,1,0,0,1,0,0,1,0,1,0,0,1,1,0,0,1,0.0,-19.442830624119832,1
1,0,1,1,1,0,0,0,0,1,0,0,0,1,0,1,1,1,1,1,1,0,0,1,0,1,0,0,1,0,1,0,0.0,-19.442810260190196,1
1,0,0,0,0,1,0,0,1,1,1,1,0,0,0,0,0,1,1,0,1,0,1,0,1,1,1,0,1,1,0,1,0.0,-19.442745328486158,1
1,1,0,1,1,0,0,0,1,1,1,1,1,0,0,0,0,0,0,1,0,1,0,1,1,0,1,0,1,1,0,0,0.0,-19.44269879826277,1
0,0,0,0,1,0,1,1,1,1,1,1,1,0,1,0,0,0,1,0,0,0,1,0,0,1,1,0,1,1,0,1,0.0,-19.44257600899531,1
0,1,0,1,0,0,1,0,0,1,1,1,1,0,1,0,0,0,0,1,0,0,1,1,0,0,1,1,0,1,1,1,0.0,-19.442531423170053,1
1,0,0,0,0,0,1,1,0,1,1,1,0,0,1,1,1,1,1,0,0,0,0,0,1,1,0,0,1,1,1,0,0.0,-19.44245964709284,1
0,1,0,0,0,0,0,1,1,1,1,0,1,1,0,0,0,0,1,1,1,1,1,0,0,0,1,1,1,0,0,1,0.0,-19.44236274560871,1
0,1,0,1,0,1,1,0,0,0,1,0,0,0,1,1,0,1,1,0,1,0,0,0,1,1,1,0,0,1,1,1,0.0,-19.44232666285017,1
0,1,0,1,1,0,0,0,0,1,1,1,1,0,0,1,0,1,0,0,1,0,1,0,1,1,0,1,0,1,0,1,0.0,-19.4423155304193,1
1,1,1,1,0,1,1,0,1,0,0,1,1,0,1,0,0,1,0,0,0,0,1,0,0,1,1,0,0,1,1,0,0.0,-19.442304944730854,1
1,0,1,0,0,0,0,0,1,1,1,0,1,1,1,0,0,1,0,1,1,0,1,0,0,0,1,0,1,0,1,1,0.0,-19.442270591693106,1
1,0,0,1,0,0,1,1,0,1,0,1,0,0,1,1,0,1,0,1,0,1,1,0,0,0,1,0,1,1,0,1,0.0,-19.44207105662281,1
0,1,1,0,0,0,1,0,1,0,1,1,1,0,0,0,1,0,0,1,0,1,0,1,0,0,1,1,1,1,0,1,0.0,-19.44198599985605,1
0,0,0,1,1,0,0,1,0,1,0,0,1,1,1,1,0,0,1,0,0,1,1,0,1,1,0,1,0,1,1,0,0.0,-19.441886847374494,1
0,1,0,1,0,0,0,0,1,0,1,1,0,1,1,0,1,0,1,0,1,0,1,1,0,1,0,1,1,0,0,1,0.0,-19.441807710767222,1
0,0,1,1,1,0,1,0,1,1,0,1,0,0,1,1,1,0,1,0,0,0,0,0,0,1,0,0,1,1,1,1,0.0,-19.441773362951093,1
1,1,1,0,0,0,0,0,0,0,1,0,0,0,1,1,1,1,0,0,0,1,1,1,0,1,1,0,0,1,1,1,0.0,-19.441767041418352,1
0,0,0,1,1,0,0,0,0,1,1,0,1,0,1,1,0,1,1,0,1,0,0,0,1,1,0,1,0,1,1,1,0.0,-19.441745636872945,1
1,1,0,1,0,0,0,0,0,1,0,0,1,1,1,0,1,1,0,0,1,0,0,0,0,1,1,1,1,1,0,1,0.0,-19.441720146158787,1
1,1,0,0,1,1,1,1,0,1,1,0,0,1,1,1,0,0,0,0,0,0,0,0,0,1,1,0,0,1,1,1,0.0,-19.441687267837704,1
1,0,0,0,0,1,0,0,1,1,1,0,0,1,1,1,0,1,0,0,0,0,1,0,0,1,0,1,1,1,1,1,0.0,-19.441595689118753,1
1,1,1,0,1,1,0,0,0,1,1,0,1,0,0,0,1,1,0,0,1,1,0,0,0,0,1,1,1,1,0,0,0.03125,-19.44154747815194,1
0,0,0,0,1,1,1,0,1,1,0,1,1,0,0,0,1,0,0,0,1,0,1,1,0,1,1,1,1,0,1,0,0.0,-19.44154044140213,1
0,1,0,0,1,0,1,0,1,0,1,1,0,0,1,1,0,0,0,1,0,1,1,1,0,0,1,0,1,1,1,0,0.0,-19.441298807267824,1
1,0,1,1,1,1,1,1,1,0,0,0,0,0,1,1,1,0,0,0,0,0,0,1,0,1,1,0,1,1,0,0,0.0,-19.441282521271372,1
0,1,1,1,0,1,0,1,0,1,1,1,0,0,0,0,1,0,0,0,0,1,1,1,0,0,1,1,0,1,0,1,0.0,-19.441249842670373,1
0,0,0,1,1,1,0,1,0,1,1,1,0,0,1,0,0,0,0,0,1,0,1,0,1,1,0,1,1,0,1,1,0.0,-19.4409906777613,1
0,1,0,1,0,1,0,0,1,0,1,0,1,0,0,1,1,1,0,0,0,1,1,1,0,1,0,1,1,0,0,1,0.0,-19.440988709502577,1
1,1,1,0,0,0,1,0,1,1,1,1,1,0,0,0,0,0,1,0,1,0,0,0,1,1,0,1,0,1,0,1,0.0,-19.440956559193822,1
1,1,0,0,1,1,0,1,1,0,1,0,0,1,0,0,0,1,0,0,1,1,0,1,0,1,1,0,1,0,1,0,0.0,-19.440915144269372,1
1,0,0,0,0,1,0,1,1,0,1,0,1,1,1,1,0,0,1,1,0,1,0,0,0,1,1,0,0,1,0,1,0.0,-19.440878173091146,1
0,0,1,0,0,1,1,0,0,0,1,1,1,0,0,0,1,1,1,1,0,0,1,0,0,1,0,1,0,1,1,1,0.0,-19.440824052777955,1
0,1,1,1,1,1,0,0,0,0,1,0,1,0,0,0,0,0,1,1,1,0,1,1,0,1,1,1,0,0,0,1,0.0,-19.440746728141498,1
1,1,1,0,0,1,0,1,1,1,1,1,0,1,0,0,0,1,0,0,0,0,0,0,1,0,1,1,1,0,1,0,0.0,-19.440577979468873,1
1,0,1,1,0,1,1,0,0,1,1,1,0,0,1,0,0,0,1,0,1,0,0,0,1,1,1,0,1,1,0,0,0.0,-19.44057381543898,1
1,0,0,0,1,0,1,0,1,1,1,1,0,0,1,0,0,0,1,0,1,0,0,1,0,1,1,0,1,1,0,1,0.0,-19.440449745911778,1
0,1,0,1,1,0,1,0,1,1,1,0,1,0,1,1,0,1,0,0,0,1,1,0,0,0,0,0,1,1,1,0,0.0,-19.440417994055824,1
1,0,1,0,1,0,0,1,0,0,0,0,0,1,1,1,0,1,1,0,1,1,0,0,1,1,0,1,0,1,1,0,0.0,-19.440411231366603,1
1,0,0,1,0,0,0,1,0,1,1,1,0,0,1,1,0,1,0,0,1,0,1,1,0,1,0,1,0,1,0,1,0.0,-19.440369882495673,1
1,0,1,1,0,0,1,0,0,1,1,0,0,1,0,1,0,1,0,1,0,0,1,0,1,0,1,1,0,0,1,1,0.0,-19.44036704955878,1
0,0,1,1,0,0,1,0,1,0,0,1,0,0,1,0,1,0,0,1,0,1,1,0,1,0,1,0,1,1,1,1,0.0,-19.440258131682803,1
1,1,0,1,0,1,1,0,0,1,1,1,0,1,0,0,0,0,1,0,0,1,1,0,1,1,1,0,1,0,0,0,0.0,-19.440234077500687,1
1,0,0,1,0,1,1,0,1,0,1,1,1,1,0,0,0,0,1,1,0,1,1,0,0,1,0,1,0,1,0,0,0.0,-19.440223323602655,1
1,0,0,0,0,1,1,0,0,1,1,1,0,0,0,0,0,1,1,0,1,0,0,1,1,1,0,1,0,1,1,1,0.0,-19.440162704306378,1
1,1,1,1,0,1,1,1,1,0,1,0,1,1,1,0,0,0,0,0,0,0,0,1,1,0,0,1,0,1,0,0,0.0,-19.440051477699953,1
1,0,0,0,0,1,1,0,0,0,1,0,1,1,1,0,0,1,0,1,1,1,1,1,0,0,1,0,1,1,0,0,0.0,-19.440043408547467,1
1,1,0,0,1,0,0,0,0,1,1,1,1,0,1,0,0,1,0,1,1,0,0,0,1,0,1,0,0,1,1,1,0.0,-19.439898338801164,1
1,0,1,0,0,0,1,1,0,1,1,0,1,0,1,1,1,1,1,1,0,0,0,0,0,0,1,0,1,0,0,1,0.0,-19.43975881058491,1
1,1,0,1,1,1,0,0,0,1,1,0,0,1,1,0,0,1,0,0,1,0,1,0,1,0,1,0,0,1,1,0,0.0,-19.439749825620957,1
1,0,1,0,0,0,1,0,0,1,1,1,0,1,1,0,0,0,0,1,1,0,1,0,0,1,1,0,1,1,1,0,0.0,-19.43968662351445,1
0,0,1,1,0,1,1,0,0,1,1,1,1,0,1,1,0,1,0,0,1,0,1,0,0,1,0,0,1,0,0,1,0.0,-19.43966414091774,1
1,0,0,1,1,0,0,0,1,0,1,0,0,1,1,0,0,1,0,1,0,0,1,1,0,0,1,1,1,1,0,1,0.0,-19.439657930188574,1
1,0,1,1,0,0,0,1,0,1,1,1,0,0,1,0,0,1,0,0,1,0,1,0,0,1,1,1,0,1,1,0,0.0,-19.439593975263357,1
0,0,1,1,1,1,1,0,0,0,0,1,0,0,1,1,0,1,1,1,1,0,0,0,1,0,1,0,0,1,1,0,0.0,-19.43955852693042,1
0,0,0,1,0,1,0,1,0,1,1,1,0,1,1,0,1,0,0,1,1,0,0,0,0,0,1,1,0,1,1,1,0.03125,-19.439545895423127,1
1,1,0,0,1,1,0,0,1,0,1,1,1,0,0,0,0,1,1,1,0,0,0,0,0,1,1,1,0,0,1,1,0.0,-19.439481352302177,1
0,1,0,1,1,1,1,0,0,0,0,0,0,0,1,0,0,0,0,1,1,0,1,0,1,1,1,0,1,1,1,1,0.0,-19.439475232192517,1
1,0,0,0,0,1,0,0,1,0,1,0,1,1,1,0,1,1,0,0,0,1,0,1,0,1,0,1,1,1,1,0,0.0,-19.43929970736768,1
0,0,0,1,1,1,0,0,0,1,0,0,0,0,1,1,0,1,0,1,1,0,1,0,1,0,0,1,1,1,1,1,0.0,-19.438993072778025,1
0,1,0,1,0,1,1,1,0,1,1,0,0,0,1,1,0,0,1,0,0,1,0,1,1,0,1,0,1,1,0,0,0.0,-19.43896854452522,1
0,0,1,0,0,1,0,1,1,1,0,0,1,0,0,1,0,1,0,0,1,1,1,1,0,1,1,0,0,0,1,1,0.0,-19.438939459354554,1
1,0,1,0,1,1,1,0,1,0,1,1,1,0,1,0,0,1,0,0,0,0,0,1,0,0,1,1,0,1,0,1,0.0,-19.438900423831694,1
0,1,1,0,0,0,1,0,1,0,1,1,0,0,1,1,0,1,0,0,0,1,0,1,1,0,1,0,1,0,1,1,0.0,-19.438729798647636,1
1,0,0,1,0,1,1,0,0,0,1,1,0,0,1,1,1,1,0,0,1,0,1,0,0,1,1,1,0,1,0,0,0.0,-19.438671500928756,1
0,1,0,1,1,0,0,0,0,1,0,0,1,0,1,0,0,1,0,0,0,1,1,0,1,1,1,0,1,1,1,1,0.0,-19.438646552163295,1
1,1,0,0,0,1,1,0,0,1,0,1,0,0,1,0,1,0,1,0,1,0,1,0,0,1,1,1,0,1,1,0,0.0,-19.438537996339615,1
0,1,1,1,1,1,1,0,0,1,0,0,1,0,0,1,1,0,1,1,0,1,1,0,0,0,1,0,0,0,1,0,0.0,-19.438400811192302,1
0,1,0,1,0,1,1,1,1,1,1,0,1,0,0,0,0,0,0,0,0,1,1,0,1,1,0,0,1,1,0,1,0.0,-19.43839918711507,1
1,0,1,1,1,0,1,0,0,0,1,0,0,0,1,0,0,1,0,0,1,0,0,0,1,1,1,1,1,1,0,1,0.0,-19.43836453019329,1
1,1,0,0,0,0,1,0,1,0,1,0,0,0,1,1,0,1,0,1,1,0,1,0,0,1,1,0,1,1,1,0,0.0,-19.438278840716794,1
1,0,0,0,1,0,0,0,0,1,1,1,0,0,1,1,0,1,0,0,1,0,0,0,1,1,1,1,1,1,0,1,0.0,-19.438246366581055,1
0,0,1,1,0,0,0,0,0,1,1,1,1,0,1,0,0,1,1,0,0,1,1,1,0,1,1,0,1,1,0,0,0.0,-19.43815632586381,1
0,1,1,0,0,0,0,0,1,1,1,1,1,0,0,1,0,1,0,0,1,1,1,0,0,1,0,1,1,1,0,0,0.0,-19.438130648802655,1
1,1,0,1,0,1,0,0,1,0,1,0,0,0,1,0,0,1,1,0,1,1,1,0,0,1,1,0,1,0,0,1,0.0,-19.437975025366526,1
1,0,0,1,0,0,1,0,0,1,1,1,0,0,1,1,1,1,1,0,1,1,0,0,0,1,0,0,0,1,1,0,0.0,-19.437911098930687,1
0,0,0,0,1,1,0,0,1,1,1,0,1,0,1,1,0,1,0,0,0,0,1,1,0,1,1,0,1,0,1,1,0.0,-19.437873952320604,1
1,0,0,0,0,1,1,1,0,0,1,0,1,0,1,0,0,1,0,1,1,1,1,0,1,0,1,0,1,0,0,1,0.0,-19.43775592019384,1
0,1,0,1,0,0,1,0,1,1,0,0,1,0,1,1,0,1,1,0,0,0,0,1,0,1,1,0,1,1,0,1,0.0,-19.437744739195296,1
1,1,0,1,1,0,1,0,0,1,1,0,1,0,1,0,0,0,0,1,0,1,0,0,1,0,1,0,0,1,1,1,0.0,-19.43773488969946,1
0,0,0,1,0,0,1,1,0,0,0,1,0,1,1,0,0,1,0,0,0,1,1,1,1,1,0,1,1,0,1,1,0.0,-19.437720225117594,1
0,0,1,0,0,0,1,1,1,1,1,1,1,1,0,0,1,1,0,1,0,0,1,0,0,0,0,0,1,1,0,1,0.0,-19.437586501840073,1
0,1,0,1,0,1,0,0,1,1,1,0,1,0,0,0,0,1,0,0,1,1,1,0,0,1,1,1,1,0,1,0,0.0,-19.437094660591175,1
0,1,0,0,0,0,1,0,0,0,1,1,1,1,0,0,1,1,1,0,0,1,0,1,1,1,0,1,1,0,0,1,0.0,-19.437011841422894,1
0,0,0,1,0,1,0,1,1,0,0,1,1,0,1,0,0,1,0,1,0,1,1,0,1,0,1,1,1,0,1,0,0.0,-19.436945908971353,1
1,0,0,1,1,1,1,0,0,1,0,0,1,0,1,0,0,1,1,0,0,1,1,0,0,1,1,0,1,1,0,0,0.0,-19.43694044177857,1
0,1,0,0,0,0,1,1,1,1,1,1,1,0,1,1,0,0,0,0,0,1,0,0,1,1,0,0,1,0,1,1,0.0,-19.436906026534018,1
1,0,1,0,1,0,0,1,0,0,1,0,1,1,1,0,1,0,0,1,1,0,0,0,1,1,0,1,1,0,0,1,0.0,-19.436899607929327,1
0,0,1,1,0,1,0,1,1,0,1,0,0,1,1,0,0,1,0,0,1,0,0,1,0,1,1,0,0,1,1,1,0.0,-19.436690762411903,1
0,0,0,1,0,1,1,1,0,1,1,1,1,0,1,0,0,0,0,0,1,1,0,0,0,1,1,1,1,0,0,1,0.0,-19.436659671419797,1
1,1,0,1,0,1,1,0,0,0,1,1,0,0,1,1,1,0,0,1,0,0,0,0,1,1,1,0,1,0,0,1,0.0,-19.436607914798937,1
1,0,0,0,0,0,1,0,1,1,1,1,0,1,1,0,0,1,0,0,1,0,0,0,1,1,0,0,1,1,1,1,0.0,-19.436602223608812,1
0,1,0,1,1,1,0,1,1,1,0,0,0,0,1,0,0,0,0,0,0,1,1,0,1,0,0,1,1,1,1,1,0.0,-19.436586791099923,1
0,0,0,1,0,0,0,1,1,0,0,1,0,0,1,1,1,0,1,1,0,0,1,0,1,1,1,1,1,0,0,1,0.0,-19.436556281220703,1
1,1,1,1,0,1,1,0,0,1,0,0,0,0,1,0,0,1,0,1,1,0,1,1,0,0,0,0,1,0,1,1,0.0,-19.436548953218256,1
1,0,0,0,0,1,1,0,0,0,1,0,0,0,1,0,0,1,0,0,1,1,1,1,0,1,1,1,0,1,1,1,0.0,-19.436526566487263,1
1,1,0,0,0,0,0,0,0,1,1,0,1,0,1,0,0,1,0,1,1,1,1,0,1,0,1,0,1,1,0,1,0.0,-19.436518111052298,1
1,0,1,1,1,1,1,0,0,0,0,1,0,1,0,0,0,1,0,0,0,1,0,1,1,1,1,0,0,1,0,1,0.0,-19.43644200782988,1
1,0,0,1,0,0,1,0,1,0,1,0,0,1,0,0,0,1,0,0,0,1,1,1,1,1,1,1,1,1,0,0,0.0,-19.436393361336187,1
1,1,0,0,1,1,1,1,1,1,0,0,1,0,1,1,0,1,0,0,0,0,0,0,1,0,1,0,1,1,0,0,0.0,-19.43633200183748,1
0,0,0,1,0,0,1,0,1,1,1,1,0,0,1,1,1,0,0,0,0,0,1,0,0,1,1,1,1,1,0,1,0.0,-19.436317968938305,1
0,1,1,0,0,1,0,0,0,1,1,0,0,0,1,1,1,0,0,0,1,1,0,0,0,1,0,1,1,1,1,1,0.0,-19.436273890847094,1
0,1,0,1,0,1,0,0,1,1,0,0,0,1,1,0,1,0,0,0,1,1,1,0,0,1,0,0,1,1,1,1,0.0,-19.4362120134336,1
1,1,1,0,1,0,1,0,0,1,1,0,0,0,1,0,0,1,1,0,0,0,0,0,0,1,0,1,1,1,1,1,0.0,-19.43620682158129,1
1,0,1,0,0,1,1,0,0,1,1,0,0,0,1,1,0,1,1,0,0,0,0,0,0,1,1,1,1,1,0,1,0.0,-19.43617109325085,1
0,1,0,1,1,0,0,0,1,1,1,0,1,0,0,0,0,1,1,0,0,1,1,1,0,1,1,0,1,0,0,1,0.0,-19.436118190879984,1
1,1,1,1,1,0,1,0,0,0,0,0,0,1,1,0,0,1,0,1,0,0,1,0,1,0,0,1,1,1,0,1,0.0,-19.43605863570499,1
0,1,1,0,0,0,1,0,0,1,1,0,0,0,1,0,0,1,1,0,1,0,1,0,0,1,0,1,1,1,1,1,0.0,-19.43601240857505,1
0,0,0,1,1,0,1,1,0,1,1,1,1,1,1,0,1,0,0,0,0,0,0,1,0,1,0,1,1,0,0,1,0.0,-19.43598819589485,1
0,1,0,0,0,0,1,0,1,0,1,1,0,1,1,1,0,1,0,0,1,0,0,0,1,1,1,0,1,1,0,1,0.0,-19.435974442116745,1
1,1,0,0,1,0,0,1,1,1,0,1,0,0,1,0,0,1,0,0,1,1,1,0,1,0,0,0,0,1,1,1,0.0,-19.435931255452957,1
0,1,1,1,0,0,1,0,0,1,1,0,0,0,1,0,1,0,1,0,1,0,0,0,1,1,1,0,1,0,1,1,0.0,-19.43590732843262,1
0,0,0,0,0,1,1,1,0,1,1,1,1,0,0,0,1,1,1,1,0,0,1,0,1,0,0,1,0,0,1,1,0.0,-19.435831026731535,1
0,0,0,1,1,0,0,0,1,1,1,0,1,0,0,1,0,1,0,0,0,1,0,1,1,1,0,1,1,1,0,1,0.0,-19.435805575353527,1
1,1,0,1,0,0,1,0,0,1,0,1,0,0,1,1,0,0,0,0,1,1,0,1,1,1,0,1,1,1,0,0,0.0,-19.4357596421402,1
0,0,0,1,0,0,1,0,0,1,1,0,1,1,0,0,1,1,0,1,1,0,1,1,0,0,1,1,0,1,0,1,0.0,-19.43571439059916,1
1,0,0,1,0,1,1,0,0,1,0,0,0,0,1,0,0,1,0,1,0,0,0,1,1,0,1,1,1,1,1,1,0.0,-19.43569271660971,1
0,0,1,0,0,1,0,0,1,1,1,0,0,0,1,1,0,1,0,1,0,0,1,1,0,0,1,0,1,1,1,1,0.0,-19.43555494895886,1
0,0,0,1,1,0,1,0,1,0,1,1,0,0,1,1,0,1,0,1,0,0,0,1,1,0,0,1,1,0,1,1,0.0,-19.43552981554676,1
0,0,0,1,0,1,0,1,1,0,1,0,0,0,1,0,1,1,0,1,1,0,0,1,0,0,1,1,1,0,1,1,0.0,-19.435501727852785,1
1,1,0,0,0,1,0,0,0,1,0,1,0,1,1,1,0,0,0,1,1,1,0,1,0,0,1,1,0,1,0,1,0.0,-19.435457468215624,1
0,1,0,0,0,1,0,1,1,1,1,0,0,0,1,0,1,0,1,1,1,0,0,0,1,0,0,0,1,1,1,1,0.0,-19.435191305675875,1
1,0,0,1,0,1,0,1,0,1,1,1,0,0,1,0,0,1,0,0,1,0,1,0,1,1,0,1,1,1,0,0,0.0,-19.4351758257975,1
0,1,0,1,1,1,1,0,1,0,0,0,1,0,1,1,0,1,0,0,1,1,1,0,0,1,0,0,1,1,0,0,0.0,-19.435154882129293,1
1,1,0,0,0,1,1,0,1,1,0,0,1,0,0,0,1,1,0,0,0,0,0,0,1,1,1,1,1,0,1,1,0.0,-19.435125799371466,1
0,0,1,0,0,0,1,0,1,1,0,0,1,1,1,1,0,1,0,0,0,0,1,1,0,1,1,0,1,1,0,1,0.0,-19.435117269474123,1
0,1,0,1,1,1,1,1,0,0,1,1,0,1,1,0,0,1,0,0,1,0,0,1,0,1,0,0,1,1,0,0,0.0,-19.435036775818983,1
0,0,1,1,0,0,1,0,0,1,0,0,1,0,1,1,0,1,1,0,1,1,1,0,1,1,0,0,0,0,1,1,0.0,-19.435029465280227,1
0,1,0,0,0,0,1,1,1,1,1,1,1,1,1,1,0,0,1,0,0,1,1,0,0,1,0,0,1,0,0,0,0.0,-19.434734252921757,1
0,1,0,0,1,1,0,1,1,1,1,0,0,1,1,0,0,0,0,0,1,0,0,0,1,1,0,0,1,1,1,1,0.0,-19.434500560921744,1
0,1,1,1,0,1,1,0,0,1,1,1,0,0,1,1,1,0,0,0,0,0,1,0,0,1,1,0,1,0,0,1,0.0,-19.434473945532467,1
0,1,1,1,0,0,1,1,0,1,1,1,0,0,1,0,0,1,1,0,1,0,1,1,0,0,0,1,0,0,1,0,0.0,-19.434451711853548,1
1,1,0,0,0,1,1,0,0,1,1,0,0,0,1,0,0,0,1,0,1,1,0,0,1,1,1,0,1,1,0,1,0.0,-19.43443923795727,1
0,0,1,1,1,0,0,0,1,1,0,0,1,1,0,1,1,0,0,1,0,0,1,1,1,1,0,0,1,0,0,1,0.0,-19.434430605024804,1
0,1,0,1,0,0,1,0,1,1,0,1,1,0,1,1,0,1,0,0,0,0,0,0,1,1,1,0,1,1,0,1,0.0,-19.43440617456714,1
1,1,0,1,1,1,0,0,0,1,1,0,0,0,1,1,0,1,0,0,1,0,1,1,0,1,1,0,1,0,0,0,0.0,-19.434406168455293,1
0,1,1,1,0,0,0,1,0,1,1,0,0,0,1,0,0,1,0,0,1,1,0,0,0,1,0,1,1,1,1,1,0.0,-19.434362174469555,1
1,0,0,1,0,1,1,0,1,1,1,1,1,0,1,1,0,0,0,0,0,1,0,0,1,1,1,0,1,0,0,0,0.0,-19.434266231242674,1
1,1,0,0,0,1,1,0,0,1,0,0,1,1,1,0,1,1,1,0,1,0,0,1,0,1,0,0,1,0,0,1,0.0,-19.434146629803532,1
1,1,1,1,0,0,1,0,1,1,0,1,0,0,1,0,0,0,1,0,0,1,1,0,0,1,0,1,1,0,1,0,0.0,-19.4340951712837,1
1,0,0,1,1,0,1,0,0,1,0,1,0,1,1,0,0,1,0,0,0,0,1,0,1,1,0,1,1,1,0,1,0.0,-19.433894586410016,1
0,1,0,1,0,1,0,0,0,1,1,0,1,1,1,0,0,1,1,0,1,0,1,0,0,1,1,1,1,0,0,0,0.0,-19.433886795242167,1
0,0,0,1,0,0,1,1,0,1,1,1,0,0,1,0,0,0,0,0,1,1,0,0,1,1,1,1,0,1,1,1,0.0,-19.433822147590703,1
0,0,0,1,0,1,1,1,0,1,1,1,0,0,0,0,0,1,0,1,0,1,0,0,1,0,1,1,1,0,1,1,0.0,-19.43380445201557,1
1,0,0,1,1,1,0,0,1,0,0,1,1,0,1,0,0,1,1,1,0,0,1,0,1,1,1,0,1,0,0,0,0.0,-19.43380441460944,1
1,1,1,1,1,1,1,0,0,1,0,0,1,0,1,1,0,1,0,0,0,0,0,0,1,0,1,1,1,0,0,0,0.0,-19.433767369280112,1
0,1,1,1,1,0,1,1,0,0,0,0,0,0,1,0,0,0,1,1,0,0,0,1,1,1,1,0,1,1,0,1,0.0,-19.4336789243623,1
0,0,0,0,1,0,0,1,0,1,0,0,0,0,1,0,1,1,1,0,1,1,1,1,0,1,1,0,1,0,1,1,0.0,-19.433666148008356,1
0,1,0,0,1,0,1,1,0,0,0,0,1,1,1,1,0,1,0,1,0,1,0,0,0,1,0,1,1,0,1,1,0.0,-19.433654803069654,1
0,1,1,1,0,0,1,0,0,1,1,0,1,1,1,0,0,1,0,0,1,0,0,0,0,1,1,1,1,0,1,0,0.0,-19.433522575410034,1
1,1,1,1,0,0,1,0,1,1,0,1,0,1,1,0,0,0,0,0,1,0,0,0,1,1,1,0,0,1,1,0,0.0,-19.433467120076497,1
1,1,0,0,0,0,1,0,0,0,1,0,0,1,1,1,1,0,0,1,0,0,1,0,1,1,1,1,1,0,0,1,0.03125,-19.433258729219933,1
1,1,0,1,0,1,0,0,1,1,1,1,1,0,0,0,0,0,0,1,0,1,0,0,0,1,1,1,0,1,0,1,0.0,-19.433236622256622,1
0,1,0,1,0,0,1,0,0,0,1,1,0,0,0,1,1,1,1,1,1,1,0,0,0,1,1,1,1,0,0,0,0.0,-19.43308350008883,1
0,1,1,1,1,0,1,1,1,0,0,0,1,0,1,1,0,1,1,0,0,0,1,0,0,1,0,1,0,1,0,0,0.0,-19.43286540011162,1
1,0,0,0,0,1,1,1,1,1,1,0,0,0,1,1,1,0,0,0,0,0,0,1,1,1,1,0,1,0,1,0,0.0,-19.432823007518756,1
0,1,0,1,0,1,0,0,0,0,1,1,0,0,1,1,1,0,1,1,0,0,0,0,1,1,1,1,0,1,0,1,0.0,-19.432813136219075,1
0,1,1,1,0,0,1,0,1,0,1,1,1,0,1,0,0,0,0,1,1,0,0,1,0,1,0,1,0,1,1,0,0.0,-19.43275307811596,1
1,1,0,0,0,0,1,1,1,1,1,0,0,1,0,0,0,1,0,0,1,0,0,0,1,1,0,1,0,1,1,1,0.0,-19.432709874394348,1
1,1,0,0,1,1,1,1,1,0,0,0,0,0,1,0,0,1,0,1,1,0,1,0,1,0,0,0,0,1,1,1,0.0,-19.432696063920904,1
1,0,0,0,1,1,1,0,0,1,1,1,1,1,1,1,0,1,0,0,1,0,0,0,0,1,0,1,0,1,0,0,0.0,-19.432628060734213,1
1,0,1,1,0,0,0,1,1,1,0,0,0,1,1,0,0,1,1,1,1,0,1,1,0,0,0,0,0,1,0,1,0.0,-19.432588177139046,1
0,1,0,0,1,0,1,1,1,1,1,0,1,0,1,0,0,1,1,0,1,0,0,0,0,0,1,1,0,0,1,1,0.0,-19.43255205410154,1
0,0,1,1,1,1,1,0,0,1,1,0,1,0,0,0,1,0,0,1,0,1,0,0,0,1,1,0,1,1,0,1,0.0,-19.432498996029853,1
0,1,0,1,1,1,1,0,0,1,1,0,1,0,1,1,0,1,0,0,0,1,0,0,1,0,1,0,1,1,0,0,0.0,-19.43248692605075,1
1,1,0,0,0,1,0,0,1,0,1,1,0,0,1,0,0,1,0,0,0,0,0,1,1,1,1,1,1,1,0,1,0.0,-19.432458308750597,1
0,0,0,0,0,1,0,0,1,1,0,1,0,0,1,1,0,1,1,1,0,0,1,1,1,0,1,0,1,1,0,1,0.0,-19.432395020862256,1
1,1,1,0,0,1,0,0,0,1,1,0,0,1,1,0,0,1,0,0,1,0,0,0,1,1,0,1,1,1,1,0,0.0,-19.432214024888626,1
1,0,1,0,0,1,1,0,0,1,1,0,1,0,1,1,1,0,1,1,0,0,0,1,0,1,1,0,1,0,0,0,0.0,-19.43219982533608,1
1,1,1,1,1,1,1,0,1,0,0,0,0,0,1,1,0,1,0,1,0,0,1,0,0,0,0,1,0,0,1,1,0.0,-19.432159420020046,1
0,0,0,0,0,1,0,1,1,0,1,1,0,1,1,1,1,0,1,1,1,0,1,0,1,1,0,0,1,0,0,0,0.0,-19.432089944235152,1
0,1,0,1,0,1,1,1,0,1,1,0,0,0,1,1,0,1,0,0,1,0,1,1,0,1,0,0,1,1,0,0,0.0,-19.43202170003733,1
1,0,0,1,1,1,1,0,0,1,1,1,0,0,0,0,0,1,0,0,0,1,1,1,1,0,1,1,0,0,0,1,0.0,-19.431979586070746,1
1,0,0,0,1,0,1,0,1,1,1,0,1,0,1,0,1,0,0,0,1,0,0,1,0,1,1,1,1,0,0,1,0.0,-19.43197031865028,1
0,1,0,1,0,0,1,1,1,0,1,0,1,0,0,0,0,1,1,1,0,1,0,0,1,1,1,0,1,1,0,0,0.0,-19.431906550843397,1
0,0,1,1,0,0,1,0,1,1,1,1,0,1,1,0,1,1,0,0,1,0,1,0,0,0,1,0,1,0,0,1,0.0,-19.431879313774196,1
1,1,0,1,1,1,0,0,1,1,1,0,0,0,1,0,0,1,0,0,0,0,0,1,0,1,1,0,1,0,1,1,0.0,-19.431858083318005,1
1,1,1,1,0,1,1,0,0,1,1,0,0,0,1,0,0,0,0,0,1,0,1,0,1,1,1,0,0,1,0,1,0.0,-19.431843972979337,1
0,1,1,1,0,0,1,1,0,0,1,0,0,0,1,0,1,0,0,1,0,0,0,0,1,1,1,1,1,1,1,0,0.0,-19.431749679426076,1
0,0,0,1,0,1,1,0,1,1,1,0,0,0,1,0,0,1,1,0,0,0,1,1,0,1,1,0,1,1,1,0,0.0,-19.43172073249755,1
1,1,0,0,0,1,1,1,1,1,0,0,0,1,1,1,0,0,0,0,0,0,0,1,1,1,1,0,1,1,0,0,0.0,-19.43164754278142,1
0,1,0,1,0,0,1,0,0,1,0,0,1,0,1,0,1,1,1,0,0,1,0,1,0,1,1,0,1,1,0,1,0.0,-19.43160752750316,1
0,1,0,0,1,0,1,0,1,1,1,0,0,0,1,1,0,0,0,0,1,1,1,0,1,0,0,1,1,0,1,1,0.0,-19.431604542596794,1
1,1,0,0,0,0,0,1,0,0,0,1,0,1,1,0,0,1,0,0,0,1,1,1,1,1,1,1,0,1,0,1,0.0,-19.431543289653476,1
0,0,1,1,0,1,1,1,0,1,1,1,0,0,1,1,0,0,1,0,0,0,0,1,1,1,0,1,1,0,0,0,0.0,-19.431508344897136,1
0,1,0,0,1,1,1,0,0,1,0,0,0,0,0,0,1,0,1,1,1,0,1,1,1,0,1,1,0,0,1,1,0.0,-19.431501290970445,1
1,1,0,1,0,1,0,0,1,1,1,1,0,0,0,0,0,1,0,1,1,0,1,0,1,0,1,1,0,0,1,0,0.0,-19.431389579826135,1
1,1,0,0,0,0,1,0,0,1,1,1,1,0,1,0,1,1,1,0,0,0,1,1,0,1,1,0,0,1,0,0,0.0,-19.431321765300616,1
1,0,1,0,0,1,1,0,1,1,1,0,0,1,1,0,0,1,0,0,0,0,0,0,1,0,1,1,1,0,1,1,0.0,-19.43122812621639,1
0,0,0,0,1,1,1,0,0,0,1,1,0,0,1,0,0,1,0,1,1,1,0,0,1,0,1,1,1,1,1,0,0.0,-19.431190291025217,1
1,1,0,0,0,0,0,0,1,1,1,0,0,0,1,0,0,1,0,1,1,0,1,0,1,0,1,1,1,1,1,0,0.0,-19.431107166792586,1
0,0,0,1,1,1,1,0,1,0,1,1,1,1,1,0,0,0,0,1,1,0,0,1,0,1,1,0,1,0,0,0,0.0,-19.431050053336115,1
1,0,0,0,1,0,0,0,0,1,1,0,1,0,1,1,0,1,0,0,1,1,0,0,1,1,1,1,0,1,0,1,0.0,-19.430863725950946,1
1,1,1,0,0,0,1,0,0,1,1,0,0,0,1,1,1,0,0,0,0,1,0,0,1,1,0,1,1,0,1,1,0.0,-19.430848918954464,1
1,1,1,0,0,1,1,1,0,0,1,1,0,0,1,1,0,1,0,0,0,1,0,1,0,1,0,1,1,0,0,0,0.0,-19.430664129316778,1
0,1,1,0,0,0,1,0,1,1,1,0,1,1,1,1,0,0,1,0,1,0,1,0,0,1,0,1,0,1,0,0,0.0,-19.43064134493869,1
1,1,0,1,0,1,1,0,1,1,1,0,0,0,0,1,0,0,1,1,0,0,1,0,0,1,1,1,0,0,0,1,0.0,-19.430544642511066,1
0,1,0,1,0,0,0,0,0,1,1,0,0,1,1,1,0,1,1,0,0,1,0,1,0,1,1,1,0,1,1,0,0.0,-19.430537585678685,1
0,0,0,0,0,1,0,1,0,1,1,1,0,0,1,0,1,1,0,0,1,0,1,1,0,1,0,1,1,1,0,1,0.0,-19.430391623094017,1
0,0,0,1,0,0,1,1,0,1,0,1,0,0,1,0,1,1,0,1,0,0,1,1,0,0,1,1,1,1,0,1,0.0,-19.43038615076094,1
0,1,0,0,1,1,1,0,0,1,1,1,1,1,1,0,0,0,0,1,0,0,0,0,0,1,1,0,1,1,0,1,0.0,-19.430363351591488,1
0,0,1,1,0,1,0,0,1,1,0,0,1,1,1,0,0,1,0,0,1,0,1,1,0,1,0,1,0,1,1,0,0.0,-19.430275066131404,1
1,0,0,0,1,1,1,1,0,0,1,0,0,0,1,0,0,0,0,1,0,0,1,1,1,1,1,1,1,1,0,0,0.0,-19.430238457216856,1
0,0,1,1,1,0,1,0,1,1,1,0,1,0,1,0,0,0,1,0,0,1,0,0,1,0,1,1,1,0,0,1,0.0,-19.430213350758205,1
0,0,0,0,0,1,0,1,1,1,1,0,0,0,0,1,0,1,0,1,0,0,1,1,1,1,1,0,1,0,1,1,0.0,-19.43014032552986,1
0,1,1,1,0,0,0,0,1,1,1,0,1,0,1,0,0,0,1,1,1,1,0,0,0,1,1,0,1,0,1,0,0.0,-19.430056346488698,1
1,0,0,1,0,1,1,0,0,1,1,1,0,0,0,0,0,0,0,1,0,1,1,1,1,1,1,0,0,1,0,1,0.0,-19.429947014847887,1
1,0,0,0,1,0,0,1,1,0,0,1,0,1,1,1,1,0,0,1,0,0,0,1,1,1,0,1,0,1,0,1,0.0,-19.42986748680387,1
1,1,0,0,0,1,1,0,1,0,1,1,0,1,1,0,0,1,0,0,1,1,0,0,0,1,1,0,1,0,0,1,0.0,-19.429824102589734,1
0,1,0,1,1,0,1,0,0,1,0,1,0,0,1,0,1,1,1,0,0,1,0,0,0,1,1,0,1,1,1,0,0.0,-19.42968667504546,1
0,1,1,1,0,1,1,0,1,1,1,0,0,0,0,0,1,1,1,0,0,1,0,1,0,0,1,0,1,1,0,0,0.0,-19.429679627081185,1
0,1,1,0,0,0,1,1,0,0,1,0,1,0,1,0,0,1,1,1,1,0,0,0,1,1,1,0,0,0,1,1,0.0,-19.429657749101768,1
0,0,0,1,0,1,0,0,1,1,1,1,0,0,1,1,0,0,0,1,1,0,1,1,1,0,1,1,1,0,0,0,0.0,-19.429630489739004,1
0,1,0,1,0,0,0,1,0,1,1,0,0,0,1,0,1,1,1,1,1,0,1,0,1,0,1,0,1,0,0,1,0.0,-19.42953193933702,1
1,0,0,1,0,0,1,1,0,1,0,1,1,0,1,1,0,1,0,1,0,0,1,1,1,1,0,0,0,1,0,0,0.0,-19.429522059580485,1
1,1,0,1,1,0,1,1,1,1,1,0,0,0,0,0,1,1,0,0,0,1,0,1,0,1,0,0,1,0,1,0,0.0,-19.429408666644598,1
0,0,0,1,1,1,0,1,1,1,1,0,0,0,0,0,0,0,1,1,1,0,1,1,0,1,0,1,0,1,0,1,0.0,-19.42917888035209,1
0,0,1,0,1,1,1,0,1,1,1,0,0,0,0,1,0,0,1,0,1,1,0,1,1,0,1,1,0,1,0,0,0.0,-19.429089549317588,1
0,0,0,1,0,1,1,1,0,1,1,0,0,1,1,1,1,1,0,0,1,0,0,1,0,0,1,1,0,1,0,0,0.0,-19.429059428490255,1
1,1,0,1,0,1,1,1,1,0,1,0,0,0,1,0,0,1,1,0,1,0,1,0,1,1,0,0,0,0,0,1,0.0,-19.429016240658754,1
1,1,1,1,1,0,1,0,1,0,1,1,0,0,1,0,0,1,0,1,0,0,0,0,0,1,0,0,1,1,0,1,0.0,-19.428841585843305,1
1,1,1,1,0,0,0,1,0,1,0,0,1,0,1,0,0,1,0,0,0,1,1,0,1,1,1,1,1,0,0,0,0.0,-19.428783694727787,1
0,1,0,1,1,1,1,0,1,1,1,0,0,0,1,1,0,0,0,0,0,0,0,1,1,0,1,1,1,1,0,0,0.0,-19.428726171667694,1
0,1,0,1,1,0,0,0,0,1,0,1,0,0,1,1,0,1,0,0,1,0,0,1,1,1,1,1,1,0,0,1,0.0,-19.428659603321293,1
0,0,0,0,1,1,1,1,0,1,1,1,0,0,0,1,0,1,0,1,0,0,1,0,0,1,1,1,1,1,0,0,0.0,-19.428630979647902,1
0,1,0,1,0,0,1,0,0,1,0,1,0,1,1,1,0,1,0,1,0,0,0,1,0,1,0,1,1,0,1,1,0.03125,-19.428590443577882,1
0,1,1,1,0,0,1,0,1,1,1,1,0,0,0,0,0,0,0,1,0,0,0,1,1,1,0,1,1,0,1,1,0.0,-19.428464761653927,1
1,1,1,1,0,0,0,0,0,1,1,0,0,0,1,0,0,1,1,0,0,1,1,0,0,1,1,1,0,1,0,1,0.0,-19.42846353767953,1
0,1,1,1,0,0,1,1,1,0,1,0,0,0,1,0,1,0,0,1,0,0,1,0,1,0,1,1,1,1,0,0,0.0,-19.428363392171082,1
1,1,0,1,0,0,0,1,1,1,0,0,0,0,1,1,0,1,0,0,0,0,1,0,1,1,1,1,0,1,0,1,0.0,-19.428344686772146,1
0,1,0,0,0,0,0,1,1,1,1,0,0,1,0,1,0,0,1,1,0,1,1,1,0,1,0,1,0,1,0,1,0.0,-19.428136784245833,1
1,1,0,1,1,0,1,0,1,1,1,0,1,0,1,0,0,1,0,0,0,1,1,0,1,0,1,0,1,0,0,0,0.0,-19.428099176688583,1
0,1,0,0,1,1,1,1,1,1,1,1,1,1,0,0,1,0,0,1,0,1,0,0,0,0,0,0,0,1,0,1,0.0,-19.42804039679448,1
0,1,0,0,1,1,0,0,1,0,1,0,0,0,0,0,1,1,0,0,0,1,1,0,1,1,1,1,1,1,0,1,0.0,-19.42800655963339,1
1,1,1,0,1,0,1,1,0,1,1,1,0,0,1,1,0,1,0,0,0,1,1,0,1,0,0,0,0,1,0,0,0.0,-19.42799676994048,1
0,0,1,0,1,0,0,1,1,0,0,0,1,0,1,0,0,1,0,1,1,0,1,1,1,1,0,1,1,0,1,0,0.0,-19.427919772038592,1
1,1,0,1,0,1,0,0,1,1,0,1,0,0,1,1,0,1,0,1,1,0,0,0,0,1,1,0,1,0,0,1,0.0,-19.42788753480392,1
0,0,0,1,0,0,0,1,1,0,1,0,0,0,1,0,0,1,1,1,1,1,0,1,0,1,1,1,1,0,1,0,0.0,-19.42776480937548,1
0,1,0,0,0,1,0,1,0,0,1,0,0,0,1,1,1,0,1,1,0,1,0,1,0,1,1,1,0,1,0,1,0.0,-19.42772823973836,1
1,0,1,1,1,1,1,0,1,0,1,0,0,1,1,0,0,1,0,0,1,0,1,1,0,1,0,0,0,1,0,0,0.0,-19.427687523775592,1
1,1,1,1,0,1,0,0,0,1,1,1,0,0,1,0,0,1,0,0,1,0,0,1,1,1,1,0,1,0,0,0,0.0,-19.42762902103018,1
1,0,0,1,0,0,1,0,0,1,1,0,0,1,1,1,0,0,0,1,0,1,1,0,1,1,1,0,0,1,0,1,0.0,-19.427493975574585,1
0,0,0,0,1,1,1,1,1,1,0,0,0,0,0,0,1,1,0,0,1,1,1,0,1,0,0,1,1,1,0,1,0.0,-19.42748971855143,1
1,1,0,1,0,1,1,0,1,1,1,0,1,1,1,0,0,1,0,1,0,0,1,0,0,0,1,0,0,0,1,0,0.0,-19.42741026036524,1
0,1,1,0,1,1,1,0,1,1,1,0,0,0,1,1,0,0,0,0,0,1,1,1,0,0,1,0,1,0,0,1,0.0,-19.427319448487783,1
0,0,0,1,1,1,0,0,1,1,1,1,1,0,0,0,1,1,0,1,0,1,0,0,0,1,0,0,1,1,0,1,0.0,-19.427290875729852,1
0,1,0,0,1,1,1,0,0,1,1,1,0,0,1,1,0,1,0,0,0,1,1,0,0,1,0,0,1,1,0,1,0.0,-19.427190141188404,1
1,0,1,0,0,1,1,0,1,1,0,1,0,0,0,0,0,1,1,0,1,1,1,0,0,1,1,1,0,1,0,0,0.0,-19.426995086361504,1
0,1,0,1,0,1,1,0,1,1,1,1,0,0,1,0,0,1,0,0,1,0,0,1,1,0,0,1,1,0,1,0,0.0,-19.42692140289907,1
0,0,1,1,0,1,1,1,1,1,1,0,0,0,1,1,0,1,0,0,1,0,0,0,1,0,0,1,1,0,0,1,0.0,-19.426893199520812,1
1,1,0,0,1,1,1,0,0,1,0,1,1,0,1,0,0,1,0,0,1,1,1,0,0,1,1,0,0,1,0,0,0.0,-19.4268777152617,1
0,1,0,1,1,1,1,0,0,1,0,0,0,0,1,0,1,1,1,0,0,0,0,0,1,1,1,0,1,1,1,0,0.0,-19.42654775187666,1
0,0,1,0,1,1,1,0,1,1,1,0,0,0,0,0,1,0,0,0,0,1,1,0,0,1,1,1,1,1,0,1,0.0,-19.426446572431438,1
1,1,1,1,0,1,1,0,0,1,1,1,1,0,1,0,0,0,0,1,0,0,0,1,1,1,0,0,1,0,0,0,0.0,-19.426393738743492,1
1,0,1,1,0,0,1,1,0,1,1,1,1,0,1,0,1,1,0,0,0,0,1,0,1,1,1,0,0,0,0,0,0.0,-19.426362576771098,1
0,0,0,0,1,0,1,1,1,1,1,0,0,0,1,0,1,0,1,0,1,0,1,0,1,1,1,0,1,1,0,0,0.0,-19.426316354015356,1
1,1,0,0,0,0,1,0,0,1,1,0,0,0,1,0,0,0,0,1,1,0,0,1,1,1,1,1,1,1,0,1,0.0,-19.426259924841915,1
0,1,0,1,0,0,0,0,1,1,1,0,1,1,1,0,0,1,1,1,1,0,0,0,0,1,1,0,1,0,0,1,0.03125,-19.426117219486105,1
1,0,1,0,0,0,1,1,1,1,0,1,1,1,1,0,0,1,0,0,0,1,0,1,0,1,0,0,0,1,0,1,0.0,-19.426040500694356,1
1,1,0,1,1,0,0,0,1,0,0,0,0,0,0,0,0,1,1,1,1,1,1,0,1,1,1,1,0,0,0,1,0.0,-19.42594475226325,1
1,1,0,0,0,0,0,0,1,0,1,0,0,1,1,1,0,1,0,1,0,1,0,0,1,1,0,1,1,1,0,1,0.0,-19.425830301846915,1
0,1,1,1,0,0,0,0,0,1,0,0,1,0,1,0,0,1,0,1,0,0,1,0,1,1,1,1,1,1,0,1,0.0,-19.425749056709428,1
1,1,1,0,0,1,1,0,0,1,1,0,1,0,1,0,0,0,0,0,0,1,1,1,1,1,0,1,0,0,1,0,0.0,-19.425702483149525,1
1,1,0,0,0,0,1,1,0,0,1,0,1,1,1,1,0,1,0,1,0,1,0,1,0,1,0,1,0,0,0,1,0.0,-19.425603929466416,1
0,1,0,1,1,1,0,1,0,1,1,1,0,0,0,1,0,1,0,1,0,0,0,1,1,1,1,0,0,0,1,0,0.0,-19.425576550001583,1
1,0,0,0,0,0,1,0,1,1,1,0,1,0,1,0,0,1,1,1,0,1,0,0,0,1,0,1,1,0,1,1,0.0,-19.425529468144884,1
0,1,1,1,1,1,1,0,0,1,1,0,0,0,1,1,0,0,0,0,0,1,1,0,0,1,1,0,0,1,0,1,0.0,-19.42541514837407,1
1,1,0,0,1,0,1,1,1,0,1,1,0,0,1,0,0,1,0,1,1,0,0,0,1,0,0,1,0,1,0,1,0.0,-19.425351641903056,1
1,1,0,1,1,0,1,0,1,1,1,1,0,0,1,0,0,0,0,0,0,1,0,1,0,1,0,1,0,0,1,1,0.0,-19.425257844079415,1
1,0,0,1,1,0,1,0,1,0,1,0,0,0,1,1,0,1,1,1,1,0,1,1,0,1,1,0,0,0,0,0,0.0,-19.425245742058156,1
1,1,0,0,0,0,1,1,1,0,1,1,0,0,0,0,0,1,1,1,0,1,1,0,0,1,1,1,0,0,0,1,0.0,-19.425208715019913,1
0,1,1,1,0,0,0,0,0,1,0,0,1,0,1,0,1,1,0,0,1,1,0,1,0,1,1,1,1,0,0,1,0.0,-19.425192870794795,1
0,0,1,0,0,1,1,1,0,0,1,0,0,0,1,1,1,0,1,1,0,0,1,1,1,1,1,0,0,0,0,1,0.0,-19.42514612519443,1
0,0,0,0,1,1,0,0,1,0,1,1,0,1,1,0,1,1,0,1,0,1,0,0,0,0,1,1,1,1,0,1,0.0,-19.424945013405875,1
0,1,1,1,0,0,1,0,1,0,1,1,0,0,1,1,0,0,0,1,0,0,1,0,1,1,0,1,0,1,0,1,0.0,-19.424888081881733,1
0,0,0,0,0,1,1,1,1,0,1,0,0,1,1,0,0,0,1,1,0,0,1,0,1,1,1,1,1,0,0,1,0.0,-19.42481024973152,1
0,1,1,0,1,0,0,0,0,1,1,1,0,0,0,0,1,1,1,0,1,1,0,1,1,1,0,0,0,1,0,1,0.0,-19.424737524190743,1
0,1,1,0,0,1,1,0,0,1,1,0,1,0,1,0,1,1,0,0,1,0,1,0,0,1,0,1,1,1,0,0,0.0,-19.4244909108694,1
1,0,1,1,0,0,0,0,0,1,0,0,1,0,1,1,1,1,1,1,1,0,1,0,1,1,0,1,0,0,0,0,0.0,-19.424253233197053,1
0,1,0,0,0,1,1,0,1,1,1,0,0,0,1,0,1,0,0,1,1,0,1,0,0,0,1,1,0,1,1,1,0.0,-19.424087854757637,1
0,0,0,1,0,1,1,1,1,0,1,1,0,0,1,1,0,1,0,1,0,0,1,0,0,1,0,1,0,1,0,1,0.0,-19.42401965052174,1
0,1,1,1,0,0,1,0,1,1,1,0,1,0,0,0,1,1,0,1,0,0,0,0,0,1,1,1,1,0,1,0,0.0,-19.423940195528985,1
0,0,0,0,1,1,1,0,1,0,1,0,0,0,1,0,1,0,1,1,1,0,1,0,0,1,1,1,1,0,0,1,0.0,-19.423827821004675,1
1,1,0,1,1,0,1,0,0,0,0,1,0,0,1,0,1,1,0,1,0,0,0,0,1,1,1,1,1,0,0,1,0.0,-19.42360253632944,1
0,1,1,0,1,0,1,0,0,1,1,1,1,0,0,0,0,1,0,1,1,0,0,0,1,1,0,1,1,0,0,1,0.0,-19.423561888009807,1
0,1,0,0,0,1,0,0,1,1,1,0,1,0,1,1,0,1,0,1,0,1,1,0,1,0,1,0,1,0,0,1,0.0,-19.423354073201832,1
1,1,0,0,0,0,1,1,1,1,1,0,1,0,1,0,0,1,0,0,1,1,1,0,0,1,1,0,0,1,0,0,0.0,-19.423247116222303,1
0,0,0,1,0,0,1,0,1,0,1,0,1,0,1,0,0,1,1,1,0,0,1,1,1,1,1,1,0,0,1,0,0.0,-19.42309907711219,1
0,1,0,1,0,1,1,1,0,1,1,1,0,1,1,0,1,0,0,0,0,1,1,0,0,1,1,0,0,1,0,0,0.0,-19.42304511531462,1
0,0,1,0,0,0,1,0,1,1,1,0,0,1,1,0,1,1,0,0,0,0,1,1,1,0,0,1,1,1,0,1,0.0,-19.422862627803102,1
0,1,0,0,1,0,0,1,0,1,1,0,0,1,1,0,1,0,0,0,1,1,1,1,0,1,0,1,0,1,0,1,0.0,-19.42282464762044,1
1,0,1,1,0,1,1,0,1,1,1,1,0,0,1,0,0,1,0,1,0,0,1,1,0,0,1,0,1,0,0,0,0.0,-19.422755065615405,1
0,1,1,1,0,0,1,0,0,1,1,1,0,0,1,0,0,1,1,0,0,1,0,0,1,1,1,0,1,1,0,0,0.0,-19.422741088059393,1
0,1,0,1,0,1,1,0,0,1,0,1,1,0,1,0,1,0,0,0,0,1,0,1,1,1,0,1,0,1,0,1,0.0,-19.4226714904922,1
1,0,0,1,0,1,1,0,0,1,1,1,1,0,1,1,0,0,0,1,1,1,0,0,1,1,0,1,0,0,0,0,0.0,-19.42260466151302,1
0,1,1,0,0,0,1,0,1,1,0,0,0,0,1,0,1,1,1,0,0,0,1,1,1,1,0,0,1,1,1,0,0.0,-19.422591830392143,1
0,0,0,1,0,1,1,1,0,1,0,0,0,0,1,0,1,1,1,0,0,0,1,1,1,1,1,0,0,1,0,1,0.0,-19.422509188191448,1
0,1,0,1,1,1,1,1,0,1,1,0,0,1,0,0,1,1,0,0,0,1,0,0,0,1,1,0,0,1,0,1,0.0,-19.422440821548275,1
0,1,1,1,0,0,1,1,0,1,1,1,0,0,1,0,0,0,0,1,0,0,1,0,0,1,1,1,0,1,0,1,0.0,-19.422326307714595,1
1,0,0,0,1,1,0,0,0,1,0,1,0,0,1,1,1,1,0,1,0,0,1,0,1,1,0,1,1,1,0,0,0.0,-19.422246097913263,1
0,1,1,0,0,1,1,1,1,1,1,0,1,0,1,0,0,1,0,1,0,0,0,0,0,0,0,1,1,1,0,1,0.0,-19.421949144772746,1
1,1,1,1,0,0,1,0,1,1,0,0,0,0,1,1,1,1,0,0,1,0,0,0,1,0,1,1,0,0,0,1,0.0,-19.42175249104149,1
0,1,0,0,1,1,1,0,1,1,1,1,0,0,0,0,1,1,0,0,0,1,0,0,1,1,0,0,1,0,1,1,0.0,-19.421663716903893,1
0,0,0,1,0,1,0,0,0,1,1,0,0,0,0,0,1,1,1,1,1,0,0,1,1,1,1,1,0,1,0,1,0.0,-19.421467878813004,1
0,0,1,0,0,1,1,1,1,1,1,1,0,1,0,1,1,1,0,0,0,0,0,0,0,1,1,1,0,0,0,1,0.0,-19.421320996440674,1
0,1,0,1,1,1,1,0,0,1,1,0,1,1,1,0,0,1,0,0,0,1,0,0,1,1,0,0,0,1,1,0,0.0,-19.421299401183422,1
1,1,0,0,0,1,0,1,1,1,1,0,0,0,1,0,0,0,0,0,0,1,1,1,1,1,1,1,0,0,1,0,0.0,-19.421050103290487,1
1,0,0,0,0,1,1,0,1,1,1,1,0,0,1,0,1,1,1,1,0,0,0,1,0,0,1,0,0,1,0,1,0.0,-19.420974857393766,1
1,0,1,0,0,0,1,0,0,1,0,1,0,1,1,0,0,1,1,0,0,1,0,1,1,1,1,1,1,0,0,0,0.0,-19.420821424275722,1
1,1,1,1,0,1,0,0,0,1,1,1,0,0,1,0,0,1,0,0,1,1,0,1,1,1,0,0,0,1,0,0,0.0,-19.42080635342571,1
0,1,0,1,0,1,1,0,0,1,1,0,1,1,1,0,0,1,0,1,0,0,1,0,1,1,0,0,0,1,1,0,0.0,-19.42046069211278,1
0,0,1,0,1,1,1,0,1,1,1,1,0,0,0,0,0,0,1,1,0,1,0,1,1,0,1,1,0,0,1,0,0.0,-19.42033468314979,1
0,1,0,1,1,1,1,0,0,1,1,0,0,0,1,1,0,1,0,1,0,1,1,0,0,0,1,0,0,1,0,1,0.0,-19.420123770651564,1
0,1,0,1,0,1,1,0,1,0,1,0,0,0,1,0,1,0,1,0,1,1,1,1,0,1,1,1,0,0,0,0,0.0,-19.42005938544341,1
0,1,0,1,0,0,1,0,0,1,1,0,0,0,1,0,0,1,0,1,1,0,0,1,0,1,1,1,1,1,0,1,0.0,-19.419738657894143,1
1,0,0,0,0,1,1,0,1,0,0,0,0,0,1,1,0,1,1,1,0,0,1,1,1,1,1,1,0,0,0,1,0.0,-19.419645164020647,1
0,1,1,1,1,1,1,1,0,0,1,0,0,0,1,0,0,1,0,1,0,0,0,0,0,1,1,1,1,0,0,1,0.0,-19.419535588381304,1
1,0,0,0,1,1,1,0,1,1,0,0,1,0,1,0,0,1,1,1,0,1,1,0,0,1,0,0,0,0,1,1,0.0,-19.419497030721313,1
1,1,0,0,1,1,1,0,0,1,1,0,0,0,1,0,0,1,0,0,1,0,1,0,1,1,0,1,0,1,0,1,0.0,-19.41943611268659,1
0,0,0,1,0,1,1,0,1,1,1,0,0,0,1,1,1,1,0,0,0,1,1,0,1,1,0,0,1,0,1,0,0.0,-19.419125623307938,1
1,1,0,0,1,0,0,0,0,1,1,0,0,0,1,0,1,1,0,0,1,1,0,0,1,1,1,1,1,1,0,0,0.0,-19.41902217833011,1
1,1,0,0,0,1,0,0,1,0,1,0,1,0,1,0,1,0,0,1,0,1,0,1,1,1,1,1,0,1,0,0,0.0,-19.41895856146956,1
0,1,1,0,1,1,0,0,0,1,1,0,0,0,1,1,0,1,0,0,1,1,0,1,0,1,0,1,1,0,0,1,0.0,-19.418919528207706,1
1,1,0,1,0,1,1,1,1,1,1,1,0,0,1,0,0,1,0,0,0,1,1,0,1,0,1,0,0,0,0,0,0.0,-19.418907388026792,1
1,0,1,0,0,0,1,0,1,1,1,0,0,0,1,1,0,1,0,1,1,0,0,1,0,1,0,1,1,1,0,0,0.0,-19.418321789826077,1
1,1,1,0,0,0,1,0,1,1,0,1,0,0,1,0,0,1,1,1,0,0,1,0,0,1,0,1,1,0,0,1,0.0,-19.417999900378334,1
1,0,0,1,0,0,1,1,1,1,1,0,0,0,1,0,0,1,0,1,0,0,1,0,1,1,1,0,1,0,0,1,0.0,-19.417903257313032,1
0,1,1,1,1,1,1,1,0,1,1,0,1,0,1,0,0,0,1,1,1,1,0,0,1,0,0,0,0,0,0,0,0.0,-19.41764635971854,1
0,1,1,0,0,0,1,0,1,0,1,0,0,0,1,0,0,1,1,1,1,1,0,1,0,1,0,1,1,0,1,0,0.0,-19.417502644902815,1
1,0,0,0,1,1,0,0,0,1,0,0,0,1,1,0,0,1,1,1,1,1,0,0,0,1,1,1,0,1,0,1,0.0,-19.417339087577588,1
0,1,1,1,0,1,1,0,1,0,0,0,0,0,1,0,1,1,0,1,0,0,0,0,1,1,1,0,1,1,0,1,0.0,-19.416359568234984,1
0,1,0,0,0,1,0,1,0,1,1,1,0,0,0,0,0,1,0,1,1,1,1,1,1,1,0,1,1,0,0,0,0.0,-19.41633758225412,1
0,1,0,0,0,0,1,1,0,1,1,0,0,0,1,0,1,1,1,0,0,1,1,1,1,0,1,1,0,0,0,1,0.0,-19.416078820297223,1
0,1,1,0,1,1,1,0,1,1,0,1,1,0,1,0,1,1,0,0,1,0,1,0,0,0,1,1,0,0,0,0,0.0,-19.416002918827907,1
0,1,1,0,1,0,0,0,1,1,1,0,0,1,0,0,0,1,0,0,1,1,0,0,1,1,1,1,0,1,0,1,0.03125,-19.4157535482803,1
0,1,0,1,0,0,0,0,1,1,1,0,0,0,1,0,0,1,0,1,1,1,1,0,0,1,0,1,1,1,0,1,0.0,-19.41572372452007,1
0,1,1,0,0,0,0,0,1,0,1,0,0,0,1,0,1,0,0,1,1,1,0,1,1,1,1,1,1,0,0,1,0.0,-19.415390126558748,1
0,1,1,0,0,0,1,0,1,1,1,0,0,0,0,1,0,1,0,1,1,0,1,1,1,1,1,0,0,1,0,0,0.0,-19.414209931487793,1
1,1,0,0,1,0,1,0,0,1,1,0,0,1,1,0,0,1,0,1,0,1,1,0,0,1,1,0,0,1,0,1,0.0,-19.413146771308252,1
1,1,1,1,0,1,1,0,0,1,1,0,0,1,1,0,0,0,0,1,0,1,0,0,0,1,1,1,0,0,0,1,0.0,-19.413077981080058,1
0,1,0,0,1,1,1,0,1,1,1,0,0,0,1,0,0,1,0,0,0,0,1,1,1,1,1,0,1,1,0,0,0.0,-19.412773676710376,1
1,0,1,1,1,1,0,0,1,1,1,0,0,0,1,0,0,1,0,1,0,0,0,0,0,1,1,1,0,1,0,1,0.0,-19.411664926071577,1
0,0,1,1,0,1,1,0,0,1,1,0,0,0,1,0,1,1,0,0,1,1,1,1,1,1,0,0,0,0,0,1,0.0,-19.409866465461317,1
0,1,1,1,1,0,0,0,0,1,1,1,0,0,1,0,1,1,0,1,0,0,1,0,0,1,1,1,0,0,0,1,0.0,-19.409047080932286,1
0,1,1,1,0,1,1,0,0,1,1,0,0,0,1,0,0,1,0,0,0,1,1,1,1,1,0,1,0,0,0,1,0.0,-19.406527934793406,1
0,0,0,1,1,0,1,0,1,1,1,1,0,0,1,0,0,0,0,1,0,1,0,1,1,1,1,1,1,0,0,0,0.0,-19.406092204753122,1
1,1,1,0,0,0,0,1,1,0,0,1,1,0,0,1,0,0,1,0,1,0,1,1,0,0,0,0,1,1,0,1,0.0,-19.40025393759955,1
0,0,1,1,0,1,0,0,0,0,0,0,1,0,0,1,1,0,0,0,1,0,1,1,1,0,1,0,1,1,1,1,0.0,-19.39894043162301,1
1,0,0,0,0,0,0,0,0,0,1,0,1,0,0,1,0,1,1,0,1,0,0,1,1,0,1,1,1,1,1,1,0.0,-19.39868704557482,1
1,0,0,1,1,0,0,0,0,1,0,1,1,0,0,1,0,0,0,0,0,1,1,0,1,0,1,0,1,1,1,1,0.0,-19.398138958382575,1
1,1,1,1,0,0,0,0,0,0,0,0,1,0,1,1,0,0,1,0,1,1,1,0,0,0,1,0,1,1,1,0,0.0,-19.398111713175325,1
1,1,0,1,1,0,0,0,0,0,1,1,1,0,0,1,0,0,0,0,0,1,0,0,0,1,0,1,1,1,1,1,0.0,-19.395181562506004,1
1,0,0,1,0,1,1,1,0,1,1,0,1,0,0,1,0,0,1,0,0,0,1,1,0,0,0,0,1,1,0,1,0.0,-19.39466537534944,1
0,0,0,1,0,1,0,1,0,0,1,0,1,0,1,1,1,0,1,0,1,0,1,1,0,0,1,1,0,1,1,1,0.0,-19.392261599553304,1
1,0,0,0,1,1,1,0,0,0,1,1,1,0,0,1,0,0,0,0,1,1,1,1,0,1,1,0,1,1,1,0,0.0,-19.391771346314474,1
1,0,0,1,1,0,1,1,0,0,1,1,1,0,1,1,0,0,0,0,0,0,0,1,0,0,0,1,1,1,0,1,0.0,-19.3911853452053,1
0,0,0,1,1,1,1,0,0,0,1,0,0,0,0,1,0,0,1,0,1,0,1,1,0,0,1,1,1,1,0,1,0.0,-19.389408631124503,1
1,1,0,1,0,0,1,1,0,0,1,0,1,0,0,1,1,0,0,0,0,0,1,0,0,1,0,1,0,1,1,1,0.0,-19.388758003220985,1
1,0,0,0,1,0,0,0,1,0,0,1,0,0,1,1,0,1,1,0,1,0,0,1,0,0,1,0,1,1,1,1,0.0,-19.388617110728156,1
1,1,0,0,0,0,1,0,0,0,1,1,1,0,0,1,0,0,0,0,0,0,1,1,0,1,1,1,0,1,1,1,0.0,-19.388518254180582,1
1,1,1,0,0,0,0,0,1,1,0,1,1,1,0,1,1,0,0,0,1,0,0,0,0,1,1,0,1,1,1,1,0.0,-19.388499690359225,1
1,0,1,1,1,0,0,0,0,0,1,0,1,0,0,0,1,1,1,0,0,1,1,0,0,1,1,0,1,1,1,1,0.0,-19.388374268714898,1
1,1,0,1,0,1,0,0,0,0,1,1,1,0,0,0,0,0,1,0,0,0,1,1,1,1,1,1,0,1,1,1,0.0,-19.38835611153407,1
1,0,1,1,1,1,0,0,0,0,1,0,0,0,0,1,0,0,0,0,1,0,1,0,1,1,1,0,1,0,1,1,0.0,-19.388238864029617,1
1,0,0,1,0,0,0,1,0,1,1,0,0,0,0,0,0,0,1,0,1,0,1,1,0,1,0,1,1,1,1,1,0.0,-19.388039063309776,1
1,0,1,1,1,1,0,1,0,1,1,1,1,1,0,1,0,0,0,1,0,0,1,0,0,0,0,0,1,1,0,1,0.0,-19.38793538989503,1
0,1,0,1,1,1,0,0,0,0,0,1,1,0,1,0,0,0,1,0,1,0,1,1,1,0,1,1,1,1,1,0,0.0,-19.387915249458633,1
0,0,0,1,0,1,1,0,0,0,1,1,1,0,0,0,0,1,1,0,1,1,0,1,1,0,0,1,1,1,1,1,0.0,-19.386556899364276,1
0,0,0,1,0,1,1,0,0,0,1,1,1,0,0,0,1,0,1,0,0,0,1,0,0,1,1,1,1,0,1,1,0.0,-19.386229881914915,1
1,0,0,1,0,0,1,1,0,0,1,0,0,0,0,1,0,0,0,0,0,0,1,1,1,1,1,1,1,0,1,1,0.0,-19.3862125996084,1
1,1,1,1,0,0,1,1,0,0,1,1,0,0,0,1,1,0,0,1,0,1,1,0,0,0,1,0,1,1,1,0,0.0,-19.38611247213364,1
1,1,0,1,1,0,1,0,1,0,1,0,1,0,1,0,0,1,1,0,0,0,1,0,0,0,1,0,1,1,1,1,0.0,-19.386012703700068,1
1,1,0,1,0,1,0,0,0,0,1,0,1,0,0,1,0,0,0,0,0,1,0,1,0,1,1,1,1,1,0,1,0.0,-19.385987540240492,1
1,1,0,0,0,1,0,1,0,0,1,1,1,0,0,1,0,1,0,0,1,0,0,0,1,0,1,1,1,1,0,0,0.0,-19.38598139564362,1
1,0,1,1,0,1,0,0,1,1,1,0,1,1,0,0,1,1,1,0,0,0,0,0,0,0,1,0,1,1,1,1,0.0,-19.385644040546346,1
0,0,1,1,0,1,1,1,0,0,0,1,1,0,1,1,1,0,0,0,0,0,0,1,0,1,1,0,1,1,1,1,0.03125,-19.38562349751234,1
0,0,1,1,1,0,1,0,0,0,1,0,1,1,0,1,0,0,0,0,1,0,0,1,1,1,1,1,1,0,1,1,0.0,-19.385082610241632,1
0,1,1,1,0,0,1,0,0,0,1,1,1,0,0,1,0,0,0,0,0,1,1,0,0,1,0,1,1,1,1,0,0.0,-19.38505709947394,1
1,0,1,1,1,0,1,1,0,0,0,1,0,0,0,1,0,1,1,1,1,0,0,0,0,0,0,0,1,1,0,1,0.0,-19.385029741175913,1
1,0,1,1,0,1,1,1,0,1,1,1,1,1,0,1,1,0,0,0,1,1,0,0,0,0,0,0,1,0,0,1,0.0,-19.384617454037755,1
1,0,0,1,1,0,1,0,0,0,0,0,0,0,1,1,0,0,0,0,1,0,0,1,0,1,1,1,1,1,1,1,0.0,-19.384245524798907,1
1,1,0,1,0,1,0,0,0,0,1,1,1,0,1,0,0,1,0,0,0,0,1,1,0,0,0,1,1,0,1,1,0.0,-19.383978010113175,1
1,1,0,0,1,1,0,1,0,0,0,0,0,0,0,1,0,0,0,0,0,1,1,1,1,1,1,1,1,1,1,1,0.0,-19.383782127612424,1
1,0,1,0,0,0,1,0,1,0,1,0,1,0,1,1,1,0,1,0,1,1,1,1,0,0,0,0,1,1,0,1,0.0,-19.38344944183817,1
0,1,0,1,0,0,0,0,0,0,0,1,0,1,1,1,0,0,0,0,1,0,1,1,1,1,0,0,1,1,1,1,0.0,-19.383420058849758,1
1,1,0,1,1,0,0,0,1,1,1,1,1,0,1,0,0,0,0,0,1,0,1,0,0,0,0,0,1,1,1,0,0.0,-19.382971335988458,1
0,1,0,1,1,1,1,0,0,0,1,0,1,0,0,1,0,1,1,0,1,0,1,0,1,1,0,0,1,1,1,0,0.0,-19.382956818929735,1
1,0,1,1,0,1,0,0,0,0,1,0,0,0,0,1,0,1,0,1,0,0,1,0,1,0,0,1,1,1,1,1,0.0,-19.382855067428054,1
0,0,1,0,1,0,1,1,1,0,1,1,1,0,0,1,0,0,0,1,0,0,1,1,0,0,1,1,1,0,1,1,0.0,-19.382647686006976,1
1,1,0,1,1,0,1,0,0,0,1,0,0,1,0,1,0,1,1,0,0,0,0,0,0,1,0,1,1,1,1,0,0.0,-19.382180772797398,1
0,0,0,0,0,0,1,1,0,0,1,0,1,0,1,1,0,1,1,0,1,0,1,1,0,1,0,1,1,1,1,1,0.0,-19.382108312422034,1
1,1,0,0,1,0,0,0,1,1,1,1,1,1,1,1,0,0,0,0,1,0,1,0,1,0,0,0,1,0,1,1,0.03125,-19.382062361655827,1
1,0,0,0,1,0,0,1,1,0,1,1,1,1,0,1,0,1,1,1,0,1,0,1,0,0,0,0,1,1,0,1,0.0,-19.3820385163311,1
1,1,0,1,0,0,0,0,1,1,1,1,0,1,0,1,0,0,0,0,0,0,1,1,0,1,1,1,1,1,1,0,0.0,-19.38201807930766,1
1,1,0,1,1,0,1,0,0,1,1,1,1,0,0,0,0,1,1,0,0,1,1,0,1,0,0,0,1,1,1,0,0.0,-19.38196097459054,1
1,0,1,0,1,0,0,0,0,1,1,1,1,0,0,0,0,0,0,0,0,0,1,1,1,1,1,0,1,1,1,0,0.0,-19.381732929418853,1
1,1,1,1,1,1,0,0,0,0,1,0,0,0,0,1,0,1,0,0,0,1,1,1,0,0,0,0,1,1,0,1,0.0,-19.381694626170983,1
0,0,0,1,1,1,1,1,0,1,1,0,1,0,0,0,0,0,0,0,1,0,0,0,0,1,1,0,1,1,1,1,0.0,-19.381634880280572,1
1,1,0,0,0,1,0,0,0,1,0,0,1,1,0,0,0,1,1,0,0,1,1,1,0,0,1,0,1,0,1,1,0.0,-19.381516434988228,1
1,0,0,1,1,0,0,0,0,1,1,0,1,1,0,1,0,1,0,0,1,0,1,0,1,1,1,0,1,1,0,1,0.0,-19.38127399207601,1
1,0,1,0,0,1,0,0,0,0,1,0,1,0,0,1,1,1,0,0,0,0,1,1,1,0,1,1,1,1,0,0,0.0,-19.38122675624932,1
1,0,0,1,0,1,0,1,1,1,1,1,0,0,0,1,0,1,0,0,0,1,0,0,1,0,1,0,1,1,1,1,0.0,-19.381043654608384,1
1,1,0,1,1,1,1,1,0,0,0,0,1,0,0,0,0,1,0,0,0,0,1,1,0,0,1,1,1,1,0,0,0.0,-19.380933782746947,1
0,0,1,0,0,1,0,1,0,1,1,0,1,1,0,1,0,0,0,1,0,0,1,1,1,0,0,1,1,1,1,1,0.0,-19.380881721291907,1
1,0,0,0,0,0,1,1,0,0,1,1,1,1,1,1,1,0,1,0,0,0,1,0,1,1,0,1,1,1,0,0,0.0,-19.380235769550932,1
1,1,1,0,0,1,1,1,0,1,1,0,1,0,0,1,0,0,1,0,0,1,0,1,0,1,0,0,1,0,1,1,0.0,-19.38021368777214,1
0,0,0,1,0,0,0,0,1,0,0,1,1,1,1,0,0,1,1,0,1,0,1,0,0,1,1,0,1,1,1,0,0.0,-19.38017166653379,1
0,1,0,0,1,0,1,0,0,1,0,1,1,0,1,1,0,1,1,0,1,0,0,0,0,0,0,0,1,1,1,1,0.0,-19.380046777044164,1
1,0,0,1,0,1,0,1,1,0,1,0,1,1,1,0,0,0,0,0,1,1,1,0,0,1,0,1,1,1,1,0,0.0,-19.3799133310543,1
1,0,0,1,1,0,0,0,0,0,1,0,1,1,1,1,1,0,0,0,1,1,1,0,0,1,0,0,1,1,0,0,0.0,-19.379592304454377,1
0,1,0,1,0,0,0,1,0,0,1,1,1,0,1,0,0,0,0,1,1,0,1,0,0,1,0,0,1,1,1,1,0.0,-19.37945406718712,1
1,1,0,1,1,1,1,1,0,1,1,1,0,0,0,1,0,1,1,0,1,0,0,1,0,0,0,0,0,1,1,0,0.0,-19.37939372375072,1
0,1,0,1,1,1,1,1,0,0,0,1,0,1,0,0,0,1,1,0,0,0,1,0,0,1,0,1,1,1,1,1,0.0,-19.379371925482133,1
1,1,0,1,0,0,1,0,1,0,1,1,0,1,1,0,0,0,1,0,1,1,0,0,1,0,1,0,1,0,1,1,0.0,-19.379254562514966,1
1,1,1,1,0,0,0,0,0,1,1,1,1,0,1,1,0,0,0,0,1,0,0,0,1,0,0,1,0,1,1,0,0.0,-19.37895408806766,1
0,0,0,1,0,1,1,0,1,0,1,0,1,0,1,1,0,0,1,0,0,0,1,1,0,0,1,1,1,0,0,1,0.0,-19.378907130949685,1
1,1,1,1,0,0,0,0,0,1,1,0,0,0,1,1,0,0,1,0,0,0,1,0,0,1,1,0,1,0,1,1,0.0,-19.378837815835816,1
0,0,0,1,0,0,1,0,0,0,1,1,0,0,0,0,0,0,0,0,1,1,1,1,1,1,0,1,1,1,1,1,0.0,-19.37883765445633,1
1,0,1,1,0,1,1,0,1,1,1,0,0,0,0,1,1,0,0,0,1,0,0,0,0,1,1,0,1,1,1,1,0.0,-19.37869508893408,1
0,1,0,1,0,0,1,1,1,0,1,0,1,0,0,1,0,1,0,0,0,1,1,0,0,0,0,1,1,1,0,1,0.0,-19.378651711753008,1
1,0,0,1,0,0,1,1,0,0,0,0,1,0,1,0,1,0,1,0,0,1,1,1,0,0,1,1,0,1,0,1,0.0,-19.378639055004456,1
0,1,0,0,0,0,1,1,0,1,1,0,1,0,1,1,0,0,0,0,0,1,0,1,0,0,1,0,1,1,1,1,0.0,-19.378573832258553,1
1,0,1,1,0,0,1,1,1,1,0,1,0,1,0,1,0,0,0,0,1,0,0,1,1,1,0,0,1,0,1,1,0.0,-19.37851178408604,1
1,0,0,0,0,0,1,1,0,1,1,0,0,1,0,1,0,0,0,0,0,1,1,1,0,1,1,0,1,1,1,0,0.0,-19.378451197137473,1
1,1,0,1,0,0,1,0,0,0,1,1,1,0,0,0,1,0,0,1,0,1,0,0,1,0,1,0,1,1,0,1,0.0,-19.378446838867298,1
1,1,1,1,0,1,0,1,0,0,1,1,0,0,1,0,1,0,0,0,1,0,0,0,0,1,1,1,1,1,1,0,0.0,-19.378438061219104,1
0,1,0,0,0,0,0,1,0,1,0,1,1,0,0,1,0,1,0,0,1,1,0,1,0,1,1,1,1,1,1,1,0.0,-19.37842964883452,1
1,1,1,1,0,1,1,0,0,1,1,0,0,0,0,0,0,0,0,0,0,0,1,0,0,1,1,0,1,1,1,1,0.0,-19.37817424514114,1
1,1,1,1,0,0,0,0,1,0,1,0,0,1,0,0,1,1,0,0,1,0,1,0,0,0,0,1,0,1,1,1,0.0,-19.37813974400293,1
1,0,0,1,1,1,0,1,1,0,1,1,0,1,1,0,0,0,0,0,1,0,0,0,0,1,0,0,1,1,1,0,0.0,-19.3780552545517,1
1,1,0,0,1,1,1,0,0,0,1,0,0,0,1,1,0,0,0,0,0,1,1,0,0,0,1,1,1,1,1,0,0.0,-19.378014895233576,1
1,0,0,1,1,1,0,0,1,0,1,1,0,0,1,0,0,1,1,0,1,0,0,0,0,1,1,0,1,1,1,1,0.0,-19.377963960150964,1
1,0,1,0,0,1,0,0,0,1,0,1,1,0,0,1,1,1,0,1,0,1,1,1,0,0,1,0,1,1,1,0,0.0,-19.37788018129599,1
0,0,1,0,0,1,0,0,1,0,0,1,1,1,0,1,1,1,1,0,1,1,1,0,0,1,0,0,1,1,0,1,0.0,-19.377821579861806,1
1,1,0,1,0,0,0,0,1,0,0,1,1,0,1,1,0,1,0,0,0,0,0,1,1,1,0,0,1,1,1,0,0.0,-19.377746091083626,1
1,0,0,0,0,1,1,1,1,0,1,1,0,0,1,1,1,0,0,0,0,1,0,0,0,0,1,0,1,0,1,1,0.0,-19.377720952323642,1
0,1,0,0,0,1,0,0,0,1,1,0,1,0,1,1,0,0,1,0,0,0,1,1,1,1,1,0,1,1,1,1,0.0,-19.377712251479075,1
1,1,0,0,0,1,1,0,1,0,0,1,1,1,1,0,0,1,0,0,1,1,1,0,0,0,1,0,1,1,1,0,0.0,-19.37770900373238,1
1,1,0,0,1,1,0,1,0,1,0,1,0,0,1,1,0,0,1,0,1,0,1,0,0,1,1,0,1,1,0,1,0.0,-19.377663912968746,1
1,1,0,0,0,0,1,0,0,1,0,1,1,0,1,0,0,0,0,0,1,0,0,0,0,1,1,1,1,1,1,1,0.0,-19.37761782099839,1
1,1,0,1,0,1,0,1,1,0,1,0,0,0,1,1,0,0,0,0,1,0,1,0,0,1,0,0,1,1,0,1,0.0,-19.37756571774628,1
1,1,0,1,0,1,1,0,0,1,0,1,1,0,0,1,1,0,0,0,0,1,0,0,0,1,1,1,0,1,1,1,0.0,-19.377405014949666,1
1,1,0,1,1,1,1,0,1,0,0,0,1,0,1,0,0,0,0,0,0,0,0,1,0,1,0,0,1,1,1,1,0.0,-19.37731840711343,1
0,0,0,1,0,1,0,0,0,0,0,0,1,1,1,1,1,1,1,0,0,0,1,0,1,0,1,1,0,1,1,0,0.0,-19.37728786726586,1
0,1,1,1,1,0,0,1,0,0,1,0,0,0,1,1,1,1,1,0,1,0,0,1,0,0,1,0,1,1,0,1,0.0,-19.37727440613503,1
1,1,0,1,0,0,0,1,1,0,1,0,0,1,0,0,0,1,0,0,1,1,0,0,0,0,1,1,1,1,0,1,0.0,-19.377229534869258,1
1,0,1,1,0,1,0,0,0,0,1,0,1,0,0,0,1,1,1,0,0,0,0,1,1,0,1,1,0,1,0,1,0.0,-19.37704736095669,1
1,1,1,0,0,1,1,1,1,0,0,0,1,0,1,0,1,0,0,0,0,0,1,0,0,0,1,0,0,1,1,1,0.0,-19.37697733574648,1
1,1,0,0,0,0,0,0,1,1,1,0,1,0,0,1,1,0,1,0,0,0,1,1,0,1,1,0,1,0,0,1,0.0,-19.376953652156647,1
0,0,0,1,1,0,1,0,1,1,1,1,1,0,0,1,0,1,1,0,0,0,1,1,0,1,0,0,1,1,1,0,0.0,-19.37690013424827,1
1,1,1,1,0,1,1,0,0,0,0,1,0,1,1,1,0,0,0,0,0,0,1,0,1,0,0,1,1,1,0,0,0.0,-19.37679020602147,1
1,1,1,1,0,0,0,1,1,1,1,1,0,1,0,1,0,0,0,0,1,0,0,1,0,0,1,0,0,1,0,0,0.0,-19.376769330537435,1
1,0,1,1,0,0,1,0,1,1,1,0,1,1,0,0,0,0,0,0,0,0,1,0,0,1,1,0,1,1,0,1,0.0,-19.37659191832332,1
0,0,1,1,0,0,0,0,0,0,1,1,0,0,1,1,0,0,1,0,1,1,1,1,0,1,1,0,1,1,0,0,0.0,-19.376565612959233,1
1,1,0,1,0,0,0,1,1,0,1,1,0,0,1,1,1,0,0,0,1,0,0,1,0,1,0,1,1,1,0,1,0.0,-19.37644007983931,1
1,1,0,0,1,0,1,0,0,0,0,0,1,0,1,0,0,1,0,0,0,1,0,1,0,0,1,1,1,1,1,1,0.03125,-19.37643548722366,1
1,0,0,0,1,0,0,0,1,1,1,1,0,0,1,0,0,0,1,0,1,0,0,1,0,0,1,1,1,1,1,0,0.0,-19.376421535835085,1
1,1,0,1,0,0,1,1,0,1,1,0,1,0,1,1,1,1,0,0,0,0,1,1,0,0,1,0,1,0,1,0,0.0,-19.376411266206603,1
0,0,1,1,1,1,1,0,1,0,1,0,1,0,1,1,1,0,1,0,1,0,0,0,0,0,1,1,1,0,1,0,0.0,-19.376404167304162,1
0,0,0,1,0,1,0,1,0,1,0,0,1,0,1,1,1,0,0,0,1,0,1,0,0,1,0,1,1,1,1,0,0.0,-19.376260756641678,1
1,0,0,0,1,0,0,1,0,0,1,1,0,0,1,0,0,1,1,0,0,0,1,0,0,1,1,1,1,1,1,0,0.0,-19.376219827895916,1
1,0,1,1,0,1,0,1,0,1,1,0,1,0,1,0,0,0,0,0,1,0,1,0,0,1,0,0,1,1,0,1,0.0,-19.376197843801236,1
1,0,0,0,0,0,1,1,1,0,1,1,0,0,0,0,0,1,0,0,1,0,1,0,1,0,1,1,1,1,0,1,0.0,-19.376007825371715,1
1,0,1,0,0,0,0,1,0,1,1,0,0,1,1,1,0,0,1,0,0,1,0,0,1,0,1,0,0,1,1,1,0.0,-19.375922622836057,1
0,1,0,1,0,1,0,0,0,1,1,1,0,0,0,1,0,1,1,0,1,0,1,0,1,1,1,0,1,0,1,1,0.0,-19.37585715210742,1
0,0,1,1,0,0,1,0,0,1,1,1,1,0,0,1,0,0,1,1,0,1,1,0,1,0,0,1,0,1,1,1,0.0,-19.375816643303,1
1,0,1,0,0,0,1,1,0,1,1,0,1,0,1,1,0,1,1,0,1,0,0,0,0,1,1,0,1,0,1,1,0.0,-19.375798580003277,1
0,0,1,0,0,0,0,1,0,0,1,0,0,0,1,1,1,1,1,0,1,0,1,1,0,0,0,1,1,1,0,1,0.0,-19.375794595851225,1
0,1,0,1,0,0,1,1,0,0,1,1,0,0,1,1,1,1,0,0,1,0,0,0,0,0,1,0,1,1,0,1,0.0,-19.375780771585575,1
0,1,1,1,0,0,0,0,1,1,0,0,1,0,0,0,0,1,1,0,1,0,1,0,1,0,0,1,1,1,1,0,0.0,-19.375764835682048,1
1,0,0,0,0,1,1,0,0,0,0,1,0,1,1,1,0,0,1,1,0,0,0,0,1,1,1,1,1,1,1,1,0.0,-19.375695756942495,1
1,1,0,0,1,1,1,1,0,1,1,1,1,0,1,1,0,1,0,0,0,0,1,0,0,0,0,0,1,1,0,1,0.0,-19.375549048319428,1
1,0,0,1,1,0,1,1,1,0,1,1,0,0,1,1,0,0,0,0,0,0,0,0,1,1,1,1,1,1,1,0,0.0,-19.375547421645706,1
0,1,1,1,0,0,1,0,1,0,1,0,1,0,1,1,0,0,1,1,0,0,0,0,1,0,0,1,1,1,1,1,0.0,-19.375457622390485,1
0,0,0,1,0,1,0,0,0,0,1,1,0,0,0,0,1,1,0,1,1,1,1,1,0,0,1,1,1,1,1,1,0.0,-19.375438703380915,1
0,1,0,1,1,0,0,1,0,1,1,1,1,0,0,1,0,0,0,0,1,0,1,1,0,1,1,0,0,1,0,0,0.0,-19.375288792616118,1
0,1,1,1,1,0,0,0,1,1,1,1,0,0,0,0,0,1,0,0,1,0,0,0,0,0,1,0,1,1,1,1,0.0,-19.375180178391687,1
1,0,0,1,1,0,1,1,0,1,1,1,0,0,1,0,0,0,0,0,0,0,1,0,1,0,0,1,1,1,1,0,0.0,-19.37512899087529,1
1,1,1,1,0,1,0,0,0,0,1,1,0,0,0,0,0,0,0,1,1,0,1,1,0,1,1,1,0,1,1,1,0.0,-19.37506743933435,1
0,1,1,0,1,0,1,0,1,1,1,0,1,0,1,1,0,0,1,0,0,0,1,0,0,0,0,1,1,1,1,1,0.0,-19.37496503975521,1
1,0,1,1,0,0,1,0,0,1,1,1,0,0,1,0,0,1,1,0,1,0,0,1,0,0,0,0,1,0,1,1,0.0,-19.374927605881098,1
1,1,1,1,0,0,1,0,0,1,1,0,0,0,0,1,1,1,0,0,0,1,0,1,1,0,0,0,1,1,1,1,0.0,-19.374779220838924,1
0,0,0,1,0,0,1,0,0,0,1,1,0,1,1,1,0,0,1,0,0,0,0,0,1,1,1,1,1,1,0,1,0.0,-19.37464964626708,1
0,0,1,1,0,1,1,0,0,1,1,0,0,0,0,1,0,1,1,0,0,0,1,0,0,0,1,1,1,1,0,1,0.0,-19.37463326059308,1
1,0,1,0,1,1,1,1,0,1,1,0,0,0,1,1,1,0,1,0,0,0,0,0,0,0,1,1,1,1,1,0,0.0,-19.37458776256759,1
0,1,0,1,0,0,0,1,0,0,1,0,1,1,1,0,0,0,0,1,0,0,1,1,1,0,1,0,0,1,1,1,0.0,-19.374506096673272,1
0,1,0,0,0,1,0,1,1,0,1,0,1,0,0,0,0,1,1,0,1,0,1,0,0,1,1,0,1,1,0,1,0.0,-19.374428920539952,1
1,0,1,1,1,1,0,0,0,1,0,1,1,0,1,0,0,1,0,0,1,0,1,0,0,0,1,0,1,0,0,1,0.0,-19.374237460443076,1
1,1,1,0,0,1,1,1,0,1,1,1,0,0,0,1,1,0,0,0,0,1,1,0,0,1,0,0,1,1,1,0,0.0,-19.374183971726072,1
1,1,1,0,1,1,1,0,1,0,0,0,0,1,0,1,0,0,1,0,1,1,0,1,0,0,0,0,0,1,0,1,0.0,-19.374167934515846,1
1,0,1,1,0,0,1,1,1,1,1,0,0,1,1,1,0,0,0,0,0,0,0,1,1,0,1,0,1,0,1,1,0.0,-19.374068776284997,1
1,0,0,1,1,1,1,0,1,1,0,0,1,0,0,0,0,0,1,0,1,0,1,0,1,1,1,1,1,0,1,0,0.0,-19.374046834355113,1
1,0,0,0,0,0,0,0,0,1,1,1,1,0,1,1,0,1,0,0,1,0,0,1,0,1,1,0,0,1,1,1,0.0,-19.37400684836203,1
1,1,1,1,0,1,1,0,1,0,1,1,0,1,1,1,0,0,0,0,0,1,0,0,0,0,1,1,1,0,1,0,0.03125,-19.37391612977188,1
0,1,0,0,1,0,1,0,0,0,1,1,1,0,0,1,0,1,0,1,1,0,0,1,1,0,1,1,0,1,1,1,0.0,-19.373781225233746,1
1,0,1,0,0,1,1,1,0,0,1,1,0,0,1,1,0,0,0,0,0,1,1,0,0,1,1,1,1,1,0,1,0.0,-19.373692251597966,1
0,0,1,1,0,0,0,1,1,1,1,1,0,0,1,1,0,0,0,0,1,0,0,0,0,1,1,1,1,1,1,1,0.0,-19.373618680328992,1
1,1,0,1,0,0,1,0,0,1,1,1,1,0,1,1,0,1,0,0,0,0,1,0,0,1,1,0,1,1,0,1,0.0,-19.373449570915074,1
0,0,0,1,0,1,0,1,0,1,1,1,1,0,1,0,1,1,0,0,1,0,1,0,0,0,0,0,1,1,0,1,0.0,-19.373326343459524,1
0,0,1,0,0,0,0,1,0,1,1,0,1,0,1,1,1,0,0,0,0,1,0,1,0,0,1,1,1,0,1,1,0.0,-19.373290754992304,1
0,1,0,0,0,0,1,1,0,1,0,1,1,0,1,0,0,0,0,0,1,0,0,0,0,1,1,1,1,1,1,1,0.0,-19.373259379596462,1
1,0,1,1,1,0,1,1,0,1,0,1,0,1,0,0,0,1,0,0,0,1,0,0,0,0,1,0,1,1,0,1,0.0,-19.373227732560643,1
0,1,0,1,0,0,0,1,0,1,1,0,1,0,1,1,0,0,0,1,0,0,0,1,1,0,1,0,1,0,1,1,0.0,-19.37304901187838,1
1,0,0,1,1,1,0,0,0,1,1,1,0,0,0,1,1,1,0,0,0,0,1,0,0,1,1,1,1,1,0,1,0.0,-19.37276347469357,1
1,1,0,1,0,0,1,0,1,0,1,0,1,0,1,1,0,1,0,0,1,0,1,0,1,1,0,0,1,1,0,1,0.0,-19.372698140122186,1
0,1,0,0,1,0,0,0,0,1,1,1,0,0,1,1,1,0,1,0,1,0,0,0,0,1,1,1,1,1,1,1,0.0,-19.3726675661595,1
0,0,1,0,0,0,1,1,0,1,1,0,1,0,1,0,0,1,1,0,1,0,1,0,0,0,0,1,1,1,1,0,0.0,-19.37257534128922,1
0,0,0,1,0,0,1,0,0,0,1,1,0,1,1,1,1,0,1,0,0,1,1,0,1,1,1,0,1,1,0,1,0.0,-19.372503423843234,1
1,1,0,1,1,1,0,0,1,1,1,1,1,0,1,1,0,1,0,0,0,0,1,0,0,0,0,1,1,0,1,0,0.0,-19.372493797534542,1
1,1,1,1,1,1,1,0,0,1,1,0,0,0,0,1,0,0,0,1,1,0,0,0,0,0,0,0,1,1,0,1,0.0,-19.372489934102973,1
1,1,1,0,1,0,0,0,1,0,1,1,1,0,1,1,1,0,1,0,0,0,0,1,1,1,0,0,1,1,0,0,0.0,-19.372477059252663,1
1,0,1,1,1,1,0,0,1,0,1,0,0,0,1,1,1,0,1,0,0,0,1,1,0,1,1,0,1,1,0,0,0.0,-19.372440654558783,1
1,0,0,0,0,1,1,0,0,1,0,1,1,0,1,1,0,0,0,0,1,0,1,0,1,1,1,0,1,1,0,0,0.0,-19.372437487669952,1
0,0,1,1,0,1,1,1,1,0,0,1,1,0,0,0,0,0,0,0,0,1,1,0,1,1,1,1,1,1,0,1,0.0,-19.372424559799008,1
0,1,1,1,1,1,1,1,0,1,1,1,0,0,0,0,0,0,0,0,1,0,1,0,0,0,1,0,1,0,0,1,0.0,-19.372368295421786,1
1,0,0,1,0,1,1,0,0,1,1,1,0,0,1,0,0,0,1,0,1,0,1,0,0,0,1,1,0,1,0,1,0.0,-19.37227324252023,1
0,1,1,1,1,1,1,0,1,1,0,1,1,1,0,1,0,0,0,0,0,0,0,0,0,1,1,0,1,1,0,1,0.0,-19.37225903496996,1
0,0,0,0,0,0,0,1,1,1,1,0,1,1,0,0,1,1,1,0,1,0,1,0,0,0,1,1,0,1,1,0,0.0,-19.372125162303213,1
1,1,0,1,0,1,0,0,0,1,1,0,1,1,0,0,1,0,1,0,0,1,1,0,0,1,1,0,0,0,1,0,0.0,-19.372067694952875,1
1,0,1,1,0,1,0,0,0,0,0,0,0,0,1,1,0,1,0,0,1,1,1,1,0,1,0,0,1,1,0,1,0.0,-19.371986568874505,1
1,1,0,0,1,0,1,1,0,1,0,1,0,1,1,0,0,0,0,0,1,0,1,1,0,1,1,0,1,1,1,0,0.0,-19.3719728302444,1
0,1,0,1,0,1,0,0,0,0,0,0,1,0,1,1,0,1,1,0,0,0,1,1,0,1,1,1,1,1,0,0,0.0,-19.371944617728794,1
0,0,0,1,1,1,1,0,0,1,1,1,0,0,1,1,0,0,0,0,1,0,0,0,0,1,1,1,1,1,1,1,0.0,-19.371864106451817,1
1,1,0,1,0,1,0,0,0,0,0,1,1,0,1,1,0,1,1,1,0,0,0,0,0,1,1,0,0,0,1,1,0.0,-19.371820398885276,1
0,0,0,0,0,0,0,1,0,1,1,0,1,0,1,1,1,0,0,0,1,0,1,0,1,1,0,1,1,1,1,0,0.0,-19.371816979319455,1
0,0,0,1,0,1,1,1,0,0,1,1,1,0,1,0,0,1,0,0,1,0,1,0,0,0,1,1,0,1,0,1,0.03125,-19.37180151849497,1
1,1,0,1,1,1,1,0,0,1,1,1,0,0,0,0,1,1,0,0,0,0,0,0,0,0,0,1,1,1,1,0,0.0,-19.371731666492433,1
1,0,0,1,0,0,0,0,1,0,1,1,1,0,1,0,1,1,1,0,0,1,1,0,0,1,0,1,1,1,0,1,0.0,-19.37171411263602,1
1,1,1,0,1,0,1,0,0,1,1,1,0,0,0,1,1,0,1,0,0,0,1,1,1,0,0,0,1,0,0,0,0.0,-19.37170408964279,1
1,0,0,1,0,1,1,1,0,0,1,0,0,1,1,0,1,1,1,0,0,0,0,1,0,0,1,0,1,1,0,0,0.0,-19.371686679285112,1
1,1,0,1,0,1,0,0,0,1,1,0,0,0,1,1,0,1,1,0,1,0,1,0,0,1,1,0,0,1,1,1,0.0,-19.371686302104084,1
1,0,1,1,0,0,0,0,1,1,1,0,1,1,1,0,0,1,0,0,0,0,1,1,0,0,0,0,1,1,0,1,0.0,-19.37167336472489,1
1,1,0,1,1,0,0,0,0,0,0,0,1,0,1,1,0,1,0,0,1,0,0,0,1,1,1,1,1,1,0,0,0.0,-19.37156610875399,1
1,0,0,1,0,0,1,1,1,0,1,1,0,0,0,1,1,0,0,0,0,0,1,1,1,1,0,1,0,0,1,0,0.0,-19.371541151580388,1
1,1,0,1,0,1,0,0,0,0,0,0,0,0,1,1,0,1,1,0,1,0,1,1,0,1,1,0,0,1,0,1,0.0,-19.37153539054072,1
1,0,0,0,0,1,1,0,1,0,1,1,0,0,1,1,1,0,1,0,1,0,0,1,1,1,0,0,1,1,0,1,0.0,-19.371528373765592,1
0,0,0,1,0,1,0,1,0,1,1,1,0,1,1,0,1,1,0,0,1,0,0,0,1,0,1,0,1,1,1,1,0.0,-19.3715039918874,1
1,0,0,1,0,0,0,0,0,1,1,1,0,0,1,1,0,0,0,1,1,0,1,0,0,1,1,0,0,1,1,1,0.0,-19.371488573876185,1
1,1,0,0,0,1,1,0,0,0,1,1,1,0,1,1,0,1,0,0,0,0,1,0,0,1,1,0,1,0,0,1,0.0,-19.371487016010345,1
1,1,0,0,1,1,1,0,0,1,1,1,1,0,0,0,1,0,0,0,0,0,1,0,0,1,0,1,1,0,1,0,0.0,-19.371450680716293,1
0,1,1,0,0,1,1,0,0,0,1,1,0,0,0,1,0,1,1,0,0,0,0,0,0,1,1,1,0,1,1,1,0.0,-19.371396295208754,1
1,0,0,1,0,1,0,0,0,0,1,0,0,0,1,1,0,1,0,0,1,1,1,0,0,1,0,1,1,1,0,1,0.0,-19.37123246797568,1
0,1,0,0,0,0,1,0,0,0,1,0,1,0,1,1,1,0,0,0,0,1,0,1,1,1,1,1,1,1,1,1,0.0,-19.37122192053122,1
1,0,0,1,0,1,1,0,0,0,1,0,0,0,0,0,1,1,1,0,1,0,1,0,1,1,1,0,1,1,0,0,0.0,-19.37120770873357,1
0,0,0,0,0,1,0,0,0,1,1,1,1,0,0,1,1,0,0,0,0,1,0,1,1,1,1,0,1,1,0,1,0.0,-19.371174679372196,1
0,0,0,1,0,0,0,0,0,1,1,0,1,0,1,1,0,0,0,0,0,0,1,1,1,1,1,1,1,1,0,1,0.0,-19.371164750405224,1
1,0,1,0,1,1,0,0,0,1,1,1,0,0,0,0,0,1,0,0,0,1,1,1,0,0,1,0,0,1,1,1,0.0,-19.371082252868213,1
1,1,0,1,1,1,1,0,1,0,1,0,1,0,1,1,0,0,0,0,1,0,0,0,1,1,1,0,1,1,0,0,0.0,-19.371057267405455,1
1,0,1,0,1,0,1,1,0,0,1,0,1,0,1,0,0,1,0,0,0,0,1,0,1,0,1,1,0,1,1,0,0.0,-19.371005453163892,1
0,1,1,0,0,1,1,1,0,0,1,1,0,1,1,0,0,1,0,0,0,0,0,0,0,0,0,1,1,1,1,1,0.0,-19.37092137086653,1
1,1,0,1,0,1,1,1,0,0,1,1,1,0,1,0,0,1,0,0,1,0,1,1,0,1,0,0,1,0,0,1,0.0,-19.37086902303168,1
1,0,0,0,0,0,1,0,1,0,1,0,0,0,0,1,0,1,1,0,1,0,1,1,1,1,1,0,1,0,0,1,0.0,-19.370865810318044,1
1,0,0,1,0,0,1,1,1,0,1,0,1,0,1,0,0,1,0,0,0,0,0,0,1,1,1,0,1,1,1,0,0.0,-19.370812988689877,1
1,0,0,1,1,1,0,0,1,0,1,1,1,0,1,1,0,1,0,0,0,1,0,0,0,1,0,1,0,1,1,1,0.0,-19.37078802461212,1
1,1,0,0,1,1,1,0,0,0,0,0,0,0,1,0,0,0,1,0,1,1,1,1,0,0,1,1,1,1,0,0,0.0,-19.370785337012045,1
1,0,0,0,0,1,1,1,0,1,0,0,0,1,1,0,0,1,1,0,1,0,1,1,1,0,1,0,1,0,1,1,0.0,-19.370784567024753,1
0,1,0,1,0,0,0,0,0,1,1,1,1,0,0,1,0,0,0,1,0,0,1,0,1,1,0,1,1,1,0,1,0.0,-19.370778705818477,1
1,1,0,0,0,1,1,0,0,1,0,0,1,0,1,1,0,1,0,0,0,0,1,0,0,1,1,0,1,1,1,0,0.0,-19.370706381479277,1
1,1,0,1,0,0,0,0,0,0,1,1,0,0,1,1,0,1,1,0,1,0,1,0,0,1,1,1,0,1,0,0,0.0,-19.370702796728633,1
1,0,0,1,0,0,1,0,0,0,1,0,1,0,1,0,0,1,1,1,1,0,0,1,1,0,1,0,1,1,0,0,0.0,-19.37059267257178,1
1,0,0,1,1,1,1,0,0,0,0,0,0,1,0,1,0,1,0,1,1,1,1,0,0,0,1,0,0,1,0,1,0.0,-19.37058842050955,1
1,0,0,1,0,0,1,1,0,0,1,0,0,1,1,0,1,1,1,0,1,0,0,0,0,0,1,1,0,1,0,1,0.0,-19.370586962509357,1
1,0,0,1,1,0,1,0,1,0,1,0,0,0,1,1,0,0,1,1,1,0,0,0,0,1,1,1,1,0,1,1,0.0,-19.370541531355205,1
1,1,0,1,1,0,0,0,0,1,1,1,0,0,0,1,0,1,0,0,0,1,1,0,1,0,1,0,0,1,0,1,0.0,-19.370451223707647,1
1,1,1,1,0,1,1,0,0,1,1,0,0,0,0,0,0,0,0,0,0,1,1,1,1,0,1,1,1,1,0,1,0.0,-19.370401232604976,1
1,0,0,1,0,1,0,0,1,0,1,0,1,0,1,0,1,0,0,1,0,0,1,0,1,0,1,1,1,0,1,0,0.0,-19.37037522648989,1
0,0,1,0,0,1,1,0,0,1,1,1,0,0,1,1,0,1,1,0,1,1,1,0,0,0,1,0,1,1,1,0,0.0,-19.37033224682363,1
0,1,0,1,1,1,0,0,1,1,0,1,1,1,0,0,0,0,0,0,0,0,0,1,1,1,1,1,1,1,1,0,0.0,-19.370302835918693,1
1,1,1,1,0,1,0,0,0,0,1,0,0,0,1,0,0,1,1,0,1,0,0,0,1,0,1,1,1,1,0,0,0.0,-19.37024686202637,1
1,1,1,1,1,0,1,0,0,0,0,1,1,0,1,0,1,0,0,0,1,0,1,0,1,1,1,0,0,1,0,1,0.0,-19.370225124350945,1
1,1,1,0,0,1,1,0,0,0,1,0,1,0,1,1,0,1,0,0,0,0,0,1,0,1,1,0,1,0,1,0,0.0,-19.37013293427251,1
1,1,0,1,1,0,0,0,0,1,1,1,0,0,0,0,0,1,1,0,1,0,1,1,0,0,1,1,0,0,0,1,0.0,-19.370109959169408,1
1,1,1,0,0,1,1,1,0,0,0,1,0,1,1,0,0,0,1,0,0,0,0,1,0,1,1,0,1,1,0,0,0.0,-19.370105648255418,1
0,1,0,0,0,0,0,0,1,1,0,1,0,1,0,1,0,1,1,0,1,0,1,0,1,1,0,0,1,0,1,1,0.0,-19.37010070390198,1
1,1,0,0,0,1,0,1,0,1,1,1,1,1,0,0,1,0,0,0,1,1,0,1,0,1,0,1,1,0,0,1,0.0,-19.37008644882657,1
1,1,0,0,1,1,0,0,1,0,0,0,1,0,0,0,0,1,0,0,1,1,0,1,0,1,1,0,1,1,0,1,0.0,-19.37008295645648,1
1,1,0,1,0,0,0,0,0,1,1,0,0,1,0,1,1,0,0,0,1,1,0,0,1,1,1,0,1,1,0,0,0.0,-19.370072197172206,1
1,0,0,0,0,1,0,1,1,0,1,0,1,0,0,0,0,1,1,0,1,1,1,0,1,1,1,1,1,0,0,1,0.0,-19.36998428124285,1
0,1,0,0,1,0,0,0,0,1,1,0,0,1,1,1,0,0,1,0,1,0,1,0,1,0,0,1,1,1,0,1,0.0,-19.369893621003715,1
0,1,1,1,0,1,1,0,0,0,1,0,0,0,0,0,0,1,1,0,1,0,1,1,1,0,0,1,1,1,0,0,0.0,-19.369847522461296,1
1,1,1,0,0,1,0,0,0,1,1,0,0,0,1,0,1,1,0,0,0,0,1,0,0,0,1,0,1,1,1,1,0.0,-19.369783299596776,1
1,1,1,1,0,0,0,0,1,0,0,0,1,1,1,0,0,1,0,0,1,0,0,0,0,1,0,1,1,1,0,1,0.0,-19.369737436474626,1
1,1,0,0,1,1,0,1,0,1,1,0,0,1,1,0,0,1,1,0,0,1,1,0,0,0,1,0,1,1,1,0,0.0,-19.369614068926417,1
0,0,1,1,0,0,0,1,0,1,1,1,1,0,1,1,0,0,0,0,1,0,1,0,1,1,1,0,1,0,0,0,0.0,-19.369578572345375,1
1,0,0,1,1,1,1,1,0,1,1,0,0,0,1,0,0,0,1,0,0,0,1,1,0,1,0,1,1,0,1,1,0.0,-19.36957358328605,1
1,1,0,1,0,1,1,0,0,1,1,0,0,0,1,1,0,0,0,0,0,0,0,0,0,1,1,1,1,1,1,0,0.0,-19.369559909064055,1
0,1,1,0,0,0,1,1,0,1,0,1,1,1,0,1,1,0,0,0,0,1,1,0,0,1,1,1,0,1,1,0,0.0,-19.369496430165416,1
1,1,1,1,0,0,1,0,1,1,1,1,0,0,1,1,0,0,0,0,0,0,0,0,0,0,0,1,1,1,0,1,0.0,-19.3694925173167,1
1,1,0,1,0,0,0,0,1,1,0,0,0,1,1,1,0,1,0,0,1,0,1,1,0,1,1,0,1,1,1,0,0.0,-19.369492282312837,1
1,0,1,0,0,1,0,0,0,0,1,1,0,0,1,0,0,0,0,1,1,1,1,0,1,0,1,0,1,1,0,1,0.0,-19.369443577970255,1
1,1,1,1,0,1,0,1,0,1,1,0,0,0,1,0,0,0,0,0,0,0,0,1,0,1,1,0,1,1,1,0,0.0,-19.36942353576925,1
1,0,1,0,0,1,0,0,1,0,1,1,0,0,1,1,1,0,1,0,1,0,0,0,1,1,1,1,0,1,1,0,0.0,-19.369411593611837,1
0,1,1,1,0,0,1,0,0,0,1,1,1,0,1,0,0,0,1,1,0,0,0,0,0,1,0,1,1,0,1,1,0.0,-19.36940549266599,1
1,0,0,1,0,1,1,0,0,1,1,0,1,0,1,1,0,1,0,0,0,0,0,0,0,1,1,0,0,1,1,1,0.0,-19.36939105902094,1
1,1,0,0,1,1,0,1,0,1,1,1,0,0,1,1,0,0,1,0,0,0,0,0,0,1,1,0,0,0,1,1,0.0,-19.369346987261107,1
1,0,1,1,0,0,0,0,0,1,1,0,0,1,1,1,0,0,0,0,1,0,0,0,1,1,0,1,1,1,0,1,0.0,-19.369263023044653,1
0,0,0,1,0,0,0,0,1,1,1,0,1,0,1,0,0,0,1,0,1,1,1,1,0,1,1,1,1,0,1,1,0.0,-19.369213896854344,1
0,1,1,0,1,0,0,0,0,0,1,1,1,0,1,1,0,1,1,0,1,0,1,1,0,1,0,0,1,0,0,0,0.0,-19.369131738444942,1
0,0,0,0,0,1,1,1,0,0,1,0,1,0,1,1,0,0,0,1,1,0,1,1,0,1,0,0,1,1,0,1,0.0,-19.369076868661445,1
0,0,1,1,1,0,1,0,0,1,1,1,0,1,1,0,0,0,0,0,0,0,0,0,1,0,0,1,1,1,1,1,0.0,-19.36906788241602,1
1,1,0,1,0,0,1,0,0,1,1,0,1,0,0,1,0,1,0,1,0,0,1,0,0,1,1,1,0,1,1,1,0.0,-19.369019874921037,1
1,1,0,1,1,1,1,1,0,1,1,1,1,0,0,1,0,1,0,0,0,0,0,0,1,0,1,1,0,0,0,1,0.0,-19.369012895215125,1
0,1,0,1,1,0,1,1,1,1,0,0,1,0,0,1,0,1,1,0,0,1,1,0,0,0,1,1,1,1,0,0,0.0,-19.369000338834347,1
1,0,1,1,0,0,1,0,1,1,1,0,0,0,0,1,0,1,1,0,0,0,0,0,1,0,1,1,0,1,1,0,0.0,-19.368934670498575,1
1,1,0,1,1,0,0,1,0,1,1,0,0,0,1,0,0,1,1,0,0,0,1,0,1,0,1,1,0,1,1,1,0.0,-19.36893107106433,1
1,1,0,0,1,0,0,0,1,0,1,0,0,1,0,0,1,1,1,0,0,0,1,0,0,1,0,1,1,1,0,1,0.0,-19.368624820134315,1
0,1,1,0,1,0,0,0,0,0,1,1,0,0,0,1,1,0,1,1,1,0,1,0,0,1,1,0,0,1,0,1,0.0,-19.368573376085372,1
1,1,1,1,1,0,0,0,0,0,1,1,1,0,1,1,0,0,0,1,0,1,0,0,0,1,1,1,0,0,1,1,0.0,-19.368551680089382,1
1,1,1,1,0,0,1,0,1,1,1,0,0,0,1,1,0,0,0,0,0,0,1,1,0,1,1,0,1,1,1,0,0.0,-19.36854876515575,1
0,1,0,1,0,1,1,0,0,0,1,0,0,0,0,1,1,1,1,0,1,0,1,1,1,1,1,0,1,0,0,1,0.0,-19.36850528076444,1
0,0,0,0,1,1,1,0,1,1,1,1,1,0,1,0,0,0,1,0,0,0,1,0,0,1,0,1,1,1,1,1,0.0,-19.368479980736147,1
1,0,0,0,0,1,1,1,0,1,1,0,0,0,1,1,0,1,0,0,0,0,1,0,0,1,1,1,1,1,1,1,0.0,-19.36845180926831,1
1,0,0,0,1,1,1,1,0,0,1,0,1,1,1,1,0,0,0,1,1,0,0,1,0,1,0,1,1,1,0,0,0.0,-19.36835076853773,1
1,0,0,1,0,0,0,0,0,1,1,1,0,1,1,1,0,1,1,0,0,0,1,0,0,1,1,0,0,1,0,1,0.0,-19.36831612478551,1
1,1,0,1,0,0,1,0,0,1,1,0,0,0,1,0,0,1,1,0,0,0,0,0,0,1,1,0,1,1,1,1,0.0,-19.368308601922365,1
1,0,1,0,1,0,1,1,0,1,0,1,0,0,1,1,0,0,1,1,0,1,0,0,0,0,1,1,1,0,1,1,0.0,-19.368304554129853,1
0,1,0,0,1,0,0,1,0,0,1,1,1,0,1,0,0,1,0,0,1,1,1,1,0,1,1,0,1,1,0,1,0.0,-19.368071401018017,1
0,0,0,1,1,0,1,0,0,1,1,1,1,0,1,0,1,0,0,0,1,1,1,0,0,0,1,0,1,1,0,0,0.0,-19.368023498352493,1
1,0,0,0,0,0,0,0,1,1,1,1,1,0,0,0,1,0,0,1,0,0,0,1,0,1,1,1,1,0,1,1,0.0,-19.367987575486175,1
1,0,0,1,1,1,1,1,0,0,0,0,1,0,1,0,0,1,0,1,0,0,1,1,0,1,1,0,1,0,1,1,0.0,-19.367940868602208,1
0,1,1,1,0,0,0,0,1,1,1,0,0,0,0,1,0,1,0,0,0,0,1,0,1,1,0,0,1,1,1,1,0.0,-19.367934148269583,1
1,0,0,0,1,1,0,0,1,0,1,0,1,0,1,1,1,0,0,1,0,0,0,0,0,1,0,1,1,1,1,0,0.0,-19.367923002633013,1
0,0,0,1,0,1,1,0,0,1,1,1,0,0,0,0,0,1,0,0,0,1,1,0,0,1,1,0,1,1,1,1,0.0,-19.367917344574295,1
0,1,0,1,1,0,0,0,0,1,1,0,1,0,0,0,0,1,0,0,0,1,1,1,1,1,0,1,1,1,1,1,0.0,-19.36791389579305,1
1,1,0,1,1,1,0,0,1,1,1,1,0,1,0,0,0,0,0,0,0,1,0,0,1,0,1,0,1,1,0,0,0.0,-19.367903128426832,1
0,1,0,0,0,1,1,0,0,0,1,1,1,1,1,0,0,1,1,0,0,1,1,0,0,1,0,1,1,1,1,0,0.0,-19.367892904057655,1
0,0,1,1,0,0,1,1,1,0,0,1,1,0,1,0,1,0,0,0,0,0,0,0,1,1,1,0,0,1,1,1,0.0,-19.367863431535653,1
1,0,0,1,0,1,1,1,0,0,1,1,1,1,0,0,0,1,1,0,1,0,0,0,1,1,0,1,0,0,0,0,0.0,-19.367819884507284,1
1,0,0,1,0,1,0,0,1,0,0,1,0,0,1,1,1,1,0,0,0,1,1,0,0,1,0,0,0,1,1,1,0.0,-19.36778705964422,1
1,0,1,0,0,1,1,0,0,0,1,0,1,0,1,0,1,0,0,1,1,1,1,0,0,0,1,0,0,1,1,0,0.0,-19.367760811357353,1
0,0,0,1,0,1,0,0,1,0,1,1,0,0,1,0,1,0,1,0,0,0,1,1,0,1,0,1,1,1,0,1,0.0,-19.367722659678005,1
0,1,1,1,0,1,1,0,0,1,1,1,1,0,1,0,0,0,0,1,0,1,0,0,0,0,1,0,1,1,1,1,0.0,-19.367719961386452,1
1,0,0,1,0,1,1,1,1,1,1,0,1,0,1,1,1,0,0,0,1,0,0,0,0,1,0,1,1,0,1,0,0.0,-19.36769831063313,1
0,0,1,1,1,0,1,0,0,1,0,0,1,0,0,0,0,1,0,0,0,1,1,1,0,1,1,0,1,1,1,0,0.0,-19.367634083247047,1
1,0,1,1,1,1,0,0,0,1,0,1,0,0,0,0,0,1,1,0,1,1,1,0,0,1,1,1,0,1,1,0,0.0,-19.367609014475136,1
1,1,0,1,1,1,0,1,0,1,0,1,0,0,0,1,1,1,0,0,0,1,1,0,0,1,0,1,1,0,1,0,0.0,-19.3675470103503,1
0,0,0,0,0,0,1,1,1,1,1,1,1,0,0,0,1,1,0,0,0,1,1,0,0,1,1,0,1,1,1,1,0.0,-19.367545171349455,1
1,0,0,0,1,1,0,0,1,1,0,1,0,0,0,0,0,1,0,0,1,1,1,0,1,1,1,0,1,1,1,1,0.0,-19.367539038190355,1
1,0,1,1,1,0,1,1,0,0,1,0,1,0,1,0,0,0,1,1,1,0,0,0,0,1,0,0,0,1,0,1,0.0,-19.367501474791805,1
0,1,0,0,0,0,0,1,1,1,1,1,0,0,0,1,0,0,1,0,0,1,1,1,0,1,1,0,1,0,0,1,0.0,-19.367487568846542,1
1,0,0,1,0,1,0,0,1,1,1,1,0,1,0,0,0,1,1,0,1,0,0,0,0,1,1,0,0,0,1,1,0.0,-19.367455456767654,1
0,1,0,0,1,1,1,1,0,1,1,1,0,0,0,1,0,0,0,0,0,0,1,0,1,1,1,0,1,0,1,0,0.0,-19.367431754082308,1
0,1,0,1,0,0,0,0,0,1,1,0,1,0,1,0,1,0,0,0,1,0,1,0,0,1,1,1,1,1,0,1,0.0,-19.3674304323619,1
0,0,0,1,0,1,1,1,0,1,0,1,0,0,0,1,1,0,0,0,0,0,1,1,1,1,1,0,1,0,0,1,0.0,-19.36738068818424,1
1,0,0,1,0,0,1,1,0,0,1,1,0,1,1,1,0,1,0,0,0,0,1,0,1,1,0,0,0,1,0,1,0.0,-19.36735285233008,1
1,1,0,1,0,0,0,0,1,0,1,0,1,0,1,0,1,1,0,0,1,0,1,1,0,1,0,0,1,1,0,0,0.0,-19.367259508331866,1
0,1,1,1,0,1,1,0,0,0,1,1,0,0,0,0,1,0,0,0,0,0,0,0,1,1,1,1,1,1,0,1,0.0,-19.367217820065207,1
1,1,0,0,1,1,0,0,1,1,0,0,1,0,0,0,0,1,1,0,0,0,1,0,0,1,0,1,1,1,0,1,0.0,-19.367182495868477,1
0,0,0,1,1,1,1,1,0,0,0,0,1,0,1,0,0,1,0,0,0,1,0,1,1,1,1,0,1,1,1,1,0.0,-19.367173145228435,1
0,1,0,1,0,0,1,1,0,1,1,0,0,0,1,1,0,1,1,0,0,1,1,1,0,0,1,0,1,1,0,1,0.0,-19.367061394550653,1
0,0,1,1,0,0,0,1,0,1,0,0,0,0,0,0,1,0,0,0,1,1,1,0,1,1,1,1,1,0,1,1,0.0,-19.367060189391005,1
0,0,0,1,1,0,1,1,0,1,0,1,0,0,0,1,1,0,1,0,0,1,1,0,1,0,1,1,1,0,0,0,0.0,-19.36699927101062,1
0,0,0,0,1,1,0,1,0,1,0,0,1,0,1,0,0,1,1,0,1,0,1,0,0,1,0,1,1,1,1,0,0.0,-19.366989408586804,1
0,1,0,1,0,0,0,1,1,0,0,1,0,0,1,1,1,0,1,1,1,0,1,0,0,0,1,1,1,0,0,0,0.0,-19.36698780155087,1
1,0,0,1,0,0,1,1,0,0,1,0,0,0,1,1,1,0,0,1,1,1,1,0,0,1,0,1,1,1,0,1,0.0,-19.366940024952413,1
0,0,1,1,0,1,1,0,0,0,1,1,1,1,1,0,1,1,0,0,0,0,1,0,0,1,0,0,1,0,1,0,0.0,-19.366902106042822,1
0,0,0,1,0,0,1,0,1,1,0,1,1,0,0,1,0,0,0,1,0,0,0,1,0,1,1,1,1,1,0,1,0.0,-19.36690168992301,1
1,1,0,0,1,1,0,1,0,1,1,1,0,0,0,1,0,1,0,0,0,0,0,1,0,1,1,0,1,1,0,0,0.0,-19.366887446925784,1
1,1,0,1,1,1,1,0,0,0,1,0,0,0,0,1,0,0,0,0,1,1,0,0,1,1,1,1,1,0,0,0,0.0,-19.366852145856825,1
1,1,1,1,0,0,0,0,1,0,0,1,1,0,1,1,0,0,0,1,0,0,1,1,1,1,0,1,1,0,0,1,0.0,-19.366851463885787,1
1,1,0,1,1,0,1,1,0,1,1,1,1,0,0,0,1,1,1,0,0,0,1,0,0,1,1,0,0,1,0,0,0.0,-19.366833941394702,1
0,1,1,1,0,1,0,0,1,1,1,0,0,0,1,0,0,0,1,0,1,0,1,0,1,0,0,0,1,0,1,1,0.0,-19.366792190891438,1
1,0,1,0,0,1,0,0,0,1,1,0,0,0,1,1,0,1,0,0,1,0,1,0,0,1,0,1,1,1,1,0,0.0,-19.366750302357413,1
1,1,0,1,0,1,1,1,0,0,0,0,0,0,0,1,0,0,0,1,0,1,0,1,0,1,1,1,0,0,1,1,0.0,-19.366739346119488,1
0,0,0,0,0,0,1,1,0,0,1,1,0,0,1,0,1,1,0,1,1,0,0,0,0,0,1,1,1,1,1,1,0.0,-19.36667501933097,1
0,0,0,0,1,0,0,1,1,1,1,0,0,0,0,1,0,0,0,0,1,1,1,0,0,1,1,1,0,1,1,1,0.0,-19.36661497054795,1
1,0,0,1,1,0,1,1,0,1,1,0,0,0,0,0,1,1,0,0,0,0,1,0,0,1,1,0,1,1,0,1,0.0,-19.366608655043393,1
1,0,0,1,0,1,0,1,0,1,1,0,0,1,1,1,1,0,0,0,1,0,0,0,0,1,0,1,1,0,0,1,0.0,-19.366597350806536,1
0,1,1,0,1,0,1,1,1,0,1,1,0,1,0,0,1,0,0,1,0,0,1,0,0,1,0,0,1,1,1,1,0.0,-19.366580429908417,1
0,1,0,1,1,1,0,0,0,0,1,0,1,1,1,0,1,1,0,0,1,0,1,0,0,1,0,1,1,1,0,1,0.0,-19.366549622143616,1
0,1,0,1,0,0,1,0,1,0,1,0,0,0,1,1,0,0,0,1,1,0,1,1,0,1,0,1,1,1,1,1,0.0,-19.36652922069234,1
1,1,0,1,0,0,1,0,0,1,1,1,0,0,1,1,1,0,1,0,0,0,1,0,0,1,1,0,0,0,1,0,0.0,-19.366525573200395,1
0,0,0,0,1,0,1,1,1,1,1,0,1,0,0,1,1,1,1,0,1,1,0,0,0,1,0,0,1,0,1,1,0.0,-19.36651584387181,1
1,1,0,0,1,0,1,0,1,0,1,1,1,0,0,1,0,1,0,1,1,0,0,0,0,1,1,1,0,0,1,1,0.0,-19.366490221368768,1
1,1,0,0,0,1,1,0,0,1,1,0,0,1,0,0,0,0,0,1,1,0,0,0,0,1,0,1,1,1,1,1,0.03125,-19.366467331716844,1
1,1,1,1,1,1,0,1,0,1,0,0,0,0,1,0,1,0,1,0,1,0,1,1,0,0,0,1,0,1,0,1,0.0,-19.366457557505914,1
1,1,0,1,0,0,1,1,1,1,1,1,1,0,0,0,0,1,1,0,0,0,1,1,0,1,1,0,1,0,0,0,0.0,-19.366439578282517,1
1,1,0,1,0,0,1,1,1,1,0,1,1,0,1,0,0,1,1,0,0,1,0,1,0,0,1,0,1,1,0,0,0.0,-19.366418066702927,1
0,1,0,1,1,1,0,0,0,1,0,1,0,1,1,0,0,0,1,0,1,0,0,1,0,1,0,0,0,1,1,1,0.03125,-19.366331849489534,1
1,1,0,0,0,0,0,0,0,1,1,1,0,1,0,0,0,1,1,1,0,1,1,1,1,0,0,1,1,0,1,1,0.0,-19.366324952396344,1
1,1,1,0,0,1,1,0,1,0,0,1,0,0,0,1,0,1,0,0,1,1,1,0,0,1,0,0,1,0,0,1,0.0,-19.366286940040293,1
1,1,0,1,1,1,1,0,1,0,1,1,0,0,0,1,0,0,0,1,0,1,1,0,0,1,1,0,1,1,0,0,0.0,-19.36627876129323,1
1,1,0,0,0,1,1,0,0,0,1,0,1,0,0,1,0,1,0,1,0,0,1,1,0,1,0,1,1,1,0,0,0.0,-19.366217338575005,1
1,1,0,0,1,1,1,0,0,0,0,1,0,0,1,0,1,0,0,0,0,0,1,1,0,1,0,1,0,1,1,1,0.0,-19.366190838506505,1
1,0,1,0,0,1,1,0,0,0,0,0,0,0,1,1,0,1,0,0,1,0,0,1,1,1,1,0,0,1,1,1,0.0,-19.36611389659253,1
0,1,1,1,0,0,1,0,1,0,1,1,0,0,1,1,0,0,0,0,0,0,1,1,0,1,0,1,1,0,1,0,0.0,-19.36609728163717,1
0,0,0,1,1,0,1,1,0,1,1,1,1,0,1,0,0,0,0,0,0,0,0,1,0,1,0,1,1,1,0,1,0.0,-19.36603006175195,1
0,0,0,0,1,0,1,0,0,1,1,0,0,0,0,1,0,1,1,0,1,1,1,0,0,1,1,0,0,1,1,1,0.0,-19.365992744003883,1
1,0,0,1,0,1,1,0,0,1,1,0,1,0,1,0,0,1,0,0,0,0,1,0,0,1,1,0,0,1,1,1,0.0,-19.365971244263278,1
1,1,1,1,0,0,0,0,0,1,0,1,0,0,1,0,1,0,1,0,1,1,1,0,1,1,0,0,1,1,0,1,0.0,-19.36595969271126,1
0,1,0,1,1,0,0,0,0,1,1,1,0,1,0,1,0,1,1,0,1,1,0,0,0,1,0,0,1,0,0,1,0.0,-19.365931332493503,1
0,0,1,1,0,1,0,0,0,1,1,1,0,0,1,1,0,1,1,0,0,1,0,1,1,0,1,0,0,1,1,1,0.0,-19.365921246585327,1
0,1,1,1,0,0,0,1,0,1,1,1,1,0,1,1,1,1,0,0,1,0,0,1,0,0,1,1,1,0,0,0,0.0,-19.3659022757384,1
1,1,0,0,0,1,1,0,1,1,0,0,1,0,1,1,0,0,1,0,0,0,1,1,0,0,1,1,0,1,0,0,0.0,-19.36588583887709,1
1,0,1,0,1,1,1,1,0,0,1,0,0,1,1,1,0,1,0,0,1,1,0,1,0,0,0,1,1,0,0,1,0.0,-19.365803344709377,1
1,0,1,1,1,1,0,1,0,1,0,1,1,0,1,1,1,0,0,1,0,0,1,0,0,0,1,1,0,1,0,0,0.0,-19.365798531273878,1
1,1,1,1,0,0,1,0,0,0,0,0,0,0,1,1,0,0,0,1,1,1,1,1,1,0,1,1,1,0,0,1,0.0,-19.365770576419923,1
1,0,0,1,1,0,1,1,0,1,1,0,0,0,1,1,0,0,0,0,0,0,1,0,1,1,1,0,1,1,0,0,0.0,-19.365769917448212,1
0,1,0,0,0,0,1,0,1,0,1,1,0,1,1,0,0,0,1,0,1,1,1,0,1,0,1,0,1,1,0,0,0.0,-19.365746122821214,1
1,0,1,1,0,1,0,0,0,0,1,1,0,0,1,0,0,0,0,0,1,1,0,1,0,1,1,1,0,1,0,1,0.03125,-19.36574606376253,1
1,1,1,0,0,1,0,1,1,0,0,0,1,1,1,0,0,0,1,1,0,0,0,0,1,1,1,0,0,1,1,1,0.0,-19.365738648640168,1
0,1,0,1,0,0,1,0,1,1,1,1,1,0,1,0,0,1,0,0,1,0,1,0,0,0,1,1,1,1,0,1,0.0,-19.36570953158691,1
0,1,0,1,0,1,1,0,1,1,0,1,1,0,1,0,1,1,0,0,0,0,0,0,0,0,1,1,1,1,1,1,0.0,-19.365658687616197,1
0,0,0,0,0,0,1,1,0,1,0,0,1,1,1,1,0,1,0,1,0,0,1,0,1,0,1,0,1,0,1,1,0.0,-19.365638785685526,1
1,0,0,1,0,0,1,1,1,0,0,0,0,1,1,0,0,0,1,1,0,0,1,0,0,1,1,1,1,0,1,0,0.0,-19.365599135337995,1
1,0,0,1,1,1,0,0,1,1,1,0,1,0,1,0,0,0,0,0,1,0,0,0,1,1,0,0,1,1,0,1,0.0,-19.365562951888116,1
1,1,1,1,1,1,0,1,0,1,1,0,0,0,1,0,0,1,1,0,0,0,1,0,0,0,1,1,0,1,1,0,0.0,-19.365477372286712,1
1,1,0,1,0,1,1,0,0,1,1,0,1,0,1,0,0,1,1,0,0,0,1,0,0,1,0,1,1,1,0,1,0.0,-19.36546506774267,1
1,0,1,1,1,0,0,0,0,1,1,0,1,1,1,0,1,0,0,0,0,0,1,0,0,1,0,1,1,0,0,1,0.0,-19.365461109482744,1
0,0,0,1,0,0,1,0,0,0,1,0,1,0,1,0,1,0,1,1,0,1,0,0,0,1,1,1,1,1,1,0,0.0,-19.365456154668685,1
1,0,1,0,1,1,1,0,1,1,0,1,0,1,1,1,0,1,0,0,0,0,0,0,0,0,0,0,1,0,1,1,0.0,-19.36544657907711,1
1,1,1,1,0,1,1,1,1,1,1,1,0,1,0,0,0,0,1,1,0,0,0,1,0,0,0,0,0,0,1,1,0.0,-19.365428050695574,1
1,1,0,0,1,1,1,0,0,1,1,0,1,0,1,1,1,1,0,0,0,0,0,0,1,0,1,0,1,1,0,1,0.0,-19.36538066256027,1
0,1,0,1,1,1,1,0,1,1,0,0,1,0,0,0,1,1,1,0,0,0,0,0,1,0,1,1,1,1,1,0,0.0,-19.36532215489061,1
0,1,0,0,1,0,0,1,1,1,1,0,0,0,0,0,0,0,1,0,1,0,0,1,0,1,1,1,0,1,1,1,0.0,-19.36532082465854,1
1,1,0,1,1,0,1,0,0,0,0,1,1,0,1,1,1,1,0,0,0,0,0,0,1,1,0,0,0,1,0,1,0.0,-19.365240448557735,1
0,1,0,0,0,0,1,0,1,0,1,1,1,0,0,0,0,1,0,1,1,0,1,1,0,1,0,0,1,1,1,0,0.0,-19.36522701689584,1
0,0,1,1,1,0,0,1,1,1,1,1,0,1,1,1,0,0,0,0,0,0,1,1,0,0,1,1,0,1,0,1,0.0,-19.365155151214417,1
0,1,1,1,0,1,1,1,0,1,1,0,1,0,1,0,0,0,1,0,1,1,0,1,0,0,0,1,1,1,0,0,0.0,-19.365136858578175,1
1,0,0,1,1,0,0,1,1,1,0,1,0,0,1,0,0,1,0,0,1,0,0,1,0,1,0,0,1,1,1,0,0.0,-19.365079604527665,1
1,1,1,1,0,0,1,1,0,1,1,1,1,0,0,0,0,0,0,0,0,1,0,1,1,1,0,1,0,1,0,1,0.0,-19.364981412976164,1
1,0,1,1,1,1,1,1,1,1,0,1,1,0,1,1,0,0,0,0,0,0,0,0,0,1,1,0,0,1,0,1,0.0,-19.364952497624657,1
1,0,1,1,0,0,1,1,0,1,1,1,1,0,1,0,0,1,0,0,1,0,1,0,0,1,1,0,0,1,0,1,0.0,-19.364881924847804,1
0,0,0,1,1,0,1,0,0,0,1,0,0,0,1,1,0,1,1,1,0,1,0,1,0,0,0,1,1,1,1,0,0.0,-19.364850056374692,1
0,1,0,1,0,1,0,0,1,0,1,0,1,1,1,0,0,1,1,0,0,0,1,1,1,1,0,0,1,1,0,1,0.0,-19.36483440234587,1
1,0,1,1,0,1,0,0,0,1,1,0,0,0,0,1,1,0,0,0,1,1,0,1,0,1,1,1,1,0,0,0,0.0,-19.364820910145443,1
0,0,1,0,0,1,0,1,1,0,1,0,1,0,0,0,0,1,0,0,0,1,1,1,0,1,1,1,1,0,1,0,0.0,-19.364800278614553,1
0,1,1,1,0,0,1,0,0,1,0,0,0,0,0,1,0,1,1,0,0,1,1,1,1,0,1,0,1,0,0,1,0.0,-19.364794150384206,1
1,1,0,1,0,0,1,0,1,1,1,0,1,1,0,1,1,1,1,0,0,0,0,0,0,1,0,1,0,1,0,1,0.0,-19.364667770758867,1
1,0,0,0,0,1,1,0,0,1,0,0,0,0,1,1,0,1,0,0,1,1,1,0,1,0,1,0,1,1,0,1,0.0,-19.364609525404983,1
1,1,1,1,1,0,1,0,1,0,0,0,0,0,1,1,0,0,0,0,0,1,0,1,0,1,0,0,0,1,1,1,0.03125,-19.364606417732347,1
0,1,1,1,1,1,1,0,0,1,1,0,0,1,0,0,1,0,1,0,1,0,0,0,1,0,1,1,0,1,1,0,0.0,-19.364602592411742,1
1,1,1,1,0,1,1,0,0,0,1,0,1,1,1,0,1,1,0,0,0,0,0,1,0,0,0,1,1,0,0,0,0.0,-19.364579112804847,1
0,1,0,1,0,1,0,1,1,1,1,0,0,0,1,0,0,0,1,0,1,0,1,0,0,0,1,1,1,0,0,1,0.0,-19.36457156729,1
0,0,0,0,0,1,1,0,0,0,1,1,0,0,1,1,1,1,1,1,0,0,1,0,0,0,0,1,1,1,0,1,0.0,-19.36446510832619,1
0,1,1,1,0,0,0,0,0,1,0,1,1,0,1,1,0,1,1,0,1,0,1,0,0,1,1,0,0,1,0,0,0.0,-19.364460891822446,1
0,1,0,1,1,0,0,0,0,1,1,0,0,1,1,1,0,0,1,0,0,1,0,0,0,1,1,0,1,1,0,1,0.0,-19.364457602075813,1
0,1,0,1,0,1,1,0,0,0,1,1,0,0,0,0,1,1,0,0,0,1,1,0,1,1,1,1,1,1,1,0,0.0,-19.36445081422438,1
1,1,1,0,1,0,1,0,0,0,0,0,0,1,1,0,0,0,0,0,0,0,1,0,1,1,1,1,1,1,0,1,0.0,-19.36441750168943,1
1,1,0,1,0,1,1,0,0,1,1,0,0,1,1,0,1,0,1,0,0,0,1,0,0,1,0,1,0,1,1,1,0.0,-19.364409455886616,1
1,0,0,0,1,1,0,0,1,0,1,0,0,0,1,0,0,0,0,1,1,0,1,0,1,0,1,1,1,1,0,1,0.0,-19.3643791202528,1
0,0,0,1,1,1,0,0,0,0,1,1,0,1,0,0,1,1,0,1,1,0,1,0,0,0,1,1,0,1,0,1,0.0,-19.364377028639325,1
0,0,0,0,1,1,1,0,0,1,1,0,0,1,0,0,0,1,1,0,1,0,0,0,1,1,1,1,1,1,1,1,0.0,-19.364350201390913,1
1,1,1,1,0,0,1,0,0,1,1,1,1,0,1,0,0,0,0,0,0,1,1,0,0,1,1,1,1,0,0,1,0.0,-19.36422824231444,1
0,1,0,1,0,1,1,0,1,0,0,0,1,1,1,1,1,1,1,1,0,0,1,0,0,0,1,0,0,0,1,1,0.0,-19.364187754556745,1
0,1,1,1,0,1,1,1,0,1,1,1,1,0,0,0,0,1,1,0,0,0,0,1,0,1,0,1,1,1,0,0,0.0,-19.3641594988751,1
1,1,1,1,0,1,0,0,1,1,0,0,0,0,0,1,0,1,1,0,0,0,1,1,1,1,1,0,1,0,0,1,0.0,-19.364141386197105,1
0,0,0,1,1,0,1,1,1,0,1,1,0,0,1,1,0,1,1,0,0,0,0,1,1,1,0,0,1,1,0,1,0.0,-19.364137545066264,1
0,0,0,1,0,1,1,0,0,1,1,1,1,1,1,1,0,0,0,0,0,0,1,0,1,1,0,0,0,1,0,1,0.0,-19.364100701181954,1
1,0,1,0,0,1,0,1,0,1,1,1,0,1,0,0,0,0,1,0,0,1,1,1,1,1,1,1,1,0,0,0,0.0,-19.364097018885563,1
1,0,1,0,1,0,0,0,1,1,1,0,1,0,1,1,0,0,1,0,0,0,1,1,0,1,1,0,0,1,0,0,0.0,-19.364032954744232,1
1,0,0,0,0,1,1,0,0,1,1,1,0,0,1,1,0,1,0,0,0,0,1,0,0,1,1,0,1,1,0,1,0.0,-19.364021353623013,1
0,1,0,1,1,0,0,0,0,0,1,0,0,0,1,0,1,0,1,0,1,0,1,0,1,1,1,1,1,1,0,0,0.0,-19.36397735540865,1
1,1,0,0,0,0,0,1,0,1,1,0,1,0,1,0,0,1,0,0,1,1,1,0,0,1,1,1,0,1,1,1,0.0,-19.363951932661703,1
1,1,0,0,0,0,1,1,1,1,1,1,0,0,0,1,0,0,1,0,1,0,1,1,1,1,0,1,0,1,0,0,0.0,-19.36392569052917,1
0,0,0,0,0,1,1,1,0,0,0,1,0,0,1,1,0,0,0,1,1,0,0,1,0,1,1,1,1,1,0,1,0.0,-19.363884822716734,1
0,1,1,1,0,0,1,0,1,0,0,1,1,0,1,1,1,1,0,0,0,0,1,1,0,1,1,0,1,0,0,1,0.0,-19.363813492418473,1
1,0,0,1,0,0,1,1,1,0,1,1,1,0,1,1,1,0,1,1,0,0,0,0,0,1,1,1,0,0,0,1,0.0,-19.363653214126323,1
1,1,1,0,0,0,0,1,1,1,1,0,1,0,1,0,0,1,0,0,1,0,1,0,1,1,0,0,1,1,1,0,0.0,-19.363625371394797,1
1,1,0,1,0,0,1,0,1,0,1,1,0,1,1,0,1,0,0,0,1,0,1,0,1,1,0,1,0,1,1,0,0.0,-19.36361818148882,1
1,1,0,0,1,0,1,0,0,0,1,0,0,1,1,1,0,1,1,1,0,0,1,0,1,0,1,1,1,1,0,0,0.0,-19.363606127808996,1
1,0,0,1,0,0,0,1,1,1,1,0,0,0,1,1,0,1,1,0,1,0,1,1,0,1,0,1,0,0,1,1,0.0,-19.363579851489547,1
1,0,1,1,0,0,1,1,0,1,1,1,1,0,1,1,0,0,0,1,0,1,0,0,0,1,1,0,1,0,0,1,0.0,-19.363556127736462,1
0,1,0,0,0,1,0,0,1,0,1,1,1,0,0,0,0,0,1,1,1,1,0,0,1,1,1,0,1,1,0,0,0.0,-19.3635123314929,1
0,1,0,1,0,0,0,0,0,1,1,0,0,1,0,0,1,1,1,0,1,1,0,0,0,1,1,0,0,1,1,1,0.0,-19.363485213980418,1
0,0,0,1,0,0,1,0,0,1,1,0,1,0,1,1,1,1,0,0,0,1,0,1,0,1,0,1,1,1,1,1,0.0,-19.363480011983167,1
1,1,0,1,0,0,1,0,0,1,1,1,0,1,1,0,0,1,0,0,1,1,1,0,0,1,0,0,1,0,1,1,0.0,-19.36344242709113,1
1,1,1,0,0,1,1,0,0,1,1,1,1,0,1,1,0,1,0,0,0,0,1,1,0,1,0,0,0,1,1,0,0.0,-19.36341348983015,1
0,1,0,1,0,0,1,0,1,0,1,0,1,0,1,1,0,1,0,1,0,0,0,0,1,0,1,0,1,1,0,1,0.0,-19.363408125227938,1
0,1,0,0,0,0,1,0,1,1,0,0,0,0,1,0,0,1,1,0,1,0,1,1,0,0,0,1,1,1,1,1,0.0,-19.363333538704687,1
1,1,0,1,0,1,0,1,1,1,1,1,1,0,0,0,0,0,0,1,0,1,1,1,0,0,1,1,0,1,0,0,0.0,-19.363176560651926,1
0,1,0,0,1,0,0,0,1,0,1,1,1,1,1,0,0,1,0,0,0,0,1,1,0,1,1,1,1,1,0,1,0.03125,-19.36316810934924,1
1,1,0,1,0,0,0,0,1,0,0,0,0,1,1,1,0,1,0,0,0,0,1,0,1,1,1,1,0,0,1,1,0.0,-19.363085195337952,1
0,0,0,0,0,0,1,1,0,1,1,1,1,0,1,0,0,1,0,0,1,1,0,1,0,0,0,1,1,1,0,1,0.0,-19.363064840192543,1
1,1,1,0,1,0,0,0,0,1,1,0,0,0,1,1,0,1,0,0,0,0,1,1,0,1,1,1,1,0,1,1,0.0,-19.36302870364705,1
1,1,0,0,0,0,0,0,0,1,1,1,1,0,1,0,0,1,0,1,0,0,0,0,0,1,0,1,1,1,1,1,0.0,-19.362929378335146,1
1,1,0,0,0,1,0,1,0,1,0,0,1,1,1,0,0,1,0,0,0,0,1,0,1,1,1,0,1,0,1,0,0.0,-19.362900702739225,1
0,1,1,1,1,0,1,0,0,0,1,0,0,1,1,0,0,0,0,1,1,0,1,1,0,1,1,0,1,0,1,1,0.0,-19.362860495575525,1
0,1,1,0,0,1,0,0,1,1,1,0,1,0,1,0,0,1,0,0,1,0,1,0,0,1,1,0,1,1,1,1,0.0,-19.362825013435742,1
1,1,1,0,1,1,1,0,0,1,0,0,0,1,0,0,0,1,1,0,0,0,0,0,0,1,1,0,1,1,0,1,0.0,-19.362822485916432,1
1,1,0,0,0,0,0,0,1,1,1,1,0,0,1,1,0,1,0,0,1,0,1,0,0,0,1,1,0,1,0,1,0.0,-19.36282171783387,1
0,1,0,0,1,1,1,0,1,0,0,0,1,0,1,1,1,0,0,1,1,0,0,0,0,1,0,1,1,1,1,1,0.0,-19.362777008142032,1
1,1,1,0,1,0,0,0,1,1,1,1,0,0,1,1,0,1,0,0,1,0,1,0,1,0,1,0,1,1,0,0,0.0,-19.362765096126193,1
1,1,0,0,1,0,0,0,0,1,1,0,1,1,1,1,0,1,1,0,1,1,0,0,0,1,1,0,0,1,0,1,0.0,-19.36274374278042,1
0,1,1,0,0,0,1,0,0,1,1,1,1,1,1,0,0,1,0,0,0,1,1,0,0,1,0,0,1,1,1,1,0.0,-19.362716005291638,1
1,1,1,0,1,0,1,1,0,0,1,0,0,1,1,0,0,1,1,0,0,1,1,0,0,0,1,1,0,1,0,1,0.0,-19.36270089173811,1
0,0,0,0,0,1,1,0,1,1,0,1,0,1,0,1,0,1,1,0,0,0,1,0,1,1,0,0,1,1,0,1,0.0,-19.362613050604494,1
1,1,0,1,1,1,1,0,0,1,1,1,0,0,0,0,0,1,0,0,0,1,0,0,0,0,1,1,1,0,0,1,0.0,-19.36256823746165,1
1,0,0,0,0,1,0,0,1,1,1,1,0,0,1,1,0,0,1,1,0,0,1,0,0,0,1,1,0,1,0,1,0.0,-19.362524631779873,1
1,1,0,1,0,0,1,0,1,1,0,1,1,0,1,0,0,1,0,0,0,0,0,0,0,1,1,0,1,1,0,1,0.0,-19.36251925217964,1
0,1,0,1,1,1,0,0,0,1,1,1,1,0,0,0,0,0,0,1,0,0,1,0,1,1,1,0,1,1,0,0,0.0,-19.36245051896381,1
0,0,0,0,1,1,1,0,0,1,1,1,0,0,1,0,0,0,1,0,0,0,0,1,1,0,1,1,1,1,0,1,0.0,-19.36240774963573,1
1,0,0,1,0,0,0,0,1,1,1,1,1,0,1,0,0,1,0,0,1,0,0,1,1,0,1,1,1,0,0,0,0.0,-19.36236988088872,1
0,1,1,0,1,1,0,0,0,1,1,0,1,0,0,0,0,0,1,0,1,0,1,1,0,1,1,1,0,0,0,1,0.0,-19.362352170200186,1
1,1,1,0,1,0,1,0,0,0,1,1,0,0,1,1,0,1,0,0,1,0,0,0,1,1,1,1,0,1,1,0,0.0,-19.362324489408465,1
0,1,0,1,0,1,1,0,0,1,1,1,0,0,1,1,0,0,0,0,1,0,0,0,1,1,0,0,1,1,0,1,0.0,-19.362207243728577,1
0,1,0,1,0,0,0,1,0,1,1,1,1,1,1,0,1,1,1,0,0,0,1,0,0,1,0,1,1,0,0,1,0.0,-19.362182038901416,1
0,1,0,1,0,1,1,1,0,1,0,0,1,0,1,1,0,0,1,1,1,0,1,1,0,0,1,1,0,0,0,1,0.0,-19.362139445327422,1
1,1,1,0,0,1,0,0,0,1,1,1,1,0,0,0,0,1,0,0,1,0,1,1,0,1,1,0,0,0,0,1,0.0,-19.362121689805264,1
1,1,1,1,1,1,1,0,0,0,1,1,1,0,1,0,1,0,1,0,1,0,0,1,0,1,0,1,0,0,0,0,0.0,-19.36212034771105,1
1,1,0,0,1,0,0,0,0,1,1,1,0,0,1,0,0,1,0,0,1,1,0,0,0,0,1,1,1,1,0,1,0.0,-19.36210391802468,1
1,0,0,0,1,0,0,0,1,1,1,0,1,0,1,0,0,0,0,1,1,0,1,1,1,1,1,0,1,1,1,0,0.0,-19.362103835319598,1
0,1,0,0,0,1,1,1,1,1,1,1,1,0,0,0,0,0,0,1,0,0,1,0,0,1,1,1,1,0,1,1,0.0,-19.362064033650725,1
0,0,1,1,0,0,1,0,0,1,0,0,0,0,0,1,1,0,1,1,0,0,0,1,1,1,1,0,1,1,0,1,0.0,-19.361996203263242,1
0,0,1,0,0,1,0,0,0,1,1,0,1,0,1,1,0,1,1,0,0,0,1,1,1,1,0,1,1,1,0,1,0.0,-19.36197327808754,1
0,1,1,1,0,0,1,0,0,1,1,0,1,0,1,1,0,1,0,0,0,1,0,1,0,0,1,0,1,1,0,0,0.0,-19.361905858903746,1
1,1,0,0,0,1,0,0,1,1,0,0,0,1,0,0,0,1,0,1,0,1,1,1,1,0,1,0,1,1,1,1,0.0,-19.361831620229825,1
1,0,0,0,0,1,1,1,0,1,1,0,0,0,1,1,0,0,1,0,0,0,0,0,1,1,1,1,1,0,0,1,0.0,-19.361789981613356,1
0,0,0,1,0,0,1,0,0,1,1,1,0,1,1,0,0,1,0,0,0,0,1,1,0,1,1,0,1,1,1,0,0.0,-19.361673875554935,1
1,1,1,1,0,1,1,1,1,1,1,0,0,0,0,0,0,1,0,0,0,0,0,0,0,1,1,1,1,1,1,0,0.0,-19.36163801690212,1
1,0,0,1,1,0,0,0,0,1,1,0,0,0,1,0,0,0,0,1,1,1,1,1,0,1,0,0,1,1,1,0,0.0,-19.36163013729827,1
0,0,1,0,0,1,1,1,1,0,1,1,1,1,1,0,0,0,0,1,0,0,0,0,0,0,1,1,1,0,0,1,0.0,-19.36161374098559,1
1,0,0,0,1,1,1,1,1,0,1,0,0,0,1,1,1,1,0,0,1,0,1,1,1,0,0,0,0,1,0,1,0.0,-19.361607376349674,1
0,1,1,0,1,1,1,1,0,0,1,0,1,0,1,0,0,0,0,0,0,0,1,0,1,1,1,0,1,0,0,1,0.0,-19.36152763153801,1
0,0,0,1,1,0,0,0,0,0,1,0,1,0,0,1,0,1,0,1,1,1,1,0,1,1,0,1,0,1,0,1,0.0,-19.361460720257984,1
0,1,1,0,1,0,0,0,1,0,1,1,0,1,1,1,0,0,0,0,0,0,0,0,1,1,0,1,1,1,0,1,0.0,-19.361434670083455,1
1,1,1,1,1,1,0,1,1,1,0,0,0,0,0,0,0,0,1,1,1,0,0,1,0,1,1,0,1,1,0,0,0.0,-19.361233867222737,1
0,1,1,1,1,0,0,0,0,1,1,0,0,1,1,0,0,0,0,0,0,1,1,0,0,1,1,0,1,1,1,0,0.0,-19.361220858023117,1
1,0,0,1,0,1,1,1,1,1,1,1,0,1,1,0,1,0,1,0,0,0,1,0,0,0,1,1,0,0,0,1,0.0,-19.36113053339022,1
1,0,1,1,1,1,1,0,0,1,0,1,0,0,1,0,1,0,0,0,0,1,0,0,0,0,1,1,1,0,1,0,0.03125,-19.3610791285014,1
1,1,0,1,1,1,0,0,1,0,1,0,0,0,0,0,0,1,1,1,0,0,1,0,1,0,0,1,0,1,0,1,0.0,-19.36103922810279,1
1,0,0,0,0,0,1,0,0,0,1,1,1,0,1,0,0,1,1,1,1,1,0,1,0,1,0,0,1,1,0,0,0.0,-19.360973964933862,1
0,1,0,0,0,1,1,0,1,1,0,0,0,1,1,0,0,0,1,0,0,0,0,1,0,1,1,0,1,1,1,1,0.0,-19.36097241862555,1
1,0,1,1,0,0,0,1,0,1,1,0,0,0,1,0,0,1,0,1,0,0,0,0,1,0,1,1,1,1,1,0,0.0,-19.36086965575953,1
0,1,1,1,1,0,1,0,1,0,1,0,1,1,1,0,0,0,1,0,0,1,1,0,0,1,0,1,1,1,0,0,0.0,-19.360862870162435,1
0,1,0,1,0,0,1,0,1,0,0,0,1,0,1,1,1,1,1,0,0,1,0,1,0,1,1,1,1,0,1,0,0.0,-19.360785950870124,1
1,0,0,1,1,0,0,1,0,1,1,0,0,0,0,0,1,0,1,1,1,1,0,0,0,1,1,0,0,1,0,1,0.0,-19.360730248063046,1
0,1,0,0,0,1,1,0,1,1,1,0,1,1,1,1,0,1,0,0,1,0,0,0,0,0,1,0,1,1,0,0,0.0,-19.360665185368994,1
1,1,0,0,0,0,1,0,0,0,1,0,0,0,1,0,1,0,0,0,1,1,1,1,0,1,1,1,0,0,1,1,0.0,-19.360639418547397,1
0,0,0,1,0,1,0,0,0,1,1,0,1,0,1,1,1,1,0,0,1,1,0,1,1,0,1,1,1,1,0,0,0.0,-19.36058109172266,1
0,1,1,0,0,0,0,0,1,1,1,1,0,0,0,0,0,0,0,1,0,0,0,1,0,1,1,1,1,1,1,1,0.0,-19.360554779196974,1
0,1,0,1,0,1,1,0,0,1,1,0,1,0,1,0,0,0,0,0,0,0,0,1,1,1,1,0,1,1,0,1,0.0,-19.360529527314284,1
1,0,0,1,1,0,1,0,1,1,1,1,0,0,0,0,0,0,0,0,0,0,1,0,1,1,1,1,0,1,0,1,0.0,-19.360520832130952,1
0,0,1,0,1,0,0,0,1,1,1,1,1,0,1,1,0,1,0,0,1,0,1,1,0,1,1,0,0,1,1,0,0.0,-19.36049824890086,1
0,1,0,0,0,1,1,1,1,0,1,0,0,1,1,0,1,1,0,0,0,1,0,0,0,0,1,1,1,1,1,1,0.0,-19.36046940130919,1
0,0,1,1,0,0,1,1,1,0,0,0,0,1,1,0,1,1,1,0,0,0,1,1,1,0,1,1,0,1,1,0,0.0,-19.360449506647544,1
0,0,0,0,0,1,0,0,1,0,1,1,0,1,0,0,1,1,0,0,0,1,1,0,0,1,1,1,1,1,0,1,0.0,-19.360443875111343,1
0,1,1,1,0,0,1,0,0,0,1,1,0,1,1,0,0,0,1,1,1,0,0,1,0,1,1,1,1,1,0,0,0.0,-19.360436329365637,1
0,1,0,0,0,1,1,1,0,0,1,1,0,1,1,0,1,0,1,0,0,0,1,1,0,1,1,1,0,1,0,1,0.0,-19.36042943998071,1
1,0,0,0,1,1,1,1,0,1,1,1,1,0,1,0,0,1,0,0,1,0,0,0,0,1,1,1,0,1,1,0,0.0,-19.360310859416952,1
0,1,0,0,1,0,1,1,0,1,1,1,0,1,0,0,0,0,0,0,1,1,1,0,0,1,0,1,1,1,0,0,0.0,-19.360173370213197,1
1,0,1,1,0,0,1,1,0,1,1,1,0,0,0,1,0,0,1,1,0,0,1,0,1,1,1,0,0,0,0,0,0.0,-19.360153429263754,1
1,0,0,0,0,1,1,1,1,0,1,0,1,0,0,0,0,1,0,1,0,0,1,0,0,1,1,1,0,1,1,0,0.0,-19.360126213437276,1
0,0,1,1,1,1,0,1,0,0,1,1,1,0,1,1,0,1,0,1,0,0,1,0,0,0,1,1,0,0,0,0,0.0,-19.36000685202337,1
0,1,1,0,0,0,1,1,1,1,1,0,1,0,0,1,0,0,1,1,1,1,0,0,0,1,1,0,0,1,1,0,0.0,-19.36000550005946,1
0,1,1,1,0,0,0,0,0,1,0,0,1,0,1,0,0,1,0,1,0,0,1,0,1,0,1,1,1,0,1,1,0.0,-19.35994183713347,1
1,1,1,0,0,0,1,0,1,1,1,0,1,0,0,0,0,1,0,0,1,1,0,1,0,1,0,0,1,0,1,0,0.0,-19.359925219195205,1
0,0,0,0,1,1,0,0,1,0,1,1,1,0,1,0,0,0,0,1,0,0,1,1,0,1,0,1,1,1,0,1,0.0,-19.359909342969768,1
0,0,0,0,0,1,0,1,1,1,1,1,1,0,1,0,1,1,0,0,1,0,0,0,0,1,0,0,1,0,1,1,0.0,-19.35978782945395,1
0,0,0,1,0,1,1,1,0,0,0,1,1,1,1,1,0,0,1,1,0,1,0,1,1,1,1,0,0,1,0,0,0.0,-19.35976298559905,1
1,1,0,1,0,0,1,0,1,0,1,0,0,1,1,0,0,1,0,1,1,0,0,1,1,0,1,0,1,1,0,1,0.0,-19.3597189352591,1
0,0,0,1,0,0,0,0,1,1,1,1,0,0,1,0,1,1,0,0,0,0,1,1,1,0,0,1,1,1,1,0,0.0,-19.359703661286275,1
0,1,0,1,0,1,1,0,1,1,1,1,0,0,0,1,1,0,0,1,0,1,1,0,0,0,0,1,1,1,0,1,0.0,-19.359648705114175,1
0,1,1,0,0,1,0,0,0,0,1,0,0,0,1,1,0,0,0,1,1,0,0,1,1,1,1,0,1,1,0,1,0.0,-19.359592449954466,1
1,0,1,0,1,0,1,1,1,1,1,1,0,0,1,1,0,0,0,0,1,0,0,0,1,1,1,0,1,1,0,0,0.0,-19.35958725013781,1
1,1,1,0,0,1,1,1,1,1,0,0,0,0,1,0,1,0,1,0,0,0,0,1,0,1,1,0,1,0,1,1,0.0,-19.35957490724138,1
0,1,1,0,1,0,1,1,1,0,1,0,0,0,1,0,0,1,1,0,1,0,0,1,0,1,1,0,1,0,1,1,0.0,-19.359566315176192,1
0,1,0,1,1,1,1,1,1,0,0,1,0,1,0,1,0,1,0,0,0,0,0,1,0,1,0,1,0,0,1,0,0.0,-19.359501265969016,1
0,1,0,1,1,0,0,1,0,1,1,1,0,0,1,1,0,1,0,0,0,0,0,0,0,1,0,1,1,1,0,1,0.0,-19.359480639012645,1
1,1,0,0,1,0,1,0,0,1,1,1,0,0,1,0,1,0,0,0,0,0,1,1,1,1,0,1,1,0,1,1,0.0,-19.35946768029797,1
0,1,0,1,0,1,0,0,0,0,1,0,0,0,1,0,1,1,0,1,1,0,0,1,0,1,0,0,1,1,1,1,0.0,-19.35945757642648,1
0,1,0,1,0,0,1,1,0,1,1,1,0,0,1,0,0,0,1,0,1,0,1,1,1,1,0,1,1,0,0,1,0.0,-19.359439978473112,1
0,1,1,0,1,1,0,0,0,0,1,1,1,0,1,1,1,1,0,0,0,0,0,0,1,1,1,1,1,1,0,0,0.0,-19.35937381275444,1
1,0,1,0,0,1,1,0,0,1,0,0,0,0,1,0,1,0,1,1,0,0,1,0,0,1,1,0,1,1,1,0,0.0,-19.359372467250747,1
0,0,1,0,0,1,0,1,1,0,1,1,0,0,1,0,1,1,1,0,1,0,1,0,0,1,0,0,0,1,1,0,0.0,-19.359341611624437,1
0,1,0,0,1,1,1,0,1,0,1,0,0,0,0,1,0,1,1,0,0,1,0,1,1,1,1,0,1,1,0,1,0.03125,-19.35932563924199,1
0,1,1,0,1,1,1,1,0,0,0,1,0,0,1,0,1,1,0,0,0,0,0,0,1,0,1,0,1,1,0,1,0.0,-19.35930841192315,1
1,0,0,0,0,1,1,1,1,1,0,1,0,0,1,0,1,0,0,0,0,1,0,0,1,0,0,1,1,1,1,0,0.0,-19.359302061613107,1
0,0,0,0,0,0,0,1,1,1,0,0,0,0,1,0,1,0,0,0,0,0,1,1,1,1,1,1,1,1,1,1,0.0,-19.359271608184635,1
0,1,0,0,0,0,1,0,1,1,1,0,0,0,1,1,0,1,0,0,0,0,1,1,0,0,1,1,1,0,1,1,0.0,-19.35926497606551,1
1,1,0,1,1,1,0,0,0,1,1,0,1,0,0,0,0,1,0,1,1,0,0,1,0,1,1,1,0,0,1,1,0.0,-19.359239889736948,1
0,0,0,0,0,1,1,0,1,0,1,0,1,0,1,0,1,1,0,0,0,0,0,1,1,1,1,1,1,1,1,1,0.0,-19.359211834243514,1
1,0,1,1,0,1,0,0,0,0,1,1,0,0,1,0,0,0,1,1,0,1,0,0,1,1,0,1,1,1,0,0,0.0,-19.359149033275912,1
0,1,1,0,0,0,0,0,1,1,1,0,1,0,1,0,0,0,1,0,1,0,1,1,0,1,1,0,0,1,0,1,0.0,-19.35914588559712,1
1,1,1,0,0,1,1,0,1,1,0,0,0,0,0,0,0,1,1,0,1,1,1,0,1,0,0,0,1,1,0,0,0.0,-19.35900279707351,1
0,0,1,0,0,0,0,1,1,1,1,1,0,1,0,0,1,0,1,0,1,1,0,0,1,1,0,0,1,1,0,0,0.0,-19.35899557660992,1
1,1,0,1,0,0,1,1,0,1,1,1,0,0,1,0,1,0,0,0,0,0,1,0,1,1,1,1,1,0,0,1,0.0,-19.358948163058567,1
1,1,0,1,0,1,1,0,0,1,1,1,0,0,1,0,0,1,0,0,1,0,0,1,0,1,0,0,1,0,1,0,0.0,-19.35891095422064,1
0,0,0,0,0,0,0,1,0,1,1,0,1,0,1,1,0,1,1,1,0,0,0,1,1,0,1,1,1,0,0,1,0.0,-19.358900347304264,1
0,1,0,0,0,1,0,1,0,1,1,0,1,0,1,1,0,1,0,1,0,0,0,0,0,1,1,0,1,1,1,0,0.0,-19.358880228000736,1
1,1,1,1,0,1,1,0,0,1,0,0,0,1,0,0,0,1,0,0,1,0,1,0,1,0,1,1,0,0,0,1,0.0,-19.35885831777675,1
0,1,1,0,0,0,0,1,0,1,0,0,0,1,1,1,0,1,0,0,0,0,0,1,0,1,1,1,1,0,1,1,0.0,-19.358815386699447,1
1,0,0,0,0,1,1,0,0,1,0,1,1,0,1,1,0,1,0,0,0,1,0,1,0,1,0,1,1,1,0,0,0.0,-19.358744436329783,1
0,1,0,1,0,0,0,0,0,1,1,1,0,0,1,0,1,0,1,0,0,1,0,1,1,0,1,1,1,0,0,1,0.0,-19.358668309922354,1
0,1,1,0,1,1,0,1,0,0,1,1,0,0,1,0,0,1,0,1,0,0,0,1,0,1,1,0,1,1,1,1,0.0,-19.358629418890956,1
0,1,0,1,0,0,0,1,0,1,1,0,1,0,1,1,0,1,0,1,0,1,0,1,0,0,1,0,1,0,0,1,0.0,-19.35860645219477,1
1,0,1,1,0,0,1,1,0,1,0,0,0,1,1,0,1,1,1,0,1,1,1,0,1,0,0,0,0,1,0,1,0.0,-19.35860451586656,1
0,0,0,1,0,0,1,1,0,1,0,1,0,0,1,0,0,0,1,1,0,0,1,0,1,1,1,0,0,1,1,1,0.0,-19.358568679961238,1
0,1,1,0,1,0,0,0,1,1,1,0,1,0,0,0,0,1,0,0,1,0,0,0,1,1,0,1,1,0,1,1,0.0,-19.358492349465898,1
1,1,0,1,0,0,0,0,0,0,1,0,0,0,1,0,1,1,0,1,1,0,0,0,0,1,1,1,1,1,0,1,0.0,-19.35847167151239,1
0,1,0,1,0,0,0,0,1,1,1,1,0,0,1,1,1,0,0,0,1,0,1,0,0,1,0,1,1,1,0,0,0.0,-19.358469403415718,1
1,0,1,1,1,0,0,0,1,1,1,0,0,0,1,1,0,0,0,1,0,0,0,0,1,0,1,1,1,0,1,0,0.0,-19.358426310914773,1
1,0,0,1,0,1,0,1,1,0,1,0,0,0,1,0,0,1,0,0,1,0,1,1,0,1,1,1,1,0,0,0,0.0,-19.3584019890948,1
0,1,0,1,0,0,0,0,0,1,1,0,1,0,1,0,0,1,0,0,1,0,1,1,0,1,1,1,1,0,0,1,0.0,-19.3583998931175,1
0,0,0,0,0,0,0,0,1,1,1,0,0,1,0,1,1,1,0,0,1,1,0,1,0,1,1,0,1,1,0,1,0.0,-19.35837771276114,1
0,1,0,0,1,1,1,1,0,1,1,0,0,1,1,0,0,0,0,0,1,0,0,0,1,1,0,1,1,1,1,1,0.0,-19.358358394019675,1
1,0,1,0,0,1,0,1,0,1,1,0,0,1,1,1,0,1,0,0,0,0,1,0,0,1,1,0,0,1,0,1,0.0,-19.358324232384422,1
0,1,0,1,0,1,1,1,0,0,1,0,1,0,1,0,0,1,0,0,1,0,1,0,1,1,1,1,0,1,0,1,0.0,-19.358276189412834,1
0,1,1,0,0,1,1,1,1,0,0,0,0,0,1,1,0,0,0,0,1,1,0,1,1,1,1,0,0,1,1,1,0.0,-19.358223093590944,1
0,1,0,0,0,0,0,0,1,0,1,1,1,0,1,0,1,0,1,0,1,0,1,1,1,1,0,1,0,0,0,1,0.0,-19.358193054499612,1
1,1,1,0,0,0,0,1,0,1,1,0,1,0,1,0,0,1,1,1,0,0,0,1,1,0,1,1,0,1,1,0,0.0,-19.358166903830817,1
1,1,0,1,0,0,0,0,0,1,1,1,0,1,1,0,1,0,1,1,0,0,0,0,1,0,0,1,0,1,0,1,0.0,-19.35812004748975,1
0,1,0,0,1,0,0,0,0,1,0,1,1,0,1,0,0,0,0,0,1,1,0,0,1,1,1,1,1,1,0,1,0.0,-19.35810055076511,1
1,0,1,1,0,1,0,0,0,1,1,0,0,0,0,0,1,1,1,1,0,0,0,1,0,1,1,1,0,1,1,1,0.0,-19.358081460706916,1
1,1,0,0,1,1,1,0,1,1,0,0,1,0,1,1,0,0,0,0,0,1,1,1,0,0,1,0,0,0,0,1,0.0,-19.35797606538811,1
0,1,0,1,0,1,0,0,1,0,1,1,0,0,0,0,0,1,0,0,1,1,1,1,1,1,1,1,1,0,0,1,0.0,-19.357948646619313,1
1,1,1,1,1,1,1,0,1,1,0,0,1,0,1,0,0,0,0,0,0,0,0,0,0,1,1,0,1,1,0,0,0.0,-19.357914353522,1
1,0,0,1,0,0,0,0,0,1,0,0,0,0,1,1,0,1,1,1,1,0,1,0,1,1,0,1,0,1,1,0,0.0,-19.357699097115894,1
1,1,0,1,0,1,1,0,0,1,1,0,1,0,1,1,0,1,1,0,0,0,1,0,0,1,1,0,0,0,0,0,0.0,-19.35766282638496,1
0,0,0,1,0,0,0,0,0,1,1,0,0,0,1,1,1,1,0,1,1,1,1,0,1,0,0,0,1,0,1,1,0.0,-19.35765212507865,1
0,0,0,0,0,1,0,1,1,1,1,0,1,0,1,0,0,0,1,0,0,0,1,1,0,1,1,1,0,1,0,1,0.0,-19.357613953960133,1
0,0,1,0,1,0,1,1,1,1,0,0,0,1,1,1,0,0,1,1,0,0,1,1,0,0,0,1,0,1,1,1,0.0,-19.35759845427663,1
0,1,1,0,1,0,0,0,0,1,0,0,1,0,0,1,0,0,0,1,0,1,1,1,1,1,1,0,1,0,0,1,0.0,-19.35759777528923,1
1,1,0,1,1,0,1,0,0,1,1,1,0,0,1,0,0,1,0,1,1,0,0,1,0,0,0,1,0,1,1,1,0.0,-19.357586016807453,1
0,1,0,1,1,1,1,0,1,0,1,1,0,0,1,1,0,1,0,0,0,0,0,0,1,1,1,0,1,1,0,1,0.0,-19.357558276904612,1
1,0,1,1,0,1,0,0,0,1,0,0,0,0,1,1,1,1,1,0,1,0,0,0,1,0,1,1,0,0,0,1,0.0,-19.35754482065413,1
1,1,1,1,1,1,0,1,1,1,1,0,1,0,1,0,0,0,1,0,0,0,1,0,0,1,0,1,0,1,0,0,0.0,-19.357543141803728,1
0,1,1,1,0,1,0,0,0,1,0,0,1,0,1,1,0,1,0,0,0,0,1,1,1,1,0,0,1,0,0,1,0.0,-19.357508444828674,1
1,1,0,0,0,1,1,0,1,0,1,0,1,0,1,0,0,0,1,1,0,0,1,0,1,0,1,1,0,0,0,1,0.0,-19.35745991208225,1
0,1,1,0,0,1,1,1,0,1,1,1,0,0,1,0,1,0,1,0,1,0,0,0,0,1,0,1,1,1,0,1,0.0,-19.357442388236006,1
0,1,1,1,1,0,0,0,1,0,1,0,0,0,1,0,0,0,1,0,1,1,0,0,0,1,1,1,1,1,0,0,0.0,-19.3574326771695,1
1,0,0,0,0,1,1,0,1,1,0,1,0,0,1,1,0,1,0,0,0,1,1,0,0,1,1,1,1,0,1,1,0.0,-19.357410938674168,1
0,1,1,0,0,0,1,0,0,1,1,1,1,0,0,1,0,1,0,0,0,1,0,0,0,1,1,1,0,1,0,1,0.0,-19.357319173604168,1
1,0,1,0,1,0,0,1,1,0,0,1,0,0,1,0,1,0,1,0,0,0,1,0,1,1,1,1,0,0,0,1,0.0,-19.357314932314445,1
0,1,1,1,1,0,0,0,1,0,1,1,0,0,1,1,0,1,0,0,1,1,0,1,0,0,1,0,0,0,0,1,0.0,-19.35721750232362,1
1,0,1,0,0,0,0,1,0,1,1,0,1,0,1,0,0,1,0,1,1,0,1,0,0,1,1,0,1,1,0,0,0.0,-19.357208336738893,1
0,1,1,0,0,0,1,1,1,0,0,1,1,0,1,1,1,1,0,1,0,0,0,0,0,1,1,0,1,1,0,1,0.0,-19.35715511378419,1
1,0,0,1,0,1,0,1,1,0,1,0,0,1,0,0,0,1,1,1,0,0,1,1,1,1,1,0,0,1,0,1,0.0,-19.35711156590405,1
0,1,1,1,1,1,1,0,0,0,1,1,0,0,1,1,0,0,0,1,0,0,0,1,0,1,0,0,1,1,0,0,0.0,-19.35689124749802,1
1,1,1,0,1,1,1,0,0,0,1,1,1,0,1,0,0,1,0,1,1,0,0,0,1,0,1,1,0,0,1,0,0.0,-19.356880436112807,1
1,1,0,1,0,0,1,0,1,1,1,1,0,1,1,1,0,0,0,1,0,0,1,0,0,0,1,0,0,0,0,1,0.0,-19.356850497025565,1
1,0,1,0,1,0,0,0,1,1,0,0,0,0,1,1,0,1,1,0,0,0,0,1,0,1,1,1,1,0,1,0,0.0,-19.356843613399967,1
1,1,0,1,0,0,1,0,1,1,0,0,0,0,1,0,0,0,1,1,0,0,1,0,0,1,1,0,1,1,0,1,0.0,-19.35682703361308,1
0,1,1,0,1,0,1,1,1,1,0,1,1,0,1,0,1,0,1,0,1,0,0,1,0,1,0,0,1,1,0,0,0.0,-19.356713991418005,1
1,0,0,0,0,1,1,0,1,1,1,0,0,1,1,0,0,0,0,0,1,0,0,1,0,1,0,1,0,1,1,1,0.0,-19.356687555153158,1
0,1,0,1,0,1,0,0,1,1,1,1,0,0,1,0,1,1,0,0,0,0,1,1,0,0,1,1,1,1,0,1,0.0,-19.35663615629305,1
0,0,0,0,0,0,1,0,1,1,1,0,0,0,1,1,0,1,0,0,1,0,1,0,0,1,1,1,1,1,1,0,0.0,-19.356630091173248,1
0,1,0,0,0,0,1,0,0,1,1,1,0,0,1,0,1,1,1,0,1,0,1,1,0,0,1,0,0,1,0,1,0.0,-19.356562804640667,1
1,0,0,0,0,1,1,1,1,1,1,0,1,0,0,1,0,1,0,0,0,0,0,1,1,1,0,1,1,0,0,0,0.0,-19.356539087360098,1
1,0,0,1,1,1,1,0,0,1,0,1,0,0,1,0,0,0,0,1,1,0,0,0,0,1,0,1,1,1,0,1,0.0,-19.356498243744156,1
0,0,0,1,0,1,1,0,1,1,1,0,0,0,0,0,0,1,0,0,0,1,0,1,0,1,0,1,1,1,1,1,0.0,-19.356485368797053,1
0,1,1,1,0,1,1,0,1,0,0,1,1,0,0,0,0,1,0,1,1,0,0,0,0,1,1,0,0,1,0,1,0.0,-19.356426521085666,1
0,1,1,1,0,1,0,0,1,1,1,1,0,1,1,0,0,1,0,0,1,0,0,0,0,1,1,0,1,0,1,1,0.0,-19.356418969619945,1
0,1,0,1,0,1,0,0,0,0,1,0,1,0,1,0,1,0,1,1,0,1,0,1,0,1,1,0,0,1,0,1,0.0,-19.35634855062276,1
0,0,0,0,0,1,0,1,0,1,1,1,1,0,1,1,0,0,0,0,1,1,1,0,1,1,0,1,0,0,0,1,0.0,-19.356335236087464,1
1,1,1,0,0,1,0,0,1,1,1,1,1,0,1,0,0,1,0,1,1,0,0,1,0,0,1,0,1,1,0,0,0.0,-19.35632337332119,1
0,1,1,1,0,1,0,0,1,0,1,1,1,0,1,0,0,1,0,0,0,1,1,1,0,1,0,1,1,0,0,1,0.0,-19.35627262875333,1
1,1,1,1,0,0,1,0,1,1,1,1,0,0,1,0,0,0,1,1,0,0,0,0,0,1,1,0,1,1,0,1,0.0,-19.35625885277173,1
0,0,1,1,0,1,1,0,0,0,1,1,0,0,1,0,1,1,1,1,0,0,1,0,1,0,1,1,1,1,0,0,0.0,-19.356257604579167,1
0,1,0,0,0,1,0,0,1,1,1,0,1,0,1,0,0,0,0,0,1,0,1,1,1,1,1,0,0,1,1,0,0.0,-19.356204588477624,1
0,0,0,1,1,1,0,0,0,1,1,0,0,0,1,0,0,0,1,1,0,0,0,1,1,1,1,0,1,1,1,0,0.0,-19.356171305555048,1
0,0,1,1,0,1,1,1,0,1,0,0,0,0,1,0,0,1,0,0,0,1,1,0,0,0,1,1,1,1,0,1,0.0,-19.35615406056835,1
0,1,1,1,0,0,1,0,0,1,0,0,0,0,1,0,0,1,0,0,0,1,1,1,0,1,0,0,1,1,1,1,0.0,-19.356130662604638,1
1,1,0,0,1,0,1,0,0,1,1,0,1,0,1,1,0,1,0,1,1,1,0,0,0,0,1,1,1,1,0,0,0.0,-19.356101394827583,1
0,1,0,1,1,0,0,0,0,1,1,0,0,0,0,0,1,0,1,0,0,1,0,1,1,1,1,1,0,0,1,1,0.0,-19.355891995142386,1
0,0,0,0,0,1,1,0,1,0,1,1,0,1,1,0,0,1,0,0,1,0,1,0,1,1,0,0,1,1,0,1,0.0,-19.355786360558348,1
0,0,1,1,1,0,0,0,0,1,0,1,0,0,1,0,0,1,1,1,1,1,0,0,1,0,1,1,1,1,1,0,0.0,-19.355719530431482,1
0,0,1,1,0,1,1,0,1,1,1,1,1,1,1,0,0,1,1,0,0,0,0,0,0,0,0,1,1,0,0,0,0.0,-19.355607352274117,1
1,0,0,0,0,1,1,0,1,1,0,1,0,0,1,1,0,1,0,0,1,0,0,0,1,1,1,1,0,1,1,1,0.0,-19.355591631909295,1
0,1,1,0,0,1,1,0,1,0,0,1,1,0,1,0,0,1,1,0,1,1,1,0,1,1,0,0,1,1,0,0,0.0,-19.355509505501068,1
0,1,1,0,1,0,0,0,0,1,0,1,1,0,1,1,1,1,1,1,0,1,0,0,1,0,0,0,0,1,1,1,0.0,-19.355477274128784,1
0,0,0,0,0,0,1,0,0,1,1,1,0,0,1,1,1,1,0,0,0,0,1,1,1,0,1,1,1,0,0,1,0.0,-19.35545238111692,1
1,1,0,0,0,1,1,0,1,0,1,1,1,0,1,0,1,0,0,1,0,0,1,1,0,1,1,0,0,1,0,1,0.0,-19.355414038723882,1
1,1,0,1,0,0,1,0,0,1,1,0,0,0,1,1,0,0,0,0,0,1,0,0,1,1,1,1,1,0,0,1,0.0,-19.355411730859025,1
1,1,1,0,0,0,0,0,0,1,1,1,0,1,0,0,1,1,1,1,0,0,0,0,1,1,0,1,1,1,0,1,0.0,-19.355406270172043,1
0,0,0,0,0,0,1,0,1,1,0,0,1,0,0,0,0,1,0,1,1,0,1,0,1,1,1,1,1,1,1,0,0.0,-19.35539654958577,1
0,1,1,0,0,0,1,0,0,1,1,0,0,0,1,1,0,0,0,0,0,0,1,1,1,1,0,1,1,1,0,1,0.0,-19.35533662420446,1
1,1,1,0,1,0,0,0,1,0,0,1,0,1,0,1,1,1,0,1,0,0,1,0,0,1,1,0,0,0,0,1,0.0,-19.35530147077172,1
0,1,1,1,0,0,1,0,0,1,1,1,1,0,1,0,0,1,1,1,1,0,1,1,0,0,1,0,0,1,0,0,0.0,-19.355204816341534,1
0,0,0,0,0,1,1,1,1,0,1,1,0,0,1,0,0,0,1,1,0,0,1,0,1,0,1,1,0,1,0,1,0.0,-19.35519402455982,1
0,1,1,0,0,1,1,0,0,1,1,0,1,0,1,0,0,1,0,0,1,0,0,0,0,1,0,1,1,0,1,1,0.0,-19.35518782632154,1
1,1,1,0,0,0,0,1,1,0,1,1,0,0,1,0,0,1,0,0,0,1,1,0,0,1,1,0,0,1,0,1,0.0,-19.35516701891361,1
1,1,1,0,0,1,0,0,1,1,0,0,0,1,1,1,0,0,1,0,0,1,1,0,0,1,1,1,0,1,0,1,0.0,-19.355161156191645,1
1,0,0,1,0,1,1,1,1,1,0,0,0,1,0,0,0,1,0,0,1,0,0,1,1,1,1,1,1,0,0,1,0.0,-19.35515087378372,1
1,0,0,0,0,1,1,1,1,1,0,0,1,0,0,1,1,1,1,1,1,1,0,0,1,0,1,0,0,0,0,1,0.0,-19.355097553057885,1
0,1,1,0,1,0,1,0,1,0,1,0,0,0,0,0,1,1,1,0,1,0,1,1,0,1,1,0,0,0,1,0,0.0,-19.3550936842137,1
0,1,0,1,0,0,1,0,1,1,0,1,1,0,1,0,0,1,0,0,1,0,0,1,0,1,1,0,0,1,1,0,0.0,-19.355071012856225,1
1,1,1,0,0,1,0,0,0,1,1,1,0,0,1,0,0,1,0,0,1,0,1,0,0,1,0,1,0,0,1,1,0.0,-19.35502361415512,1
1,1,1,0,0,1,1,0,0,1,0,1,0,1,1,1,1,1,0,0,0,0,0,1,0,0,0,1,0,0,1,0,0.0,-19.35496815039614,1
1,1,0,1,1,1,0,1,1,0,1,1,0,0,0,0,0,1,0,0,0,0,1,0,1,1,1,1,0,0,0,0,0.0,-19.354952070893347,1
1,0,0,0,0,0,0,1,0,1,1,0,0,0,1,0,0,1,1,1,1,1,1,0,0,1,0,0,1,1,0,1,0.0,-19.354878595885364,1
0,1,1,0,0,0,1,0,1,0,1,1,1,0,1,1,0,0,1,0,0,0,0,1,1,1,1,1,0,0,0,0,0.0,-19.354857453970617,1
0,1,0,0,1,0,1,1,0,1,1,0,1,0,1,0,0,1,1,0,0,1,0,1,0,0,1,0,0,1,0,1,0.0,-19.354837523981303,1
1,0,1,1,0,1,0,1,0,1,1,0,0,0,1,0,0,0,1,1,0,0,1,0,0,1,1,1,0,0,1,0,0.0,-19.354836841090734,1
1,1,1,1,1,1,0,0,1,0,1,0,1,1,1,0,0,1,0,1,0,0,1,1,0,0,0,1,0,1,0,0,0.0,-19.354820227003906,1
0,0,1,0,0,0,0,0,1,1,0,1,1,1,1,0,1,1,1,0,1,0,1,1,1,1,0,0,1,0,0,1,0.0,-19.35479498415675,1
1,1,0,0,0,0,0,1,1,1,1,0,0,0,0,0,1,1,1,0,0,1,1,0,1,1,0,0,1,1,0,0,0.0,-19.35475006386186,1
0,1,0,1,0,0,1,0,1,1,1,0,0,0,1,1,0,1,0,0,0,0,1,0,0,1,1,0,0,1,1,1,0.0,-19.354629005825203,1
0,0,1,1,0,1,0,0,0,1,0,0,1,0,1,0,1,0,0,0,1,1,1,0,1,1,0,1,0,1,1,0,0.0,-19.354622153787254,1
0,1,0,1,0,0,1,0,0,1,1,0,0,0,1,0,1,1,1,0,0,0,1,1,0,1,0,0,0,1,1,1,0.0,-19.354575840952855,1
1,1,0,1,0,0,1,0,0,1,1,1,0,0,1,1,0,1,1,1,0,0,1,0,1,1,0,0,1,0,0,1,0.0,-19.354500084479277,1
1,1,1,0,0,1,1,0,1,0,1,0,0,0,1,0,1,1,1,0,0,0,0,0,1,1,1,0,1,1,0,1,0.0,-19.354461115625366,1
1,1,1,1,0,1,1,0,0,0,0,0,0,1,1,0,0,1,1,1,1,0,1,1,1,0,0,1,0,1,0,0,0.0,-19.354424526578896,1
0,1,0,1,0,0,0,0,0,1,1,0,0,1,1,1,0,1,1,0,1,0,1,0,0,1,1,1,0,0,0,1,0.0,-19.354423508768228,1
1,0,1,0,1,0,1,0,0,1,1,1,0,1,0,0,0,1,1,0,0,0,1,1,1,1,1,1,0,1,0,0,0.0,-19.354361620100875,1
0,1,1,1,0,1,1,0,1,0,0,1,1,0,1,0,0,1,0,0,0,0,1,0,0,1,1,1,1,0,0,0,0.0,-19.354293816120236,1
1,1,0,1,0,1,1,0,1,1,1,0,1,0,1,0,0,1,0,1,0,0,1,0,0,1,0,0,1,1,1,0,0.0,-19.35427050742295,1
0,1,0,0,0,1,0,0,1,1,1,1,1,0,1,0,0,1,0,1,1,0,1,0,0,0,1,0,1,1,0,0,0.0,-19.354147908235895,1
0,0,1,0,0,0,0,1,1,1,1,0,1,0,1,0,0,1,0,1,1,0,1,0,1,0,1,1,0,1,1,1,0.0,-19.354101804232073,1
0,0,0,1,1,0,0,0,1,1,0,1,0,0,1,0,1,0,1,1,0,0,1,0,0,1,1,0,1,1,0,1,0.0,-19.354077232159955,1
1,1,1,1,1,0,1,0,0,1,1,0,0,0,1,1,0,0,0,1,0,0,1,1,1,0,1,1,1,0,0,0,0.0,-19.353934448617775,1
0,0,1,1,1,1,0,0,0,0,1,0,0,1,1,1,0,1,1,1,1,0,1,0,0,1,0,0,0,1,0,0,0.0,-19.353918284534576,1
1,0,0,1,0,1,0,0,0,0,1,0,1,0,1,0,1,0,0,1,1,1,1,0,1,1,0,1,0,0,0,1,0.0,-19.353915779737015,1
0,1,1,0,0,0,1,0,1,1,1,1,1,0,0,0,0,0,1,0,0,1,1,1,0,1,0,1,0,0,0,1,0.0,-19.353909059279978,1
0,1,0,1,1,0,0,1,0,1,0,0,0,0,1,0,1,0,0,0,1,1,1,1,1,0,0,1,1,0,0,1,0.0,-19.353904060902806,1
1,1,0,1,0,1,1,1,0,1,1,1,1,1,1,0,0,1,0,0,0,0,0,0,1,1,0,1,0,0,1,0,0.0,-19.353898802017167,1
0,0,1,0,1,0,0,1,1,1,1,1,1,0,1,0,1,0,0,0,1,1,0,0,0,1,0,0,1,1,0,0,0.0,-19.353787854506088,1
1,1,0,1,1,1,0,0,1,1,1,0,0,0,1,0,0,1,0,0,1,0,1,0,1,1,0,0,1,1,0,1,0.0,-19.353782648754592,1
0,1,0,1,0,0,0,0,1,1,1,1,1,0,1,0,0,1,1,0,0,1,0,1,0,1,0,0,1,0,0,1,0.0,-19.35368179984868,1
0,1,0,1,0,0,0,0,1,1,1,1,0,0,1,1,1,0,0,1,1,0,1,1,0,1,1,0,1,1,0,0,0.0,-19.353674536696403,1
0,1,0,0,1,0,0,0,1,0,1,0,0,0,0,1,0,1,0,1,0,0,0,1,1,1,1,1,1,1,0,1,0.0,-19.353648045985764,1
0,1,0,0,0,1,1,0,1,0,1,0,0,0,1,1,1,0,0,1,1,0,1,1,1,0,1,1,1,0,0,1,0.0,-19.353628989531526,1
0,0,0,1,0,1,1,0,1,1,1,0,0,0,0,0,0,1,1,0,1,1,0,0,1,1,1,0,1,0,1,0,0.0,-19.353610891602493,1
0,1,0,0,1,1,0,1,0,0,0,1,0,0,1,1,1,1,0,1,1,1,0,0,1,1,0,0,1,0,1,1,0.0,-19.353550995273025,1
0,1,0,0,0,0,1,0,1,1,1,1,0,1,1,1,0,1,0,1,1,0,0,1,0,0,1,0,1,1,0,1,0.0,-19.353481442885588,1
0,1,0,0,1,1,1,0,1,1,0,0,0,1,0,0,0,1,0,0,0,0,1,1,0,1,0,1,1,1,1,0,0.0,-19.353441806012242,1
1,0,1,0,0,0,0,0,1,1,1,1,1,0,1,0,0,1,1,0,1,0,1,0,1,1,1,1,0,0,0,1,0.0,-19.3534272673273,1
1,0,1,0,1,0,1,0,1,0,1,0,0,1,1,0,1,1,0,0,0,1,1,1,0,0,1,0,1,0,0,0,0.0,-19.35333536466375,1
0,1,1,1,0,0,0,0,0,0,1,0,0,0,1,1,0,1,1,0,0,1,0,1,1,1,1,1,1,0,0,0,0.0,-19.353263603539254,1
1,0,1,0,1,1,0,0,0,1,1,0,1,0,1,0,1,1,0,0,0,0,1,0,1,1,1,1,1,1,0,0,0.0,-19.353164682067423,1
0,0,1,1,0,1,1,1,1,1,1,1,0,0,1,1,0,0,1,1,0,0,1,0,0,1,0,0,1,1,0,0,0.0,-19.35315155068619,1
1,1,0,1,0,0,1,0,0,1,1,0,1,0,1,0,0,1,0,0,0,1,0,1,0,1,1,0,0,1,0,1,0.0,-19.35307637793562,1
1,1,0,0,1,0,1,1,0,1,1,0,0,0,1,0,0,0,0,1,1,0,1,0,0,1,0,1,1,0,1,0,0.0,-19.353004952050213,1
0,0,0,0,0,1,1,0,0,1,1,0,1,0,1,0,1,1,0,1,1,0,1,0,1,0,1,0,1,0,1,0,0.0,-19.35300144300701,1
0,1,0,1,1,0,0,0,1,1,0,0,0,0,1,1,0,1,0,0,0,0,1,0,0,1,1,1,1,1,0,1,0.0,-19.352932850118513,1
0,1,0,1,0,1,1,0,1,1,0,1,0,0,1,1,0,1,1,0,0,0,0,1,1,1,0,0,1,1,0,1,0.0,-19.352915563147157,1
0,1,0,1,0,1,0,0,0,1,1,0,1,0,1,0,0,1,0,1,0,0,0,1,0,1,0,1,1,1,1,0,0.0,-19.352786752591832,1
0,0,1,0,1,0,1,0,0,1,1,0,0,1,1,0,0,0,0,1,1,0,1,1,0,1,1,1,1,1,1,0,0.0,-19.352779922835484,1
1,1,0,0,0,1,0,0,0,1,1,0,0,1,1,1,0,1,0,0,1,0,1,0,1,1,0,1,0,0,1,0,0.0,-19.35275402051642,1
1,0,1,0,0,0,1,0,1,1,1,0,0,1,0,1,0,1,1,0,0,0,1,1,1,1,1,1,0,0,0,1,0.0,-19.352724109493526,1
0,0,0,1,1,1,1,0,1,1,1,0,1,0,1,0,1,1,0,0,0,0,0,1,0,1,1,0,1,0,1,1,0.0,-19.35270251812598,1
1,1,1,1,1,1,1,1,1,0,1,0,0,1,1,1,0,1,0,0,0,0,0,1,0,1,0,0,0,1,0,0,0.0,-19.352641581035915,1
0,0,1,1,0,1,0,1,1,1,1,0,0,0,1,1,1,1,0,0,0,0,1,0,0,1,0,1,1,1,0,1,0.0,-19.35262571882922,1
0,0,1,1,1,1,1,0,0,1,0,0,1,1,1,1,0,1,1,0,1,0,0,1,0,1,0,1,0,1,0,0,0.0,-19.352574589812235,1
1,1,0,0,0,1,1,0,0,1,1,0,0,0,1,0,1,1,1,0,0,0,0,0,1,1,1,1,1,0,1,1,0.0,-19.352495331335682,1
1,0,0,0,1,1,0,0,0,1,1,1,0,1,1,0,0,1,0,0,1,0,0,0,1,1,0,1,1,1,0,0,0.0,-19.352435084498286,1
0,0,1,1,0,1,1,1,1,1,1,0,0,1,0,0,0,1,0,0,1,1,1,0,0,1,1,0,1,0,0,1,0.0,-19.352413788760032,1
0,0,0,0,0,0,1,1,1,1,1,1,0,1,1,0,0,0,0,0,0,0,1,1,0,1,1,1,1,0,0,1,0.0,-19.35231267702376,1
1,0,0,0,0,0,1,0,0,1,0,0,0,0,1,1,0,1,0,0,0,1,0,1,1,1,1,1,1,1,0,1,0.0,-19.352284242494335,1
1,1,0,0,0,1,1,1,1,1,1,1,0,0,1,0,0,0,0,0,0,0,1,1,0,1,1,0,1,0,0,0,0.0,-19.352236712344617,1
1,1,1,0,0,1,1,0,1,0,1,1,0,0,1,0,0,0,0,1,0,0,0,0,1,0,1,1,0,1,0,1,0.0,-19.352197306487692,1
0,0,1,0,0,0,1,1,1,1,1,1,0,0,1,0,0,0,0,1,0,1,0,0,0,0,1,1,1,1,1,0,0.0,-19.352096161046827,1
1,1,0,1,1,1,0,0,1,1,1,0,0,1,0,0,0,1,1,1,0,0,0,1,0,0,1,0,0,0,0,1,0.0,-19.352043641631543,1
0,0,1,1,0,1,1,0,0,1,1,1,0,0,1,1,1,0,0,1,1,0,0,1,0,1,1,0,0,0,1,1,0.0,-19.352039323875747,1
0,0,1,1,0,1,1,0,0,1,0,1,0,1,1,0,0,1,0,0,1,0,0,0,1,0,1,1,0,1,0,1,0.0,-19.35181652560835,1
0,0,1,1,0,1,1,0,0,1,1,0,1,0,1,0,0,0,0,1,1,1,0,1,0,1,0,0,1,0,1,0,0.0,-19.351749375809018,1
1,1,0,0,1,0,1,0,0,1,1,1,0,0,1,0,0,1,0,1,0,0,0,0,0,1,1,0,1,1,1,0,0.0,-19.351718510598005,1
0,0,0,1,0,1,0,0,1,1,1,1,1,0,1,1,0,1,1,1,0,1,0,0,0,1,1,0,0,1,1,0,0.03125,-19.35166941958555,1
0,0,1,1,0,1,0,1,0,1,1,0,0,0,1,1,0,1,0,0,1,0,1,1,1,1,1,1,0,0,1,0,0.0,-19.351425696967453,1
1,0,0,1,0,1,1,1,1,1,0,0,0,1,1,0,1,1,1,0,1,0,1,1,0,1,0,0,1,0,0,0,0.0,-19.351270527977956,1
0,0,1,1,0,0,0,0,0,1,0,0,1,1,1,0,0,1,0,1,1,0,0,0,1,1,0,1,1,1,0,1,0.0,-19.351093573370107,1
0,1,0,0,1,1,1,1,1,1,1,0,0,0,0,1,0,1,0,0,1,0,0,1,0,0,1,1,0,0,0,1,0.0,-19.351013062378634,1
0,0,0,1,1,0,1,0,1,1,1,0,0,0,1,0,0,0,1,0,1,0,1,1,1,0,1,1,0,0,0,1,0.0,-19.35094639909559,1
1,0,0,1,0,1,1,0,0,1,1,0,0,0,1,0,0,0,0,1,0,1,1,0,1,1,0,0,0,1,1,1,0.0,-19.35085679585105,1
1,1,0,1,0,1,1,0,1,1,0,0,1,0,1,0,0,0,0,1,0,1,0,0,0,1,1,1,1,1,0,1,0.0,-19.35082453533377,1
1,0,0,1,0,0,1,0,0,1,1,0,1,0,1,0,1,0,0,1,0,0,1,1,0,1,1,1,0,1,0,0,0.0,-19.350754707233648,1
0,1,0,0,0,1,1,0,0,0,1,0,0,0,1,0,0,1,1,1,1,1,0,1,0,0,1,1,1,1,0,0,0.0,-19.350729287962444,1
0,1,1,1,1,0,1,0,1,1,1,1,0,0,1,0,0,1,1,0,0,0,0,0,0,0,1,0,0,1,0,1,0.0,-19.35070162720342,1
1,1,0,1,0,0,1,0,0,1,1,1,0,0,1,0,0,1,1,0,0,1,0,1,0,1,1,1,0,1,0,1,0.0,-19.350684579622204,1
1,1,1,0,0,1,0,0,1,1,1,0,1,0,1,0,1,0,0,1,0,1,1,0,0,1,0,0,1,1,0,1,0.0,-19.350673809290026,1
0,0,1,1,1,0,0,0,0,1,1,1,0,1,1,1,0,0,0,0,0,1,0,1,1,1,1,0,0,1,0,0,0.0,-19.350662394569753,1
0,1,0,0,1,0,1,0,0,1,1,0,0,0,1,0,1,0,1,1,0,0,0,1,0,1,1,0,1,1,1,0,0.0,-19.35064352091213,1
0,0,1,1,0,1,1,0,0,1,1,0,1,0,1,0,0,1,0,0,1,0,1,1,0,1,0,1,1,0,0,0,0.0,-19.350492161945386,1
0,1,1,0,0,0,1,0,0,1,1,1,0,0,1,1,0,1,0,0,0,0,1,1,1,1,0,0,1,1,0,0,0.0,-19.35020689924094,1
1,1,1,0,0,1,1,0,0,0,1,1,0,0,1,0,0,1,0,1,0,0,0,0,1,1,1,1,1,1,0,1,0.0,-19.350162162383384,1
0,0,1,0,1,1,1,0,1,1,1,0,0,0,1,1,0,0,1,0,1,0,0,0,1,0,1,1,1,0,0,0,0.0,-19.350085182191084,1
0,0,1,1,1,0,1,0,0,1,1,0,1,1,1,0,0,1,0,1,0,1,0,0,0,1,1,0,1,1,1,0,0.0,-19.35005905392457,1
1,0,0,1,1,1,1,0,0,1,0,1,0,0,1,1,1,1,1,1,0,0,0,1,0,0,1,1,0,0,0,1,0.0,-19.349939430479413,1
0,0,0,1,0,1,1,0,1,1,1,1,0,0,1,0,0,1,0,1,0,0,1,1,0,0,0,0,1,1,0,1,0.0,-19.34968407583402,1
1,0,1,1,1,0,1,0,0,1,0,0,0,0,1,1,1,0,0,1,0,0,1,1,1,1,1,0,0,1,0,1,0.0,-19.349453767403524,1
0,1,1,0,0,1,0,1,1,0,1,1,0,0,1,1,0,1,1,1,1,0,1,0,0,1,1,0,0,0,0,1,0.0,-19.34935361490751,1
0,1,1,1,0,0,0,0,1,1,0,0,0,0,0,1,0,1,0,0,1,1,1,0,1,1,0,1,0,1,0,1,0.0,-19.349154370410194,1
0,0,0,1,1,0,1,0,1,1,1,0,1,0,1,0,0,1,1,0,1,0,1,0,1,1,0,0,1,0,0,0,0.0,-19.349029719984173,1
0,1,1,1,0,1,1,1,0,1,0,0,0,0,1,0,0,0,0,0,0,0,1,1,1,1,0,1,1,0,0,1,0.0,-19.348999197425464,1
0,1,1,1,0,0,1,1,1,1,1,1,0,0,1,1,0,1,0,1,0,0,1,0,0,0,1,0,0,1,0,1,0.0,-19.348989068961952,1
1,1,1,1,0,0,1,0,1,0,0,0,0,0,1,0,1,0,1,1,0,0,1,1,1,1,0,1,0,1,0,1,0.0,-19.348862515689774,1
1,0,1,1,0,1,0,0,0,1,1,1,1,0,1,0,0,1,1,1,0,1,1,0,0,1,0,1,0,1,0,0,0.0,-19.34874153652396,1
1,1,0,0,0,1,1,0,1,1,0,0,1,0,1,1,1,1,0,0,0,1,1,1,1,0,1,0,0,0,0,1,0.0,-19.348578839654785,1
1,1,1,0,0,1,1,0,0,1,1,0,1,0,1,0,1,1,0,0,0,0,0,1,0,1,0,0,0,1,0,1,0.0,-19.348541114643442,1
1,0,0,1,0,0,0,0,1,1,1,1,0,0,1,0,0,0,0,1,1,0,0,0,1,1,1,1,0,1,0,1,0.0,-19.348461657347073,1
0,1,0,0,1,0,1,0,0,0,1,0,0,1,1,1,0,1,0,0,0,1,0,1,0,1,1,1,0,1,0,1,0.0,-19.348327513387176,1
1,1,0,0,0,0,1,0,1,1,0,1,0,0,1,0,0,1,1,1,1,1,1,0,1,0,1,0,1,0,0,1,0.0,-19.348307548868842,1
0,0,1,0,1,1,1,0,1,1,1,1,0,0,1,0,1,0,0,0,1,0,1,1,0,1,1,0,1,0,0,1,0.0,-19.348164120304165,1
1,0,0,0,0,0,1,1,1,1,1,1,0,0,1,0,0,1,0,0,0,0,1,0,0,1,1,1,0,1,0,1,0.0,-19.34803651741363,1
0,1,0,1,0,0,1,0,1,1,1,0,0,0,1,1,0,1,1,0,1,0,1,0,0,1,0,1,1,0,0,0,0.0,-19.347994397371153,1
0,1,1,0,0,0,1,0,0,1,1,0,0,0,1,1,0,0,0,1,0,1,0,0,0,1,1,1,1,0,1,1,0.0,-19.347968255386156,1
0,1,0,1,1,0,1,1,0,0,1,1,0,0,1,0,0,0,0,1,0,0,1,1,1,1,1,0,0,0,0,1,0.0,-19.34775206425954,1
0,1,0,1,1,1,1,1,0,1,1,1,0,0,1,0,1,1,1,0,0,0,0,0,0,1,0,1,1,1,0,0,0.0,-19.34774823349611,1
0,0,0,1,0,0,1,0,0,1,1,1,0,0,1,0,1,1,0,0,1,1,1,1,0,1,1,1,1,0,0,1,0.0,-19.347615722720438,1
0,1,1,1,0,1,1,1,1,1,1,1,0,0,1,0,0,1,0,0,1,0,1,0,0,0,0,0,0,0,0,1,0.0,-19.34758067988944,1
1,1,1,0,0,1,1,0,0,0,1,1,0,0,1,1,0,1,0,1,0,0,0,1,0,1,1,0,0,0,0,1,0.0,-19.347577600913077,1
1,1,0,1,1,1,0,0,1,1,1,1,0,0,1,0,0,0,0,0,0,0,1,0,1,1,0,1,0,1,0,0,0.0,-19.347526154300187,1
0,0,0,1,1,1,0,0,1,1,1,0,0,1,0,0,1,0,0,0,0,1,0,1,1,1,0,1,1,0,0,1,0.0,-19.347513648265004,1
1,1,0,0,0,0,1,1,0,1,1,0,1,0,1,0,0,0,0,1,1,1,0,0,1,1,1,1,0,1,0,1,0.0,-19.34743668272622,1
1,0,0,0,1,0,0,0,1,1,1,0,0,0,1,1,0,1,1,0,1,1,1,0,0,1,0,1,0,1,0,0,0.0,-19.347404274054995,1
0,1,0,0,0,1,1,1,0,0,1,0,0,0,1,0,1,0,1,1,0,0,0,0,1,1,1,1,1,0,0,1,0.03125,-19.347384962003847,1
1,1,0,1,0,0,0,0,1,1,1,0,0,0,1,0,0,1,0,0,0,1,1,0,1,1,1,0,1,0,0,1,0.0,-19.34738092529224,1
1,0,1,0,1,0,1,0,0,1,1,1,0,0,1,0,0,1,0,1,0,1,1,1,0,0,1,1,1,0,0,1,0.0,-19.347335057078272,1
0,1,0,0,1,1,1,1,1,0,1,1,0,0,1,0,1,1,0,1,0,1,0,0,1,0,0,0,1,1,1,0,0.0,-19.34718731810303,1
0,1,1,0,0,0,1,0,0,1,0,0,0,0,1,1,0,1,0,1,0,0,0,1,1,0,1,1,1,1,0,1,0.0,-19.347011705826052,1
1,1,0,0,1,1,1,0,0,1,1,0,0,0,1,1,0,1,0,1,0,0,0,0,0,1,1,1,1,1,0,1,0.0,-19.346964318565142,1
0,0,1,1,1,1,1,0,0,1,1,0,0,0,1,0,0,0,1,1,0,1,0,0,0,0,1,1,1,0,0,1,0.0,-19.34694479319861,1
1,1,0,1,1,1,0,0,1,1,1,0,1,0,1,0,0,0,0,1,0,0,0,0,1,1,0,0,0,1,0,1,0.0,-19.34681511821114,1
0,0,1,0,1,1,1,0,1,1,1,0,1,1,1,1,0,0,0,1,0,1,0,1,0,0,0,1,0,0,1,1,0.0,-19.346795081592965,1
0,0,1,0,0,0,1,0,0,1,1,0,0,0,1,1,0,1,0,1,0,1,0,0,1,1,0,0,1,1,1,1,0.0,-19.346683965366893,1
0,1,0,1,0,1,0,0,1,1,1,0,0,1,1,0,0,1,1,0,0,0,0,0,0,1,1,1,1,0,0,1,0.0,-19.34650253888772,1
0,0,1,1,0,0,1,0,1,1,1,1,0,0,1,0,1,0,0,1,1,0,0,0,0,1,1,1,1,1,0,1,0.0,-19.346281632466123,1
0,0,1,0,0,1,0,0,0,1,1,0,0,1,1,1,1,1,0,1,0,1,1,0,1,0,0,1,1,1,0,1,0.0,-19.346240286523706,1
0,1,1,1,0,1,1,0,0,1,1,0,1,1,1,0,0,0,1,1,0,0,0,0,1,1,0,0,1,0,0,0,0.0,-19.34619067276008,1
0,1,0,1,0,1,1,0,0,1,1,1,0,1,1,1,1,0,1,1,1,0,0,0,0,1,0,1,0,1,0,0,0.0,-19.346164100252,1
1,1,1,0,0,1,1,1,1,0,1,1,0,0,1,0,0,1,0,0,0,0,1,1,1,1,1,0,0,0,0,1,0.0,-19.346155002348766,1
0,1,0,0,0,0,0,0,0,1,1,1,0,0,1,0,1,1,1,0,0,1,0,0,1,1,0,1,1,1,0,1,0.0,-19.346063934254786,1
0,1,0,0,0,0,1,0,1,1,1,0,0,0,1,0,1,1,1,0,1,0,1,0,0,1,1,0,1,1,0,0,0.0,-19.345909547319085,1
0,1,0,1,0,1,1,1,0,1,0,0,1,1,1,0,1,1,0,0,0,0,1,0,0,1,0,1,0,1,0,0,0.0,-19.34587035020509,1
0,1,0,1,0,0,1,0,1,1,1,0,0,0,1,0,0,0,0,1,0,0,1,1,1,1,1,1,1,0,1,1,0.0,-19.345554426224037,1
0,1,0,0,1,1,1,0,1,1,1,0,0,0,1,1,0,0,1,1,0,0,1,0,1,1,0,0,0,1,1,1,0.0,-19.34538643808251,1
0,1,0,0,0,1,1,0,1,1,1,0,0,0,0,1,0,1,0,1,0,0,1,1,0,1,1,0,1,1,0,0,0.0,-19.345331771994857,1
0,0,1,0,0,1,1,1,1,1,1,1,0,0,1,1,0,1,0,0,0,0,0,1,1,0,0,1,1,0,0,0,0.0,-19.345297982267443,1
0,1,0,0,0,1,1,0,0,1,1,1,0,0,1,1,1,0,0,1,1,1,0,1,0,1,0,1,1,0,1,0,0.0,-19.345285433433144,1
0,0,0,1,1,0,0,1,0,1,1,0,0,1,1,0,0,1,0,0,1,1,0,1,0,1,0,1,0,1,0,1,0.0,-19.345163537522772,1
0,0,0,0,0,0,0,0,0,1,1,0,1,0,1,0,0,1,0,1,1,1,1,1,0,1,1,1,1,0,0,1,0.0,-19.344987824319343,1
0,1,1,0,0,0,1,1,0,1,1,0,0,0,1,0,0,1,0,0,1,1,1,1,1,0,1,1,0,1,0,1,0.0,-19.34488022145615,1
1,0,0,0,1,1,0,0,0,1,1,1,0,0,1,0,0,1,1,1,0,0,0,0,0,1,1,1,0,1,0,1,0.0,-19.344847306904903,1
0,1,0,1,1,1,0,0,0,1,1,0,0,0,1,0,1,0,1,1,0,0,0,1,0,1,1,0,0,1,0,1,0.0,-19.34443901310098,1
1,0,0,0,1,1,0,0,1,1,1,0,0,1,1,0,1,0,1,0,0,1,0,1,0,1,1,0,0,0,0,1,0.0,-19.344261053205464,1
1,0,0,0,0,1,1,1,1,1,1,0,0,0,1,1,0,1,1,0,0,1,1,0,0,1,1,1,0,0,0,1,0.0,-19.34415518131207,1
1,0,0,0,1,1,1,0,1,0,0,1,0,0,1,0,0,1,0,1,0,1,0,1,0,1,1,0,1,1,0,0,0.0,-19.34405310446086,1
0,1,0,1,0,1,0,1,1,1,1,0,0,0,1,1,1,1,0,0,1,1,0,0,0,1,1,0,0,1,0,1,0.0,-19.34397575680851,1
1,0,0,0,0,0,0,0,1,1,1,0,0,0,1,0,0,1,0,1,0,1,0,1,0,1,1,1,1,1,1,0,0.0,-19.343943076237835,1
0,0,0,0,0,1,1,1,1,0,0,1,0,0,1,1,1,0,0,1,0,0,1,0,1,1,1,1,0,1,0,0,0.0,-19.343643606719716,1
0,1,0,0,0,1,1,0,0,0,1,1,0,1,1,0,1,1,0,0,0,0,1,0,1,1,1,1,0,1,0,0,0.03125,-19.343434072899747,1
1,1,0,1,1,1,1,0,1,1,1,0,0,0,1,1,0,1,0,0,0,0,0,0,0,1,0,1,1,0,0,0,0.0,-19.343231634876897,1
0,1,0,1,0,1,1,0,1,1,0,0,0,0,1,0,0,1,0,0,0,0,0,1,1,1,0,1,1,0,1,1,0.0,-19.34311743586739,1
0,1,0,0,0,1,1,0,1,1,1,0,0,0,1,0,0,1,0,1,0,1,0,0,0,0,0,1,1,1,1,1,0.0,-19.342985832580673,1
1,0,0,1,0,0,1,0,1,1,1,0,1,0,1,1,1,1,0,1,0,1,0,1,0,1,1,0,1,0,0,0,0.0,-19.34276449864853,1
1,1,1,0,0,1,1,0,1,1,1,0,0,0,1,0,0,1,0,0,0,0,1,0,1,1,0,0,1,1,0,0,0.0,-19.342683406720322,1
0,1,0,1,1,1,0,0,1,1,1,1,1,1,1,0,0,1,0,0,0,1,0,0,1,1,0,0,0,1,0,1,0.0,-19.342518561915355,1
0,1,0,1,0,0,1,1,0,1,1,0,0,0,1,0,0,1,0,1,1,0,1,1,1,1,1,0,0,1,1,0,0.0,-19.342292655485714,1
1,0,1,0,0,0,1,0,1,1,1,0,0,0,1,0,0,1,0,1,0,0,1,1,1,1,0,1,1,1,1,0,0.0,-19.34215600379488,1
0,1,0,1,1,1,1,0,0,1,1,0,0,0,1,1,0,1,0,0,1,0,0,0,1,1,1,0,0,1,0,0,0.0,-19.342147133744092,1
0,0,0,1,1,0,0,0,1,1,1,0,0,1,1,0,0,1,1,0,1,0,1,1,1,1,1,1,0,1,0,0,0.0,-19.342136660754022,1
0,1,1,0,1,0,0,0,0,1,1,0,0,0,1,0,0,0,1,1,0,0,0,1,1,1,1,1,0,0,1,1,0.0,-19.342095072490537,1
0,0,0,0,1,1,1,1,1,1,1,1,0,0,0,0,0,1,0,0,0,1,1,1,0,1,1,0,0,1,0,0,0.0,-19.341918140092467,1
0,0,0,1,1,1,1,0,1,0,1,0,0,0,1,1,0,1,0,0,1,1,0,1,1,1,0,0,0,0,0,1,0.0,-19.341749779201194,1
0,1,1,0,0,1,1,0,0,1,1,0,0,0,1,0,1,1,1,0,0,1,0,0,0,0,1,1,0,1,0,1,0.0,-19.34146013551767,1
0,0,1,1,1,1,0,0,1,0,1,0,0,0,1,0,1,1,0,1,0,1,1,0,0,1,0,1,1,1,0,1,0.0,-19.341396048458698,1
0,1,0,0,0,1,1,1,1,1,1,0,1,0,1,0,0,1,0,0,0,1,1,0,0,1,0,0,0,1,0,1,0.0,-19.34139152932568,1
0,0,0,0,0,0,1,0,1,1,1,1,0,0,1,0,1,0,0,0,0,1,1,0,1,1,1,1,1,0,0,1,0.0,-19.341231939040593,1
1,0,0,1,0,0,0,1,1,1,1,0,0,0,1,0,0,1,1,1,1,1,0,0,0,1,0,1,1,0,0,0,0.0,-19.341119422499332,1
1,1,1,1,1,0,0,0,1,1,1,0,0,1,1,0,0,1,0,1,1,0,0,0,0,0,0,1,0,1,0,0,0.0,-19.341111198730214,1
1,1,0,0,1,1,0,0,1,1,0,0,1,0,1,0,1,1,0,0,0,0,0,0,1,1,0,1,0,1,0,1,0.0,-19.34102653941426,1
1,1,0,1,0,0,0,0,0,1,1,0,0,0,1,0,0,1,0,1,0,1,1,1,0,1,0,1,0,1,0,1,0.0,-19.34089139345481,1
0,0,0,1,0,0,0,0,0,1,1,0,0,0,1,0,1,1,0,1,1,0,1,0,1,1,1,1,1,0,0,1,0.0,-19.340827434152867,1
0,1,1,0,0,1,1,0,0,1,1,1,0,1,1,0,0,1,1,0,1,0,0,0,1,1,0,0,0,0,0,1,0.0,-19.34026048582941,1
0,1,0,1,1,1,1,0,1,1,1,1,1,0,1,1,0,0,0,1,0,0,0,0,0,1,1,0,0,0,0,0,0.0,-19.340084148130625,1
1,0,0,0,1,1,1,0,1,1,0,1,0,0,1,1,1,1,0,1,0,0,0,0,0,1,1,1,0,1,1,0,0.0,-19.339776364098498,1
0,1,1,0,1,1,0,0,0,1,1,0,1,0,1,0,1,1,0,0,1,1,0,0,0,1,1,0,0,1,0,0,0.0,-19.339455036691817,1
1,0,0,0,0,1,0,0,0,1,1,0,0,1,1,0,1,1,0,1,0,1,1,0,0,1,1,0,0,1,0,1,0.0,-19.339131881103807,1
1,1,0,0,0,1,1,0,1,1,1,1,0,1,1,0,1,0,0,1,0,0,1,0,1,1,1,0,0,0,1,0,0.0,-19.33883945607913,1
0,0,0,1,1,0,1,0,0,1,0,0,1,0,1,0,1,1,0,1,0,0,0,1,0,1,1,1,0,1,0,1,0.0,-19.338483642040735,1
0,0,0,1,1,1,1,0,0,0,1,0,0,0,1,0,1,1,0,1,0,0,1,1,1,1,1,1,0,1,0,1,0.0,-19.338436215385993,1
1,0,0,0,1,0,1,1,0,1,1,0,0,0,1,0,1,1,0,1,1,0,0,0,1,1,1,1,1,0,0,1,0.0,-19.338249490025024,1
1,1,1,0,0,1,0,0,0,1,1,0,0,0,1,0,0,1,0,1,0,1,0,1,1,1,0,1,1,1,0,1,0.0,-19.337877207267926,1
0,1,1,1,0,1,1,0,1,1,1,0,1,0,1,0,0,1,0,1,0,0,0,0,0,1,1,1,1,1,0,0,0.0,-19.337345911080998,1
1,0,0,1,0,1,1,0,1,1,1,0,0,0,1,0,0,1,0,1,0,0,0,1,1,1,0,0,1,1,0,0,0.0,-19.337149359390327,1
0,1,0,0,0,1,1,0,1,1,1,1,0,0,1,1,0,0,0,1,0,1,0,0,1,1,0,0,0,1,1,0,0.0,-19.337010123978203,1
0,1,0,0,1,1,0,0,0,1,0,0,0,0,1,0,1,0,1,1,0,1,1,0,0,1,1,1,0,1,0,1,0.0,-19.336955573521077,1
0,1,0,0,1,0,1,0,1,1,0,1,0,0,1,0,0,1,0,0,1,0,1,0,1,1,1,1,0,0,1,0,0.0,-19.336506227207515,1
0,1,0,0,1,1,0,1,1,1,0,0,0,0,1,0,1,1,1,0,1,1,1,0,0,1,0,1,0,1,0,1,0.0,-19.336486116211912,1
0,1,0,0,0,0,1,0,0,1,1,1,0,1,1,0,0,1,0,1,0,1,1,0,0,1,0,1,1,1,0,0,0.0,-19.336387533097824,1
0,1,0,1,1,1,1,0,1,1,0,1,0,0,1,0,1,1,1,1,1,0,0,0,0,1,0,0,1,0,0,1,0.0,-19.336176734200723,1
1,1,0,0,1,1,1,0,0,1,1,0,0,1,1,0,1,0,0,0,0,1,1,1,1,1,0,0,0,0,0,0,0.0,-19.335709775583656,1
0,1,1,1,0,1,0,0,0,1,1,0,0,0,1,0,1,1,0,1,0,0,1,1,1,1,0,1,0,1,1,0,0.0,-19.335316417735566,1
1,1,0,1,1,0,1,0,1,1,1,0,0,0,1,0,1,1,0,1,0,0,0,0,1,1,1,0,0,1,1,0,0.0,-19.334404390250768,1
0,1,0,0,0,0,1,0,1,1,1,1,0,0,1,1,1,1,0,0,0,1,0,0,1,1,1,0,1,0,0,0,0.0,-19.334224322529852,1
1,1,1,0,1,0,1,0,1,1,1,1,0,0,1,0,0,1,0,1,1,0,1,0,1,1,0,0,1,0,0,0,0.0,-19.334114792491008,1
1,1,1,0,0,0,1,1,1,1,1,0,0,0,1,0,0,1,0,0,0,0,1,1,1,1,1,0,0,0,0,0,0.0,-19.333997651646484,1
1,0,1,0,0,1,1,0,1,1,0,0,0,0,1,1,1,0,0,1,0,1,0,1,0,1,0,1,0,0,1,0,0.0,-19.33395717134266,1
1,1,0,0,0,0,0,0,0,1,1,0,0,0,1,0,0,1,1,1,1,1,0,1,1,1,0,1,0,0,0,1,0.0,-19.333805745894725,1
0,1,0,0,0,1,1,0,1,1,1,1,0,0,1,0,0,1,0,0,1,1,1,1,1,1,0,1,1,0,0,0,0.0,-19.331768929515242,1
0,0,0,0,1,1,0,0,1,0,0,1,0,0,1,0,1,1,0,1,1,1,0,1,0,1,1,1,0,0,0,1,0.0,-19.330460917036675,1
1,1,0,0,0,1,0,0,1,1,1,0,1,0,1,0,1,1,0,1,0,0,0,1,0,1,1,1,0,0,0,0,0.0,-19.32965949617325,1
0,0,0,1,0,1,0,0,1,1,1,1,0,0,1,0,0,1,1,1,1,1,0,1,0,1,0,1,0,0,0,0,0.0,-19.32755714997202,1
0,1,0,0,1,0,1,0,1,1,1,0,0,0,1,0,0,1,0,0,1,1,1,1,1,1,1,1,0,0,0,1,0.0,-19.325836425908612,1
1,0,0,1,0,0,1,0,1,0,1,1,1,0,1,1,0,0,1,0,0,0,0,0,0,0,1,0,1,1,1,0,0.0,-19.168631040649288,1
1,0,1,0,0,1,1,1,1,0,1,0,1,0,0,1,1,0,0,0,1,0,1,1,0,0,1,1,1,1,1,0,0.0,-19.16651850348636,1
1,1,1,1,0,0,0,1,0,0,1,1,1,0,1,0,0,0,1,0,0,0,1,0,0,1,1,1,1,1,1,1,0.0,-19.166439025500136,1
1,0,0,1,1,1,0,0,0,0,0,1,0,0,1,1,1,0,0,0,1,0,0,1,0,0,0,0,1,1,1,1,0.0,-19.1657383112182,1
1,1,0,0,0,1,0,0,0,0,0,0,1,1,0,1,0,1,1,0,1,0,1,0,0,1,0,0,1,1,1,0,0.0,-19.16414427470677,1
1,0,1,1,1,0,1,1,0,0,0,1,0,0,1,1,0,0,1,0,0,0,0,0,0,0,1,0,1,1,0,1,0.0,-19.162053917128517,1
1,1,1,0,0,0,0,0,0,0,1,0,1,1,1,1,0,0,1,0,1,0,0,0,1,0,0,0,1,1,0,1,0.0,-19.16204681194141,1
1,1,0,0,0,0,0,0,0,0,1,1,1,1,0,1,0,0,1,0,1,1,1,0,0,1,0,0,1,0,0,1,0.0,-19.16201564606441,1
1,1,1,0,0,0,0,0,0,1,1,1,0,0,0,1,0,0,1,0,1,0,0,1,0,0,1,0,1,1,0,1,0.0,-19.161661148477286,1
1,1,1,1,0,1,1,0,0,0,1,0,1,1,1,1,1,0,0,0,1,0,0,0,0,1,0,0,1,1,1,1,0.0,-19.159649155606722,1
0,0,0,0,1,0,0,1,0,0,1,0,1,0,0,1,1,1,0,0,1,0,1,1,0,0,1,0,1,1,0,1,0.0,-19.15962290087404,1
1,0,0,0,0,0,1,0,1,0,1,0,1,0,0,1,0,0,1,0,1,1,1,0,1,0,1,0,1,0,0,1,0.0,-19.159575668107905,1
1,0,0,1,1,1,1,1,1,0,1,1,0,0,0,1,0,0,0,0,0,0,0,0,0,0,0,1,0,1,1,1,0.0,-19.159425816727037,1
1,1,0,1,0,0,1,0,1,0,1,1,0,0,0,1,0,0,0,0,0,0,1,1,1,1,1,1,1,1,1,1,0.0,-19.15887612081275,1
1,1,0,0,0,1,0,1,0,0,0,1,1,0,1,1,0,0,0,0,1,0,0,0,0,1,1,0,1,1,0,1,0.0,-19.158413141443027,1
1,0,0,1,0,0,1,1,0,0,1,1,0,0,0,0,0,0,1,0,1,1,0,0,0,1,0,1,1,0,1,1,0.0,-19.15800488415065,1
1,0,1,0,1,1,0,1,0,0,1,0,1,0,1,1,0,0,1,0,0,0,1,1,0,1,1,1,0,1,1,1,0.0,-19.157909501454952,1
0,1,0,1,0,1,1,1,0,0,1,1,1,0,0,1,0,1,0,0,1,0,0,0,0,0,1,0,1,1,0,0,0.0,-19.1578003249046,1
0,0,1,1,0,0,1,0,0,0,0,1,0,0,1,0,0,0,1,0,0,0,1,1,1,0,1,0,1,1,1,1,0.0,-19.157542189714512,1
0,1,1,0,0,0,0,0,1,0,1,0,1,0,0,0,1,0,1,0,0,0,0,0,1,0,1,1,1,1,1,1,0.0,-19.15742114748938,1
0,0,0,1,1,0,1,0,1,0,1,1,1,0,1,1,1,1,1,0,0,0,1,0,0,0,0,1,1,1,1,1,0.0,-19.156894065324746,1
1,1,0,0,1,1,1,0,1,0,1,1,1,0,1,0,0,0,1,0,0,1,0,1,0,0,1,0,1,1,1,1,0.0,-19.15685633340342,1
0,0,0,1,0,1,1,0,0,0,1,1,0,0,1,1,0,0,1,0,0,0,1,0,0,0,1,1,0,1,1,1,0.0,-19.15665954127285,1
1,0,1,0,1,1,0,1,0,0,0,1,1,0,0,0,1,1,1,0,0,1,0,0,0,1,1,1,1,1,1,1,0.0,-19.15660057559985,1
1,1,0,1,0,1,0,0,0,0,1,0,0,0,0,0,0,0,0,0,0,0,1,0,1,1,1,1,1,1,1,1,0.0,-19.156425808612312,1
1,0,0,0,0,1,1,0,0,1,1,1,1,0,0,0,0,1,1,0,1,1,1,0,1,0,0,1,1,1,1,1,0.0,-19.156106734729363,1
1,1,0,0,0,0,0,0,1,1,0,0,1,1,0,0,0,0,1,0,0,1,1,0,1,0,1,0,1,1,1,0,0.0,-19.15599152794917,1
0,1,0,1,1,1,0,0,0,0,1,0,1,0,1,0,0,0,0,0,1,0,1,1,0,0,0,1,1,1,1,0,0.0,-19.155826048764077,1
1,1,1,1,1,0,1,0,0,0,0,1,1,0,1,1,0,0,1,0,0,0,1,1,0,1,1,1,1,1,0,0,0.0,-19.155375916021963,1
0,0,0,1,1,0,0,1,0,1,1,1,1,0,1,1,0,1,1,0,0,0,1,0,0,1,1,0,1,1,1,1,0.0,-19.155001513714577,1
1,0,1,1,0,0,1,1,0,0,1,0,0,0,1,0,0,0,0,0,0,1,0,0,0,0,1,1,1,1,1,1,0.0,-19.154904892980724,1
1,1,0,0,1,0,0,0,0,0,1,1,0,1,0,0,1,0,0,0,0,0,0,0,1,1,1,0,1,1,1,1,0.0,-19.154787842191226,1
0,0,0,1,0,0,1,1,0,0,1,0,1,0,1,1,0,0,1,0,1,0,0,0,0,1,1,1,1,0,1,0,0.0,-19.154728793501675,1
0,1,0,1,0,0,1,0,1,1,0,1,1,1,0,0,0,1,1,0,0,0,0,0,0,0,0,0,1,1,1,1,0.0,-19.154272520346296,1
1,1,1,0,0,0,1,0,1,0,1,1,1,1,0,1,0,0,1,0,1,1,0,1,1,0,0,1,0,1,0,1,0.0,-19.153988820508182,1
1,0,0,0,0,1,0,0,0,1,0,1,0,0,1,1,0,0,0,0,1,0,1,1,0,1,0,0,1,1,1,1,0.0,-19.15363010460199,1
1,0,1,1,0,0,0,0,0,0,1,1,1,1,0,0,0,0,0,0,1,0,0,0,1,1,1,1,0,1,0,1,0.0,-19.153492599399456,1
0,0,0,0,0,0,1,1,1,1,1,1,1,1,0,1,0,0,1,0,0,0,0,1,1,1,0,1,1,1,1,1,0.0,-19.153397284259032,1
1,1,0,1,0,0,1,0,0,0,1,1,1,0,1,1,0,0,0,0,1,0,0,1,0,1,0,0,1,0,0,1,0.0,-19.15309940889109,1
0,1,0,1,0,1,0,0,0,0,1,0,1,0,1,0,1,0,1,0,1,0,1,0,0,1,0,0,1,1,1,0,0.0,-19.153034386550253,1
1,0,0,1,0,1,0,0,0,1,1,0,0,0,1,1,0,0,0,1,1,0,1,0,0,0,0,0,1,1,1,1,0.0,-19.15290644856423,1
1,0,0,1,0,0,0,1,1,1,0,0,0,0,0,1,0,1,0,0,1,0,1,0,0,0,1,1,1,1,0,1,0.0,-19.152885358628815,1
0,1,1,0,0,1,0,1,0,1,0,1,1,1,0,0,0,1,0,0,1,0,0,0,0,0,1,0,1,1,1,0,0.0,-19.152778587290097,1
1,0,0,0,1,0,0,1,0,1,1,0,1,1,1,1,0,0,0,0,1,0,1,0,1,1,1,1,1,1,1,0,0.0,-19.152770508156042,1
1,1,0,1,1,1,0,1,0,1,0,1,1,0,0,1,1,0,0,0,0,1,0,1,1,1,0,0,1,0,1,1,0.0,-19.152621663111255,1
1,1,0,0,0,0,1,0,0,0,1,1,1,0,1,0,0,0,1,0,1,1,0,0,0,0,1,1,1,1,0,0,0.0,-19.15241688380287,1
1,0,1,0,0,0,1,1,1,0,1,1,1,1,0,1,0,1,1,0,0,0,1,1,0,1,0,1,0,1,1,0,0.0,-19.15199459987822,1
1,0,1,0,0,0,1,1,1,0,0,0,1,1,0,1,1,1,0,0,0,0,1,0,0,0,0,1,1,0,0,1,0.0,-19.15188447325989,1
0,1,1,0,1,0,1,0,0,1,1,0,1,0,0,1,1,1,0,0,1,0,1,0,1,0,1,0,1,1,1,1,0.0,-19.151594353557073,1
1,0,1,0,0,1,0,0,0,1,1,1,1,0,0,1,0,0,0,0,1,0,1,1,0,1,1,0,0,0,1,0,0.0,-19.15154819245541,1
1,0,0,1,1,1,0,0,0,1,0,0,0,0,1,1,1,0,1,0,1,0,0,1,0,0,0,0,0,1,1,1,0.0,-19.151529768864744,1
0,1,0,1,0,0,1,0,0,1,0,0,1,1,0,1,0,0,1,0,0,0,1,0,1,1,1,0,1,0,1,0,0.0,-19.151457793380665,1
1,0,0,0,0,1,0,1,0,1,1,0,1,1,0,0,0,1,1,0,0,0,1,0,0,0,1,1,1,1,0,0,0.0,-19.151418640246163,1
0,0,0,0,0,1,1,1,0,0,0,0,1,0,0,1,1,0,0,0,1,0,0,1,1,1,1,0,1,1,0,1,0.0,-19.15135560403026,1
0,1,0,1,0,0,1,0,0,0,1,0,0,0,1,1,0,0,1,0,0,0,1,1,0,1,1,0,1,1,1,0,0.0,-19.151355576464745,1
1,1,0,0,0,0,1,0,0,0,1,0,1,0,0,1,0,1,0,0,1,0,1,1,0,1,1,0,1,1,0,0,0.0,-19.151148842711663,1
0,0,0,1,0,0,0,1,0,1,1,1,1,1,0,1,0,1,1,0,1,1,0,0,1,1,1,0,1,1,0,1,0.0,-19.15092425784186,1
0,1,1,0,1,1,0,0,0,0,1,0,1,0,0,0,0,0,1,0,0,0,1,1,1,0,1,1,1,0,0,1,0.0,-19.150713269108707,1
0,1,0,1,0,1,1,0,1,0,1,1,1,0,1,1,1,1,0,0,0,0,1,1,0,0,1,0,1,1,1,0,0.0,-19.150710398284986,1
0,1,0,1,0,0,1,0,0,0,1,0,1,0,1,0,0,1,0,0,0,0,0,1,0,0,1,1,1,1,1,1,0.03125,-19.15056575534844,1
1,1,0,0,0,1,1,1,1,0,0,1,1,0,1,1,0,0,0,0,0,0,1,1,1,1,0,1,1,1,1,0,0.0,-19.1502926532919,1
1,0,1,1,0,0,1,1,0,1,1,0,1,1,0,1,0,0,1,0,0,0,0,0,0,1,0,1,1,0,0,0,0.0,-19.150282532231877,1
0,1,0,1,1,1,0,0,0,1,1,1,1,1,1,0,0,0,0,0,1,0,1,0,1,0,1,1,1,1,1,0,0.0,-19.150205924170162,1
1,0,1,1,0,1,0,0,0,1,1,0,0,1,1,0,0,0,0,0,1,0,1,0,0,0,1,0,0,1,1,1,0.0,-19.150126640188518,1
1,0,0,1,0,1,1,0,0,0,0,1,1,0,1,0,0,1,0,0,0,1,1,0,0,0,1,1,1,0,1,0,0.0,-19.149978092003764,1
1,0,1,1,0,0,1,0,0,0,1,1,1,0,1,1,0,0,0,0,1,1,1,1,0,1,1,1,0,1,0,1,0.0,-19.14986518746411,1
0,0,1,1,0,1,0,0,0,0,1,0,0,0,0,1,1,1,0,0,1,0,1,0,1,0,0,1,1,1,0,1,0.0,-19.149598372601726,1
0,1,0,1,0,0,1,1,0,0,1,1,0,0,1,1,0,1,0,0,0,0,0,0,0,0,1,1,1,0,1,1,0.0,-19.14925716489032,1
1,0,0,1,0,1,0,1,0,0,1,0,1,0,1,1,0,1,1,0,0,1,1,1,0,1,1,1,0,1,1,0,0.0,-19.148994632562292,1
1,0,0,0,0,0,0,1,1,0,0,0,1,0,1,0,0,1,0,0,1,0,1,0,1,0,1,1,0,1,1,1,0.0,-19.148825573655394,1
1,0,0,1,0,1,0,1,0,1,1,0,0,1,0,0,0,0,0,0,1,0,0,0,0,1,1,1,1,1,0,1,0.0,-19.148544401190776,1
0,1,1,0,0,0,0,0,0,0,1,1,1,1,0,1,0,0,0,1,0,1,1,1,1,1,1,1,1,1,1,0,0.0,-19.148508550883598,1
1,1,1,0,0,1,0,1,1,1,0,0,0,1,1,1,0,1,1,0,1,0,1,0,0,0,1,0,1,1,1,0,0.0,-19.148322708651207,1
1,1,0,1,0,0,1,0,0,0,0,1,0,0,1,1,1,1,1,0,1,0,1,1,0,1,1,1,1,0,1,0,0.0,-19.148184505870287,1
1,1,1,1,0,1,1,0,0,0,0,0,0,0,0,0,0,1,0,0,1,1,1,0,0,0,0,1,0,1,1,1,0.0,-19.148020328247256,1
1,1,1,0,1,1,0,1,0,0,1,0,1,1,0,1,0,0,0,0,1,0,0,0,1,1,0,0,0,1,0,0,0.0,-19.14791232732103,1
1,1,0,1,0,0,1,0,0,0,1,1,0,1,1,1,0,1,0,0,0,0,0,1,1,1,0,1,1,1,1,1,0.0,-19.14786660769556,1
1,0,0,1,0,0,0,0,0,1,1,0,0,1,0,0,0,0,0,0,1,0,1,0,1,1,1,1,1,1,0,1,0.0,-19.147790805968786,1
1,1,1,1,0,1,1,0,0,0,1,0,1,0,1,0,1,0,1,0,0,0,0,1,0,1,1,1,1,1,0,1,0.0,-19.147787546602643,1
1,0,0,1,1,1,0,0,0,0,0,0,1,0,1,0,0,0,0,0,1,1,1,0,1,1,0,0,1,1,0,1,0.0,-19.14764613144682,1
1,1,0,0,0,0,0,0,1,1,1,1,0,0,0,0,0,0,0,0,1,1,0,0,0,1,1,0,1,1,1,1,0.0,-19.14756292386776,1
0,1,1,1,1,0,1,0,0,1,1,0,1,0,0,1,0,0,1,1,1,0,0,0,1,1,0,0,1,1,1,1,0.0,-19.147557370404495,1
1,0,0,1,0,1,1,1,0,0,1,1,0,1,1,1,0,1,0,0,0,0,0,0,0,0,0,1,1,0,0,1,0.0,-19.14752688450112,1
1,0,0,0,0,1,1,0,0,0,1,0,1,1,0,0,1,1,0,0,0,1,1,0,0,1,0,0,1,1,1,0,0.0,-19.147502565815735,1
1,1,1,1,0,1,0,0,0,0,1,0,0,1,1,0,1,0,0,0,0,0,1,0,0,1,0,0,1,1,1,0,0.0,-19.147446034951486,1
0,1,1,0,1,1,0,0,1,0,1,0,1,0,0,1,0,1,0,0,0,1,1,0,0,1,1,1,1,1,1,1,0.0,-19.14725752248061,1
1,1,0,0,0,1,1,0,0,0,0,0,0,0,0,1,0,1,1,0,1,0,1,0,0,1,1,1,1,1,0,0,0.0,-19.147188678984325,1
1,0,1,0,0,1,0,0,1,0,0,0,1,0,0,0,0,0,1,0,1,1,0,1,1,1,1,0,1,1,0,0,0.0,-19.147102507116315,1
1,1,1,0,0,0,0,1,0,1,0,0,0,0,1,1,0,0,1,0,0,0,1,0,0,1,1,0,0,1,1,1,0.0,-19.147101408838267,1
1,0,1,1,0,1,1,1,1,0,1,0,1,0,1,0,0,0,1,0,0,0,1,1,1,1,0,0,0,1,1,1,0.0,-19.14695100808316,1
0,1,1,0,1,1,1,1,0,0,0,1,0,0,0,0,0,0,0,0,0,1,0,1,1,0,1,0,1,1,1,0,0.0,-19.14689881920561,1
0,0,0,1,1,1,0,1,0,0,0,0,0,0,0,1,0,1,0,0,1,1,0,0,1,1,1,0,1,1,1,0,0.0,-19.146850164569283,1
1,0,1,1,0,0,0,0,1,1,0,0,0,0,1,1,0,1,0,0,1,1,1,1,0,0,1,1,1,1,1,1,0.0,-19.146844914944094,1
1,1,0,1,0,0,0,0,0,1,1,1,0,0,1,0,0,0,1,0,0,0,1,0,0,1,1,0,1,1,0,1,0.0,-19.146819830645306,1
1,0,0,1,0,1,1,0,1,0,1,0,1,0,0,1,0,0,0,1,0,0,0,0,1,1,0,0,0,1,1,1,0.0,-19.146289189795322,1
1,0,1,1,1,0,1,1,0,0,1,0,1,0,1,1,0,1,0,0,0,0,1,1,0,0,0,0,0,0,0,1,0.0,-19.146079818321375,1
0,1,0,1,0,1,0,0,1,1,1,1,0,0,1,1,0,0,0,0,1,0,1,1,0,1,1,0,1,1,1,1,0.0,-19.146012737128334,1
1,1,1,1,0,0,1,1,1,0,1,0,0,0,0,1,0,0,0,0,0,0,0,0,1,1,1,0,1,1,0,0,0.0,-19.145971277209313,1
1,1,1,0,0,0,0,1,0,0,1,1,0,0,1,1,0,0,0,0,1,0,0,0,1,1,1,0,1,0,0,1,0.0,-19.145745574059028,1
1,1,1,0,0,1,0,0,0,0,1,1,0,0,1,0,1,0,1,0,1,1,1,0,1,1,1,0,1,0,1,1,0.0,-19.14568222366486,1
1,0,1,0,0,0,0,0,0,0,1,0,1,1,0,1,0,1,1,1,0,0,0,0,0,1,1,1,1,0,0,1,0.0,-19.145661126723123,1
0,1,1,1,0,0,0,0,0,1,1,0,1,1,1,1,0,0,1,0,0,0,0,1,0,1,0,0,1,0,1,0,0.0,-19.1455852294879,1
1,0,1,1,0,1,0,0,1,1,1,0,0,0,0,0,0,0,1,1,0,0,1,0,0,0,1,0,1,1,0,1,0.0,-19.145560487736418,1
0,1,0,1,0,1,1,0,0,0,1,1,1,0,0,0,0,1,1,0,0,0,0,0,1,1,0,0,1,1,0,1,0.0,-19.145550948049628,1
1,1,1,1,0,1,0,1,1,0,1,0,1,0,1,0,1,1,0,0,0,0,0,1,0,1,0,0,1,1,1,1,0.0,-19.14554050023077,1
0,0,1,1,1,0,0,0,0,0,1,0,0,0,1,1,0,1,0,0,1,0,1,1,0,1,0,0,1,1,1,0,0.0,-19.145510321052605,1
1,1,0,1,0,1,1,1,0,1,1,1,1,0,1,0,0,0,1,0,0,0,0,0,1,1,1,0,1,1,0,1,0.0,-19.145478731879702,1
1,0,0,1,0,0,0,0,1,1,1,0,0,0,1,1,0,0,1,0,1,0,1,1,0,0,1,1,1,0,0,0,0.0,-19.14501951699276,1
1,1,0,1,1,0,1,0,1,0,1,1,1,0,0,1,0,0,0,1,0,0,0,1,0,0,0,1,0,1,0,0,0.0,-19.144964221034982,1
0,0,1,0,0,0,0,1,0,1,1,0,1,0,0,1,0,1,1,0,1,0,1,0,1,1,0,0,0,1,1,0,0.0,-19.14490730097701,1
1,1,0,0,0,0,0,0,1,0,1,1,1,0,0,0,0,0,0,1,1,0,1,1,0,1,1,0,1,1,0,0,0.0,-19.144907191307325,1
1,0,0,1,0,1,1,0,0,1,1,1,0,0,0,1,1,1,1,0,0,1,0,1,1,0,0,1,1,1,0,1,0.0,-19.144821434784742,1
1,0,0,1,0,1,0,1,1,1,1,1,0,1,1,0,0,0,1,0,1,0,1,1,0,1,0,0,1,1,0,1,0.0,-19.14480933239771,1
1,0,0,1,1,0,0,0,0,1,1,0,0,0,0,1,0,1,1,0,1,0,0,0,0,1,1,1,0,0,1,1,0.0,-19.14475542933937,1
0,1,0,1,1,0,0,0,0,1,1,1,0,0,1,0,0,0,1,0,1,0,1,0,1,1,1,1,1,1,1,1,0.0,-19.144734762098594,1
1,1,0,1,0,1,1,0,1,1,1,0,1,0,0,0,0,0,1,0,0,1,1,0,0,1,1,1,1,1,0,1,0.0,-19.14468741332336,1
1,0,0,1,0,0,1,0,0,1,0,0,1,0,1,1,1,0,1,1,1,0,1,0,0,1,1,1,1,1,0,1,0.0,-19.14466781651793,1
0,1,0,1,0,0,1,1,0,0,1,0,1,0,0,0,1,0,1,0,0,0,1,1,1,1,0,0,0,1,0,1,0.0,-19.144645523715226,1
1,1,0,0,0,0,1,0,0,1,0,0,1,1,0,1,0,1,0,0,0,0,0,0,0,1,1,1,1,1,0,1,0.03125,-19.144550131400198,1
1,1,1,0,0,1,1,0,1,1,1,0,0,0,0,0,1,0,0,0,1,0,0,0,0,0,1,0,1,1,1,0,0.0,-19.144527551625757,1
0,1,0,1,1,0,0,1,0,0,1,1,0,0,0,0,1,1,0,0,0,1,0,0,1,0,1,0,0,1,1,1,0.0,-19.14439178306298,1
0,0,0,0,1,0,0,0,1,0,1,1,0,1,0,1,1,1,0,0,0,1,1,0,0,0,0,1,1,1,0,1,0.0,-19.144376363275917,1
1,1,1,0,0,0,0,0,0,1,1,1,1,0,0,0,0,1,0,0,1,0,1,0,0,1,1,0,1,1,0,0,0.0,-19.144293923438347,1
1,1,0,1,0,1,1,0,1,0,1,1,1,0,1,1,0,0,0,0,0,0,1,0,0,1,0,0,1,0,0,0,0.0,-19.144272748368582,1
1,0,1,0,0,0,1,1,1,0,0,1,0,0,0,0,1,0,0,1,1,0,1,0,0,1,0,0,1,1,1,0,0.0,-19.14422695946015,1
1,0,0,1,0,0,1,0,0,1,1,0,0,0,1,1,0,0,1,0,0,0,1,1,0,1,1,0,1,1,0,0,0.0,-19.144042953303085,1
1,0,1,0,0,1,1,1,1,1,1,0,0,0,1,1,0,0,0,0,0,1,1,0,1,0,1,0,1,1,1,1,0.0,-19.14400513075618,1
1,0,0,0,1,1,0,0,0,0,1,1,1,0,1,1,0,1,0,0,1,1,0,0,1,1,1,1,1,1,0,1,0.0,-19.143984171914248,1
1,0,0,0,1,1,0,0,0,1,0,1,1,0,0,1,1,1,0,0,1,0,0,0,1,0,0,1,0,1,0,1,0.0,-19.143954148392673,1
0,0,0,0,0,0,1,0,1,0,1,1,0,1,1,1,0,1,1,0,1,0,1,1,0,0,0,0,1,1,0,0,0.0,-19.143898520815686,1
0,0,1,1,0,1,0,0,0,0,0,1,1,0,1,0,1,0,0,0,1,0,1,0,1,1,1,0,1,1,0,0,0.0,-19.14388847140119,1
1,1,1,0,0,0,0,0,0,0,1,1,0,0,0,0,0,0,0,1,1,0,1,0,1,1,1,0,1,1,0,1,0.0,-19.143770197489427,1
1,0,0,0,0,1,1,1,0,0,1,0,0,0,1,1,0,0,0,0,0,0,0,1,1,1,1,0,1,1,0,1,0.0,-19.143737944299815,1
1,1,1,0,1,0,0,1,0,1,1,0,0,0,1,1,0,1,0,0,1,1,0,0,1,0,1,0,1,1,1,1,0.0,-19.143701033877534,1
1,0,1,0,1,1,1,0,1,1,1,1,1,0,0,1,1,0,1,0,1,1,0,1,0,0,1,0,0,1,0,0,0.0,-19.14368558736435,1
1,1,0,1,1,1,1,0,1,0,0,0,1,1,1,1,0,0,1,0,0,0,0,0,0,0,0,1,0,0,0,1,0.03125,-19.14363711554735,1
0,1,1,1,0,1,1,0,0,0,0,1,0,0,1,1,1,0,0,0,1,0,1,1,0,1,1,1,1,1,0,1,0.0,-19.143596057416637,1
1,1,1,0,0,0,1,0,0,0,1,0,0,0,1,1,0,0,1,0,0,0,0,1,1,0,1,1,0,1,0,1,0.0,-19.14356186648795,1
1,1,0,1,0,0,1,0,1,0,1,1,1,0,1,0,1,1,1,0,1,0,0,0,0,1,0,1,0,1,1,1,0.0,-19.143485189441762,1
0,1,0,1,0,0,1,1,0,0,1,0,0,0,0,1,0,1,0,0,0,1,1,0,1,1,0,0,1,0,1,1,0.0,-19.143263432344114,1
1,1,0,1,0,1,1,1,1,0,0,0,1,0,1,1,0,0,1,1,0,0,0,1,0,1,1,1,1,0,1,0,0.0,-19.14323632171299,1
0,0,0,0,1,1,0,0,0,0,1,0,0,1,1,1,0,1,0,0,1,0,0,0,0,1,0,1,1,1,1,1,0.0,-19.143072308468188,1
0,1,1,1,0,0,0,1,1,1,1,1,0,0,1,1,0,0,0,0,1,0,1,0,1,0,1,1,0,1,1,1,0.0,-19.14298933547726,1
1,0,1,0,0,1,0,1,0,0,0,0,0,0,1,1,0,1,0,0,1,0,0,0,0,1,1,1,1,1,0,1,0.0,-19.1429243347803,1
0,1,1,1,0,0,1,1,0,0,0,1,1,0,1,1,0,1,0,0,0,1,1,1,0,0,0,0,0,0,1,0,0.0,-19.142901950683324,1
1,0,0,0,0,0,1,1,0,1,0,0,1,0,0,0,0,1,0,0,1,1,0,1,0,1,0,1,1,1,1,0,0.0,-19.14289348271697,1
1,0,1,0,1,0,1,0,1,1,0,1,0,0,0,0,0,0,1,0,0,0,0,0,0,1,1,1,1,0,1,1,0.0,-19.142855905768656,1
1,1,1,1,0,1,0,0,0,0,0,0,1,1,1,0,0,0,0,1,0,0,1,1,0,0,1,1,1,0,0,0,0.0,-19.142632909527528,1
1,1,1,1,1,1,0,0,0,1,0,0,0,0,0,1,0,0,1,0,0,1,0,1,0,1,0,0,0,1,1,0,0.0,-19.14259936376027,1
0,1,0,0,1,1,1,0,0,1,1,0,0,0,0,1,0,0,1,0,0,0,1,0,0,1,0,1,1,0,1,1,0.0,-19.142571908239066,1
1,1,0,0,0,1,1,0,0,0,0,1,0,0,0,0,1,0,0,0,1,0,1,1,1,1,1,0,1,0,0,1,0.0,-19.142423121346955,1
0,0,0,0,0,1,1,0,0,0,0,1,1,0,1,1,1,0,0,0,0,1,1,0,0,1,1,1,1,0,1,0,0.0,-19.142326552849127,1
0,0,0,1,0,1,1,0,0,1,0,1,1,0,1,0,1,0,0,0,1,0,0,0,0,1,1,0,1,0,1,1,0.0,-19.142283313765866,1
1,1,0,1,0,1,1,0,0,0,0,0,1,0,1,0,0,1,1,0,0,0,1,0,0,1,0,1,0,1,1,0,0.0,-19.142175180036574,1
1,0,0,0,1,1,0,0,1,0,0,1,0,0,0,1,1,1,0,0,0,0,1,1,0,1,1,0,1,0,0,1,0.03125,-19.14193799987966,1
0,1,0,1,0,1,0,0,0,1,1,1,0,0,0,1,0,0,1,0,0,1,1,0,0,1,1,0,0,1,0,1,0.0,-19.141912716979366,1
1,1,1,1,1,0,1,0,0,0,0,1,1,0,0,0,0,1,0,0,0,0,0,0,1,1,0,1,1,0,0,1,0.0,-19.14173624605366,1
0,1,0,0,0,1,0,1,0,0,1,0,1,0,0,0,0,1,1,0,0,0,1,0,1,1,1,1,0,1,1,0,0.0,-19.141689225940432,1
0,1,0,0,1,1,0,0,1,1,0,0,1,0,1,1,0,1,0,0,1,0,1,0,0,0,0,0,1,1,1,0,0.0,-19.14158742757312,1
1,0,1,0,0,1,1,1,0,0,1,0,0,1,1,1,0,0,1,0,1,0,0,0,0,1,0,1,1,0,0,0,0.0,-19.14150056536964,1
1,1,0,0,1,0,1,0,0,0,1,0,1,1,1,0,1,0,0,0,1,0,0,0,0,1,1,0,1,0,0,1,0.0,-19.141489555872816,1
0,0,1,1,0,0,0,0,0,0,1,1,0,0,0,0,1,0,1,1,1,1,0,1,0,0,1,1,0,1,0,1,0.0,-19.14147551615503,1
1,1,0,0,0,0,0,0,1,0,1,0,1,0,0,0,1,1,0,0,0,0,1,0,1,1,0,1,0,1,1,1,0.0,-19.14135366840629,1
1,1,0,0,0,0,1,1,0,0,0,1,1,0,1,0,0,1,0,0,1,0,1,1,1,0,0,1,1,0,0,0,0.0,-19.141344397367153,1
1,0,0,0,0,0,1,1,1,0,1,1,0,0,0,0,0,1,0,0,0,0,1,0,0,1,1,1,1,1,0,1,0.0,-19.141339861321875,1
0,1,0,0,1,1,0,1,0,0,1,0,1,0,1,0,0,0,0,0,0,0,0,0,1,1,1,1,1,0,1,1,0.0,-19.141228122284936,1
1,1,0,0,1,1,0,0,1,0,0,0,0,0,1,0,0,0,0,0,1,1,1,0,1,0,1,0,0,1,1,1,0.0,-19.141190612882305,1
1,0,1,0,0,0,1,0,0,1,1,1,1,0,0,0,0,1,1,1,0,1,0,0,0,1,1,1,1,1,1,1,0.0,-19.14117687440556,1
0,1,1,1,0,1,1,0,0,1,1,0,1,1,0,1,0,0,0,0,0,1,1,1,0,1,1,1,1,1,0,0,0.0,-19.141052750704524,1
1,0,0,1,0,0,1,0,1,1,1,1,1,1,1,0,0,0,1,0,0,0,1,1,1,1,1,0,1,1,0,0,0.0,-19.141002082765684,1
0,0,1,1,0,0,1,0,0,1,1,1,1,0,1,0,1,0,0,0,0,1,0,0,0,0,1,0,1,1,0,1,0.0,-19.140967931149675,1
1,0,0,1,0,0,0,0,1,1,0,0,0,0,1,0,0,1,1,0,1,1,1,0,1,0,0,0,1,1,1,0,0.0,-19.14084771315557,1
0,1,0,0,1,0,1,0,0,0,0,0,1,1,1,0,1,1,1,0,1,0,0,0,0,1,0,0,1,1,1,0,0.0,-19.140826384101604,1
1,0,0,0,0,1,1,0,0,0,0,0,1,0,1,1,0,0,1,0,1,1,0,0,1,1,0,1,0,1,0,1,0.0,-19.14074945018269,1
0,1,0,1,1,0,1,0,0,1,1,1,0,0,0,0,0,0,1,0,1,1,1,0,1,0,0,0,1,0,0,1,0.0,-19.140711824250808,1
0,1,0,1,1,1,0,1,0,0,1,1,1,0,1,0,1,1,1,0,1,0,1,0,0,1,1,0,0,1,0,1,0.0,-19.140673645689446,1
0,1,0,0,1,1,0,1,0,0,1,1,0,1,1,1,1,1,0,1,1,0,1,0,0,0,0,1,1,0,1,1,0.0,-19.14056073165745,1
0,1,1,1,0,1,1,0,1,1,0,1,1,0,1,1,1,0,1,0,0,0,1,0,0,0,1,1,1,1,0,0,0.0,-19.140537711378037,1
1,0,1,0,0,0,1,1,0,1,1,0,0,0,0,1,1,0,0,1,0,0,0,0,0,1,1,0,1,0,1,1,0.0,-19.14047160992871,1
0,1,0,0,0,1,1,0,0,1,1,0,1,1,0,0,0,0,1,1,0,0,0,0,1,0,1,0,1,1,0,1,0.0,-19.140373238201818,1
1,1,0,1,0,0,0,1,0,0,0,0,0,1,1,0,1,1,0,0,1,0,0,1,0,0,1,1,0,1,0,1,0.0,-19.140292300817364,1
1,0,0,1,0,0,1,0,0,1,0,0,1,1,0,0,0,1,0,1,0,0,1,0,1,1,0,0,1,1,1,0,0.0,-19.14019402572523,1
0,0,1,1,0,1,1,1,0,1,1,1,0,0,0,1,1,1,1,1,1,0,1,0,0,0,1,0,1,0,0,1,0.0,-19.140155206169457,1
0,0,1,1,0,0,1,0,0,0,0,0,0,0,0,1,0,0,1,1,0,1,1,1,1,0,1,1,0,1,0,1,0.0,-19.140145732660407,1
1,1,0,0,0,0,1,0,1,0,1,1,0,0,1,0,0,0,0,1,1,1,1,0,0,0,0,0,1,1,1,0,0.0,-19.140127165915345,1
1,0,0,1,0,0,0,1,1,1,1,0,0,0,0,0,0,1,0,0,1,0,1,1,0,1,0,0,1,1,0,1,0.0,-19.140101888958185,1
1,0,1,1,0,1,0,0,1,0,1,0,0,1,1,1,1,1,0,0,0,1,0,1,1,0,1,0,1,1,0,1,0.0,-19.140081003012625,1
0,0,0,1,0,0,0,0,0,1,1,1,0,1,1,1,1,0,1,0,1,0,1,0,0,1,0,0,0,1,0,1,0.0,-19.14004535818141,1
1,1,0,0,0,1,0,1,1,1,1,0,1,0,0,0,0,1,0,0,0,0,0,0,0,1,0,1,1,1,1,0,0.0,-19.139984663927674,1
1,0,1,1,0,0,0,0,0,1,1,1,1,0,1,1,1,1,0,0,0,1,0,0,0,1,1,1,0,1,1,1,0.0,-19.139934467954188,1
0,1,1,0,0,0,1,1,0,0,0,0,0,0,1,0,0,1,1,0,1,1,0,0,0,0,1,1,1,1,1,0,0.0,-19.13993018714811,1
0,0,0,0,1,1,0,0,0,1,0,1,0,0,0,1,0,0,0,1,1,0,0,0,1,1,0,1,1,1,1,1,0.0,-19.139908954509618,1
1,0,0,0,1,1,0,1,0,1,0,1,0,0,0,0,1,1,1,1,0,0,1,1,0,1,0,1,1,1,1,1,0.0,-19.1397911524347,1
0,1,1,1,0,1,1,0,0,0,1,1,1,0,0,0,1,0,0,0,1,0,0,0,0,1,1,1,0,1,0,0,0.0,-19.139670533483606,1
1,0,1,0,0,1,0,0,0,1,1,1,1,0,1,1,1,0,0,0,1,0,1,0,1,1,1,1,0,1,0,1,0.0,-19.139609518867907,1
0,1,0,1,1,1,0,0,0,0,0,1,1,0,1,0,0,0,1,0,1,0,0,1,0,1,1,1,0,1,0,0,0.0,-19.139595166159282,1
0,1,0,1,1,0,1,1,1,0,0,1,0,0,0,1,0,1,1,0,0,1,0,1,1,1,1,0,1,1,0,1,0.0,-19.139589484645914,1
1,1,1,0,1,0,0,1,1,1,1,0,0,0,0,1,0,1,0,0,1,0,1,0,0,1,1,1,1,1,0,1,0.0,-19.139404012059018,1
0,1,0,1,1,1,0,0,0,1,1,1,0,0,0,0,1,1,1,0,1,1,0,0,0,1,0,1,1,1,1,1,0.0,-19.13939087566262,1
1,1,1,1,1,0,0,0,1,0,0,0,1,0,1,0,0,0,0,0,1,0,0,1,1,0,1,1,0,1,0,0,0.0,-19.139298816720334,1
1,1,0,0,1,0,0,0,0,1,1,1,1,0,1,1,0,1,0,0,1,1,0,0,0,1,1,1,0,1,1,1,0.0,-19.139171606446524,1
0,0,0,0,0,1,1,1,1,1,1,0,1,0,0,1,0,0,1,0,1,0,0,0,0,1,1,1,0,0,1,0,0.0,-19.139133280485087,1
1,0,0,1,0,0,1,0,1,1,1,0,0,0,0,0,0,0,1,0,0,1,0,0,0,1,1,1,1,1,0,1,0.0,-19.13911860960249,1
1,1,0,0,1,1,1,1,0,1,1,0,0,0,1,1,0,1,0,1,0,0,1,0,0,0,1,0,1,1,1,1,0.0,-19.13904592942398,1
0,0,1,0,0,1,0,1,1,0,1,0,1,0,1,1,1,1,0,1,1,0,1,0,0,0,1,1,0,1,1,1,0.0,-19.13892616641811,1
0,0,0,1,0,0,0,0,0,1,0,0,1,0,0,0,0,1,1,1,1,0,1,1,0,1,0,1,0,1,1,1,0.0,-19.138840913355963,1
0,1,1,1,0,0,1,0,0,0,1,1,1,0,1,0,0,0,0,1,0,0,1,1,1,0,0,0,1,1,0,0,0.0,-19.13882312357984,1
1,0,0,0,0,1,1,1,0,0,0,0,0,0,1,1,1,1,0,0,1,0,1,0,1,1,0,0,1,0,1,0,0.0,-19.13878999791321,1
0,1,1,1,0,0,0,1,0,0,0,0,1,0,1,1,0,1,0,1,0,0,1,1,0,1,0,0,1,0,1,0,0.0,-19.138788958885325,1
0,0,1,1,0,0,0,1,1,1,1,0,1,0,0,1,1,0,0,1,0,0,1,1,1,1,0,1,1,0,1,1,0.0,-19.13876164463047,1
1,1,0,1,1,1,1,0,0,0,0,0,0,0,1,0,0,0,1,0,1,0,0,0,1,1,1,0,1,0,0,1,0.0,-19.138664123106032,1
1,0,1,1,1,0,1,0,0,0,1,1,0,0,1,1,0,1,0,1,1,0,0,1,1,1,0,0,1,1,1,0,0.0,-19.138602652204124,1
0,0,1,0,1,0,1,0,0,0,1,1,1,0,1,0,1,1,0,0,0,1,0,0,0,0,1,0,1,1,0,1,0.0,-19.138589025323604,1
0,0,0,1,0,1,1,0,0,1,1,1,0,0,0,1,0,0,0,1,1,1,0,0,0,1,0,0,1,1,1,0,0.0,-19.13858051698853,1
1,1,1,1,0,0,1,0,0,0,0,0,0,0,1,0,0,0,0,0,1,1,0,0,1,1,1,0,0,1,1,1,0.0,-19.138469184185517,1
0,1,1,0,0,1,0,0,1,1,1,1,1,0,0,0,1,0,1,0,0,0,0,0,0,1,1,0,0,1,1,0,0.0,-19.13836357858547,1
1,1,1,0,1,0,1,0,0,1,1,0,1,0,1,1,0,1,0,0,1,0,1,0,1,0,1,1,1,1,0,0,0.0,-19.138254618132738,1
0,0,0,1,0,0,0,0,0,1,1,1,0,0,1,0,1,0,0,0,1,0,1,1,1,1,0,0,1,0,1,1,0.0,-19.13813107440179,1
1,0,0,1,0,1,0,0,0,1,1,1,0,1,1,0,0,0,0,0,1,0,0,0,1,1,1,0,1,1,0,0,0.0,-19.138071766665796,1
0,1,0,0,0,1,1,0,0,0,1,1,0,0,1,1,0,0,0,1,0,0,0,0,0,1,0,1,1,1,1,1,0.0,-19.13795898771553,1
1,0,0,0,1,1,0,0,0,0,0,1,0,0,0,0,1,1,0,1,1,1,0,1,1,0,0,0,1,1,0,1,0.0,-19.13793856698183,1
1,0,1,0,0,0,1,1,0,0,1,0,1,0,1,0,0,0,0,1,1,1,1,1,1,1,1,0,0,1,1,1,0.0,-19.13777651398576,1
0,1,1,0,0,1,1,0,0,0,1,1,1,0,0,0,1,1,0,0,0,1,1,0,0,1,0,0,1,0,1,0,0.0,-19.13765324259287,1
0,0,0,0,1,0,1,1,1,0,1,0,0,0,0,0,0,0,0,0,1,1,0,0,1,1,1,1,1,1,1,0,0.0,-19.13764843120269,1
1,1,0,1,0,1,0,1,0,1,1,0,0,0,1,1,0,0,0,0,0,0,0,1,0,1,0,1,1,1,0,0,0.0,-19.13763315116738,1
1,1,0,1,1,0,0,0,0,1,1,0,0,0,1,1,1,1,0,0,1,0,0,0,1,1,0,1,1,1,1,1,0.0,-19.137599443806238,1
0,0,1,0,0,1,0,1,0,1,0,0,0,1,1,0,0,1,0,0,0,1,1,1,0,0,0,0,1,1,1,1,0.0,-19.137556633391917,1
0,0,0,1,0,0,1,0,0,1,1,1,1,0,1,0,0,0,1,0,0,0,1,0,0,1,1,1,0,1,0,1,0.0,-19.13753181502042,1
0,1,1,0,0,1,0,0,1,1,1,0,1,0,0,0,0,1,0,0,0,0,1,0,1,0,1,0,1,1,0,1,0.0,-19.137529733855274,1
1,0,0,0,1,0,1,0,1,0,1,0,1,0,1,1,0,0,1,1,1,1,0,1,1,1,1,0,1,0,1,0,0.0,-19.137514662421037,1
0,1,1,0,1,1,1,0,0,0,1,1,1,0,1,1,0,0,1,1,0,0,1,0,0,1,1,1,1,1,0,0,0.0,-19.137475955946478,1
1,0,1,1,0,1,0,1,1,1,0,0,0,1,0,0,1,1,0,0,0,0,1,0,0,0,1,0,0,1,0,1,0.0,-19.137402226085342,1
1,1,0,0,1,0,1,0,1,0,1,1,0,0,1,0,0,0,0,1,0,1,1,0,0,0,0,0,1,1,1,0,0.0,-19.137365494279614,1
0,1,0,0,0,0,0,0,0,1,0,1,1,0,0,1,1,0,0,1,1,0,1,1,1,1,0,0,0,0,1,1,0.0,-19.137351911028084,1
0,1,0,1,1,0,1,1,0,1,1,1,1,0,1,0,0,1,1,0,0,0,1,1,0,1,0,0,1,1,0,1,0.03125,-19.137349846087925,1
1,0,0,0,1,0,1,0,1,1,0,1,1,0,1,1,0,1,0,0,0,1,0,0,1,1,1,0,1,1,1,1,0.0,-19.1373093507798,1
1,0,1,1,0,0,0,0,0,1,0,0,1,0,1,1,0,0,0,1,1,1,1,0,0,1,0,0,1,0,0,1,0.0,-19.1372265564988,1
1,0,1,0,1,0,1,0,1,0,0,0,0,0,0,1,1,0,0,1,0,0,1,0,0,1,0,1,1,1,0,1,0.0,-19.13715386171843,1
0,1,0,0,0,1,1,1,0,1,0,1,0,0,1,0,0,0,1,0,1,0,0,1,0,1,0,0,1,0,1,1,0.0,-19.13715166791021,1
0,0,0,0,1,0,1,1,0,1,0,1,1,1,1,1,1,1,0,0,1,0,1,0,0,1,0,1,0,1,1,1,0.0,-19.13714535940259,1
0,1,1,0,0,0,1,0,0,0,1,0,0,0,1,1,0,1,0,0,1,1,1,0,0,0,0,1,1,1,0,1,0.0,-19.137074735570188,1
1,1,1,1,0,0,1,1,0,1,0,0,0,0,1,1,0,1,0,1,0,0,1,0,0,1,1,0,1,1,1,1,0.0,-19.137035660338938,1
0,1,0,0,0,1,1,1,0,0,1,0,1,0,0,1,1,1,0,1,0,1,0,1,1,0,1,1,1,1,0,1,0.0,-19.136867245228046,1
0,1,1,0,0,1,0,0,0,1,1,1,1,0,0,0,1,0,0,0,0,0,0,0,1,1,0,1,1,1,0,1,0.0,-19.136749403632884,1
1,1,0,0,1,0,0,0,0,0,1,1,1,0,1,1,0,1,1,1,0,1,1,0,1,1,1,0,1,0,0,1,0.0,-19.136624810848712,1
1,0,1,1,0,0,0,0,0,1,1,1,0,0,0,0,1,0,0,1,0,1,0,0,0,1,1,0,0,1,1,1,0.0,-19.136565524105563,1
0,0,0,1,0,0,1,0,1,1,1,1,1,0,1,1,0,0,0,0,1,0,0,0,0,1,0,1,0,1,1,0,0.0,-19.13636752698031,1
0,0,1,1,1,0,1,0,1,1,1,1,0,0,0,0,0,0,0,0,0,0,1,1,0,1,0,0,1,1,0,1,0.0,-19.136309025844778,1
1,0,1,1,0,0,0,1,0,1,0,0,0,0,1,0,0,0,0,0,0,0,0,1,1,1,1,1,1,1,0,1,0.0,-19.13628524355063,1
0,1,0,0,0,1,1,0,0,0,0,0,1,0,1,1,1,0,0,0,0,1,1,1,0,1,1,0,1,0,0,1,0.0,-19.136078250820503,1
1,0,0,1,0,0,1,0,1,0,1,0,0,0,1,0,1,1,0,0,0,0,1,0,0,1,0,1,1,1,1,0,0.0,-19.13602579653183,1
1,1,0,1,1,1,1,0,1,1,1,0,1,0,1,1,0,1,0,0,0,0,1,1,0,0,0,1,1,1,0,0,0.0,-19.135995193442252,1
1,1,0,0,1,1,1,0,0,1,1,1,0,0,0,0,1,1,0,0,0,0,0,0,1,0,0,0,1,1,0,1,0.0,-19.13590147925092,1
0,0,0,1,0,1,1,1,0,1,1,0,0,0,1,0,0,0,1,0,1,0,0,0,1,0,1,1,1,1,0,0,0.0,-19.135811917337904,1
1,1,0,1,1,0,1,0,0,1,1,0,0,1,0,0,0,0,0,0,0,0,0,0,1,1,1,1,0,1,1,0,0.0,-19.135787662763086,1
1,1,1,0,1,0,1,1,1,1,1,1,1,0,0,0,0,0,0,1,0,0,1,0,0,1,0,1,0,1,1,1,0.0,-19.135716700056456,1
0,0,0,1,1,1,1,1,1,1,1,0,0,0,0,1,1,1,1,0,1,0,0,0,0,1,1,0,1,1,0,1,0.0,-19.135650962304123,1
1,0,1,0,1,0,1,0,0,0,1,0,0,0,0,0,1,1,0,0,1,1,0,0,0,1,0,1,0,1,1,1,0.0,-19.13559741767053,1
1,1,0,1,0,0,1,0,0,1,1,1,0,0,1,1,0,1,0,0,1,1,1,0,0,1,0,1,1,1,0,1,0.0,-19.135378030018853,1
1,1,1,0,0,0,1,0,1,0,0,1,0,1,1,1,1,1,1,0,1,0,1,1,0,1,0,0,0,1,0,1,0.0,-19.13536633154712,1
1,0,1,0,0,1,0,1,1,1,0,0,0,0,1,1,1,0,1,0,0,1,0,0,1,1,0,1,1,1,1,1,0.0,-19.135365165451724,1
1,0,1,0,0,0,1,0,1,1,1,0,0,0,0,0,0,1,0,1,1,1,1,1,0,0,1,1,1,1,1,1,0.0,-19.13529907764458,1
1,1,0,0,0,0,1,1,1,0,0,1,1,0,0,0,1,1,1,1,0,1,0,1,0,1,0,1,1,1,0,1,0.0,-19.135050827986138,1
1,0,1,0,0,1,0,1,1,1,1,1,1,0,1,1,0,0,0,1,1,1,0,0,0,1,0,0,1,1,0,1,0.03125,-19.13501182684922,1
1,0,0,1,0,0,0,0,1,1,1,0,1,0,1,0,1,0,0,0,1,0,0,0,1,1,1,0,1,0,0,1,0.0,-19.13497471263691,1
0,1,1,1,0,0,0,0,0,0,1,0,0,0,0,0,0,1,1,1,0,1,1,0,0,1,1,0,1,1,0,1,0.0,-19.134970977166986,1
0,1,0,0,0,0,1,1,0,1,1,1,0,0,1,1,1,0,1,0,1,0,0,0,1,1,1,1,1,1,0,1,0.0,-19.13497039976982,1
0,0,0,1,1,1,1,1,0,0,1,0,1,0,0,0,1,1,0,1,0,0,0,0,1,0,0,1,0,1,1,0,0.0,-19.13496543484428,1
0,1,1,0,0,0,1,0,0,0,1,0,1,0,0,0,0,1,0,1,1,1,0,0,0,1,1,0,1,0,1,1,0.03125,-19.134937621593032,1
1,1,1,1,0,1,0,1,1,1,1,0,0,0,1,0,0,0,0,0,1,1,1,0,1,0,0,1,1,1,0,1,0.0,-19.134864730583917,1
0,1,0,0,0,0,0,0,0,1,1,1,1,0,0,1,0,0,0,1,0,1,0,1,0,1,1,1,1,1,0,0,0.0,-19.13485012271444,1
0,0,1,1,0,1,0,0,0,0,1,1,0,0,1,1,1,0,0,0,1,1,1,0,0,1,1,0,0,1,0,0,0.0,-19.13484345898857,1
1,1,0,0,0,0,1,1,1,0,1,0,1,1,1,0,1,1,1,1,0,0,0,0,0,1,1,0,1,1,1,0,0.0,-19.134814531974783,1
0,1,1,1,0,1,1,0,0,1,1,0,1,0,1,0,0,0,0,0,0,0,0,0,0,1,1,0,1,1,0,1,0.03125,-19.134667586373453,1
1,1,0,1,1,0,0,0,1,0,1,1,0,0,1,0,1,0,0,0,0,1,1,1,1,1,0,1,1,1,0,1,0.0,-19.134637553371423,1
1,1,0,1,0,1,1,0,0,1,1,0,1,1,1,0,0,1,0,0,0,0,0,1,0,0,0,0,0,1,0,1,0.0,-19.134589678944963,1
1,0,0,0,0,1,0,0,1,1,1,0,0,0,0,1,0,1,0,0,0,1,0,1,1,1,0,0,1,1,1,0,0.0,-19.134561136290735,1
1,0,0,1,0,0,1,0,0,1,0,0,1,0,1,0,0,1,0,0,0,0,1,0,1,1,0,1,1,1,0,1,0.0,-19.13450487287576,1
0,1,0,1,0,1,1,0,0,0,1,1,1,0,1,1,0,0,0,1,1,1,1,1,1,0,1,1,0,1,0,0,0.0,-19.134459359642033,1
1,0,0,0,0,0,1,0,1,0,1,1,0,1,1,0,0,1,1,0,0,0,1,1,1,1,1,1,1,1,0,1,0.0,-19.134437112122647,1
1,0,0,1,1,1,0,0,1,1,0,0,0,0,1,0,0,0,1,0,0,0,0,0,0,1,1,1,1,1,0,1,0.0,-19.13441693476984,1
0,0,0,0,0,0,1,0,0,0,1,1,1,1,1,1,0,1,0,1,1,0,1,0,1,0,1,0,0,1,0,0,0.0,-19.134408027829732,1
0,0,0,0,0,1,1,0,0,1,1,0,1,1,0,0,0,0,1,1,1,1,0,0,0,0,1,1,0,1,0,1,0.0,-19.13440290251142,1
0,1,0,1,0,0,1,0,0,1,1,1,0,0,0,1,1,1,1,0,0,0,1,1,1,1,1,1,1,1,0,0,0.0,-19.13437427391273,1
1,1,1,1,0,0,1,0,0,0,1,1,0,0,1,0,0,1,0,0,0,0,1,0,0,1,0,1,1,0,0,1,0.0,-19.134177627261522,1
1,0,0,1,0,1,1,0,1,0,1,1,0,0,1,0,0,0,1,0,0,0,1,0,0,1,1,1,0,0,0,1,0.0,-19.134172165164035,1
0,1,0,0,0,0,1,1,1,1,1,1,1,0,1,1,0,1,1,0,1,0,0,1,1,0,0,1,0,0,1,1,0.0,-19.13414606855495,1
0,1,1,0,0,1,0,0,1,1,1,0,1,0,0,1,0,1,0,0,1,1,1,1,0,1,0,1,1,1,0,1,0.0,-19.13405723430579,1
1,0,1,1,0,0,1,1,0,1,1,0,1,0,1,0,0,0,0,1,0,0,1,0,1,1,1,1,1,1,0,1,0.0,-19.134003032581433,1
1,0,0,1,0,1,0,1,1,1,1,1,0,0,0,0,0,0,0,0,0,0,1,1,0,1,1,1,0,0,0,1,0.0,-19.133979010402903,1
0,1,0,1,1,0,1,1,0,0,1,0,1,0,0,1,0,1,0,1,0,0,1,0,0,1,1,0,0,1,0,0,0.0,-19.13396481756886,1
1,0,0,0,0,0,1,0,1,1,1,0,0,1,0,1,0,1,0,1,1,0,0,1,1,0,0,0,1,0,1,0,0.0,-19.133781762813737,1
0,0,0,0,1,1,1,0,1,1,0,1,1,0,1,1,0,0,1,1,0,0,0,0,0,0,1,0,0,1,1,0,0.0,-19.133768321513827,1
1,0,0,1,0,1,0,0,0,1,1,0,0,0,1,0,1,0,0,1,0,1,0,0,0,0,1,1,1,0,1,1,0.0,-19.133702858073526,1
1,1,1,1,1,0,0,0,0,1,1,1,0,1,0,0,0,0,0,0,0,0,1,0,1,1,0,1,0,1,0,0,0.0,-19.133633624027244,1
0,0,0,0,1,1,0,1,0,1,0,1,1,1,0,1,0,1,1,0,0,0,1,1,0,1,0,1,0,0,0,0,0.0,-19.133609704741627,1
1,1,0,1,1,0,0,1,0,1,1,0,1,0,1,1,0,1,1,0,0,1,0,0,1,1,1,0,0,1,0,1,0.0,-19.13353090476227,1
0,1,0,1,0,1,1,0,0,1,1,1,0,0,0,1,1,1,1,1,0,1,1,1,0,0,0,1,1,0,1,0,0.0,-19.13352798891542,1
0,0,1,1,0,1,1,1,0,1,1,1,0,0,0,1,1,1,0,1,1,0,0,1,0,0,1,1,1,1,0,0,0.0,-19.133439723159047,1
0,1,1,0,0,1,1,1,1,0,1,0,1,1,1,0,1,0,0,0,0,1,1,0,0,1,0,1,1,0,1,1,0.0,-19.13342372519673,1
0,0,1,1,0,0,1,0,0,0,1,0,0,1,1,0,0,0,1,0,0,0,1,0,1,1,1,1,0,1,0,1,0.0,-19.13337614082841,1
1,1,0,1,0,1,1,0,0,1,1,0,0,0,1,0,0,1,1,0,1,0,0,1,1,1,1,0,1,0,1,1,0.0,-19.133350795028992,1
1,1,0,1,1,0,0,0,0,1,1,1,0,0,1,0,0,1,0,0,1,1,0,1,1,1,1,0,1,1,1,0,0.0,-19.13334608854012,1
1,1,1,1,0,0,1,0,0,1,0,0,0,0,1,1,1,1,0,0,1,1,0,0,1,1,0,0,1,1,1,1,0.0,-19.133333945200704,1
0,1,0,0,1,1,1,0,0,1,0,1,0,0,1,1,0,0,0,0,1,1,1,0,0,0,1,0,1,0,0,1,0.03125,-19.133255789755324,1
0,0,1,0,0,1,0,0,1,1,0,1,0,1,0,1,1,1,0,0,1,0,1,1,0,0,1,0,0,1,0,0,0.0,-19.133146588297116,1
1,1,1,1,0,0,1,0,1,1,1,1,1,1,1,0,0,1,0,0,1,0,1,1,0,0,1,0,0,0,0,1,0.0,-19.133116251053224,1
0,1,0,1,1,1,0,0,1,1,1,0,0,0,0,1,0,0,1,0,1,0,1,1,0,1,0,0,0,0,0,1,0.0,-19.13309918780252,1
0,1,0,0,0,0,0,1,0,1,1,0,1,0,1,0,1,1,1,0,0,0,0,0,0,1,0,1,1,0,1,1,0.0,-19.133097903791146,1
1,1,0,1,0,1,0,0,0,0,1,0,0,1,1,1,0,1,0,1,0,0,1,1,1,1,0,1,1,1,0,1,0.0,-19.133058336275152,1
1,0,0,0,1,0,0,1,1,1,1,1,1,0,1,1,1,1,0,0,0,1,1,0,0,1,1,0,1,1,0,0,0.0,-19.133044267693595,1
0,1,0,1,0,0,0,0,1,0,1,0,1,0,1,0,1,0,0,1,0,0,1,1,0,0,1,1,0,1,0,1,0.0,-19.13288971871669,1
1,0,1,0,1,0,0,1,0,1,1,1,1,0,1,1,0,1,0,0,0,1,0,1,1,1,1,0,1,0,0,1,0.0,-19.132832997616433,1
0,1,0,1,0,0,0,0,0,0,1,1,0,1,1,0,0,1,0,0,1,1,0,0,1,1,0,0,1,1,0,1,0.0,-19.13281005162358,1
0,1,1,0,1,0,1,0,0,0,0,1,1,0,1,1,1,0,0,1,0,1,1,0,0,1,1,1,1,1,0,1,0.0,-19.13268837702296,1
0,0,0,1,0,1,0,1,1,0,1,0,0,0,0,0,1,1,1,1,0,0,1,0,0,0,1,1,0,1,0,1,0.0,-19.132639602461097,1
0,1,0,1,0,0,1,0,0,1,1,1,0,1,1,1,1,1,1,0,1,0,0,0,1,1,0,0,0,1,1,1,0.0,-19.132480691681238,1
0,1,0,0,0,1,1,1,0,1,1,0,0,0,1,0,0,0,0,0,0,0,0,0,1,1,1,0,1,1,1,1,0.0,-19.132179090333246,1
0,0,0,1,0,1,1,0,0,1,0,1,1,0,1,1,0,1,0,1,0,0,0,1,1,1,0,1,1,1,1,1,0.0,-19.132166145111682,1
1,1,0,0,0,1,1,0,0,1,1,0,0,0,0,0,0,1,1,0,0,1,0,1,1,0,1,0,1,0,0,1,0.03125,-19.13206309763281,1
0,1,0,1,0,1,1,0,0,0,0,1,1,0,1,0,1,1,1,1,1,0,1,0,0,1,1,1,0,1,1,0,0.0,-19.132048735041266,1
0,1,1,1,0,0,0,0,1,0,1,0,0,1,1,1,0,0,0,1,1,1,1,0,0,1,1,1,1,1,0,1,0.0,-19.132039799059704,1
1,0,0,0,0,1,0,0,0,1,1,0,1,0,1,0,1,1,1,0,0,0,0,0,0,1,1,1,0,1,1,0,0.0,-19.13201641126748,1
0,1,1,1,0,1,1,0,1,1,1,1,1,0,0,0,0,0,0,1,0,0,1,0,1,1,0,1,1,1,1,0,0.0,-19.132006275470864,1
1,1,0,0,0,1,1,0,0,1,1,0,0,0,1,0,0,1,0,0,0,0,1,0,1,0,0,1,1,0,1,1,0.0,-19.131997175882496,1
0,1,0,0,0,1,1,1,0,1,1,1,1,1,1,0,0,1,0,0,1,0,0,1,1,1,0,0,1,1,1,0,0.0,-19.13197843612206,1
1,0,0,1,1,1,1,0,0,1,0,0,0,0,1,1,0,0,1,0,0,0,0,1,1,1,0,0,0,1,0,1,0.0,-19.131974142961855,1
0,1,0,1,0,1,1,0,1,0,1,1,0,0,0,0,0,1,1,1,1,0,1,0,1,1,1,0,1,1,0,1,0.0,-19.131947834966525,1
1,1,0,0,1,1,1,0,0,1,1,0,0,1,0,0,0,0,1,0,0,1,0,0,0,1,1,0,0,1,0,1,0.0,-19.131845876269217,1
0,0,0,1,0,0,0,0,0,1,1,0,0,0,1,1,0,1,0,1,1,0,1,1,0,1,0,0,1,1,1,0,0.0,-19.131811004799673,1
1,1,0,1,1,0,1,0,0,1,0,1,1,0,1,0,0,1,1,0,0,0,1,1,0,0,0,1,0,0,0,0,0.0,-19.131810470147787,1
1,1,1,0,0,0,1,0,0,1,1,0,1,1,0,0,0,1,0,1,1,0,0,1,0,1,1,1,1,1,0,1,0.0,-19.131753052155624,1
0,1,0,0,0,1,0,0,1,0,1,0,1,0,1,1,0,1,0,1,0,1,1,0,0,0,1,0,1,1,0,0,0.0,-19.131658302744295,1
0,1,0,1,0,1,0,1,0,1,0,0,0,0,1,0,1,0,1,0,1,0,1,0,0,1,1,0,0,1,0,1,0.0,-19.131593841278086,1
0,0,0,1,0,1,1,0,0,1,0,1,1,0,0,0,0,0,0,1,1,0,1,1,1,1,1,0,1,0,0,0,0.0,-19.131583377560297,1
0,0,1,1,1,0,0,0,0,1,1,0,0,0,0,0,0,0,1,1,0,0,0,0,1,1,1,1,0,1,1,1,0.0,-19.131470732379682,1
0,1,0,0,1,0,1,0,0,1,1,0,1,1,1,1,0,1,0,0,0,0,0,0,0,1,0,0,0,1,1,1,0.0,-19.13142591365289,1
1,1,1,0,0,1,1,1,0,1,1,0,0,0,0,1,0,0,0,1,0,0,0,1,0,0,1,1,0,1,0,0,0.0,-19.131355203867784,1
0,1,1,0,1,0,1,0,1,1,1,1,1,0,0,1,0,0,0,0,1,1,0,0,1,1,1,1,1,1,0,0,0.0,-19.13134021662479,1
0,1,1,0,1,1,1,0,1,0,1,0,1,1,0,0,0,1,1,0,1,1,1,1,0,1,0,0,0,1,0,1,0.0,-19.13133419645716,1
0,0,1,1,1,0,1,0,0,0,0,0,0,0,1,0,0,1,0,0,0,1,1,1,1,0,0,1,0,1,1,1,0.0,-19.131298638744447,1
1,0,0,0,0,0,1,0,0,1,1,0,0,0,0,0,0,1,1,0,1,1,1,0,1,1,0,1,0,1,1,0,0.0,-19.131256315953834,1
0,1,0,0,0,1,0,0,0,1,0,0,1,1,1,1,0,0,1,0,0,1,1,0,1,1,1,0,1,0,0,0,0.0,-19.131131977661827,1
0,0,0,0,0,0,1,1,1,0,0,1,0,1,1,0,0,1,0,0,0,0,1,0,0,1,1,1,0,1,1,1,0.0,-19.131125964642685,1
1,0,1,1,0,0,1,0,0,1,1,1,0,1,1,1,0,1,0,0,0,1,1,0,0,1,1,1,1,0,0,1,0.0,-19.130885581746888,1
1,0,0,1,0,0,0,1,0,1,1,0,1,1,1,0,0,0,0,0,0,1,0,1,1,1,1,0,0,0,0,1,0.0,-19.1308261954849,1
0,0,1,1,0,0,1,0,1,1,1,0,1,0,1,0,1,0,0,0,0,0,0,0,0,1,1,0,1,1,0,1,0.0,-19.130667367958807,1
0,0,1,0,0,0,1,0,0,1,1,0,1,1,1,1,0,1,0,1,1,0,1,0,1,1,1,0,1,1,1,0,0.0,-19.130615758157095,1
0,1,0,0,0,0,0,0,0,1,1,0,0,0,1,0,0,1,1,0,1,0,1,1,0,1,1,0,1,1,0,1,0.0,-19.130569874095812,1
1,0,1,1,0,1,0,0,0,1,1,0,0,1,1,0,0,0,0,0,0,1,1,0,0,1,1,0,0,1,0,1,0.0,-19.13056177386206,1
0,0,0,0,0,0,0,0,1,1,1,0,0,1,0,0,0,0,1,0,1,1,1,1,1,1,0,1,1,1,0,0,0.0,-19.130427853565294,1
0,0,0,1,0,1,1,0,0,1,1,0,0,0,0,0,0,1,1,0,0,1,0,0,0,1,1,1,0,1,1,1,0.0,-19.13040562343358,1
0,0,0,1,1,0,1,0,0,1,1,1,1,0,0,1,1,1,1,1,0,1,1,0,0,1,0,1,1,0,0,1,0.0,-19.13037314648384,1
0,1,1,1,1,1,0,0,0,1,1,0,1,0,0,0,0,1,0,0,0,1,0,0,0,1,0,1,1,0,1,0,0.0,-19.13031878727078,1
0,1,0,1,0,0,0,0,0,0,1,0,0,0,0,0,0,1,0,1,1,1,0,1,0,1,1,1,1,1,0,1,0.0,-19.130233108479025,1
0,1,0,0,0,0,1,1,0,1,1,0,0,0,1,0,1,0,0,0,1,0,1,0,1,1,0,0,1,1,1,0,0.0,-19.130121827746827,1
0,0,0,0,1,0,1,1,1,0,1,1,0,1,1,1,0,0,0,1,1,0,0,0,1,1,1,1,1,1,0,1,0.0,-19.129966747426607,1
0,0,1,0,0,1,0,1,1,1,1,0,0,0,1,0,1,0,1,0,1,0,1,1,0,1,1,1,1,1,0,1,0.0,-19.129951852215598,1
0,1,0,0,0,1,1,0,1,1,1,0,1,0,1,0,0,0,0,0,0,0,1,0,1,1,0,0,1,1,1,0,0.0,-19.1297403339619,1
0,1,1,0,0,1,1,0,1,1,1,0,0,0,0,0,0,1,0,0,0,0,0,0,0,1,1,0,1,1,1,1,0.0,-19.12969068561209,1
1,1,1,0,1,0,1,0,0,0,1,0,1,0,1,1,0,1,0,1,0,1,1,1,0,1,1,0,1,0,0,1,0.0,-19.129682003078496,1
1,1,0,1,1,0,1,0,1,1,1,1,1,1,0,1,0,1,0,0,1,1,0,0,1,1,0,0,0,0,0,1,0.0,-19.129609625033805,1
1,0,0,0,1,0,1,0,1,1,1,0,1,1,1,1,1,0,1,1,0,0,0,0,1,1,0,0,1,1,0,1,0.0,-19.12959850042249,1
0,1,0,0,0,0,1,0,1,1,1,1,0,0,0,0,0,1,0,0,1,0,1,0,1,0,1,1,1,1,0,0,0.0,-19.129595151422603,1
1,0,0,0,0,1,0,1,1,1,1,1,1,0,1,0,0,1,0,1,1,0,1,0,0,1,1,0,0,1,1,1,0.0,-19.129574550326858,1
0,0,1,1,0,1,1,1,0,0,1,1,0,0,1,0,0,1,0,0,0,1,1,0,1,1,1,1,0,1,1,1,0.0,-19.129558426538022,1
1,0,0,1,0,0,1,1,0,0,1,0,0,0,1,0,0,0,0,1,0,1,1,0,1,1,1,0,1,0,0,1,0.0,-19.129493443720406,1
1,1,0,0,0,1,0,0,1,1,1,1,1,0,1,1,1,1,0,0,0,0,1,1,1,1,0,0,1,0,0,1,0.0,-19.129323760352545,1
0,0,0,0,1,0,0,0,0,1,1,0,1,0,1,0,0,0,1,1,1,0,1,0,1,1,1,0,0,0,1,1,0.0,-19.129009288123513,1
0,1,0,0,0,1,1,0,0,1,1,1,0,1,1,1,1,0,0,0,1,0,1,1,1,1,1,0,1,0,0,1,0.0,-19.128861917158115,1
1,0,0,0,1,1,1,0,1,1,0,0,0,0,0,1,0,1,1,0,0,1,1,0,0,0,1,1,0,0,0,1,0.0,-19.12875964477341,1
1,1,0,1,0,1,1,1,0,1,1,1,0,0,1,0,0,1,0,0,0,1,1,1,0,0,1,1,0,1,0,1,0.0,-19.128704617718473,1
0,0,1,0,1,0,0,0,1,0,1,1,0,0,0,0,1,0,1,1,1,1,1,0,0,1,1,0,0,0,1,0,0.0,-19.12862781231079,1
0,0,0,0,1,0,1,0,0,0,1,0,1,0,1,0,0,1,1,0,1,1,1,0,1,1,0,0,0,1,0,1,0.0,-19.128488662314933,1
0,0,0,1,1,0,0,1,0,1,1,0,1,0,1,1,0,1,1,1,0,1,1,1,0,1,1,0,0,0,1,1,0.0,-19.12832542162738,1
0,1,0,0,1,0,1,0,1,0,1,0,1,1,0,0,1,0,1,0,0,0,0,1,1,1,0,1,0,0,0,1,0.0,-19.128313263041044,1
1,0,1,1,1,1,0,0,0,0,1,1,0,0,1,1,0,0,1,1,0,0,0,1,1,1,0,0,0,0,0,0,0.0,-19.128272729651506,1
0,0,0,1,0,1,1,1,0,1,0,1,0,0,0,0,0,0,0,1,0,1,0,0,1,1,0,1,1,0,1,1,0.0,-19.1282721410018,1
0,1,0,0,1,0,1,0,0,1,1,1,1,0,1,0,0,1,0,0,0,1,0,0,0,1,0,0,1,1,1,0,0.0,-19.12816668550724,1
1,1,0,1,1,0,0,0,1,1,1,1,0,1,0,1,1,1,0,0,0,1,0,0,0,1,1,1,0,1,0,1,0.0,-19.128064641769363,1
1,1,1,0,0,1,0,0,0,0,1,0,1,0,0,0,1,1,0,1,1,1,1,0,1,1,1,1,0,1,0,1,0.0,-19.127921013693285,1
1,0,0,1,0,0,0,1,1,1,1,0,0,0,1,1,1,1,0,0,1,0,0,0,0,1,0,0,0,1,0,1,0.0,-19.127831575828008,1
0,1,0,1,1,0,1,0,0,0,1,0,0,0,1,0,0,1,0,0,0,0,0,1,1,1,1,0,1,1,0,1,0.0,-19.127792892845193,1
0,0,1,0,0,1,1,0,0,0,1,0,1,0,1,1,0,1,1,1,0,0,0,0,0,1,1,0,0,1,0,1,0.0,-19.127725539102464,1
0,1,1,1,1,0,0,0,0,1,1,1,1,0,1,0,0,0,0,1,1,1,1,1,0,1,1,0,1,0,0,1,0.0,-19.12770343937654,1
0,0,1,0,0,0,1,0,1,0,1,1,0,1,1,1,0,1,1,0,1,1,1,0,1,1,1,0,0,1,0,1,0.0,-19.127639672017086,1
0,1,0,1,0,1,1,0,0,1,1,1,1,0,1,0,0,0,1,0,0,1,0,0,1,0,0,1,0,1,0,0,0.0,-19.127613154490064,1
1,1,0,1,1,1,0,0,1,1,0,1,1,0,1,1,1,1,0,1,0,0,0,1,1,0,0,0,1,0,0,1,0.0,-19.127612073040265,1
1,1,0,0,0,0,1,0,1,0,1,0,0,0,1,0,0,1,0,1,1,0,1,1,1,1,0,1,1,1,1,1,0.0,-19.127564717776284,1
1,1,1,1,0,1,1,1,0,1,0,0,0,1,1,1,1,1,0,0,0,0,1,1,1,0,0,1,1,0,0,0,0.0,-19.127563208853708,1
1,1,0,0,0,1,0,0,1,1,1,1,0,0,0,1,0,1,0,1,0,0,1,0,0,0,1,1,0,1,0,0,0.0,-19.12756111089756,1
0,0,0,1,1,0,0,0,1,1,0,0,1,0,1,0,0,0,0,1,1,1,1,0,0,0,1,1,1,1,0,0,0.0,-19.12751194277748,1
0,0,1,1,0,1,0,1,0,1,1,1,1,0,1,0,0,0,0,1,0,1,1,1,0,1,1,1,1,1,0,0,0.0,-19.12747932102119,1
0,0,1,1,1,0,1,1,0,1,0,1,0,0,0,1,0,1,0,1,0,0,1,1,0,0,0,1,0,1,0,0,0.0,-19.127441392898252,1
0,0,0,1,1,0,0,0,1,1,0,0,0,0,0,0,0,1,1,1,0,0,1,1,0,1,1,0,0,1,1,1,0.0,-19.127396050249025,1
0,0,0,1,1,0,1,1,0,1,1,1,0,0,1,0,0,0,0,0,0,0,0,1,1,1,1,0,1,0,0,1,0.0,-19.127279303054866,1
0,1,0,0,0,1,1,0,1,0,1,1,1,0,1,0,1,0,1,0,0,0,1,0,0,1,0,1,0,0,0,1,0.0,-19.12723251012703,1
0,1,0,0,1,0,1,0,1,0,1,0,0,0,1,1,0,1,0,0,1,1,0,0,0,0,1,1,1,1,0,0,0.0,-19.12720657856451,1
0,1,0,1,1,0,0,0,0,1,0,0,0,0,1,1,1,0,1,0,1,0,0,1,1,1,1,0,1,0,0,0,0.0,-19.127060912089085,1
0,1,0,1,1,0,0,0,0,1,1,1,0,0,1,1,0,0,0,1,0,0,0,1,0,1,1,0,1,0,0,1,0.0,-19.126876993008686,1
0,1,1,0,1,0,0,0,1,1,0,0,0,0,1,1,1,0,1,0,1,0,0,0,1,0,0,1,1,0,1,0,0.0,-19.126727728124614,1
0,0,0,0,0,1,1,1,0,0,1,0,1,0,1,0,0,1,1,0,1,1,0,1,1,1,0,0,0,0,1,0,0.0,-19.126574488166803,1
1,0,0,1,0,1,0,1,0,1,1,0,0,0,1,0,0,1,0,1,0,0,1,0,1,0,0,1,0,1,1,0,0.0,-19.126556868923384,1
0,1,0,1,0,1,1,0,0,0,1,1,0,0,1,1,0,0,0,1,0,0,0,1,0,1,1,1,1,0,0,0,0.0,-19.12641530114473,1
0,1,0,1,0,0,0,0,0,1,1,1,0,1,1,0,0,0,0,1,1,0,0,0,1,0,1,1,0,1,0,1,0.0,-19.126129072683618,1
1,0,0,1,0,1,1,0,1,1,1,0,1,0,1,1,0,1,1,1,1,0,0,0,1,1,0,0,0,1,1,0,0.0,-19.12592482601991,1
0,0,0,1,0,1,0,0,0,1,1,0,0,0,1,1,0,1,0,0,1,0,1,1,0,1,1,1,1,0,0,0,0.0,-19.125769469902295,1
0,1,0,1,0,1,1,1,0,1,1,1,0,0,1,1,0,0,1,1,0,1,1,1,0,1,0,0,1,0,0,1,0.0,-19.12576754584867,1
0,1,1,1,1,1,1,0,0,1,1,1,0,1,0,1,0,0,0,1,0,0,0,0,1,1,1,1,1,0,0,1,0.0,-19.125685497657187,1
1,1,0,0,0,1,1,0,0,0,1,0,0,1,1,0,0,1,0,0,0,1,1,1,1,0,1,0,0,1,0,0,0.0,-19.125672871978036,1
0,0,1,0,0,1,0,1,1,1,1,1,0,0,1,1,0,1,1,0,1,1,0,0,1,1,0,0,1,1,0,1,0.0,-19.125607995216836,1
1,1,0,0,1,1,1,0,0,0,1,0,0,0,1,1,1,1,0,1,0,0,0,1,0,1,1,1,0,1,1,1,0.0,-19.125420110936794,1
1,0,0,0,1,1,1,1,1,1,1,0,0,0,1,0,0,1,0,0,0,1,0,1,0,1,1,0,1,1,1,1,0.0,-19.125408578035643,1
1,1,1,0,1,0,1,0,1,0,1,1,0,1,1,0,0,0,0,0,0,0,1,0,0,1,0,1,0,0,0,1,0.03125,-19.12535451041345,1
1,1,1,0,0,0,1,0,0,1,0,1,0,0,1,1,0,1,0,0,0,1,0,0,0,1,1,0,1,0,0,1,0.0,-19.125301652232082,1
0,0,0,1,1,1,0,1,0,1,1,0,0,0,1,0,0,1,0,0,0,0,0,0,0,1,1,1,1,1,0,1,0.0,-19.125137171628026,1
0,0,1,1,1,1,1,1,0,1,1,0,0,1,1,0,0,0,0,0,0,1,0,0,0,0,0,1,1,0,0,1,0.0,-19.125084715924928,1
0,0,1,0,0,0,1,1,1,1,1,1,1,0,1,0,1,0,0,1,0,0,1,1,0,1,1,0,1,1,0,1,0.0,-19.12500559758166,1
1,1,0,1,1,0,1,0,0,1,1,0,0,0,1,1,0,1,1,0,1,1,0,0,1,1,0,1,0,1,1,0,0.0,-19.124902692516972,1
1,1,1,1,0,0,1,1,1,1,1,0,0,0,1,1,0,1,0,0,0,0,1,1,1,1,0,0,1,1,0,0,0.0,-19.124876858393385,1
1,0,0,0,1,0,1,1,1,1,1,0,1,0,1,0,0,1,1,0,1,1,0,0,0,1,1,1,1,0,0,1,0.0,-19.124809079280727,1
0,0,0,1,0,1,1,0,1,1,1,1,1,0,1,1,0,1,0,1,1,0,1,1,1,0,1,0,0,0,1,0,0.0,-19.124782691209873,1
0,0,0,0,1,1,0,0,0,1,0,0,0,1,1,0,1,0,1,0,1,0,1,0,1,1,0,1,1,1,0,0,0.0,-19.12475308181973,1
1,0,0,0,0,1,1,1,1,1,1,0,0,0,1,0,0,1,0,0,1,0,0,0,0,1,0,0,1,1,0,1,0.0,-19.124734128980705,1
0,0,0,0,1,1,1,0,0,1,0,1,0,0,1,0,1,1,1,0,0,0,1,1,1,1,1,1,1,1,1,0,0.0,-19.12461471763301,1
1,0,0,1,0,1,1,1,0,1,0,0,0,0,1,0,0,1,1,0,0,0,1,1,0,1,1,0,0,0,0,1,0.0,-19.12447045977757,1
0,1,1,1,0,0,0,1,0,1,1,0,0,0,1,1,1,1,0,0,1,0,1,1,1,1,1,0,0,1,0,1,0.0,-19.124463958145206,1
0,1,1,0,0,1,1,0,1,0,1,1,0,0,1,1,0,1,1,0,1,1,0,0,1,1,1,0,1,0,0,1,0.0,-19.1243428837525,1
0,0,1,0,1,1,1,1,1,1,0,0,0,0,1,1,1,1,0,0,0,0,1,1,1,0,1,0,1,1,0,1,0.0,-19.12426793386664,1
0,1,1,0,0,0,0,1,0,1,1,1,0,1,1,0,0,0,0,0,0,1,0,0,0,1,1,1,1,0,0,1,0.0,-19.124214250496316,1
0,1,0,1,0,0,0,0,0,0,0,0,0,0,1,0,1,1,1,1,1,1,0,0,0,1,0,1,0,1,1,1,0.0,-19.124206675488267,1
0,1,0,0,1,0,1,0,1,1,1,1,1,0,1,0,0,0,0,0,1,1,1,1,0,1,1,1,1,0,0,1,0.0,-19.124075283064162,1
0,1,0,1,0,1,1,0,0,1,1,1,0,1,1,0,1,1,0,0,0,0,0,0,0,0,0,1,1,0,0,1,0.0,-19.12389304954274,1
1,1,1,0,0,0,0,0,0,1,0,0,1,0,1,0,0,1,0,0,1,0,1,0,1,1,1,1,0,1,0,0,0.0,-19.12385926329666,1
0,1,1,1,1,0,1,0,1,0,1,1,0,0,1,0,0,1,1,1,1,0,1,0,0,1,1,0,1,1,0,0,0.0,-19.1234976437955,1
0,1,0,0,0,0,1,1,1,1,1,1,1,0,1,1,0,1,0,1,0,1,1,0,0,0,1,1,1,1,0,0,0.0,-19.123448181410982,1
0,1,0,0,0,0,0,0,0,1,1,0,1,1,0,0,1,1,0,1,1,0,1,1,0,1,0,0,0,1,0,1,0.0,-19.123447971544532,1
1,0,1,0,1,0,0,0,0,1,1,1,0,1,0,1,1,1,0,1,0,1,1,0,1,1,0,1,1,0,0,1,0.0,-19.123365706081096,1
0,1,0,1,1,0,1,0,1,1,1,0,0,0,1,0,0,0,0,0,1,1,0,1,1,1,0,1,1,1,1,1,0.0,-19.12336525548056,1
1,1,0,1,0,1,1,1,0,1,0,1,1,0,1,0,0,1,1,1,0,0,1,0,0,1,1,1,0,1,0,0,0.0,-19.123297339170012,1
0,1,0,0,0,1,0,1,0,1,1,1,0,0,1,0,0,1,0,0,1,0,1,0,1,1,0,0,1,1,0,0,0.0,-19.123132290655228,1
0,0,1,1,1,0,0,1,1,0,0,1,0,0,1,1,0,1,0,1,0,0,0,0,1,1,0,0,1,1,0,0,0.0,-19.12306757925741,1
0,0,0,1,0,1,0,0,0,1,1,0,1,0,1,1,0,0,0,1,0,1,0,1,0,1,1,1,0,0,1,0,0.0,-19.122975540962454,1
0,1,1,1,0,0,1,0,0,0,0,0,1,0,1,0,0,1,1,0,1,1,1,1,0,1,0,1,0,0,0,0,0.0,-19.122892384381224,1
0,0,1,1,0,0,1,1,0,1,1,0,1,1,1,0,0,1,1,1,0,0,0,1,0,0,0,0,0,0,0,1,0.0,-19.122883771516243,1
1,1,1,1,1,0,1,0,1,1,1,1,0,0,1,0,0,0,1,0,0,0,0,0,1,1,1,1,0,1,0,1,0.0,-19.12281130000009,1
0,0,1,1,0,0,1,0,0,1,1,1,0,0,1,0,0,1,0,0,1,0,0,0,1,1,1,0,0,0,1,1,0.0,-19.12269810191665,1
0,1,0,1,0,0,0,1,1,1,0,1,1,1,1,0,1,0,0,1,1,1,0,0,0,0,0,0,0,1,0,0,0.0,-19.122656180962004,1
1,1,0,0,0,0,1,0,0,1,1,1,0,0,1,0,1,0,1,1,0,0,1,1,1,0,0,0,0,0,0,1,0.0,-19.122603590296293,1
1,1,0,1,0,0,0,0,0,1,1,1,0,0,1,1,0,1,0,0,0,0,1,0,1,1,1,1,0,0,0,0,0.0,-19.122581853759314,1
0,1,1,1,0,0,0,0,1,1,1,0,0,0,0,1,0,1,1,1,1,1,1,1,0,1,1,0,0,1,0,1,0.0,-19.12251010774233,1
0,0,1,1,1,0,1,1,0,1,1,0,0,0,1,0,0,0,1,1,0,0,0,0,0,1,1,0,0,1,1,0,0.0,-19.122384769369347,1
0,0,0,1,0,0,0,0,1,1,0,1,0,0,1,1,0,1,1,0,0,0,0,0,1,1,1,1,0,1,0,1,0.0,-19.1223761483369,1
1,1,0,0,1,1,1,0,1,0,1,1,0,0,1,0,0,1,1,1,0,1,0,0,0,1,1,0,1,1,0,1,0.0,-19.12198664149037,1
0,0,1,0,0,1,1,0,1,1,0,1,0,0,1,0,0,1,1,0,0,0,0,1,0,0,1,1,1,0,0,1,0.0,-19.12195517936081,1
1,1,0,0,1,0,1,0,0,1,1,0,0,1,1,0,0,1,0,0,0,1,0,1,0,0,0,1,1,0,0,1,0.0,-19.121846283437243,1
0,1,0,1,0,1,1,0,0,1,0,0,0,0,1,0,0,1,0,0,1,0,0,1,1,1,0,0,0,1,1,1,0.0,-19.121716935747088,1
0,1,0,1,1,0,1,0,1,1,1,0,1,0,1,0,0,1,0,0,0,0,1,0,0,1,0,0,0,0,1,1,0.0,-19.12154542238846,1
0,1,0,1,0,1,1,0,1,0,0,1,0,0,0,0,1,1,0,0,0,1,1,1,1,1,0,0,0,0,1,0,0.0,-19.12148866344475,1
0,1,1,1,1,0,0,0,0,1,1,0,0,0,1,0,1,1,0,0,1,1,0,1,0,0,0,0,1,0,0,1,0.0,-19.121437764647283,1
0,1,0,1,0,0,1,0,0,1,0,0,0,1,1,1,0,1,0,1,1,0,1,0,1,1,1,1,1,1,0,1,0.0,-19.12132508643974,1
1,0,0,0,0,0,1,1,0,1,1,0,1,0,1,0,0,1,0,1,0,0,0,0,0,1,1,1,1,0,0,1,0.0,-19.12103159525914,1
1,0,0,0,1,0,1,1,1,1,1,0,0,0,1,0,0,0,0,1,0,0,0,1,0,1,0,0,1,1,0,1,0.0,-19.120731623864806,1
0,1,1,0,1,0,1,0,1,1,1,1,0,0,0,0,0,1,1,0,0,1,0,0,1,0,0,0,0,1,0,1,0.0,-19.120715101071024,1
0,0,1,1,1,1,0,0,0,1,1,1,0,0,1,0,0,1,0,0,1,0,0,0,1,0,1,1,0,1,0,0,0.0,-19.120709740623383,1
0,1,0,1,1,0,0,0,0,1,1,1,0,0,1,0,1,1,0,0,1,0,0,1,1,0,1,0,0,0,0,1,0.0,-19.120691842650878,1
0,1,0,0,0,0,0,1,1,1,1,0,0,0,0,0,1,1,1,0,0,0,0,1,1,1,0,1,1,1,0,0,0.0,-19.1204749870013,1
0,1,0,1,0,0,1,1,1,0,0,1,0,0,1,0,0,0,0,1,0,1,0,0,0,1,1,1,1,1,0,0,0.0,-19.120459619865194,1
0,0,0,0,1,1,1,0,1,1,1,0,0,0,1,0,0,1,1,1,0,1,1,0,1,0,1,0,1,1,1,1,0.0,-19.120345285254356,1
0,1,1,1,1,0,1,1,1,1,1,1,0,0,1,0,0,1,0,0,0,1,1,0,0,0,1,1,1,1,0,0,0.0,-19.120203194730273,1
0,1,0,0,0,1,1,0,0,1,0,0,0,1,1,0,0,1,0,0,1,0,1,1,0,1,1,0,0,0,1,1,0.0,-19.12016934215028,1
0,0,1,1,1,0,1,0,1,1,1,0,1,0,1,1,1,0,1,1,0,0,0,1,0,1,0,1,1,0,0,1,0.0,-19.11985634551476,1
0,0,0,1,0,0,0,1,1,1,1,0,1,0,1,0,1,1,1,0,0,0,1,0,1,1,0,0,0,0,0,1,0.0,-19.11984229470775,1
1,0,0,0,1,0,1,1,1,0,1,0,0,0,1,0,0,0,1,1,0,0,0,1,0,1,1,1,0,0,0,1,0.0,-19.119545076358072,1
1,1,1,0,0,0,1,0,0,1,1,1,0,0,1,1,1,1,0,1,1,0,1,0,1,1,0,0,1,0,0,1,0.0,-19.119359617428408,1
1,0,0,1,1,0,0,0,1,1,1,0,0,0,1,0,0,1,0,1,0,0,1,1,0,0,0,1,0,1,0,1,0.0,-19.11897944937862,1
0,1,0,1,0,0,1,0,1,1,1,0,0,0,1,0,1,1,0,0,0,0,0,0,1,0,0,1,0,1,1,1,0.0,-19.118933270364977,1
1,0,1,0,1,0,1,0,1,1,0,1,0,0,0,0,0,1,0,0,0,1,1,1,0,1,1,0,0,0,0,1,0.0,-19.118791372297487,1
0,1,1,0,0,1,1,0,1,0,1,1,0,0,1,1,0,0,0,0,0,1,0,0,1,1,1,0,0,1,0,0,0.0,-19.118642294325717,1
0,0,0,0,1,0,1,0,1,1,1,0,1,0,1,0,0,0,0,1,0,0,0,1,0,1,0,1,0,1,1,1,0.0,-19.11842050801029,1
0,1,1,0,1,0,0,0,1,0,0,1,1,0,1,0,0,0,0,1,0,1,0,0,1,1,0,1,1,1,0,0,0.0,-19.11823921299481,1
0,1,1,1,0,0,1,0,0,0,1,0,0,1,1,0,1,1,1,1,0,0,0,1,0,0,0,1,0,0,0,1,0.0,-19.117992122312856,1
0,1,0,1,1,1,1,0,0,0,1,0,0,0,1,0,0,1,0,1,1,0,0,1,0,0,1,1,0,1,0,0,0.0,-19.11791697430138,1
1,0,1,0,1,1,1,0,0,0,0,0,1,0,1,0,1,1,1,1,0,1,1,1,0,1,1,1,0,1,0,0,0.0,-19.117894586740608,1
0,0,1,1,1,0,1,1,0,1,1,0,0,0,1,0,1,1,0,0,0,1,1,0,1,1,1,0,1,1,0,1,0.0,-19.117854066734562,1
0,0,1,1,1,1,1,0,1,1,1,0,1,0,1,0,0,0,0,1,0,1,1,0,1,1,0,0,1,0,1,1,0.0,-19.117800069890286,1
0,1,0,0,0,1,1,0,0,1,1,0,0,0,0,0,0,0,0,1,1,1,1,0,0,1,1,1,0,1,0,1,0.0,-19.117392149324935,1
0,0,0,0,0,1,1,0,0,1,1,0,0,0,1,0,0,1,0,1,1,0,1,0,0,1,1,0,1,1,0,1,0.0,-19.116867974085757,1
0,0,0,0,1,1,1,0,0,1,1,0,0,0,0,0,0,1,0,0,0,1,1,0,1,1,1,1,1,0,0,1,0.0,-19.116838615066875,1
0,1,1,0,0,0,1,0,1,1,1,0,0,1,0,0,1,0,0,0,0,1,1,0,0,1,1,1,1,0,0,0,0.0,-19.116483385425376,1
0,1,0,0,0,0,1,0,1,1,1,1,1,0,1,0,0,1,0,0,0,0,1,1,0,1,1,0,0,1,0,0,0.0,-19.1163584437043,1
0,0,1,1,0,1,1,1,1,1,1,0,0,1,1,0,1,1,1,1,1,0,1,0,0,0,1,0,1,0,0,0,0.0,-19.11612254486993,1
0,1,0,0,1,1,1,1,1,1,0,1,0,0,1,1,0,1,0,0,0,1,0,0,0,1,1,1,1,1,0,1,0.0,-19.116041782341668,1
0,1,1,1,1,0,1,1,1,1,1,0,0,0,1,1,1,1,0,1,0,0,0,0,0,0,0,1,0,1,1,1,0.0,-19.115787207187108,1
1,0,1,0,0,0,1,0,1,1,0,0,0,0,1,0,0,1,0,1,1,0,1,1,0,0,1,1,1,0,0,0,0.0,-19.115561471180417,1
1,1,0,0,0,1,1,1,0,1,1,1,0,0,0,0,0,1,0,1,1,1,1,1,1,1,0,1,0,0,1,0,0.0,-19.115376161958654,1
1,1,1,0,1,0,1,0,0,1,0,1,0,0,1,0,0,1,0,1,0,1,1,0,1,1,1,0,1,1,0,1,0.0,-19.115108758909447,1
0,0,1,0,1,1,1,0,1,0,1,0,1,1,1,0,0,1,0,1,0,0,1,0,1,1,1,1,1,1,0,0,0.0,-19.11506404509234,1
0,1,0,1,0,0,1,0,1,1,1,0,0,0,1,0,1,1,0,0,0,0,1,1,0,1,0,0,0,0,1,1,0.0,-19.11430986337816,1
0,1,0,0,0,1,1,0,1,0,0,1,0,0,1,1,0,0,0,1,0,1,0,0,1,1,0,1,1,0,0,1,0.0,-19.114300030362998,1
0,0,1,1,1,0,1,0,0,0,1,1,0,0,1,0,0,1,0,1,0,1,0,0,1,0,1,1,0,1,0,0,0.0,-19.11406856462144,1
1,1,0,0,0,0,1,0,0,1,1,1,1,0,1,0,1,1,0,1,0,0,0,0,0,1,1,0,0,0,0,1,0.03125,-19.11399698625447,1
0,0,1,0,1,1,1,1,1,1,0,1,0,0,1,0,0,1,1,0,0,0,0,1,1,0,0,0,0,1,0,0,0.0,-19.113918394723132,1
0,1,1,0,0,1,0,1,0,1,1,1,0,0,1,0,0,1,0,1,0,0,1,1,1,1,0,1,1,1,0,1,0.0,-19.113587145035485,1
0,1,1,0,0,1,0,1,1,1,0,1,0,0,1,0,1,0,0,0,1,0,0,0,0,1,1,1,0,0,0,1,0.0,-19.11342514772738,1
0,1,1,0,0,1,1,0,1,1,1,0,0,0,1,1,0,1,0,0,0,0,1,0,0,1,0,0,0,1,0,1,0.0,-19.113409182718947,1
1,0,1,1,1,0,1,0,1,0,0,0,0,0,1,0,0,1,0,1,0,1,1,0,0,1,1,0,0,1,0,0,0.0,-19.112166250306423,1
1,1,1,1,0,0,0,0,1,1,1,1,0,0,1,0,1,1,0,0,1,1,0,0,1,1,1,1,0,1,0,0,0.0,-19.109964249911172,1
0,1,1,1,0,0,1,0,0,1,1,0,0,0,1,0,1,1,1,1,1,0,0,0,1,1,1,1,0,1,0,1,0.0,-19.106342135571452,1
0,0,1,0,0,1,1,0,1,1,1,1,0,0,1,0,0,0,1,1,1,1,1,1,0,1,1,1,0,0,0,1,0.0,-19.105960571549232,1
0,1,1,0,0,0,1,0,0,1,1,0,0,0,1,0,0,0,0,1,0,1,1,1,1,1,0,0,0,1,0,1,0.0,-19.105839906913427,1
0,1,0,0,1,0,1,1,0,1,1,0,0,0,1,0,1,1,1,1,0,0,0,1,1,1,1,1,1,1,0,0,0.0,-19.105184901597656,1
0,1,0,1,0,1,0,0,0,1,1,0,0,0,1,1,0,1,0,1,0,1,0,0,1,1,1,0,0,0,0,1,0.0,-19.104566494156444,1
0,1,1,1,0,0,0,0,0,1,1,0,0,0,1,1,0,1,1,1,0,1,0,0,1,1,1,0,0,0,0,0,0.0,-19.104121567022908,1
1,1,0,0,0,1,1,0,1,1,0,1,0,0,1,0,0,1,0,1,0,0,0,0,0,1,1,1,0,1,0,0,0.0,-19.102729930787497,1
0,1,0,0,1,0,0,0,1,1,1,1,1,0,1,0,1,1,0,1,0,0,1,1,1,1,1,1,0,0,0,1,0.0,-19.10153503839439,1
0,0,1,0,1,1,1,0,1,1,0,1,0,0,1,0,0,1,1,1,0,0,0,1,1,1,1,1,0,1,0,1,0.0,-19.098910788291633,1
1,0,1,0,0,0,1,0,1,0,0,1,1,0,0,1,0,1,0,0,1,0,1,0,0,0,0,0,1,1,1,0,0.0,-18.785837539064055,1
1,0,0,1,0,1,0,1,0,1,1,1,0,0,0,1,0,0,1,0,1,1,0,1,1,1,1,0,1,1,1,1,0.0,-18.781973380351662,1
1,0,0,1,1,0,0,0,0,0,1,0,1,0,1,1,0,0,1,0,0,1,0,0,0,1,0,0,1,1,1,0,0.0,-18.780273392218753,1
1,1,0,0,0,0,0,0,1,1,0,0,0,1,0,0,0,0,1,0,1,0,0,0,0,0,1,1,1,1,1,1,0.0,-18.778105062620938,1
1,1,0,0,0,0,0,0,0,1,0,0,1,0,1,1,0,0,0,0,1,0,1,0,0,1,0,0,1,1,1,1,0.0,-18.777254295527854,1
1,1,0,1,1,0,0,0,0,0,1,1,0,1,0,0,0,0,0,0,1,0,0,0,0,1,1,0,1,1,0,1,0.0,-18.777174473796236,1
1,0,0,1,1,1,0,0,0,0,0,1,0,0,1,1,0,0,1,0,0,0,1,0,0,1,0,0,1,1,0,1,0.0,-18.77710224314867,1
1,0,1,0,0,0,1,0,0,0,0,0,1,0,1,1,1,0,1,0,0,0,1,0,1,0,1,0,0,1,1,0,0.0,-18.776669741339425,1
1,0,0,1,0,0,0,1,0,0,1,1,1,0,0,0,0,0,0,0,1,0,1,0,1,1,1,1,1,0,0,0,0.0,-18.775443371683444,1
1,1,0,1,0,1,0,0,1,1,1,1,1,0,1,1,0,0,1,0,1,0,1,0,0,1,1,0,1,1,0,1,0.0,-18.77463454156083,1
0,0,0,1,0,0,0,0,0,0,1,0,1,1,0,1,0,0,0,0,1,0,1,1,1,1,1,0,0,1,0,1,0.0,-18.774212838168218,1
1,1,1,1,0,1,0,1,0,1,1,1,1,1,0,0,0,1,1,0,1,1,1,1,0,0,0,0,1,0,0,1,0.0,-18.773821769938777,1
0,0,0,1,0,1,1,0,0,0,1,1,1,0,0,0,1,0,0,0,0,1,1,0,1,0,0,0,1,1,0,1,0.0,-18.773476292858707,1
1,1,1,1,1,1,1,0,0,1,0,1,1,0,0,0,1,0,0,0,1,0,1,1,0,1,0,1,1,0,1,1,0.0,-18.77200061978913,1
1,0,1,0,0,1,0,0,0,0,1,1,0,1,1,1,0,1,0,0,0,0,0,0,0,0,1,0,1,1,0,1,0.0,-18.771929421300708,1
1,0,0,0,1,1,0,0,1,1,1,0,1,0,0,1,1,0,0,1,1,0,0,1,1,0,1,1,1,1,1,1,0.0,-18.77166728486613,1
1,0,1,0,0,0,1,0,0,0,1,0,0,1,1,1,0,0,0,0,0,0,1,0,0,1,1,0,1,0,1,1,0.0,-18.771561185963115,1
1,1,0,0,0,1,1,0,0,1,1,0,0,0,0,1,1,0,0,0,1,0,0,0,0,0,1,0,1,1,0,1,0.0,-18.771199242362783,1
0,0,1,0,0,0,0,1,0,0,1,1,0,0,0,1,0,0,0,1,0,0,0,0,1,1,1,0,1,1,1,1,0.0,-18.770666615492047,1
0,0,0,1,0,1,0,0,1,0,1,0,0,0,1,1,1,0,0,0,0,0,1,0,1,0,1,0,1,1,1,0,0.0,-18.769711630701998,1
1,1,0,1,0,0,0,0,1,0,1,1,0,0,0,0,0,1,0,0,1,1,0,0,0,0,0,1,1,1,0,1,0.0,-18.769168085778617,1
0,1,1,1,0,0,0,0,0,0,1,1,0,0,0,0,0,0,1,1,0,1,0,1,0,0,1,0,1,1,0,1,0.0,-18.768684715268876,1
1,0,0,1,1,1,1,0,0,1,1,1,1,0,1,0,0,1,1,0,0,0,1,1,0,0,1,1,1,1,0,1,0.0,-18.76833910124617,1
1,1,0,0,1,0,0,0,0,0,0,1,0,0,1,1,0,1,1,0,0,1,1,0,1,0,0,0,1,0,1,0,0.0,-18.768066982853497,1
1,1,0,1,0,1,0,0,1,1,1,1,0,0,0,0,0,0,1,0,0,0,0,1,0,0,0,1,0,1,1,0,0.0,-18.767931908763742,1
1,0,0,0,0,1,1,0,1,1,1,1,1,0,0,0,0,0,1,0,0,0,0,0,0,1,0,0,1,1,0,1,0.0,-18.767741450744808,1
1,0,1,1,1,0,0,1,0,0,1,0,1,0,1,1,0,0,1,1,1,1,1,0,1,1,1,0,1,0,0,1,0.0,-18.76736176302811,1
1,0,0,1,1,0,1,0,1,0,1,1,0,1,0,0,0,0,0,0,0,1,1,0,0,1,0,0,1,0,1,0,0.0,-18.767264677937394,1
0,1,1,0,0,0,1,1,0,0,1,0,0,1,0,1,0,1,0,0,1,0,1,0,0,0,0,1,0,0,1,1,0.0,-18.76674976205938,1
1,1,0,1,0,0,1,0,0,0,1,0,1,0,1,1,0,0,0,1,0,0,0,0,0,1,1,0,1,0,1,0,0.0,-18.766414678834522,1
1,1,1,0,1,1,1,1,1,0,0,1,1,0,0,0,1,0,0,0,1,0,1,1,1,1,1,0,1,0,0,1,0.0,-18.76570456873052,1
0,0,0,0,0,0,0,0,0,1,1,1,0,0,1,1,0,1,0,0,1,0,1,0,0,0,1,1,1,0,1,1,0.0,-18.765409102054235,1
1,1,1,0,0,0,0,0,0,0,1,0,1,1,1,1,0,0,0,1,0,0,0,1,1,0,0,0,1,0,0,1,0.0,-18.765365879203237,1
0,1,1,0,0,0,0,0,0,1,1,1,0,0,0,0,0,0,0,0,0,1,1,0,0,1,1,0,1,1,1,1,0.0,-18.76528384850991,1
1,0,1,1,1,0,0,0,0,1,0,0,1,0,1,0,0,1,0,0,1,0,1,0,0,0,1,0,1,0,0,1,0.03125,-18.76526646155523,1
1,0,0,1,0,1,0,0,0,1,0,0,0,1,1,1,0,0,0,0,1,1,0,0,0,1,0,0,1,0,1,1,0.0,-18.765230966558832,1
0,0,0,1,0,1,0,0,1,1,0,1,1,0,0,0,0,0,0,0,0,1,1,0,1,0,0,1,1,1,0,1,0.0,-18.765208605465833,1
0,1,1,1,0,0,0,0,0,1,1,0,1,1,0,0,0,0,0,0,0,1,1,1,0,0,0,1,1,0,0,1,0.0,-18.765200546382175,1
0,0,0,1,0,1,0,0,0,0,0,0,1,0,1,0,0,1,0,0,0,0,1,1,1,0,1,1,1,1,0,1,0.0,-18.765021524780725,1
0,1,0,0,0,0,0,0,1,0,1,1,0,1,0,1,0,0,0,0,1,0,1,1,1,1,0,0,1,1,0,0,0.0,-18.76495990876804,1
0,0,0,1,0,0,1,0,1,0,1,0,1,0,1,0,1,1,0,0,0,0,0,0,1,0,0,0,1,1,1,1,0.0,-18.764912376577723,1
0,0,1,1,0,0,0,0,0,1,1,0,1,0,0,0,1,0,1,0,1,0,1,0,1,1,0,0,1,0,0,1,0.0,-18.764593734404293,1
1,0,1,0,0,0,0,0,1,0,0,1,0,0,1,1,1,0,1,0,0,0,0,1,0,1,1,0,1,0,0,1,0.0,-18.764424002433557,1
1,1,0,0,0,0,1,0,0,0,1,0,1,0,1,1,0,1,0,1,0,0,1,0,0,0,0,1,1,0,1,0,0.0,-18.763998135846368,1
1,1,0,0,1,0,0,0,0,1,1,0,0,0,0,0,1,0,0,0,0,1,1,0,0,0,1,1,1,1,0,1,0.0,-18.76373041038211,1
1,1,0,1,0,1,0,0,0,0,0,0,0,0,1,0,0,1,0,1,0,0,0,0,1,0,1,0,1,1,1,1,0.0,-18.763373845222034,1
0,0,0,0,0,0,1,0,0,0,1,1,0,1,0,1,0,0,0,0,1,1,1,1,1,0,1,1,0,0,0,1,0.0,-18.763273714006264,1
1,0,0,0,0,1,0,0,0,1,0,1,1,0,1,0,0,0,1,1,1,0,1,1,0,0,1,0,1,0,0,0,0.0,-18.763256071774606,1
0,0,0,1,0,0,1,1,0,1,1,1,1,1,1,0,1,0,1,0,1,0,1,1,0,1,1,1,0,1,1,0,0.0,-18.763193429435503,1
1,0,0,1,0,1,1,0,0,1,1,0,0,0,1,0,0,0,1,0,1,0,1,0,1,0,0,0,1,1,0,0,0.0,-18.763100591640416,1
0,1,1,0,1,1,1,0,1,0,1,1,1,0,1,1,1,1,0,0,1,0,0,0,1,0,1,0,1,1,1,0,0.0,-18.76304716013983,1
0,0,0,1,0,1,1,0,0,1,1,1,1,0,0,0,0,1,0,0,0,0,1,0,1,0,1,0,1,0,0,1,0.0,-18.762644378160296,1
1,1,1,0,1,1,1,0,1,0,1,1,0,1,0,1,0,1,1,1,0,0,1,0,0,1,0,0,1,1,1,0,0.0,-18.762589657354525,1
0,1,0,1,1,0,1,0,0,0,1,1,0,0,0,0,0,0,0,1,0,1,0,1,0,0,1,0,1,1,0,1,0.0,-18.76248349281464,1
1,1,0,1,0,1,0,0,0,0,1,1,1,0,1,0,0,0,0,1,0,0,0,0,0,1,1,0,1,1,0,0,0.0,-18.7622207104453,1
0,0,1,0,0,1,1,0,0,0,0,1,0,1,1,0,0,1,0,0,0,0,1,0,0,0,1,1,1,0,1,1,0.0,-18.762037956003052,1
0,0,0,0,0,0,0,0,0,0,1,1,1,1,1,0,0,1,1,1,0,0,0,1,0,0,0,1,1,1,0,1,0.0,-18.761780274470908,1
1,1,1,0,0,1,1,0,0,1,0,0,1,0,0,0,0,0,1,1,0,0,1,0,1,0,0,0,1,1,0,0,0.0,-18.76176692547572,1
1,0,0,0,0,1,0,0,0,1,0,0,0,0,0,0,0,1,0,0,1,1,1,0,1,1,0,0,1,1,1,1,0.0,-18.76173723495765,1
0,0,1,1,0,1,0,0,0,1,1,0,1,0,0,0,0,1,0,0,1,1,1,0,0,0,0,1,0,0,1,1,0.0,-18.761240394156303,1
0,1,0,1,1,0,1,0,0,0,1,0,0,0,0,0,0,1,0,0,0,1,1,0,1,0,1,0,1,1,0,1,0.0,-18.761154933871822,1
0,1,0,1,1,1,1,0,0,0,1,0,1,0,1,1,0,1,1,0,1,0,0,0,0,0,0,0,0,0,0,1,0.0,-18.760516944322703,1
1,1,0,1,0,1,1,0,0,1,1,1,0,0,1,1,0,1,0,0,0,1,1,1,0,0,1,1,0,1,1,1,0.0,-18.76044657320296,1
0,0,0,0,0,1,1,1,1,1,1,1,1,0,1,1,0,0,1,0,1,0,1,0,1,1,0,1,1,1,0,1,0.0,-18.760307153765318,1
0,1,0,0,0,1,0,0,1,0,1,1,1,1,1,1,0,0,0,0,1,1,0,0,1,0,0,0,1,0,0,0,0.0,-18.759843927388857,1
1,1,1,1,1,0,1,0,0,0,0,0,1,0,1,0,0,1,1,0,1,1,1,1,0,1,1,1,1,0,0,1,0.0,-18.759697743212673,1
0,1,0,1,1,0,1,1,0,1,1,1,1,0,1,0,0,1,0,1,1,1,1,0,0,0,0,0,1,1,1,1,0.0,-18.75953009878495,1
0,1,0,0,0,0,0,0,0,0,1,1,0,1,1,0,0,1,0,0,0,0,1,0,1,0,1,1,1,1,0,1,0.0,-18.75901159400111,1
1,1,1,0,0,1,1,0,1,1,1,1,0,0,1,1,0,1,0,0,1,1,1,0,0,0,1,0,1,1,1,0,0.0,-18.758911377489046,1
1,1,0,0,0,0,0,0,0,0,1,0,1,1,1,0,0,1,1,0,1,1,0,0,1,0,1,0,0,0,0,1,0.0,-18.75880388332147,1
1,1,0,1,1,0,1,0,1,1,1,1,1,1,1,0,0,0,0,1,1,0,1,1,0,0,0,1,1,0,1,0,0.0,-18.758791131192446,1
0,0,0,0,0,1,0,1,0,1,1,0,1,0,0,0,0,0,1,0,1,1,1,1,0,1,0,1,1,0,0,0,0.0,-18.7585405873747,1
0,1,0,1,1,1,0,1,0,1,1,0,1,0,1,0,0,1,1,0,1,0,0,1,0,1,1,1,1,0,1,1,0.0,-18.758342857547888,1
0,0,0,0,0,0,1,0,0,0,1,0,0,0,1,1,0,0,1,0,1,0,0,1,1,1,1,1,0,0,1,1,0.0,-18.758284455709546,1
1,0,1,0,0,1,1,0,0,1,0,0,1,1,1,0,0,1,0,0,0,0,0,0,0,0,1,1,1,0,1,0,0.0,-18.758276357875125,1
0,1,0,1,0,0,0,1,0,1,1,1,0,0,0,0,0,1,0,0,0,0,1,1,0,1,0,0,1,1,0,1,0.0,-18.75826895459199,1
0,1,0,1,1,0,0,0,0,1,1,1,1,0,1,1,0,1,0,0,0,0,0,0,0,1,0,0,1,0,1,0,0.0,-18.758217162773445,1
1,0,0,0,0,1,0,0,0,1,0,0,0,0,0,0,0,1,0,1,1,0,1,0,0,1,0,1,1,1,1,1,0.0,-18.758039668400038,1
1,0,1,1,1,0,1,0,0,1,1,1,0,0,1,1,0,0,1,0,0,0,0,0,1,0,0,0,0,1,0,0,0.03125,-18.757982304045456,1
0,1,0,0,0,1,0,0,0,1,1,1,0,0,1,1,0,0,0,1,1,0,0,0,0,0,1,0,1,1,0,1,0.0,-18.75777128701857,1
0,0,0,0,0,0,0,1,1,1,1,0,0,0,1,0,0,1,1,0,0,0,1,1,0,0,1,0,1,0,1,1,0.0,-18.757723340748278,1
1,0,0,0,0,1,0,0,0,1,1,0,1,0,0,0,0,0,1,1,1,1,0,1,1,0,1,0,0,1,0,0,0.0,-18.757336025023157,1
1,1,0,0,1,0,0,0,1,1,0,1,0,1,0,0,0,0,0,0,1,0,0,0,0,1,1,1,1,0,0,1,0.0,-18.757326839260656,1
1,1,0,1,0,0,1,0,1,0,0,0,0,0,1,1,1,1,0,0,0,0,0,0,0,0,1,1,1,0,0,1,0.0,-18.756752067649963,1
1,0,0,1,0,0,0,0,0,1,1,1,1,0,1,0,0,1,0,0,1,1,0,0,0,1,0,0,1,0,0,1,0.0,-18.75648835509805,1
1,1,1,1,1,1,1,1,1,1,1,1,0,0,0,0,1,1,0,0,0,0,0,0,1,0,1,0,0,1,1,1,0.0,-18.756450655330838,1
0,0,1,0,0,0,0,0,0,0,1,0,0,0,0,1,1,1,0,0,1,1,1,0,1,1,1,0,0,0,1,1,0.0,-18.75638276491921,1
1,1,0,1,0,1,0,1,1,1,1,1,1,0,1,1,0,0,1,1,0,0,0,0,1,1,1,0,1,0,0,1,0.0,-18.756351604581344,1
1,1,0,0,0,0,1,0,1,0,1,0,1,1,1,0,0,1,0,0,0,0,1,0,1,0,1,0,0,0,1,0,0.0,-18.756242805336697,1
1,0,0,1,1,1,0,1,0,1,0,1,0,0,0,0,0,1,0,0,1,0,0,0,0,1,1,1,0,0,1,0,0.0,-18.7559504085895,1
1,0,0,0,1,1,0,0,0,1,1,0,0,0,0,0,0,0,0,0,1,1,0,0,1,1,0,1,0,1,1,1,0.0,-18.75595034212094,1
0,1,1,1,1,0,0,0,0,1,1,0,0,0,0,1,0,1,0,0,1,0,0,0,0,1,0,1,1,0,1,0,0.0,-18.75569733252588,1
0,1,0,0,0,1,1,0,0,0,0,0,0,0,1,1,0,1,0,0,1,1,0,0,0,0,1,1,1,1,0,1,0.0,-18.755687179021024,1
0,1,0,1,1,0,1,0,0,0,1,1,0,0,0,0,0,0,1,1,1,0,0,0,1,0,1,1,0,0,0,1,0.0,-18.75549627662336,1
0,1,1,0,0,1,1,1,0,0,1,0,0,1,0,1,0,1,1,1,1,1,0,1,1,1,0,0,1,1,1,0,0.0,-18.755344993757873,1
0,0,0,1,0,1,0,0,1,0,1,0,1,0,1,0,1,0,1,0,0,0,0,0,1,1,0,1,1,1,0,0,0.0,-18.755324845253917,1
1,0,0,0,0,0,1,0,0,1,0,0,0,0,1,0,0,1,0,0,1,0,0,1,0,1,0,1,1,1,1,1,0.0,-18.755209119544247,1
0,0,1,1,0,1,1,0,0,1,0,0,0,0,1,1,0,0,0,0,1,0,1,0,0,1,1,0,0,1,1,0,0.0,-18.75490354637951,1
1,0,1,0,0,0,0,0,1,1,1,0,1,0,1,0,1,0,0,0,1,0,0,1,1,0,1,0,1,0,0,0,0.0,-18.75452901468308,1
0,1,0,0,0,0,0,0,0,1,0,1,0,0,1,1,0,0,1,1,0,1,0,0,0,0,1,1,1,1,0,1,0.03125,-18.75442409549371,1
0,0,0,1,0,1,0,1,0,1,1,0,1,1,0,0,1,1,0,0,0,0,0,0,0,1,0,1,1,0,0,1,0.0,-18.754119333875643,1
0,0,0,1,1,1,1,0,0,1,1,0,1,0,1,0,0,0,0,0,1,0,0,0,0,1,1,0,1,1,0,0,0.0,-18.75404634197327,1
0,1,0,0,0,0,0,0,1,1,0,0,0,0,1,1,0,1,1,0,1,0,0,0,0,1,1,0,1,1,1,0,0.0,-18.754027766827864,1
0,0,1,1,1,1,1,1,1,1,1,1,1,0,1,1,1,0,0,0,0,0,1,0,0,1,1,0,1,0,0,1,0.0,-18.75377260194824,1
1,0,0,0,0,0,0,0,0,0,1,1,0,0,1,0,0,1,0,0,1,1,0,1,0,1,1,1,1,1,0,0,0.0,-18.75367303401049,1
1,0,0,1,0,0,1,0,0,0,0,1,1,0,1,0,0,1,1,0,0,1,0,1,0,1,0,1,0,0,0,1,0.0,-18.753571336279933,1
0,1,0,0,0,0,1,1,0,0,1,0,0,0,1,1,1,1,0,0,0,0,0,0,0,1,1,0,1,1,0,1,0.0,-18.753309081836086,1
1,0,1,1,0,1,0,1,1,1,0,0,1,0,1,1,1,1,1,0,1,0,0,0,1,1,1,0,0,1,0,1,0.0,-18.753279940653837,1
0,0,0,0,0,0,1,1,0,1,1,0,1,0,0,0,0,1,1,0,0,0,0,0,1,1,1,1,1,1,0,0,0.0,-18.753029183368213,1
0,0,0,1,1,0,0,0,0,1,1,0,1,0,1,0,0,0,0,0,1,0,0,0,1,1,1,1,0,0,1,1,0.0,-18.75285752215972,1
1,0,1,1,0,0,0,0,0,1,1,0,1,0,1,0,0,0,0,0,1,0,0,0,1,1,1,1,0,1,0,0,0.0,-18.752850914199946,1
1,0,0,0,0,1,1,1,0,1,0,1,0,0,1,1,0,1,0,0,0,0,0,0,0,1,1,0,1,1,0,0,0.0,-18.75280356293191,1
0,1,0,1,0,1,0,0,1,1,0,1,0,0,0,0,0,1,0,0,0,1,0,0,0,1,1,0,1,1,1,0,0.0,-18.752532870264666,1
0,1,0,1,0,1,0,0,1,1,0,0,1,0,1,0,1,1,0,0,1,0,1,0,1,1,1,1,1,1,1,1,0.0,-18.75249107368003,1
1,1,0,1,0,1,1,0,0,1,1,0,1,0,0,1,0,1,0,0,0,0,0,1,0,1,1,0,0,0,0,0,0.0,-18.752214256383613,1
0,0,0,1,0,1,0,0,0,1,1,1,0,0,1,0,0,0,1,0,1,0,0,1,0,1,1,1,0,0,1,0,0.0,-18.752112545013134,1
1,1,0,1,0,0,0,1,0,0,0,0,0,0,0,0,1,1,0,0,1,1,0,1,1,1,1,0,0,1,0,0,0.0,-18.752003949770575,1
0,1,0,0,1,0,0,1,1,1,1,0,0,0,0,1,0,0,0,0,0,0,1,0,0,1,1,1,0,1,0,1,0.0,-18.752003811492116,1
0,1,0,0,0,1,0,0,0,1,0,0,1,0,0,1,0,0,0,1,0,0,1,1,1,1,1,0,0,1,0,1,0.0,-18.751919802375692,1
0,1,0,0,0,1,1,0,0,0,1,0,0,0,1,0,1,1,0,0,1,0,1,0,0,0,1,1,0,1,1,0,0.0,-18.751866765079445,1
0,1,0,1,1,0,1,0,0,1,1,0,1,1,0,0,0,0,0,0,0,0,0,0,1,1,0,1,0,1,0,1,0.0,-18.751683027687022,1
1,0,0,1,0,0,1,0,0,1,0,1,0,0,1,1,1,0,1,0,0,1,0,0,0,1,1,0,0,1,0,0,0.0,-18.751679231068195,1
1,1,0,1,1,1,1,0,1,1,1,1,0,0,1,1,0,0,0,0,1,0,0,1,1,1,1,0,1,1,0,0,0.0,-18.75159724904361,1
0,0,0,0,0,0,0,0,0,1,1,0,0,1,1,1,0,0,0,1,1,0,0,1,0,1,1,0,1,1,0,1,0.0,-18.751526867980118,1
1,1,0,1,0,0,1,0,0,0,1,0,0,0,1,1,0,1,0,0,0,0,1,0,1,1,0,1,1,0,0,0,0.0,-18.75150404389856,1
0,0,1,0,1,1,0,0,1,1,0,1,0,0,0,1,0,1,0,0,1,0,0,0,0,1,1,0,1,1,0,0,0.0,-18.751462087368473,1
1,0,1,0,0,0,1,0,1,0,1,0,0,0,1,1,0,1,0,0,0,0,0,1,0,1,1,0,1,0,0,1,0.0,-18.751392659862233,1
0,1,1,1,1,0,0,0,0,0,1,1,0,0,1,0,0,1,0,0,0,0,1,0,0,1,0,1,1,1,0,0,0.0,-18.751288908813677,1
0,1,0,1,1,1,1,0,0,1,1,0,1,0,0,0,0,0,1,0,0,0,0,1,1,1,0,0,0,1,0,0,0.0,-18.75106392679378,1
0,1,0,1,1,0,1,0,0,0,1,1,0,1,1,0,1,0,0,0,0,0,1,1,0,1,0,0,1,0,0,0,0.0,-18.750819306121972,1
0,1,0,0,0,1,1,0,0,1,1,0,0,0,1,1,0,0,1,0,0,0,0,0,1,1,0,0,1,1,0,1,0.0,-18.750744272032094,1
0,1,1,0,0,0,1,0,1,1,1,0,0,1,0,0,0,0,0,1,0,0,0,1,0,0,0,1,1,1,1,0,0.0,-18.750681427159414,1
0,0,0,0,0,0,1,0,0,1,1,1,0,0,0,0,0,1,1,1,1,1,0,0,1,0,0,0,1,1,0,1,0.0,-18.75059322661707,1
0,0,0,1,1,1,0,0,1,0,1,1,0,0,1,0,0,1,0,0,0,0,1,0,1,1,0,0,1,0,1,0,0.0,-18.750174508206676,1
0,0,0,1,0,1,1,1,0,0,0,0,0,0,1,0,0,1,1,0,0,0,1,0,0,1,1,1,0,1,0,1,0.0,-18.75009240351276,1
0,0,0,1,1,1,0,1,0,1,1,0,0,0,1,0,1,0,0,0,0,0,1,0,1,0,0,1,1,0,0,1,0.03125,-18.749717862896915,1
1,1,1,0,0,0,1,0,0,0,1,0,0,0,1,0,0,1,0,0,0,0,0,0,1,1,1,1,1,0,1,0,0.0,-18.748852747180017,1
0,0,0,0,0,0,1,0,0,0,1,0,0,0,1,1,0,1,0,1,0,0,1,1,0,1,1,0,0,1,1,1,0.0,-18.74876078553273,1
0,1,0,0,1,0,0,0,1,1,0,1,0,1,0,0,1,0,0,0,0,0,0,1,0,1,1,1,0,1,1,0,0.0,-18.748688030997634,1
0,1,0,0,1,1,0,0,1,0,1,0,1,0,0,0,1,1,0,1,0,1,0,0,0,0,1,0,1,0,0,1,0.0,-18.748512995194673,1
0,1,0,0,1,0,1,1,0,1,1,0,0,0,0,0,1,1,0,0,1,0,0,0,0,1,1,0,1,0,1,0,0.0,-18.7484789680399,1
0,0,0,0,0,1,1,0,1,1,1,0,0,0,0,1,0,0,0,0,1,1,0,0,1,1,1,0,0,1,1,0,0.0,-18.748400372022644,1
1,1,0,1,0,0,1,0,0,1,1,0,0,0,1,0,0,0,0,0,0,0,0,0,1,1,1,1,1,1,0,0,0.0,-18.748320498994246,1
0,1,1,0,0,0,1,0,1,0,1,1,0,1,1,0,0,0,0,0,0,0,1,0,0,1,0,1,1,0,0,1,0.0,-18.74817061501235,1
0,1,1,1,0,0,1,0,1,1,1,1,1,1,1,1,0,1,1,0,0,1,0,1,0,1,0,0,1,1,0,0,0.0,-18.74812783372095,1
0,0,0,1,1,0,1,0,0,1,1,0,0,1,1,0,0,1,1,0,0,0,0,1,1,0,0,0,0,0,1,1,0.0,-18.748123735240753,1
0,1,1,1,0,0,1,1,0,1,1,1,0,0,1,1,0,0,1,1,0,1,1,1,0,1,1,0,1,0,0,1,0.0,-18.747559790388898,1
0,1,0,0,0,1,1,0,1,0,1,1,1,0,1,0,0,1,1,1,0,0,1,1,1,1,0,1,1,1,1,0,0.0,-18.747098325326213,1
1,0,0,0,0,1,1,0,0,0,0,1,0,0,1,0,0,1,0,0,0,1,1,0,1,1,0,1,1,1,0,0,0.0,-18.747089383683928,1
0,0,0,0,0,1,0,0,1,1,1,0,0,0,1,0,1,1,0,0,1,0,0,1,0,0,1,0,1,1,0,1,0.0,-18.746751129248466,1
1,0,0,1,0,1,1,0,0,0,1,1,1,0,1,1,1,1,1,1,0,0,1,1,1,1,1,1,0,0,0,0,0.0,-18.746725213528396,1
0,1,0,1,1,0,0,0,1,1,1,0,0,0,1,1,0,1,0,0,0,0,1,0,1,0,0,0,1,0,0,1,0.0,-18.746592565342404,1
0,0,0,1,0,1,1,0,1,0,1,0,0,0,0,0,0,1,0,0,1,1,1,0,0,1,0,1,0,1,0,1,0.0,-18.746480419716324,1
1,1,0,0,0,1,0,0,1,0,1,0,0,0,1,0,1,0,1,0,0,0,0,1,1,1,0,1,1,0,0,0,0.0,-18.746046124316457,1
0,1,1,1,0,1,1,0,1,1,1,1,1,1,0,0,0,0,1,1,0,1,1,1,0,1,1,0,1,0,0,0,0.0,-18.746004186210378,1
1,0,0,1,0,1,1,0,0,1,1,1,1,0,1,1,1,1,0,1,0,0,0,0,1,1,1,1,1,1,0,0,0.0,-18.745524953792206,1
0,0,0,0,1,1,0,1,0,1,1,1,1,0,1,1,0,1,0,1,1,0,1,0,1,1,1,1,1,0,0,1,0.0,-18.744882472938045,1
1,0,0,0,1,0,0,0,1,1,0,0,1,0,1,0,0,1,0,0,1,0,0,0,0,1,1,1,0,1,0,1,0.0,-18.744757044522437,1
0,1,0,1,0,1,1,1,0,0,1,0,0,0,1,0,1,0,1,0,0,0,0,1,1,1,0,0,0,0,0,1,0.0,-18.74443473313758,1
0,0,1,0,0,0,1,0,1,1,0,0,0,1,1,1,0,1,0,0,0,0,0,1,0,0,1,1,1,1,0,0,0.0,-18.744209195748127,1
0,0,0,0,0,1,1,0,0,1,1,0,1,1,0,0,0,1,0,0,0,1,0,0,0,1,1,1,0,1,0,1,0.0,-18.743682075349923,1
0,1,0,0,1,1,1,0,0,1,0,0,0,0,1,1,0,0,0,0,1,1,0,0,0,0,1,1,0,1,0,1,0.0,-18.74347159608441,1
0,1,0,0,1,1,0,0,1,1,0,0,0,0,1,0,1,0,1,0,0,0,0,1,0,1,0,0,1,1,0,1,0.0,-18.743167298006917,1
1,0,1,0,0,0,1,1,0,0,1,1,1,0,1,0,0,1,1,1,0,0,0,0,0,1,0,1,0,0,0,0,0.0,-18.742960283917277,1
0,0,0,0,0,0,0,0,1,1,1,0,0,0,1,1,0,1,1,0,1,0,1,0,1,1,1,0,1,0,0,0,0.0,-18.742803024417668,1
1,0,0,0,0,0,0,1,1,0,1,0,0,0,1,1,0,1,0,1,1,0,0,1,0,1,1,0,0,0,0,1,0.0,-18.742297499570814,1
0,0,0,1,0,1,1,0,0,1,1,0,1,0,1,0,1,1,0,0,0,1,0,0,0,0,1,1,0,0,1,0,0.0,-18.742262294441097,1
0,1,1,1,1,1,0,0,1,1,1,0,1,0,0,0,1,1,1,1,0,0,1,0,0,1,1,1,0,0,1,1,0.0,-18.74192489566495,1
0,0,0,0,1,1,0,0,0,1,0,0,0,1,1,0,0,0,0,1,1,1,0,0,1,0,0,1,0,1,1,1,0.0,-18.74107486129526,1
0,0,0,0,1,0,1,0,0,0,1,0,0,1,1,0,1,1,1,1,0,0,1,0,0,1,0,0,1,1,0,0,0.0,-18.741070667377848,1
1,0,1,1,1,0,1,0,1,1,1,0,0,0,1,1,0,1,0,1,1,0,0,0,0,1,1,1,1,1,0,1,0.0,-18.74083488176698,1
0,1,0,1,0,1,0,0,1,1,1,0,1,0,1,0,0,0,0,0,0,1,1,0,1,1,0,0,1,0,0,0,0.0,-18.740255020057614,1
0,0,1,0,0,0,0,1,1,0,1,0,0,0,1,0,0,0,0,1,0,1,1,0,0,1,1,1,1,0,0,1,0.0,-18.740047400930408,1
0,1,0,0,1,1,0,0,1,1,0,0,0,1,1,0,0,0,1,0,1,1,0,0,1,0,0,0,0,1,0,1,0.0,-18.740046565553808,1
1,1,0,1,0,1,1,0,1,1,1,1,1,0,1,1,0,0,0,1,0,1,1,0,1,1,1,0,0,0,0,1,0.0,-18.7394785332632,1
0,1,0,1,1,0,0,0,1,1,0,0,0,1,0,0,1,0,1,0,0,1,1,0,1,1,0,0,0,0,0,1,0.0,-18.73916736804535,1
0,1,0,0,0,1,1,0,0,1,1,1,0,0,1,0,0,0,0,0,0,1,1,1,0,1,1,0,1,0,0,0,0.0,-18.739089147822845,1
1,1,0,1,1,0,0,1,1,1,0,0,0,1,1,0,1,0,0,1,1,0,0,1,1,1,1,1,0,0,1,1,0.0,-18.73772977718808,1
0,1,1,0,0,0,0,0,0,0,1,0,0,0,1,0,1,1,1,0,1,0,0,1,1,1,0,1,0,0,0,1,0.0,-18.736941569628936,1
1,0,1,1,0,0,1,1,0,1,1,0,0,0,1,0,0,0,0,1,0,0,0,0,0,1,1,1,0,0,0,1,0.0,-18.736940128274114,1
0,0,0,0,1,0,0,0,0,1,0,0,0,1,1,0,1,1,0,1,1,0,0,0,1,1,0,0,1,0,1,1,0.0,-18.736296348513918,1
0,1,1,0,0,1,1,0,1,1,0,0,1,0,1,0,0,1,1,0,1,0,1,0,1,0,0,0,0,0,0,0,0.0,-18.736011066834557,1
0,0,0,1,1,1,0,0,0,1,0,1,0,0,1,1,0,1,1,0,0,1,0,0,0,1,1,1,0,0,0,0,0.0,-18.734342426949087,1
0,0,0,1,0,1,0,0,1,0,0,1,0,0,1,0,1,0,0,1,1,1,0,0,1,1,1,0,0,1,0,0,0.0,-18.733799281189796,1
0,1,0,0,1,0,1,1,0,1,0,0,0,1,1,0,0,1,0,0,0,0,0,0,0,1,1,1,0,1,0,1,0.03125,-18.733000316237884,1
0,1,0,0,1,1,1,0,0,1,1,0,0,1,1,0,1,1,0,0,0,0,1,0,1,0,0,0,0,1,0,0,0.0,-18.732087027863912,1
0,1,0,1,0,1,0,0,0,0,0,0,0,0,1,0,0,1,0,1,1,1,0,0,1,1,0,1,0,1,0,1,0.0,-18.731619470255225,1
0,1,0,1,1,1,1,0,1,0,0,0,0,0,1,0,1,0,0,0,1,0,0,0,1,1,1,1,0,0,0,0,0.0,-18.72903176917382,1
0,1,1,1,1,1,0,0,0,1,1,0,0,0,1,0,1,1,0,0,0,0,0,0,0,1,0,1,0,0,0,1,0.0,-18.72605532238869,1
0,0,0,0,1,1,0,0,1,1,0,0,0,0,1,1,1,1,0,0,0,1,0,0,1,1,0,0,0,1,0,1,0.0,-18.724857655929437,1
1,1,0,1,0,0,0,0,1,0,1,0,0,0,0,0,0,0,1,0,1,0,0,0,1,0,1,0,1,1,0,1,0.0,-18.247255458154786,1
1,0,1,1,0,0,1,0,0,0,1,1,1,0,1,0,0,0,0,0,0,0,1,0,0,0,1,0,1,0,0,1,0.0,-18.245518384119503,1
0,1,0,0,0,0,0,0,0,1,0,1,1,1,0,1,1,0,0,0,1,0,1,0,0,0,1,0,1,0,0,1,0.0,-18.244578905089178,1
0,1,0,1,0,0,1,0,0,1,1,0,1,0,0,1,0,0,0,0,1,0,1,0,0,0,1,0,1,0,0,1,0.0,-18.24358477415285,1
0,1,1,1,0,0,0,0,0,0,1,1,1,0,0,1,0,1,0,0,1,0,0,0,0,0,1,1,0,0,0,1,0.0,-18.23908953654189,1
0,0,0,0,0,0,0,0,0,0,1,1,1,0,0,1,1,0,1,0,0,1,0,1,0,1,1,0,0,1,0,1,0.03125,-18.239020451297453,1
1,0,0,1,1,0,0,0,0,0,1,1,0,0,1,1,0,1,1,0,0,0,0,0,0,0,0,1,0,1,0,1,0.0,-18.237733273053685,1
0,0,0,0,0,0,1,0,0,0,1,1,0,0,0,1,1,0,0,0,1,0,0,0,1,1,1,0,1,1,0,1,0.0,-18.236295306720447,1
1,1,1,0,1,1,1,1,0,0,0,0,1,1,0,1,1,1,0,0,0,0,1,1,1,1,0,1,1,1,0,1,0.0,-18.235770446038607,1
1,1,0,0,1,1,1,0,1,1,1,1,1,0,0,1,1,0,0,0,1,0,1,0,1,1,1,0,1,1,0,1,0.0,-18.23575828105907,1
1,1,0,0,1,0,1,0,0,1,1,1,1,0,1,0,1,1,1,0,0,0,1,1,1,0,0,1,1,1,1,1,0.0,-18.23571913220309,1
1,1,0,1,0,1,1,0,0,1,1,1,0,0,0,0,0,0,0,0,0,0,0,0,0,0,1,1,1,1,0,0,0.0,-18.23528632230787,1
0,1,0,1,0,0,0,0,0,0,1,1,1,0,0,0,1,0,0,0,1,0,1,0,1,1,0,0,0,1,0,1,0.0,-18.23527404715855,1
1,1,0,1,0,1,1,0,1,0,1,1,0,0,1,1,0,0,1,1,0,1,0,1,1,0,0,1,1,1,1,1,0.0,-18.235090787301555,1
0,1,0,0,0,0,1,0,0,1,1,1,0,0,0,0,0,1,0,0,1,0,0,0,0,0,0,1,1,1,1,1,0.0,-18.233324952059696,1
0,1,0,0,0,1,0,0,1,0,1,1,0,0,0,0,0,0,1,0,1,0,1,1,1,0,0,0,0,1,0,1,0.0,-18.23296216126237,1
0,1,0,1,0,1,0,1,0,1,1,1,1,1,0,0,0,0,0,1,0,1,1,1,1,1,1,0,1,1,1,1,0.0,-18.232909917889547,1
0,0,1,1,1,0,1,0,0,1,1,1,0,0,0,0,0,0,0,0,1,0,0,0,0,1,0,0,1,1,1,0,0.0,-18.23290252872173,1
1,0,1,1,0,0,1,1,0,0,1,0,0,0,1,0,0,0,0,0,1,0,1,0,0,1,0,0,1,0,0,1,0.0,-18.231874991710335,1
0,0,0,1,0,0,1,0,0,0,1,1,0,0,1,1,0,1,0,0,0,1,1,0,0,0,0,1,1,0,1,0,0.0,-18.231873462581227,1
1,0,1,0,0,0,0,0,0,0,1,0,0,0,1,1,0,1,0,0,0,1,0,0,0,1,1,0,1,0,1,1,0.0,-18.23093578031076,1
0,0,0,1,0,1,0,0,0,0,1,1,1,0,0,0,0,1,0,0,0,0,1,0,1,1,0,1,1,0,0,1,0.0,-18.230657255457494,1
1,0,1,0,0,1,1,0,0,0,0,0,0,0,1,0,0,1,0,0,1,0,0,1,0,0,1,1,1,0,1,0,0.0,-18.22884973112604,1
1,1,0,0,0,0,1,0,0,0,1,0,1,0,1,1,0,1,0,0,0,0,1,0,0,1,0,0,0,1,0,1,0.0,-18.228118801677294,1
0,0,0,1,1,0,1,1,0,1,1,1,1,0,1,1,0,0,1,1,0,1,1,1,0,1,1,0,1,1,0,1,0.0,-18.22792892320144,1
0,1,0,0,1,0,1,1,1,1,1,0,1,0,0,1,1,1,0,0,1,1,1,0,1,1,0,0,1,1,1,1,0.0,-18.226647293393466,1
1,1,1,1,1,1,1,1,0,1,1,1,1,0,0,0,0,0,0,0,0,1,1,0,1,1,1,1,0,1,0,1,0.0,-18.226556212966138,1
1,1,0,0,0,0,0,1,0,1,0,0,1,1,0,0,0,0,0,1,1,0,1,1,0,1,0,0,1,0,0,0,0.0,-18.226531556219634,1
1,0,0,0,0,0,1,1,0,0,1,1,0,0,1,1,1,0,0,0,1,0,0,1,0,1,0,0,0,0,0,1,0.0,-18.226396691347787,1
0,1,0,1,1,0,1,0,0,0,1,0,0,0,0,1,0,1,0,0,0,0,0,1,1,0,0,1,0,1,0,1,0.0,-18.226333978851116,1
0,1,0,1,1,1,0,0,1,1,0,0,1,0,0,0,1,1,1,0,0,0,0,0,0,0,0,0,1,1,0,0,0.0,-18.226212183571548,1
1,1,0,1,1,1,1,0,1,1,0,0,0,0,0,1,0,1,1,0,1,1,1,0,0,1,1,1,1,1,0,1,0.0,-18.225882318091486,1
0,0,0,0,0,1,1,0,0,0,1,1,0,0,0,0,0,1,1,0,0,0,0,0,1,1,0,1,1,1,0,1,0.0,-18.22492579679047,1
0,0,0,0,0,1,1,0,0,0,0,1,0,0,0,0,0,1,1,0,0,1,1,0,0,1,1,1,0,1,1,0,0.0,-18.22445619775442,1
1,1,1,1,1,1,0,0,1,0,0,0,0,0,1,0,1,1,1,0,1,1,0,1,1,0,1,1,1,1,0,1,0.0,-18.22271001326032,1
0,0,0,0,0,0,1,1,0,0,0,0,0,1,1,0,1,0,1,0,1,0,0,1,0,1,1,1,0,0,1,0,0.0,-18.2208606842062,1
0,1,1,0,0,0,0,0,1,1,1,1,0,1,0,1,1,0,1,1,0,0,0,0,0,0,0,0,1,0,0,0,0.0,-18.220651006705136,1
0,0,0,1,0,0,1,0,0,0,0,0,0,1,1,1,0,1,1,0,0,1,0,1,0,1,0,0,0,1,0,1,0.0,-18.219680150473827,1
1,0,1,1,0,1,1,1,0,1,1,1,1,0,1,0,0,1,1,1,0,1,0,0,1,0,1,1,1,1,0,0,0.0,-18.21833659710687,1
0,1,0,0,1,1,1,0,0,0,1,0,1,0,1,1,1,0,1,1,0,0,1,0,0,0,0,0,0,0,0,0,0.0,-18.217640809667955,1
0,0,0,0,0,1,1,1,1,0,0,0,0,0,1,1,1,0,1,0,0,1,0,0,0,1,0,0,1,0,0,1,0.0,-18.217304635001167,1
0,0,0,1,0,1,1,0,0,0,1,0,0,0,1,0,0,0,0,1,0,0,0,1,0,1,0,1,0,1,1,1,0.0,-18.216338903149797,1
1,1,1,0,1,0,1,0,0,0,1,0,1,1,1,0,1,1,0,1,1,1,1,1,1,0,1,0,0,1,0,1,0.0,-18.21628729285394,1
0,0,0,1,0,1,1,1,0,1,1,0,0,1,1,0,0,0,0,0,1,0,0,1,1,0,0,0,0,0,0,1,0.0,-18.21510999284847,1
1,0,1,1,1,1,0,1,1,1,0,0,1,0,1,0,0,1,1,0,0,1,1,0,1,1,1,1,1,1,0,0,0.0,-18.214775911918576,1
0,0,0,0,0,1,1,0,1,1,1,0,1,0,0,0,0,0,0,0,0,0,0,0,1,1,1,1,0,1,0,1,0.0,-18.214638618763864,1
0,0,0,0,1,1,0,0,0,0,1,1,0,1,1,0,0,0,0,0,0,1,1,1,0,1,0,1,0,1,0,0,0.0,-18.213775383950093,1
0,1,1,1,0,0,0,0,1,1,0,1,0,1,1,0,0,1,1,1,1,0,0,0,1,1,1,1,1,1,1,1,0.0,-18.21362672301777,1
0,0,0,1,0,1,0,0,0,1,1,0,0,0,1,0,0,1,0,0,1,0,1,0,0,1,1,0,0,1,0,1,0.0,-18.212858686415405,1
0,0,0,1,0,0,1,0,1,1,1,0,1,0,1,0,0,0,0,0,1,0,0,1,0,1,1,0,0,0,0,1,0.0,-18.21284694220416,1
0,1,1,0,1,0,0,1,0,1,0,0,0,0,0,1,0,1,1,0,0,1,0,0,0,1,0,1,0,0,1,0,0.0,-18.21267566217426,1
0,1,0,0,0,0,0,0,1,0,0,1,0,0,1,0,0,1,0,0,1,0,1,1,1,1,0,0,0,1,0,1,0.0,-18.21151040413161,1
0,0,1,0,0,1,1,1,1,0,1,0,0,0,0,0,0,1,0,1,0,0,1,0,0,1,0,0,1,0,0,1,0.0,-18.20943460197644,1
0,1,0,1,0,0,0,0,1,1,1,0,0,0,1,0,0,0,0,0,1,0,0,0,1,1,0,1,1,0,0,1,0.0,-18.208842294490104,1
0,0,0,0,0,0,1,0,1,1,1,0,1,0,1,0,0,1,0,0,0,0,1,0,0,1,0,1,0,1,0,1,0.0,-18.20566881636602,1
1,0,0,0,0,1,1,0,0,1,0,0,0,0,1,0,0,1,0,0,1,0,1,1,1,1,0,0,0,0,0,1,0.0,-18.204578382275436,1
0,1,1,1,1,1,1,0,0,1,0,1,0,1,1,1,0,1,0,1,0,0,1,1,1,1,0,1,0,1,1,0,0.0,-18.201576964636825,1
0,1,0,1,1,1,0,0,1,0,0,0,0,0,1,0,1,1,0,1,1,0,0,0,0,0,0,1,0,1,0,0,0.0,-18.201031918978327,1
0,0,0,0,1,1,0,0,1,1,1,1,0,0,1,0,0,1,0,0,0,0,0,1,0,1,1,0,0,0,0,1,0.0,-18.197835986714537,1
0,1,1,1,0,0,0,0,0,1,1,0,0,0,1,0,0,1,0,1,1,0,0,1,0,1,0,0,0,1,0,0,0.0,-18.19722817845855,1
0,0,0,0,1,0,1,0,1,1,1,0,1,1,1,0,1,1,1,1,1,0,0,1,1,1,1,1,1,0,0,1,0.0,-18.197029603685557,1
0,0,1,0,0,0,0,0,1,1,0,1,0,1,1,0,0,1,0,0,0,1,1,0,1,1,0,0,0,0,0,1,0.0,-18.195685714942485,1
0,1,0,0,1,0,0,0,1,1,1,0,1,0,0,0,0,1,0,1,0,1,1,1,0,1,0,0,0,0,0,0,0.0,-18.19541452303951,1
0,0,1,0,0,1,1,0,0,1,0,0,0,0,1,0,0,1,0,0,0,1,1,0,0,1,1,1,0,1,0,0,0.0,-18.194792851671608,1
0,0,0,1,0,0,0,0,0,1,1,1,0,0,0,0,0,1,1,0,0,0,1,1,0,0,0,0,0,1,1,1,0.0,-17.554818078740418,1
0,0,1,1,1,0,0,0,1,0,1,0,1,0,0,0,0,0,0,0,0,1,1,0,0,0,0,1,0,1,1,0,0.0,-17.55385557110016,1
1,0,0,0,1,0,1,0,0,0,1,1,1,1,0,0,0,0,0,1,0,0,0,0,1,0,0,0,0,0,1,1,0.0,-17.553842480181697,1
0,1,1,1,0,0,1,0,0,0,1,0,0,0,0,0,0,1,1,0,1,0,0,0,0,0,1,0,0,1,0,1,0.0,-17.548698806570926,1
1,0,0,1,0,1,0,0,0,0,1,0,0,0,1,0,0,1,0,0,0,0,1,0,1,0,1,0,1,1,0,0,0.0,-17.548308549144945,1
1,1,1,0,0,0,1,1,0,1,1,1,0,0,1,0,0,1,1,0,1,0,1,1,0,1,1,1,1,1,1,1,0.0,-17.54736595393708,1
1,1,0,0,0,1,1,0,1,1,0,1,1,0,1,1,0,0,1,1,1,0,1,0,1,1,1,1,1,1,1,0,0.0,-17.54464323460899,1
1,1,0,1,0,0,1,0,1,0,0,1,1,0,1,1,1,1,0,1,0,1,1,1,0,1,1,1,1,1,0,1,0.0,-17.539350225793683,1
0,0,0,0,1,0,1,0,0,0,1,1,0,0,1,1,0,0,0,1,1,1,0,0,0,0,0,0,0,0,1,1,0.0,-17.539323434101398,1
0,0,0,1,0,0,0,0,0,1,1,1,0,0,0,0,0,0,1,1,0,1,0,0,0,1,1,0,1,1,0,0,0.0,-17.538743476916174,1
0,1,0,1,0,0,1,0,0,0,0,0,0,0,1,0,0,0,1,1,1,0,1,0,1,0,0,1,0,0,1,0,0.0,-17.5354640792101,1
1,1,1,0,0,0,0,1,1,0,1,1,0,0,1,0,1,0,0,0,0,0,0,0,0,1,0,0,0,1,0,0,0.0,-17.533967249919144,1
0,1,0,0,0,1,0,0,0,0,1,1,0,0,1,0,1,0,0,0,0,1,0,0,1,1,0,0,1,1,0,0,0.0,-17.530991288950247,1
0,1,0,1,0,0,0,0,0,1,1,0,0,0,1,0,0,1,0,0,0,0,1,0,0,1,0,1,0,1,1,0,0.0,-17.528784893453434,1
0,0,0,1,0,0,1,0,0,1,1,1,1,0,1,1,1,1,1,1,0,1,1,1,1,1,1,1,1,0,0,1,0.0,-17.526742462638627,1
1,0,1,0,0,1,0,0,1,1,1,0,0,0,1,0,0,0,0,0,1,0,0,0,1,0,1,1,0,0,0,0,0.0,-17.5248591807527,1
0,0,1,0,0,0,1,0,0,1,1,0,1,0,1,0,0,1,0,0,0,1,0,0,1,1,1,0,0,0,0,0,0.0,-17.511941810919133,1
0,1,0,0,0,0,0,0,0,0,1,0,1,0,1,0,0,1,0,0,1,0,1,0,0,1,0,1,0,1,0,0,0.0,-16.698135317255698,1
