0,1,2,3,4,5,6,7,8,9,10,11,12,13,14,15,16,17,18,19,20,21,22,23,24,25,26,27,28,29,30,31,chain_break_fraction,energy,num_occurrences
1,0,1,1,1,1,0,0,0,0,1,1,1,0,0,0,0,1,1,0,1,0,1,0,0,0,1,0,1,0,1,1,0.0,-19.474547855367202,1
1,0,1,1,1,0,0,1,0,0,0,1,1,1,0,1,0,0,1,0,1,1,1,1,0,0,0,1,0,0,1,0,0.0,-19.472841994332367,1
1,0,0,1,1,1,1,1,0,0,0,0,1,1,0,0,0,0,1,0,1,1,1,0,0,0,1,0,1,1,0,1,0.0,-19.47252541579734,1
0,0,1,1,1,1,0,1,0,0,1,1,1,1,0,1,0,0,1,0,0,0,1,0,0,0,1,1,0,0,1,1,0.0,-19.472321109424836,1
1,0,0,1,1,1,1,0,0,0,0,1,1,0,0,1,0,0,1,0,0,0,1,1,1,0,1,1,0,0,1,1,0.0,-19.47097668254314,1
0,0,0,1,0,1,0,1,0,0,1,0,1,0,0,1,0,1,1,0,0,1,0,1,0,0,1,1,1,1,1,1,0.0,-19.47054423967048,1
0,0,1,1,1,1,0,1,0,0,1,1,1,0,0,0,1,0,1,0,0,1,1,0,0,0,1,0,1,0,1,1,0.0,-19.469840323476035,1
0,0,1,1,0,1,0,1,1,0,0,1,0,1,0,1,0,0,1,0,0,1,0,0,0,0,1,1,1,1,1,1,0.0,-19.469354386764394,1
1,0,0,0,1,1,1,1,0,0,0,0,0,0,0,1,1,0,1,0,1,1,1,0,1,0,0,0,1,1,1,1,0.0,-19.468953465578494,1
1,1,1,1,1,1,0,1,0,1,1,1,1,1,0,0,0,0,0,0,0,0,1,0,0,0,0,0,1,1,1,0,0.0,-19.468768018929108,1
1,1,0,0,1,0,0,0,0,0,1,0,1,1,0,1,0,0,1,0,1,1,0,1,1,0,1,1,1,0,1,0,0.0,-19.46875208428095,1
1,1,0,1,1,0,1,0,0,0,0,1,1,0,0,1,1,0,0,0,1,1,0,1,0,0,0,1,0,1,1,1,0.0,-19.46804421445835,1
1,1,1,1,1,0,1,0,0,0,0,0,1,0,0,1,1,0,1,0,0,1,0,1,0,0,0,1,1,0,1,1,0.0,-19.467736080737904,1
0,0,1,1,1,0,1,1,0,0,1,0,0,0,0,1,0,1,1,0,1,1,1,0,0,0,0,0,1,1,1,1,0.0,-19.46618339633124,1
1,0,1,0,1,1,0,1,0,1,0,1,1,0,0,1,0,1,1,0,1,1,0,0,0,0,0,0,1,1,1,0,0.0,-19.466041441748022,1
1,1,0,0,1,1,1,1,0,0,0,0,1,1,0,1,0,1,0,0,1,1,1,0,0,0,0,0,1,0,1,1,0.0,-19.465956386997405,1
0,0,0,1,1,1,1,1,0,0,1,1,1,0,0,1,0,0,0,0,1,1,1,1,0,0,1,0,0,0,1,1,0.0,-19.46575808132191,1
1,1,0,1,1,0,1,1,0,0,1,0,1,0,0,1,0,0,1,0,1,0,0,0,0,1,1,1,0,0,1,1,0.0,-19.465737662208074,1
0,1,1,0,1,1,0,1,0,0,0,0,1,1,0,1,0,0,0,0,0,1,1,1,0,0,1,1,1,0,1,1,0.0,-19.465205478575832,1
1,0,0,1,1,0,0,0,0,0,1,1,0,0,0,1,0,0,0,1,0,1,1,1,1,0,0,1,1,1,1,1,0.0,-19.46490516157672,1
1,0,1,1,0,1,0,1,1,0,0,0,1,0,0,0,0,0,0,0,1,1,0,0,0,1,1,1,1,1,1,1,0.0,-19.46454295160386,1
0,1,0,1,0,0,0,0,0,0,1,0,1,1,1,1,0,0,0,0,1,1,0,0,1,0,1,1,1,1,1,1,0.0,-19.464430000050505,1
1,0,0,1,1,0,0,1,0,0,1,1,0,1,0,0,1,0,1,0,1,0,1,1,1,0,1,0,0,1,0,1,0.0,-19.464259463768418,1
0,0,0,0,1,0,1,1,0,1,1,1,1,0,0,1,0,0,1,0,0,1,1,0,0,0,1,1,1,0,1,1,0.0,-19.464240239543468,1
0,1,0,0,1,1,0,1,0,0,1,1,0,0,0,1,1,0,1,0,0,0,1,1,0,0,1,1,1,1,0,1,0.0,-19.463906003268058,1
1,1,1,1,0,0,0,1,0,0,1,0,0,1,0,1,0,0,1,0,1,1,0,1,1,0,0,1,0,1,1,0,0.0,-19.463837339908093,1
0,0,0,0,1,1,0,1,0,0,1,1,1,0,0,1,1,0,1,0,1,0,0,0,1,1,0,1,1,0,1,1,0.0,-19.463577703498565,1
1,1,0,1,1,0,0,0,1,0,1,1,1,1,1,0,0,1,1,0,0,0,1,0,0,0,0,0,1,1,1,0,0.0,-19.463484442940633,1
0,0,0,1,1,1,1,1,0,0,1,0,0,1,0,1,0,0,1,0,1,0,1,1,0,0,1,1,0,0,1,1,0.0,-19.46345733018986,1
1,0,0,1,1,1,1,0,0,1,0,0,1,0,0,0,1,0,1,0,1,1,1,1,0,0,0,0,1,0,1,1,0.0,-19.46299514740834,1
1,0,0,1,1,0,0,1,0,0,0,1,1,0,0,0,0,1,1,0,1,1,1,1,1,0,0,1,0,0,1,1,0.0,-19.462962025817518,1
0,0,0,0,1,0,1,1,0,0,0,1,1,0,0,1,1,0,1,0,1,1,1,1,0,1,0,0,0,1,1,1,0.0,-19.46222105761049,1
1,0,1,0,1,1,0,1,1,0,0,1,1,0,0,1,0,0,1,0,1,1,1,1,1,0,0,0,0,0,1,0,0.0,-19.46215000567356,1
1,0,0,1,0,1,0,1,0,1,1,0,1,1,0,1,1,0,0,1,1,0,1,1,0,0,0,0,1,0,1,0,0.0,-19.4621378462777,1
1,1,0,1,1,0,0,0,0,0,1,0,0,1,0,1,1,0,1,0,0,1,1,1,1,0,1,0,0,0,1,1,0.0,-19.462049716553583,1
0,1,0,0,0,1,0,1,0,0,1,0,1,1,0,1,0,1,1,0,1,1,1,1,0,0,0,1,1,0,1,0,0.0,-19.461721067064598,1
0,0,1,1,0,1,0,0,1,0,0,1,1,0,0,0,0,0,1,0,0,1,1,0,1,1,1,0,1,1,1,1,0.0,-19.46172046106889,1
1,0,0,0,0,1,1,1,0,0,0,1,1,0,1,1,0,0,1,0,1,1,0,0,0,1,1,0,0,1,1,1,0.0,-19.461680504775146,1
0,0,0,0,0,1,1,1,0,0,1,1,1,1,0,0,1,0,1,0,1,1,1,0,1,0,1,0,1,0,1,0,0.0,-19.461638218460806,1
1,0,0,0,1,1,0,0,0,0,1,1,1,1,0,1,0,0,0,1,1,1,0,1,1,0,0,0,0,1,1,1,0.0,-19.461574054763734,1
1,0,1,1,1,1,1,0,0,0,1,0,0,0,0,1,0,0,1,0,1,1,1,1,0,0,0,1,0,0,1,1,0.0,-19.461414169049835,1
1,0,1,1,1,0,0,1,0,1,1,0,1,0,1,0,0,0,1,0,0,0,1,0,0,1,0,0,1,1,1,1,0.0,-19.461182812199468,1
1,0,1,0,0,0,0,1,1,0,1,1,1,0,0,1,0,1,1,0,1,1,0,0,0,1,0,0,0,1,1,1,0.0,-19.460691492269593,1
0,1,0,1,0,1,1,0,0,0,1,1,0,1,0,1,1,0,1,0,1,1,1,0,0,0,1,0,0,0,1,1,0.0,-19.460370053829337,1
1,0,1,1,0,0,1,1,0,1,0,1,1,0,0,1,0,1,1,0,0,0,1,0,1,0,0,1,0,0,1,1,0.0,-19.460187800162064,1
0,1,0,1,0,0,0,1,1,0,1,0,1,0,1,1,0,1,1,0,1,0,1,0,1,0,0,0,1,0,1,1,0.0,-19.460184393572295,1
1,0,1,1,1,1,0,1,0,0,1,0,1,0,1,0,1,0,1,0,0,1,0,1,0,0,0,0,0,1,1,1,0.0,-19.45992256798128,1
0,1,0,1,1,1,1,1,0,0,0,0,1,1,0,1,0,0,1,0,1,0,1,1,1,0,0,1,1,0,0,0,0.0,-19.459807667064155,1
1,1,0,1,1,0,1,1,0,0,0,1,0,1,0,1,1,0,0,0,1,1,0,1,0,0,0,1,0,0,1,1,0.0,-19.459733032980935,1
0,1,1,1,1,1,0,1,0,0,0,0,1,1,1,0,1,0,1,0,0,0,1,0,0,0,1,0,1,1,0,1,0.0,-19.45963916996891,1
1,1,0,0,0,0,0,0,0,1,1,1,0,1,0,0,1,0,1,0,1,0,1,1,1,0,1,0,0,1,1,1,0.0,-19.459626776462997,1
1,1,1,1,1,0,0,1,1,0,1,0,0,0,1,0,0,0,1,0,1,0,1,0,0,0,0,1,1,0,1,1,0.0,-19.459232690063878,1
1,0,1,0,1,0,0,0,0,1,1,1,0,0,0,1,1,0,0,0,1,1,1,0,1,0,1,0,1,0,1,1,0.0,-19.45922903993608,1
0,1,0,1,1,0,1,1,0,0,1,0,1,1,0,1,1,0,1,0,1,1,0,0,1,0,0,0,0,0,1,1,0.0,-19.459227173337474,1
0,1,1,1,1,0,1,0,0,1,0,1,1,1,0,1,0,0,1,0,1,0,0,0,0,0,1,1,1,0,0,1,0.0,-19.459041375266754,1
1,0,1,1,0,0,1,1,1,0,1,1,0,1,1,0,0,0,1,0,0,0,1,1,0,0,1,0,1,0,1,0,0.0,-19.459032625645083,1
1,0,1,1,1,1,1,0,0,0,0,0,1,0,0,1,1,0,1,0,1,1,0,0,0,1,1,0,0,0,1,1,0.0,-19.459031736433197,1
0,0,1,0,1,1,0,1,0,0,1,1,0,0,0,1,1,1,0,0,1,0,0,0,1,0,0,1,1,1,1,1,0.0,-19.45891110976305,1
1,1,0,1,1,1,0,1,0,0,1,1,0,0,0,1,1,0,1,0,0,1,1,1,1,0,0,0,1,0,0,0,0.0,-19.458857639725235,1
0,0,1,1,1,1,0,1,1,0,1,1,1,1,0,0,0,0,1,0,0,0,0,0,1,1,0,0,1,0,1,1,0.0,-19.45884670465842,1
1,1,1,1,1,1,1,0,0,1,0,1,1,0,0,0,0,0,1,0,1,0,1,1,0,0,1,0,0,0,1,0,0.0,-19.458752347823307,1
0,0,0,1,1,0,1,1,1,0,1,0,0,1,0,1,0,1,1,0,1,0,0,1,1,0,0,0,1,1,1,0,0.0,-19.45874766003682,1
0,1,1,1,1,1,0,1,0,0,1,0,0,0,0,1,0,0,0,1,1,1,0,1,0,0,0,0,1,1,1,1,0.0,-19.45848184943716,1
0,0,0,1,1,0,0,0,0,0,0,1,1,0,0,1,1,0,1,1,1,1,0,0,1,1,1,0,1,1,1,0,0.0,-19.458431404551582,1
1,1,0,1,1,0,0,0,0,0,0,1,0,0,0,1,0,1,1,1,1,1,0,1,1,0,0,0,1,0,1,1,0.0,-19.458380869679054,1
1,1,1,1,1,1,1,0,0,0,1,0,0,0,0,0,0,0,1,0,1,1,1,1,0,0,1,0,0,1,1,0,0.0,-19.458359578578737,1
0,0,0,1,1,1,0,0,0,0,1,0,1,0,0,0,1,1,1,1,0,0,1,1,0,0,0,1,1,1,1,1,0.0,-19.458126420092032,1
1,0,1,1,0,1,0,0,1,0,1,1,1,1,0,1,0,0,0,1,0,1,0,1,0,0,1,0,0,0,1,1,0.0,-19.458046880415125,1
1,0,0,1,0,0,0,0,0,1,1,0,1,1,0,1,1,0,0,1,0,1,0,1,1,0,1,0,1,0,1,1,0.0,-19.457780185291885,1
0,1,0,0,0,1,1,1,0,1,1,1,0,1,0,0,0,0,1,0,1,0,1,1,0,0,1,0,1,0,1,1,0.0,-19.45769262223789,1
0,1,0,1,0,1,1,1,0,0,1,1,1,0,0,1,1,0,1,0,0,1,0,0,1,0,0,1,1,0,0,1,0.0,-19.457488851020486,1
1,0,1,1,1,1,0,1,1,0,0,1,1,0,1,0,0,0,1,0,1,1,0,1,0,0,0,0,0,0,1,1,0.0,-19.457266088736333,1
0,0,0,0,1,1,1,0,0,0,0,1,0,0,0,1,1,1,1,0,0,1,1,1,1,0,0,0,1,1,1,1,0.0,-19.457235529505784,1
1,0,1,1,0,0,0,1,1,1,1,0,1,1,0,1,1,0,1,0,1,1,0,1,0,0,0,0,0,0,1,0,0.0,-19.45722891987163,1
0,0,1,0,1,1,0,0,0,0,1,0,1,1,0,0,0,1,1,1,1,1,1,0,0,0,0,0,1,1,1,1,0.0,-19.457138600841223,1
1,1,1,0,1,1,1,1,0,0,0,0,1,0,0,0,1,0,1,0,0,1,1,0,0,0,1,1,0,0,1,1,0.0,-19.456851796599228,1
1,0,0,1,1,0,0,1,0,1,1,1,1,0,0,1,1,1,1,0,1,0,0,0,1,0,0,1,0,0,1,0,0.0,-19.456631485955043,1
1,1,0,1,1,0,1,0,0,1,0,1,0,1,0,1,0,0,1,0,1,1,0,0,0,0,1,1,0,0,1,1,0.0,-19.45659966153065,1
1,0,1,1,0,0,1,0,0,0,1,1,0,1,0,0,1,0,1,1,0,1,1,0,1,0,0,0,1,0,1,1,0.0,-19.45657791261564,1
0,0,1,0,0,1,0,0,0,1,1,1,1,0,0,0,1,0,1,0,0,1,0,1,1,0,0,1,1,1,1,1,0.03125,-19.45643541570171,1
0,1,0,1,0,1,0,1,0,0,1,1,0,1,1,1,1,0,1,0,1,0,0,0,1,0,1,0,0,0,1,1,0.0,-19.456321401677506,1
1,1,0,1,1,0,0,1,0,1,0,0,0,0,1,1,1,0,1,0,1,0,1,0,0,0,0,1,0,1,1,1,0.0,-19.456252567987622,1
1,0,1,1,1,0,0,1,0,1,1,0,0,0,0,1,0,1,0,0,1,0,0,1,1,0,1,0,0,1,1,1,0.0,-19.456182862181286,1
1,0,1,0,1,0,0,1,0,0,1,1,1,0,0,1,1,1,0,0,1,1,0,1,1,0,1,0,0,0,1,0,0.0,-19.456147295791165,1
1,0,0,1,0,1,1,1,0,0,1,0,0,1,0,1,0,1,0,0,1,1,1,0,1,0,1,0,1,0,0,1,0.0,-19.455973183273375,1
1,0,1,0,0,1,0,1,0,1,1,0,1,0,0,1,0,0,1,1,1,1,1,1,0,0,0,0,0,0,1,1,0.0,-19.45592605725132,1
1,1,1,1,1,1,0,0,1,0,1,1,0,1,0,0,0,0,0,0,0,1,0,1,1,0,0,0,1,0,1,1,0.0,-19.455915997802656,1
0,1,0,1,0,0,0,1,0,0,1,0,0,1,1,1,1,0,1,0,0,1,1,0,1,0,1,0,1,1,0,1,0.0,-19.455603886608383,1
1,1,0,0,1,1,0,1,0,0,1,1,1,0,0,1,0,0,0,1,0,1,0,0,1,0,1,1,0,1,1,0,0.0,-19.455496651406758,1
1,0,0,1,1,1,0,1,0,0,1,1,0,0,0,0,1,0,1,0,0,1,1,1,0,1,1,0,0,0,1,1,0.0,-19.455487931074185,1
0,0,0,1,1,1,1,0,0,0,0,1,0,1,0,0,0,1,1,0,1,1,0,1,0,0,1,1,1,0,1,1,0.0,-19.45527684615335,1
0,1,0,0,0,1,0,1,0,0,1,1,1,1,0,0,1,0,1,0,0,1,1,1,1,0,0,1,0,0,1,1,0.0,-19.455270730432396,1
0,0,1,1,1,1,1,1,0,0,1,0,0,1,0,1,1,0,1,0,0,1,0,0,1,0,0,0,0,1,1,1,0.0,-19.455269931864912,1
0,0,1,1,0,0,1,1,0,0,0,1,0,0,0,1,1,0,1,0,1,1,0,0,1,1,0,1,1,0,1,1,0.0,-19.455223108749195,1
0,0,1,1,1,1,1,1,0,1,0,1,0,0,0,1,1,1,1,0,0,0,1,0,0,0,0,0,1,0,1,1,0.0,-19.454848878930875,1
0,0,1,1,1,0,0,0,0,0,1,0,1,0,0,0,0,1,1,0,1,1,1,1,1,0,1,1,0,1,1,0,0.0,-19.454671006058827,1
1,1,0,0,1,0,0,1,1,1,1,0,1,0,0,1,0,1,0,0,0,0,1,0,1,0,0,1,1,0,1,1,0.0,-19.454618614781484,1
1,0,1,1,1,0,0,1,1,1,0,0,1,1,0,0,1,0,1,0,1,1,0,1,0,0,0,0,1,0,0,1,0.0,-19.454564042650535,1
0,0,0,1,1,0,0,0,0,1,1,1,1,0,0,1,0,0,1,1,0,1,1,1,0,0,1,1,0,1,1,0,0.0,-19.45437993291231,1
1,0,1,1,1,1,0,1,0,0,1,1,1,0,0,0,1,1,1,0,0,0,1,1,1,0,0,0,0,0,0,1,0.0,-19.45430430273956,1
0,1,0,0,1,1,1,1,0,0,1,1,0,0,0,1,1,0,1,0,1,1,0,1,1,0,0,0,1,0,1,0,0.0,-19.454254193151936,1
0,0,0,1,1,1,1,1,0,0,1,1,0,0,0,1,1,0,1,0,0,1,1,1,0,0,0,1,0,1,0,1,0.0,-19.45420960473461,1
1,0,0,0,1,0,1,1,0,1,0,1,1,0,1,1,0,0,1,0,1,1,1,0,1,0,0,0,0,0,1,1,0.0,-19.4542043150964,1
0,0,1,1,1,0,1,1,0,0,0,1,0,1,0,1,1,0,1,1,1,0,1,0,1,0,0,0,0,0,1,1,0.0,-19.454082244340746,1
0,0,1,1,0,1,0,1,0,1,1,1,1,0,0,1,0,0,1,0,1,1,1,1,1,0,0,0,0,0,0,1,0.0,-19.45404522815775,1
0,1,0,0,1,1,1,1,1,0,1,1,0,1,0,1,1,0,1,0,1,0,0,1,0,0,0,0,0,0,1,1,0.0,-19.454029318838572,1
1,1,0,0,1,1,0,1,0,0,1,0,0,0,1,1,1,0,0,0,1,1,0,0,1,0,1,0,1,0,1,1,0.0,-19.45400988185264,1
1,0,0,1,1,1,0,1,0,0,1,0,0,1,0,0,1,1,0,0,1,0,1,0,1,0,1,1,0,1,1,0,0.0,-19.453961305146496,1
0,1,0,0,0,1,0,1,0,0,1,0,1,0,0,0,1,0,1,1,1,1,1,1,0,0,1,1,1,0,1,0,0.0,-19.453458476264565,1
0,1,1,1,1,1,0,1,0,0,0,0,0,0,0,1,1,1,1,0,0,1,0,1,0,0,1,0,1,1,0,1,0.0,-19.453435313068848,1
1,0,1,1,0,0,1,0,0,1,1,0,0,1,1,1,0,0,1,0,0,1,1,0,1,0,0,0,1,0,1,1,0.0,-19.453236650088673,1
1,0,0,0,1,1,0,1,0,0,1,0,0,0,0,1,1,1,1,0,1,1,1,1,0,0,1,1,0,0,1,0,0.0,-19.453214799752107,1
0,1,0,1,1,1,1,0,0,0,0,1,0,0,0,1,0,1,1,0,0,1,1,1,1,0,1,0,1,0,1,0,0.0,-19.45310558989201,1
1,1,1,0,1,1,0,0,1,0,1,1,0,0,0,0,1,0,1,0,1,1,1,1,0,0,0,0,0,0,1,1,0.0,-19.452928283905262,1
0,0,0,0,1,1,1,1,0,1,0,1,1,0,0,0,0,1,1,0,0,1,1,0,0,0,1,1,1,1,1,0,0.0,-19.452865195652056,1
1,1,0,1,0,1,0,0,0,0,1,0,0,0,0,0,1,0,1,1,1,1,1,0,0,1,1,0,1,0,1,1,0.0,-19.452790334529606,1
0,0,1,1,1,1,1,0,0,0,1,0,0,0,0,1,0,1,1,0,1,1,1,1,0,0,1,0,0,0,1,1,0.0,-19.45276547079956,1
1,1,0,1,0,1,1,0,1,0,0,1,0,0,0,1,1,0,0,0,0,1,0,0,0,1,1,1,1,0,1,1,0.0,-19.452589631801256,1
0,1,1,1,1,1,1,1,1,0,0,1,1,0,0,0,0,1,0,0,1,0,0,0,0,0,0,1,0,1,1,1,0.0,-19.452528256833872,1
1,1,1,0,0,1,1,1,1,1,0,0,0,0,0,1,0,0,1,0,0,1,1,0,0,0,0,1,1,0,1,1,0.0,-19.45245408157096,1
1,1,0,1,1,1,0,1,0,0,1,0,0,0,0,1,0,0,0,1,1,1,1,1,1,0,0,0,1,0,0,1,0.0,-19.45243260080509,1
1,1,0,0,0,1,0,1,1,0,0,1,1,1,0,0,0,0,1,0,1,0,1,1,0,1,1,1,0,0,0,1,0.0,-19.452429706210392,1
0,1,0,1,0,0,0,1,0,1,1,0,1,0,0,0,1,0,1,0,0,1,1,1,0,1,0,1,1,0,1,1,0.0,-19.452407561779534,1
0,1,1,0,1,1,1,0,0,0,0,0,1,1,0,1,1,0,0,1,1,0,0,0,0,0,1,1,0,1,1,1,0.0,-19.452345618438912,1
1,1,1,0,0,1,0,0,0,1,1,1,1,0,0,1,1,0,1,0,1,1,1,1,0,0,1,0,0,0,0,0,0.0,-19.45233500780149,1
1,1,0,1,1,0,0,1,0,0,1,0,0,1,1,1,0,0,1,1,0,0,1,0,0,0,1,1,0,1,0,1,0.0,-19.452239917797396,1
1,0,0,0,1,0,1,1,0,0,1,1,0,0,0,0,0,0,0,0,1,1,1,0,1,1,1,1,0,1,1,1,0.0,-19.45218748490441,1
1,1,0,1,1,0,1,1,1,0,1,0,0,1,0,1,0,1,0,0,0,1,1,0,0,0,1,0,0,0,1,1,0.0,-19.4521578807377,1
1,1,1,1,1,1,0,0,0,0,0,1,0,0,0,1,0,0,1,0,1,1,1,1,1,0,1,1,0,0,0,0,0.0,-19.452144756813787,1
0,0,0,0,0,1,1,1,0,0,1,0,1,1,0,1,1,1,0,0,1,1,1,0,1,0,1,0,0,0,1,1,0.0,-19.4520828681773,1
1,1,1,1,1,0,0,0,1,0,1,1,0,0,0,1,0,1,1,0,0,1,0,1,1,0,0,0,0,0,1,1,0.0,-19.45195353859858,1
0,0,1,1,1,1,0,0,1,0,1,0,1,1,1,1,0,0,0,0,1,1,0,0,0,0,0,1,0,1,1,1,0.0,-19.4518242310422,1
1,0,0,1,1,0,0,1,0,1,0,1,1,1,0,0,1,0,1,1,0,1,0,1,0,0,0,1,0,0,1,1,0.0,-19.451746283720055,1
0,0,1,0,1,0,0,1,0,0,1,1,1,0,1,1,1,0,0,0,1,1,0,1,1,0,1,0,1,0,0,1,0.0,-19.45164700178645,1
1,0,0,1,1,0,0,0,0,0,1,0,1,0,1,0,1,1,1,0,1,0,1,0,1,0,1,1,0,1,0,1,0.0,-19.451578935564264,1
0,0,1,1,0,1,1,1,1,0,0,1,1,0,0,1,1,1,1,0,0,0,1,0,0,1,0,0,0,0,1,1,0.0,-19.45154413424842,1
1,0,0,1,1,1,0,1,0,1,0,0,0,1,0,1,1,0,1,0,0,0,1,1,1,1,0,0,0,0,1,1,0.0,-19.451542964217783,1
0,1,1,0,1,0,0,0,0,0,0,1,1,1,0,1,1,1,1,0,0,1,1,1,1,0,1,0,0,0,1,0,0.0,-19.451384221256934,1
1,1,1,1,1,1,0,0,1,1,0,1,0,0,0,0,0,1,1,0,0,0,1,0,0,0,0,1,1,0,1,1,0.0,-19.451316451208143,1
1,0,0,1,1,1,0,0,1,1,1,1,0,0,0,0,1,0,0,0,1,1,0,1,0,0,1,0,0,1,1,1,0.0,-19.4512826222668,1
0,0,0,0,0,0,1,0,1,0,1,1,0,0,1,1,1,0,1,0,0,1,1,1,0,0,1,1,1,0,1,1,0.0,-19.451267421277844,1
0,1,0,1,1,0,0,1,1,0,1,0,1,0,1,0,0,0,1,0,1,1,1,0,0,0,1,1,0,0,1,1,0.0,-19.451073563411985,1
0,1,1,1,1,1,0,1,0,1,1,1,1,0,0,0,0,0,1,0,0,1,0,1,0,0,0,1,0,0,1,1,0.0,-19.45100994008348,1
0,1,0,1,1,1,1,0,0,0,1,1,1,0,0,1,0,1,1,0,0,0,1,1,0,1,0,0,0,1,0,1,0.0,-19.4509782053843,1
0,0,0,1,1,1,1,0,0,0,0,0,1,0,0,0,0,1,1,0,0,1,1,1,1,1,1,0,1,1,1,0,0.0,-19.450699390241287,1
0,1,0,1,0,1,1,0,0,0,1,0,1,1,0,1,0,0,1,0,0,1,0,0,1,1,1,1,1,0,0,1,0.03125,-19.450642121041962,1
1,1,0,0,1,1,0,0,0,0,0,0,1,1,1,0,0,0,1,0,1,1,1,1,0,1,1,0,1,0,0,1,0.0,-19.450628140489055,1
1,1,0,0,0,1,0,1,0,0,0,1,0,1,0,1,0,1,1,1,0,1,1,1,0,0,0,1,0,0,1,1,0.0,-19.450560312857004,1
0,1,1,0,0,0,1,1,0,0,1,1,1,1,0,1,0,1,0,0,1,1,1,1,1,0,0,0,0,0,1,0,0.0,-19.450548600489515,1
0,1,0,1,1,1,0,1,0,0,1,1,1,1,0,1,1,1,0,0,1,1,0,1,0,0,0,0,0,0,0,1,0.0,-19.450490377660007,1
0,0,0,1,0,0,1,1,1,0,1,1,0,0,0,0,1,0,1,0,0,1,1,1,0,1,0,1,1,0,1,1,0.0,-19.45037626848073,1
1,0,0,1,0,1,0,1,1,0,1,0,1,1,0,1,1,1,1,0,0,1,0,1,1,0,0,0,0,0,0,1,0.0,-19.45036597399861,1
1,0,1,1,1,1,0,1,0,0,0,0,1,0,0,0,0,1,0,0,1,1,1,1,1,1,0,0,0,1,1,0,0.0,-19.450309858253416,1
0,1,1,0,0,1,1,1,1,0,1,0,0,0,1,0,0,0,1,0,0,0,1,1,0,0,0,1,1,1,1,1,0.0,-19.450282132216785,1
1,1,1,0,0,1,1,1,0,0,1,1,1,0,0,0,1,1,1,0,0,0,1,0,1,0,0,1,1,0,0,0,0.0,-19.450222697078587,1
1,1,1,1,1,1,0,1,1,0,1,0,1,1,0,0,0,1,0,0,1,1,0,0,0,0,0,0,0,1,0,1,0.0,-19.450145694406732,1
1,1,0,0,1,0,1,0,1,0,0,1,0,1,1,1,0,0,1,1,1,0,0,0,1,0,0,0,1,0,1,1,0.0,-19.450101669892998,1
0,0,0,1,1,0,1,1,0,0,1,1,0,0,0,1,1,0,0,0,0,1,0,1,1,1,1,0,1,1,0,1,0.0,-19.450024452234285,1
0,1,0,1,1,0,1,1,0,0,0,0,0,1,0,0,0,1,1,0,1,0,1,1,1,1,0,0,1,0,1,1,0.0,-19.450016743876898,1
1,0,0,1,1,0,1,1,1,0,0,1,1,0,0,0,1,1,0,0,0,1,1,1,0,1,0,0,1,0,1,0,0.0,-19.44993640772465,1
0,0,1,1,1,0,1,1,1,1,0,0,1,0,0,1,0,0,1,0,1,1,1,0,1,0,0,0,0,0,1,1,0.0,-19.449890711444606,1
0,0,1,0,0,0,0,0,1,0,1,1,1,1,0,1,1,1,0,0,1,1,0,0,1,1,0,0,1,0,1,1,0.0,-19.449740775368433,1
0,1,0,1,1,1,0,1,0,1,0,1,0,0,0,1,1,1,1,0,0,1,1,1,0,0,0,0,1,0,1,0,0.0,-19.449733300160158,1
0,0,0,1,1,1,1,0,0,0,1,0,0,1,1,1,0,0,0,0,1,1,1,1,1,0,0,0,0,1,1,1,0.03125,-19.44970048643425,1
1,0,0,1,1,1,0,0,0,0,1,1,0,0,0,1,1,0,1,1,1,1,0,0,0,1,0,1,0,0,1,1,0.0,-19.449240265402498,1
0,1,1,0,1,0,1,1,0,1,0,0,0,0,0,1,0,0,1,0,0,1,1,1,0,0,1,1,1,1,0,1,0.0,-19.44916073949223,1
0,0,1,1,1,1,0,1,0,0,1,0,1,0,0,0,0,0,1,1,0,1,1,0,0,1,0,1,0,1,1,1,0.0,-19.44909311233409,1
1,0,1,1,0,1,0,0,1,0,0,1,0,1,0,0,1,1,1,0,1,1,0,1,1,0,0,0,0,0,1,1,0.0,-19.449039876173654,1
1,0,0,0,0,0,1,1,1,1,1,0,1,0,0,0,1,0,1,0,0,1,1,0,0,1,1,0,1,1,0,1,0.0,-19.449037033699163,1
0,0,1,1,0,1,1,1,0,0,1,1,0,0,0,1,0,1,1,0,1,1,1,0,1,0,1,0,0,1,0,0,0.0,-19.448952389481356,1
0,0,1,0,1,1,0,0,0,1,0,0,1,0,1,1,0,0,1,0,1,1,0,1,0,0,1,1,0,1,1,1,0.0,-19.448950222793503,1
0,0,0,1,1,0,1,1,1,0,1,1,0,1,1,0,0,1,1,0,0,0,1,0,0,0,1,0,0,1,1,1,0.0,-19.448945792206978,1
0,0,0,1,1,0,0,1,0,1,1,0,1,0,0,1,1,0,1,1,1,0,1,1,0,1,0,0,0,0,1,1,0.0,-19.448945466406336,1
0,0,0,1,0,1,0,0,0,1,0,0,1,0,1,1,1,1,1,0,0,1,1,1,0,0,1,0,1,1,0,1,0.0,-19.44893084525858,1
0,1,0,0,1,1,0,0,0,1,0,0,0,1,0,1,1,1,1,0,1,1,0,0,0,0,0,1,1,1,1,1,0.0,-19.44892411914012,1
1,0,0,1,1,1,1,1,0,0,1,0,0,1,0,0,1,1,1,0,0,1,1,0,1,0,0,0,1,0,0,1,0.0,-19.44888314774682,1
0,1,0,1,1,0,1,0,0,0,1,1,0,0,0,1,0,1,1,0,0,1,1,1,1,0,0,1,0,0,1,1,0.03125,-19.448856527494726,1
0,0,1,1,0,1,0,1,0,1,1,1,0,0,0,1,1,0,1,0,1,1,0,1,1,0,1,0,0,0,1,0,0.0,-19.448802908831055,1
0,0,1,0,0,0,0,1,0,1,1,0,0,0,0,0,1,1,1,0,1,0,1,1,0,1,1,0,1,1,1,1,0.0,-19.448727705234067,1
0,0,1,0,1,1,0,1,1,0,1,1,1,0,0,0,1,0,0,0,1,1,0,1,0,1,0,0,0,1,1,1,0.0,-19.44856394117173,1
0,0,0,1,1,0,1,0,0,1,1,0,1,0,0,0,0,1,1,1,0,1,0,1,0,0,1,0,1,1,1,1,0.0,-19.448538210278677,1
0,0,1,1,1,1,1,1,0,0,0,0,1,0,1,1,0,0,1,0,0,1,0,0,1,0,1,1,0,0,1,1,0.0,-19.448443873727932,1
0,1,1,1,1,0,1,1,1,0,0,0,1,0,0,0,1,0,1,0,0,1,1,1,1,0,0,0,0,0,1,1,0.03125,-19.448324657965266,1
1,0,1,0,0,1,1,1,0,1,0,1,1,0,0,0,1,0,0,0,0,1,1,0,0,1,1,1,1,0,1,0,0.0,-19.448321198002134,1
0,0,0,1,1,1,0,1,0,0,1,0,1,0,0,0,1,1,0,0,0,1,1,1,0,1,1,0,0,1,1,1,0.0,-19.448264267976388,1
1,0,1,0,1,1,1,1,0,0,1,0,0,0,1,1,0,1,1,0,0,0,1,1,0,0,0,1,0,0,1,1,0.0,-19.448217261844345,1
1,1,0,1,0,1,1,0,0,1,1,0,0,1,0,0,0,1,1,0,1,1,0,1,0,0,1,0,1,0,1,0,0.0,-19.448198211168435,1
0,1,0,1,0,1,0,1,0,1,1,0,0,1,0,1,0,1,1,0,1,1,1,0,1,0,0,0,0,1,1,0,0.0,-19.44816864795005,1
0,0,0,0,1,1,0,0,0,0,1,1,1,0,1,0,0,1,1,0,1,1,0,0,1,0,1,1,0,1,1,1,0.0,-19.447899280509137,1
0,1,1,0,1,1,1,1,0,0,0,0,1,1,0,0,0,1,1,0,1,0,0,0,1,0,1,1,1,0,0,1,0.0,-19.447869894426397,1
1,0,1,1,1,1,0,1,0,1,0,0,0,1,0,0,1,1,1,0,1,1,1,0,0,0,0,0,1,0,0,1,0.0,-19.44778818669683,1
1,0,1,0,1,1,1,0,0,0,1,0,1,0,1,1,1,1,0,0,1,1,1,0,0,0,0,0,0,0,1,1,0.0,-19.447746715981722,1
0,0,0,1,1,0,1,0,0,0,1,1,1,0,0,1,0,0,0,1,1,1,1,1,1,1,0,0,0,1,1,0,0.0,-19.447732941013246,1
0,0,1,1,1,1,1,0,0,0,1,1,0,1,1,1,0,0,1,0,0,1,1,0,1,0,0,0,0,0,1,1,0.0,-19.447715055095678,1
1,0,0,1,0,0,0,0,0,1,1,1,0,1,1,0,0,1,1,0,1,1,1,1,1,0,0,0,1,0,1,0,0.0,-19.44768276624323,1
0,1,0,0,1,0,0,1,0,1,0,1,0,1,1,0,0,0,1,0,1,1,1,0,1,0,1,0,1,0,1,1,0.0,-19.44767253618609,1
1,1,0,1,1,1,1,0,0,0,1,0,0,1,0,1,1,1,0,0,0,1,1,0,1,0,0,0,1,0,0,1,0.0,-19.44759830397714,1
1,0,0,0,1,0,0,1,1,0,1,1,0,0,0,1,0,1,1,1,1,1,0,0,1,0,1,0,1,0,0,1,0.0,-19.44757863563556,1
0,0,0,1,0,1,1,1,0,1,0,1,1,0,0,1,1,0,0,1,1,0,0,0,1,0,1,1,0,0,1,1,0.0,-19.447533412922464,1
1,0,0,1,1,0,0,1,0,0,0,1,1,0,0,0,0,1,1,1,1,1,0,1,1,1,0,0,0,0,1,1,0.0,-19.44748963165428,1
0,1,0,0,1,1,0,1,0,0,1,0,1,1,0,0,1,0,1,0,1,0,1,0,1,1,0,1,0,1,0,1,0.0,-19.447463129600024,1
1,0,1,0,0,1,0,1,1,1,1,0,0,1,0,0,1,1,1,0,0,0,1,0,1,0,0,0,1,0,1,1,0.0,-19.44744886832016,1
0,0,1,1,0,1,1,0,1,1,1,1,1,1,0,0,0,1,1,0,1,0,0,1,0,0,0,0,0,1,1,0,0.0,-19.447421198123305,1
0,0,1,0,0,0,0,1,0,0,1,0,1,1,1,0,0,1,0,0,1,1,1,1,0,1,1,0,1,1,1,0,0.0,-19.44737628656567,1
1,1,0,1,0,0,0,1,0,0,1,1,0,1,0,0,0,1,0,1,1,0,0,1,1,0,1,1,1,1,0,0,0.0,-19.447363497350466,1
0,0,0,0,0,0,1,1,0,1,0,1,0,0,0,1,1,0,1,0,1,1,1,1,1,1,1,0,1,0,1,0,0.0,-19.44731361990896,1
0,0,0,0,1,0,1,1,0,0,1,0,1,0,1,1,0,1,1,0,1,1,0,0,0,1,1,0,1,1,0,1,0.0,-19.447309629225252,1
1,0,1,1,0,0,0,0,1,0,1,1,1,0,0,1,1,1,1,0,1,1,1,1,0,1,0,0,0,0,0,0,0.0,-19.447208148762737,1
0,0,0,1,0,0,0,1,1,1,1,0,0,0,0,1,0,0,1,1,1,1,0,1,0,0,1,1,0,1,1,1,0.0,-19.447201270336894,1
0,1,0,0,1,0,1,1,0,0,1,1,0,0,1,1,1,1,1,0,0,1,0,1,0,0,0,0,1,0,1,1,0.0,-19.447031886218728,1
0,0,0,1,0,1,0,1,0,0,0,0,1,0,0,1,0,1,1,1,1,1,1,1,0,1,0,1,1,0,0,1,0.0,-19.447021567466138,1
0,0,0,1,1,1,0,0,0,0,1,1,0,1,1,1,1,1,0,0,1,0,1,1,1,0,0,0,0,0,1,1,0.0,-19.44688810812513,1
1,1,0,0,1,0,1,0,1,0,1,0,1,1,1,1,0,0,1,0,0,1,1,0,0,1,0,0,0,0,1,1,0.0,-19.44681441407548,1
0,1,0,1,0,1,0,1,0,1,1,0,1,0,0,0,0,1,1,0,0,1,1,1,0,0,1,1,1,0,0,1,0.0,-19.446791742875526,1
0,0,0,0,1,1,1,1,0,1,1,0,1,0,0,1,0,1,1,0,1,0,0,1,1,0,0,1,0,0,1,1,0.0,-19.446692647587636,1
1,1,0,1,0,1,1,1,0,0,1,1,0,1,1,0,1,0,0,0,0,0,1,1,1,0,1,0,0,0,1,0,0.0,-19.446682064186493,1
0,1,0,1,0,0,0,0,1,0,1,1,0,0,1,1,0,1,1,1,1,0,0,0,1,0,1,0,1,0,1,1,0.0,-19.44665466826393,1
0,0,1,0,1,0,1,1,0,1,1,1,0,0,0,1,0,0,1,0,1,1,0,0,1,0,1,1,0,0,1,1,0.0,-19.446422482566817,1
0,0,0,1,1,1,1,1,0,0,1,0,0,1,1,0,0,0,0,1,1,1,0,1,0,0,0,0,1,1,1,1,0.0,-19.446421030331024,1
0,1,0,1,0,0,0,1,0,0,1,0,0,1,0,1,1,0,1,0,1,1,1,1,1,1,1,0,0,0,0,1,0.0,-19.446378360960885,1
1,0,0,1,1,1,1,0,0,0,0,1,0,0,0,1,1,0,0,1,0,1,0,1,1,0,1,1,0,0,1,1,0.0,-19.446333881685728,1
1,0,1,1,0,1,0,0,0,1,1,0,0,1,0,0,0,1,1,0,1,0,0,0,1,1,1,0,0,1,1,1,0.0,-19.446237738440267,1
0,0,0,1,1,0,0,1,1,0,0,0,1,0,0,0,1,1,1,1,1,1,1,1,0,0,1,0,0,0,1,1,0.0,-19.446236204215417,1
1,1,1,1,1,1,0,1,0,1,0,0,1,1,0,0,0,0,0,0,1,0,0,1,1,1,0,0,0,1,0,1,0.0,-19.446224505382236,1
0,0,0,1,1,1,0,1,0,1,1,0,1,1,0,0,1,0,1,0,1,1,0,1,0,1,0,0,1,0,0,1,0.0,-19.446223878247636,1
0,0,0,1,0,1,1,0,0,1,1,0,0,0,0,1,1,0,1,1,1,1,1,0,1,0,0,0,1,0,1,1,0.0,-19.446217177524442,1
1,0,0,1,1,0,0,1,0,0,1,0,0,1,0,1,1,1,0,1,0,1,1,0,0,0,1,1,0,1,0,1,0.0,-19.446154938171635,1
0,1,1,0,1,1,0,1,0,0,1,0,0,0,1,1,0,0,0,0,1,1,0,1,1,0,0,1,1,0,1,1,0.0,-19.44612903996948,1
0,1,1,1,1,0,0,1,0,0,1,0,1,0,0,1,0,0,1,0,0,1,0,1,1,1,1,1,0,0,0,1,0.0,-19.446010066289364,1
1,1,0,0,1,1,1,1,0,1,1,0,1,0,0,1,0,0,1,0,1,0,0,0,1,1,0,1,1,0,0,0,0.0,-19.44595696540791,1
0,1,1,0,1,0,0,0,0,1,0,0,1,0,0,0,1,1,0,0,1,1,1,1,1,0,1,0,1,1,1,0,0.0,-19.445784038336416,1
1,0,0,1,1,0,1,1,0,0,1,0,1,1,0,1,1,1,0,1,1,1,0,1,0,0,0,0,0,0,0,1,0.0,-19.445719155252846,1
0,0,0,0,1,1,1,0,0,0,0,1,0,1,0,1,1,1,1,1,1,1,1,0,0,0,1,0,0,1,1,0,0.0,-19.445547371033488,1
0,0,1,0,1,0,1,1,0,0,0,1,0,0,0,1,1,1,1,0,1,1,0,1,1,0,1,0,0,1,0,1,0.03125,-19.445466270987968,1
1,1,0,0,1,1,1,1,0,0,0,0,1,0,1,1,0,0,1,0,1,1,1,0,1,1,0,0,1,0,0,0,0.0,-19.445332087114387,1
0,0,0,1,0,1,0,1,0,1,0,0,1,1,0,1,0,1,1,0,1,1,0,1,1,1,0,0,1,0,0,1,0.0,-19.445314573308362,1
0,0,0,1,1,1,1,0,0,0,1,1,0,1,1,1,1,0,0,1,1,1,0,0,0,0,0,0,1,0,1,1,0.0,-19.445297747471354,1
1,0,0,1,0,1,1,1,0,1,0,1,0,0,0,1,0,1,1,0,0,0,1,1,0,1,1,1,0,0,1,0,0.0,-19.445289835111623,1
0,1,0,1,1,1,0,1,0,0,1,1,0,0,1,0,1,1,1,0,0,0,0,0,0,1,1,0,1,1,1,0,0.0,-19.445174592799013,1
1,1,0,1,0,1,0,0,1,0,1,1,0,1,0,0,0,0,1,1,1,1,0,1,1,0,1,0,0,0,1,0,0.0,-19.445169585345912,1
0,0,1,0,1,1,0,0,0,0,0,1,0,1,0,1,1,1,1,1,1,1,0,1,0,0,0,1,1,0,1,0,0.0,-19.445023074013303,1
0,0,0,1,0,1,0,1,0,0,0,0,0,0,0,1,1,0,1,1,0,1,1,1,1,1,0,1,1,1,0,1,0.0,-19.444848897292996,1
1,0,0,1,0,0,1,0,0,0,1,1,0,1,1,0,0,0,1,0,1,1,1,1,1,1,1,0,0,0,1,0,0.0,-19.44473973488261,1
0,1,0,1,1,0,0,0,1,0,1,0,1,1,1,1,0,0,1,0,0,0,0,0,1,1,1,1,1,0,0,1,0.0,-19.444705034563242,1
1,0,1,0,0,0,1,0,1,0,1,0,1,0,1,0,1,1,1,0,1,0,1,0,1,0,0,1,0,1,1,0,0.0,-19.444642583196206,1
0,1,1,1,0,0,1,0,0,1,1,0,0,0,0,0,0,0,1,1,0,1,0,1,1,0,1,0,1,1,1,1,0.0,-19.44453084701083,1
0,0,0,1,1,1,0,1,1,1,0,0,1,0,0,1,0,1,1,1,0,1,1,1,0,0,0,0,1,0,1,0,0.0,-19.444363209460803,1
1,1,0,1,0,0,1,0,0,1,1,1,0,0,0,0,0,1,1,1,0,1,1,0,1,0,0,0,1,0,1,1,0.0,-19.444140769640594,1
1,1,0,0,1,1,0,1,0,0,0,0,0,0,0,1,0,1,1,1,1,1,0,1,1,0,0,1,0,0,1,1,0.0,-19.443955279920655,1
1,0,1,0,0,1,1,1,1,1,1,0,1,0,1,0,0,0,1,0,1,0,0,1,0,0,0,1,1,0,0,1,0.0,-19.443918225064547,1
1,0,1,0,1,1,0,1,0,1,1,1,1,0,0,0,0,1,0,0,1,0,1,0,1,0,1,1,0,0,0,1,0.0,-19.443854969608033,1
1,1,0,1,1,0,1,1,0,1,1,1,0,0,1,1,0,0,0,0,1,0,0,1,0,1,0,0,0,0,1,1,0.0,-19.443846240908478,1
0,0,1,1,1,0,0,1,1,0,0,0,0,1,0,0,1,0,1,1,1,1,1,0,0,0,1,1,0,0,1,1,0.0,-19.443732707356013,1
1,1,0,1,0,1,1,1,0,1,1,0,1,0,0,0,0,0,1,1,0,1,1,1,0,0,0,1,0,0,1,0,0.0,-19.443696076558382,1
1,0,1,1,1,1,0,1,0,0,1,1,0,0,0,1,0,1,1,0,1,1,1,0,1,1,0,0,0,0,0,0,0.0,-19.443688507424092,1
0,1,1,1,0,1,1,1,0,0,0,0,0,0,0,1,1,1,1,0,0,1,1,0,1,0,0,1,1,0,0,1,0.0,-19.443603925469244,1
0,1,0,1,0,1,0,1,1,1,0,1,0,0,0,1,1,0,0,0,0,1,1,1,1,0,1,0,1,0,0,1,0.0,-19.44358062637515,1
0,1,1,1,0,1,1,1,0,0,1,1,0,0,1,1,0,0,0,0,0,1,0,0,1,1,0,0,1,0,1,1,0.0,-19.443446368459927,1
0,0,0,1,0,1,1,0,0,1,1,1,0,0,0,1,0,0,1,1,1,1,0,1,1,0,1,0,0,0,1,1,0.0,-19.443359159373657,1
0,0,0,1,0,1,0,0,0,1,1,1,0,1,0,1,1,1,1,0,0,1,1,1,1,0,1,0,0,0,1,0,0.0,-19.443222508050567,1
0,0,1,1,0,0,1,1,0,1,0,1,1,0,0,0,1,1,1,0,0,1,1,0,0,1,0,1,1,0,1,0,0.0,-19.443170511751898,1
0,0,0,0,0,1,0,1,0,1,1,0,1,1,0,1,0,1,1,0,1,1,0,1,1,1,0,0,0,1,1,0,0.0,-19.443151604191474,1
0,1,1,0,1,0,1,0,0,0,1,0,1,1,0,0,1,0,0,1,0,1,1,1,1,0,0,0,0,1,1,1,0.0,-19.443005579669357,1
0,0,1,1,0,1,0,0,1,0,1,1,0,0,1,1,0,1,1,1,1,0,0,0,0,0,0,1,0,1,1,1,0.0,-19.44299840133113,1
1,0,1,1,1,0,0,1,0,1,0,1,0,1,0,1,0,1,0,1,1,1,0,1,0,0,1,0,0,0,1,0,0.0,-19.44295247291678,1
1,1,0,1,1,0,0,1,1,1,1,0,1,1,0,1,1,0,0,0,0,0,0,1,1,0,1,1,0,0,0,0,0.03125,-19.442938135063507,1
1,1,1,1,0,0,1,1,0,0,0,1,1,1,0,0,0,1,1,0,0,1,0,1,1,1,0,0,0,0,0,1,0.0,-19.44272984723715,1
1,1,0,0,1,1,0,1,0,1,0,0,0,0,0,0,1,1,1,0,1,1,1,0,0,0,1,1,0,0,1,1,0.0,-19.442695580454735,1
0,1,0,1,1,0,0,0,0,0,1,1,0,1,0,0,0,0,1,1,1,0,1,1,1,1,1,0,0,1,0,1,0.0,-19.4426114652708,1
1,0,1,0,1,1,0,0,0,1,0,0,1,0,1,1,0,0,1,0,0,1,1,0,1,1,0,1,1,0,1,0,0.0,-19.442602134171217,1
0,0,0,0,1,1,1,1,0,1,1,0,0,0,0,0,0,1,1,0,0,1,1,1,0,0,1,1,1,0,1,1,0.0,-19.442501831368922,1
1,1,0,1,1,0,1,0,0,1,1,0,1,0,1,1,1,1,0,0,1,0,0,1,0,0,0,0,0,1,0,1,0.0,-19.4424229691925,1
0,1,0,1,1,1,0,1,1,0,1,0,1,0,0,0,0,0,0,0,0,1,1,1,1,1,0,1,0,1,1,0,0.0,-19.442399586631407,1
1,0,0,1,1,0,1,1,1,1,0,0,0,0,0,1,0,1,0,0,1,1,0,1,0,0,1,1,0,0,1,1,0.0,-19.44235574376405,1
1,1,1,0,0,1,1,1,0,0,1,0,1,0,0,0,0,0,1,1,0,1,1,0,1,0,1,1,0,0,0,1,0.0,-19.44219957980508,1
1,0,0,0,1,1,0,1,1,0,1,0,0,1,0,1,1,0,0,0,1,1,0,1,1,1,0,0,0,1,0,1,0.0,-19.442171904577172,1
0,0,0,1,1,1,1,1,0,0,1,1,0,0,0,0,1,1,1,1,1,1,1,0,0,0,0,0,0,0,1,1,0.0,-19.44210410210257,1
1,1,0,0,1,1,0,0,1,0,1,1,1,0,1,0,1,0,1,0,0,1,1,0,1,0,0,1,0,0,1,0,0.0,-19.442046471357045,1
1,0,0,1,0,0,0,0,0,1,1,0,0,0,1,1,1,0,1,1,0,1,1,0,1,0,1,1,1,0,1,0,0.0,-19.44201274675623,1
0,0,0,0,1,0,1,1,0,0,1,0,1,0,1,1,0,0,1,1,0,1,0,0,0,1,1,1,0,1,1,1,0.0,-19.441995540817736,1
1,0,1,0,1,1,1,1,0,0,0,0,0,0,0,0,1,0,1,1,1,0,0,0,1,1,0,1,0,1,1,1,0.0,-19.441892674831013,1
0,1,0,1,1,0,0,1,0,1,0,0,0,1,0,1,1,1,0,0,1,0,0,1,1,0,1,1,0,0,1,1,0.0,-19.441878153314935,1
1,0,1,1,1,0,0,0,0,1,1,1,0,1,0,1,1,0,0,0,1,1,1,1,1,0,0,1,0,0,0,0,0.0,-19.441728415302276,1
1,0,0,1,0,0,1,1,0,1,0,0,0,1,1,1,0,0,0,1,1,0,1,1,1,0,0,1,0,0,1,1,0.0,-19.441666863372706,1
0,0,1,1,1,1,1,1,0,0,1,0,1,0,1,0,0,0,1,0,0,1,1,1,1,0,1,0,0,0,0,1,0.0,-19.44166388719406,1
0,0,1,1,1,1,0,0,1,1,0,0,0,1,0,1,0,1,1,0,1,1,0,0,1,0,0,0,1,1,0,1,0.0,-19.441577244405924,1
0,1,0,1,1,1,1,0,0,0,1,0,0,0,0,1,1,1,1,1,1,0,0,1,0,0,0,1,0,0,1,1,0.0,-19.441425325891878,1
1,0,0,0,0,1,0,0,0,0,1,0,1,1,1,0,0,1,1,1,1,1,0,0,1,0,1,1,0,1,1,0,0.0,-19.44135817993997,1
0,1,0,0,1,1,0,1,0,0,0,1,0,0,1,0,1,1,1,0,0,1,1,0,1,0,1,0,0,1,1,1,0.0,-19.44135516838404,1
1,0,0,0,1,1,1,1,1,0,1,0,1,1,0,0,0,1,0,0,1,1,0,1,0,1,0,0,0,0,1,1,0.0,-19.44120690077553,1
0,1,0,1,1,1,0,1,0,0,0,0,1,1,0,0,1,1,1,0,0,0,1,1,1,1,0,1,1,0,0,0,0.0,-19.441190131516585,1
0,1,0,1,0,1,0,1,0,0,1,1,1,0,0,0,0,1,1,0,0,1,0,1,1,1,0,1,0,1,0,1,0.0,-19.441120409310322,1
1,0,0,1,1,0,0,1,0,1,1,0,0,0,0,0,1,0,1,0,1,1,1,0,1,1,0,1,0,1,0,1,0.0,-19.441099294571792,1
0,1,0,1,1,1,1,1,0,0,1,0,0,1,0,1,1,0,0,0,0,1,1,1,1,0,0,1,0,1,0,0,0.0,-19.440814174168164,1
0,1,0,0,1,1,1,0,0,0,1,1,0,0,0,0,1,0,1,0,1,1,1,0,1,1,1,0,0,0,1,1,0.0,-19.440786097626965,1
1,0,1,0,1,1,1,1,1,0,1,1,0,0,0,1,1,0,0,0,0,1,1,0,1,0,0,1,0,0,0,1,0.0,-19.440757187140697,1
0,1,1,1,0,1,0,0,1,1,0,0,1,0,0,0,0,1,1,0,1,0,0,1,0,1,0,1,0,1,1,1,0.0,-19.440698897094904,1
0,1,1,1,1,1,0,1,0,1,0,1,1,0,1,1,0,0,1,0,0,1,1,0,0,0,0,1,0,0,0,1,0.0,-19.44056716124893,1
1,0,1,0,1,0,1,0,0,0,1,1,1,1,0,0,0,1,0,0,1,1,1,0,1,1,1,0,0,0,0,1,0.0,-19.440501575678958,1
0,0,0,1,1,1,1,0,0,0,0,1,1,1,0,0,1,1,1,1,0,0,1,0,0,1,0,1,0,0,1,1,0.0,-19.44044876454197,1
0,0,0,1,1,1,1,0,0,0,1,0,1,0,1,1,0,1,1,1,1,0,1,1,0,0,1,0,0,0,0,1,0.0,-19.440396714437703,1
0,0,1,1,0,1,1,0,0,0,1,1,0,0,0,1,0,1,1,1,1,1,0,1,1,0,0,0,0,1,0,1,0.0,-19.44037237952598,1
0,0,1,1,0,1,1,0,0,1,0,1,0,1,1,1,1,0,1,0,0,0,1,0,0,1,1,0,0,0,1,1,0.0,-19.440274057886906,1
0,0,0,1,1,0,1,1,0,0,1,0,0,1,1,1,0,0,0,0,1,1,0,1,1,1,1,0,0,0,1,1,0.0,-19.440152124030295,1
1,0,1,1,1,0,0,0,1,1,1,1,1,0,1,0,0,1,1,0,0,0,0,0,1,0,0,1,1,0,0,1,0.0,-19.440023963834555,1
0,0,0,1,1,0,1,1,0,1,0,0,1,1,0,0,0,0,0,0,1,1,0,1,1,1,1,1,0,0,1,1,0.0,-19.439971385855486,1
0,1,0,1,0,1,0,1,0,1,1,1,0,1,0,1,0,1,1,0,0,1,0,0,0,1,0,1,0,0,1,1,0.0,-19.439935437641857,1
0,1,0,0,1,1,1,0,0,0,1,1,0,0,0,1,1,0,0,1,1,1,1,1,1,0,0,0,1,0,0,1,0.0,-19.439873340478304,1
0,0,1,1,1,0,0,1,0,1,0,0,1,1,1,0,1,0,1,0,0,1,1,1,1,0,0,0,0,1,0,1,0.0,-19.439679765354754,1
0,1,0,1,1,0,0,1,0,0,1,0,0,0,0,0,1,1,0,0,1,1,0,1,1,1,1,0,1,1,0,1,0.0,-19.43957476160323,1
0,0,1,1,0,1,1,0,0,1,1,1,0,0,0,0,1,0,1,0,1,1,0,0,1,1,0,0,1,1,0,1,0.0,-19.43954433158772,1
0,1,1,1,1,0,1,0,0,0,1,1,0,1,0,0,0,1,1,1,1,1,0,0,0,0,0,1,1,1,0,0,0.0,-19.439522194346438,1
0,1,0,0,1,1,1,1,0,0,0,0,0,1,1,0,1,1,1,0,1,1,0,0,0,0,0,1,1,1,1,0,0.0,-19.439501162018704,1
0,0,1,1,0,1,1,1,0,1,0,0,1,0,0,0,1,0,1,0,0,1,0,1,1,1,1,0,0,0,1,1,0.0,-19.439313914999566,1
1,1,0,1,0,1,1,0,0,0,0,1,0,1,0,1,0,1,0,1,1,1,1,1,0,1,0,0,0,0,1,0,0.0,-19.439175778645406,1
1,0,1,1,1,1,0,0,0,0,1,0,1,0,1,0,0,1,1,0,1,0,0,1,1,1,1,0,0,0,0,1,0.0,-19.438904173526645,1
0,0,1,1,1,1,1,1,0,1,1,1,0,0,0,1,0,0,1,0,1,1,0,0,1,0,0,1,0,0,0,1,0.0,-19.438844458833888,1
0,1,1,1,0,0,1,1,0,1,1,1,0,0,0,1,1,1,1,1,0,0,0,1,0,0,0,0,1,0,0,1,0.0,-19.438779226878534,1
1,0,1,1,0,0,1,0,1,0,1,0,0,0,0,1,1,0,1,0,1,1,0,1,1,1,0,1,0,0,0,1,0.0,-19.438748524920786,1
0,1,0,0,1,0,0,1,0,1,1,1,0,0,0,0,1,0,1,0,1,1,1,0,1,1,1,0,1,0,0,1,0.0,-19.438703983499302,1
1,1,0,1,1,0,0,1,1,0,1,0,0,0,0,0,1,1,1,1,1,1,0,1,0,0,1,0,0,0,1,0,0.0,-19.43863763494135,1
0,1,1,0,1,1,1,0,0,0,1,1,0,0,0,1,0,1,1,1,1,1,0,0,0,0,0,1,0,0,1,1,0.0,-19.438634010724094,1
0,0,1,1,1,0,1,0,0,0,1,0,1,0,1,1,1,1,0,1,0,0,1,0,1,0,1,0,0,0,1,1,0.0,-19.438471302189832,1
1,0,0,1,1,0,1,0,0,1,0,0,0,1,0,0,0,0,1,1,1,1,1,0,0,1,1,1,0,0,1,1,0.0,-19.43841939723227,1
0,0,0,0,0,1,0,1,1,0,1,1,0,1,0,1,1,1,1,0,1,1,0,1,1,0,0,1,0,0,0,1,0.0,-19.438351154479726,1
0,0,0,1,1,1,1,1,0,0,1,1,1,1,1,0,1,1,1,0,1,1,1,0,0,0,0,0,0,0,0,0,0.0,-19.43834427178979,1
1,1,0,1,1,0,1,1,0,0,1,1,0,1,0,1,0,0,1,1,0,0,0,1,1,1,0,1,0,0,0,0,0.0,-19.438333011489394,1
0,0,0,1,0,0,0,1,0,1,1,1,0,0,1,0,0,1,0,0,1,1,1,1,1,0,1,1,1,0,1,0,0.0,-19.438312328191063,1
1,0,0,1,1,1,1,1,1,1,1,1,0,0,0,1,0,0,1,1,1,1,0,0,0,0,0,0,0,0,0,1,0.03125,-19.438255451406395,1
0,0,0,1,1,1,0,1,0,0,0,1,0,0,1,0,0,1,1,1,1,0,0,1,0,1,1,0,0,1,1,1,0.0,-19.43825304108956,1
0,1,0,0,1,1,1,1,0,1,1,1,1,0,0,0,0,1,1,0,1,0,0,0,1,1,0,0,1,1,0,0,0.0,-19.438192023557047,1
1,0,1,1,1,0,1,1,0,1,0,1,0,0,0,0,1,1,1,0,0,1,0,0,0,1,1,0,0,0,1,1,0.0,-19.438098981395413,1
1,0,1,0,0,1,1,0,0,1,1,0,0,0,0,0,0,0,1,0,1,1,1,1,1,1,0,1,0,0,1,1,0.0,-19.437824248609594,1
0,0,0,0,1,1,0,0,0,1,1,0,1,0,0,0,1,1,1,0,0,1,1,1,0,1,0,1,0,1,1,1,0.0,-19.4377830748114,1
0,0,0,1,1,1,0,1,0,1,0,0,1,1,0,1,0,1,1,0,1,0,1,0,1,1,1,1,0,0,0,0,0.0,-19.43778018994445,1
0,0,0,1,1,1,0,1,0,0,1,1,0,1,0,0,1,0,1,1,0,1,1,1,1,0,0,1,0,0,0,1,0.0,-19.43768122259574,1
0,0,1,1,0,1,0,1,1,1,1,0,0,1,0,0,0,0,1,1,0,1,1,1,0,0,1,0,1,0,0,1,0.03125,-19.43763542142018,1
1,1,1,0,1,1,1,1,0,1,0,0,0,0,0,0,1,0,1,0,1,1,0,0,1,0,0,1,0,0,1,1,0.0,-19.437586552205563,1
0,0,0,1,1,1,1,1,0,0,1,1,1,0,0,0,0,1,1,1,0,1,1,1,1,0,0,0,0,0,0,1,0.0,-19.437549926994684,1
0,0,0,0,1,1,1,0,0,0,1,1,0,0,1,0,0,1,1,0,1,1,1,0,1,0,1,1,0,1,1,0,0.0,-19.437374319988805,1
1,1,1,1,0,1,1,1,0,0,1,0,0,1,1,1,1,1,0,0,0,1,0,0,0,0,0,1,0,0,1,0,0.0,-19.437162146862253,1
0,0,0,1,1,0,1,1,1,1,0,1,0,1,1,1,0,0,0,0,0,0,1,1,1,0,0,1,1,0,0,1,0.0,-19.437142911168,1
0,1,0,1,1,0,0,0,0,0,0,1,0,0,1,1,1,0,0,0,0,1,1,1,1,1,1,1,0,0,1,1,0.0,-19.437089635524405,1
0,0,0,0,1,0,0,0,0,1,0,0,0,1,0,1,1,1,1,0,1,1,1,1,0,1,1,1,1,1,0,0,0.0,-19.43696066798234,1
1,0,0,0,0,1,1,0,0,1,1,0,1,0,1,0,1,1,1,0,1,0,0,1,1,0,0,1,1,0,0,1,0.0,-19.43688053802728,1
0,0,1,1,1,0,0,1,0,1,1,0,0,1,1,1,0,0,0,0,1,1,0,0,1,1,0,0,1,1,0,1,0.0,-19.436737930975212,1
0,0,0,1,1,1,1,1,0,0,1,0,1,0,1,1,0,0,0,1,1,1,0,0,0,1,0,1,1,1,0,0,0.0,-19.436662207655623,1
0,0,1,1,1,1,0,0,0,1,1,1,0,0,1,1,1,1,1,0,1,0,1,0,0,0,0,1,0,0,1,0,0.0,-19.43658961868973,1
0,1,0,1,0,1,0,1,0,1,1,1,1,1,0,0,1,0,0,0,1,1,0,1,0,1,0,1,0,0,0,1,0.0,-19.436572744930228,1
1,1,0,0,1,0,1,1,0,0,1,0,0,0,0,0,1,1,1,1,0,0,1,1,0,1,1,0,0,1,1,0,0.0,-19.436488179509823,1
1,1,0,1,1,1,0,0,0,1,0,0,1,0,0,0,1,1,1,1,1,0,0,0,1,1,0,0,0,1,1,0,0.0,-19.43647090547244,1
0,0,1,1,1,1,0,1,0,0,1,1,0,0,1,1,1,1,1,0,0,0,0,1,1,0,0,1,0,0,0,1,0.0,-19.436414601953327,1
0,1,1,1,1,0,0,1,0,0,0,1,0,1,1,1,1,0,1,0,0,1,0,1,1,1,0,0,1,0,0,0,0.0,-19.436390079811304,1
0,1,0,1,1,1,1,0,1,0,0,0,0,0,0,1,1,1,1,0,1,1,0,1,1,0,1,0,0,0,1,0,0.0,-19.436382319447233,1
1,1,0,1,1,0,1,0,1,0,1,1,0,0,1,0,0,0,1,0,1,1,0,0,1,0,1,1,0,0,0,1,0.0,-19.43633153318334,1
0,1,1,1,0,1,1,0,0,1,0,0,0,1,0,1,1,0,1,1,1,1,0,0,0,0,1,0,0,1,0,1,0.0,-19.436302224644365,1
0,0,1,1,1,1,1,1,1,0,1,1,0,0,0,0,0,1,1,0,0,1,1,0,1,0,0,1,1,0,0,0,0.0,-19.43625159507937,1
0,1,1,0,0,1,0,0,0,1,1,0,0,0,1,1,1,0,1,0,1,1,1,1,1,0,0,0,0,0,1,1,0.0,-19.436136622334473,1
0,1,0,0,1,1,0,0,1,1,1,0,1,0,0,1,1,0,0,0,1,1,1,0,0,1,0,1,0,0,1,1,0.0,-19.436135645452318,1
0,0,1,1,1,1,1,1,0,0,1,0,0,1,0,0,1,1,0,0,0,0,1,1,1,1,0,0,0,1,1,0,0.0,-19.43602364794452,1
1,1,1,1,1,1,0,1,0,1,0,1,0,1,0,0,0,0,1,1,1,1,1,0,0,0,0,1,0,0,0,0,0.0,-19.43601732771923,1
0,1,0,1,1,0,0,1,1,1,0,0,1,1,0,0,1,1,0,1,1,0,0,1,0,0,1,0,0,0,1,1,0.0,-19.436009887939864,1
0,1,1,1,1,0,1,1,1,1,0,1,0,0,0,0,1,0,1,0,0,1,1,0,1,0,0,0,0,0,1,1,0.0,-19.43595263190384,1
0,0,1,1,0,0,1,1,1,0,0,1,1,1,0,0,0,1,0,1,1,1,1,0,1,0,1,0,0,0,0,1,0.0,-19.435772626373076,1
0,1,0,0,0,1,1,1,0,1,1,1,0,0,1,0,0,0,1,0,0,1,0,0,1,0,1,1,1,1,0,1,0.0,-19.435765384908727,1
1,1,0,0,0,1,1,0,0,1,1,1,0,0,0,1,1,0,0,0,0,1,0,1,1,1,0,1,0,0,1,1,0.0,-19.43567096366045,1
1,1,0,0,0,0,0,1,0,0,0,0,0,1,1,1,1,1,1,0,1,1,1,0,1,1,1,0,0,0,0,1,0.0,-19.43566112231896,1
0,0,1,1,1,0,1,0,0,0,0,1,0,0,0,0,0,1,0,1,1,1,1,0,1,1,1,0,0,1,1,1,0.0,-19.435578840733335,1
1,1,0,0,1,1,1,1,0,0,1,0,0,1,1,1,0,1,0,1,1,1,0,0,0,0,0,0,0,0,1,1,0.0,-19.43557816612327,1
1,1,1,0,1,1,1,1,0,0,1,0,1,1,1,0,1,0,0,1,0,1,1,0,0,0,0,0,0,0,1,0,0.0,-19.4354608115862,1
0,0,1,0,0,0,0,1,0,1,1,1,1,1,0,0,1,0,1,1,0,1,0,1,0,1,1,0,0,1,0,1,0.0,-19.435415193883404,1
0,0,0,0,0,0,1,1,0,1,1,0,1,0,1,0,1,0,1,1,1,1,0,1,1,0,0,0,0,1,1,1,0.0,-19.43537063316132,1
0,1,1,1,0,1,0,1,0,0,0,0,0,0,1,0,1,1,1,0,1,1,1,1,0,1,0,0,0,1,1,0,0.0,-19.435293379004207,1
0,1,0,1,1,1,0,1,0,1,0,0,0,0,1,0,1,0,1,0,1,1,1,1,1,0,0,0,0,0,1,1,0.0,-19.43496619667724,1
1,1,0,1,1,1,0,1,0,0,0,0,0,1,0,0,1,1,0,1,1,1,1,0,1,0,1,0,0,0,0,1,0.0,-19.434914683406163,1
0,0,0,1,1,0,1,1,0,1,1,0,0,1,1,0,1,0,1,0,1,1,0,1,1,0,0,0,0,1,1,0,0.0,-19.434913928526193,1
0,1,0,1,0,1,0,0,1,0,0,1,1,1,1,0,1,1,1,0,0,1,1,0,1,0,1,0,0,0,0,1,0.0,-19.434781855091664,1
0,1,0,0,1,1,0,1,0,1,1,0,0,0,0,1,1,1,0,0,0,1,1,0,1,1,0,0,1,0,1,1,0.0,-19.434735180756583,1
1,0,1,1,1,1,0,0,0,1,0,1,0,1,1,1,0,0,0,0,1,0,0,0,1,1,1,1,0,1,0,0,0.0,-19.434612199134193,1
0,0,0,1,0,1,1,1,0,1,1,0,1,1,0,0,1,0,1,1,0,1,1,1,1,0,0,0,0,1,0,0,0.0,-19.434534549615602,1
1,1,0,0,0,0,1,1,0,1,1,0,0,1,0,0,1,1,0,1,1,1,1,0,0,0,0,1,1,0,1,0,0.0,-19.434501842940044,1
0,1,0,1,1,1,0,0,0,1,1,1,0,0,1,1,1,1,0,0,0,1,1,0,0,0,1,0,0,0,1,1,0.0,-19.43438239835356,1
0,0,0,0,1,1,1,1,0,1,1,0,0,0,0,0,0,0,0,1,1,1,1,0,1,0,1,1,0,1,1,1,0.0,-19.434379944680114,1
1,0,0,1,0,0,0,1,1,1,0,1,0,1,1,0,1,0,0,1,1,0,1,1,1,0,1,0,0,0,1,0,0.0,-19.43437841854927,1
0,1,0,1,1,1,1,0,1,0,0,1,1,0,0,0,1,0,0,0,1,1,0,0,1,1,1,1,0,0,1,0,0.0,-19.434150758717262,1
0,0,1,1,1,1,0,1,1,1,1,0,0,1,1,0,0,1,0,0,0,0,0,0,0,0,1,1,1,0,1,1,0.0,-19.433958936041595,1
1,1,0,1,1,0,0,1,0,0,1,0,0,0,0,0,1,1,0,1,1,0,1,0,1,1,1,1,0,0,1,0,0.0,-19.433756715591606,1
1,0,0,1,1,1,0,1,1,0,1,0,0,1,1,0,1,1,1,0,0,0,1,1,0,0,1,1,0,0,0,0,0.0,-19.43373980819131,1
1,0,1,1,1,1,1,1,0,1,1,0,0,0,1,0,0,0,0,0,1,0,1,0,1,0,1,1,0,0,0,1,0.0,-19.433582569404322,1
0,1,1,1,1,1,1,0,0,0,0,1,0,0,0,1,1,1,0,0,0,1,1,0,1,0,1,1,0,0,0,1,0.0,-19.43358188383359,1
1,0,1,1,1,1,0,0,0,0,1,1,0,0,0,0,0,1,1,1,0,1,1,0,1,1,0,1,0,0,1,0,0.0,-19.43322600128678,1
0,0,1,1,0,0,1,1,0,1,1,0,1,1,0,0,0,1,1,1,0,1,1,1,0,0,1,0,0,0,0,1,0.0,-19.433218892795512,1
0,1,1,1,1,0,0,1,0,1,1,1,0,0,0,1,1,1,1,0,1,1,0,0,1,0,1,0,0,0,0,0,0.0,-19.43315382677315,1
0,0,0,0,1,1,1,1,0,1,0,0,1,0,1,1,1,0,1,0,1,1,0,1,1,0,1,0,0,0,0,1,0.0,-19.433079438673765,1
1,1,1,0,1,1,0,0,1,0,1,0,0,1,1,0,0,1,1,0,0,1,0,0,0,1,1,0,1,0,1,0,0.0,-19.433071120856177,1
0,1,0,1,1,1,0,1,0,1,0,1,0,1,0,0,1,1,1,1,1,0,0,0,0,0,1,1,1,0,0,0,0.0,-19.43303359018358,1
0,0,0,1,1,0,0,1,0,1,0,0,1,1,0,0,1,1,1,1,1,1,0,0,1,0,0,1,0,1,0,1,0.0,-19.432938165301817,1
0,0,0,0,1,1,1,1,1,0,0,0,0,0,1,0,1,1,1,0,0,1,1,0,1,0,0,1,1,1,1,0,0.0,-19.43293659209308,1
1,0,1,0,1,0,1,0,1,1,1,1,0,1,1,0,0,1,1,0,1,0,0,1,0,0,0,0,0,1,0,1,0.0,-19.432834002059575,1
0,0,1,0,0,1,1,0,0,0,1,0,1,0,1,0,1,0,1,0,1,1,1,0,1,1,1,1,1,0,0,0,0.0,-19.4328216742321,1
0,1,0,1,1,1,1,1,0,0,1,0,0,1,0,0,0,1,1,1,1,1,0,1,0,0,1,0,0,1,0,0,0.0,-19.43281237540483,1
0,0,0,1,0,1,0,0,1,1,1,1,1,0,0,0,0,1,1,0,1,0,1,1,1,1,0,1,0,0,0,1,0.0,-19.432606093115375,1
0,1,0,1,1,1,1,1,0,1,1,1,0,0,1,1,0,1,1,0,0,1,0,0,0,0,0,0,0,1,0,1,0.0,-19.432525846077358,1
1,0,1,0,1,0,0,1,0,0,1,1,0,0,0,0,1,1,0,1,1,1,1,1,1,0,0,1,0,0,0,1,0.0,-19.43240839803787,1
0,1,0,0,0,1,0,0,0,1,1,1,1,1,0,0,1,1,1,0,0,0,1,1,0,1,1,1,0,0,0,1,0.0,-19.432402338969915,1
1,0,1,1,0,1,0,1,1,0,0,0,1,0,1,0,1,1,1,0,1,0,0,1,0,1,1,1,0,0,0,0,0.0,-19.432380229378243,1
1,0,0,0,1,0,1,0,0,1,1,0,0,1,1,1,1,0,1,1,0,1,1,0,1,0,0,0,0,0,1,1,0.0,-19.432240945207415,1
0,0,0,1,1,0,1,0,0,1,0,1,1,1,1,1,1,1,1,1,1,0,0,1,0,0,0,0,0,0,0,1,0.0,-19.432167175743167,1
1,0,1,0,1,0,0,1,0,0,0,1,0,0,1,0,1,1,1,1,0,1,1,1,0,1,0,0,0,1,1,0,0.03125,-19.432072048209783,1
1,1,1,1,0,1,1,1,0,1,0,1,0,0,1,0,1,0,1,0,0,1,1,0,1,0,0,0,0,0,0,1,0.0,-19.43201852204049,1
1,0,0,0,0,1,1,0,0,1,0,0,1,1,0,1,1,1,0,0,1,1,1,0,1,1,0,1,0,0,0,1,0.0,-19.431932640764348,1
1,1,1,0,1,0,0,0,1,1,1,1,0,0,0,1,0,1,1,1,0,1,1,0,0,0,0,1,0,0,1,0,0.0,-19.43191227963219,1
0,1,0,1,1,0,1,0,1,1,1,1,0,1,0,1,1,1,1,0,0,1,1,0,0,0,0,0,0,0,0,1,0.0,-19.431836916497748,1
0,1,0,1,1,1,1,0,0,1,1,0,0,0,1,1,1,0,1,0,0,1,0,0,0,0,1,1,0,0,1,1,0.0,-19.43177511154462,1
1,0,0,1,1,1,0,1,1,1,0,1,0,0,0,0,0,0,0,1,0,1,1,1,0,1,0,1,1,0,0,1,0.0,-19.431762961964605,1
0,0,0,1,1,1,1,1,1,0,0,0,0,0,1,1,0,0,1,0,0,1,0,0,1,1,1,1,0,0,1,1,0.0,-19.431529154299046,1
0,1,0,0,0,0,0,1,1,1,0,0,0,1,0,0,1,1,1,0,1,1,1,1,0,1,0,1,1,0,1,0,0.0,-19.431509833840554,1
1,0,0,0,1,1,1,0,1,0,0,0,0,1,0,0,1,1,1,0,0,1,1,1,1,0,1,1,0,0,0,1,0.0,-19.431471949244838,1
0,0,1,1,1,1,0,0,1,1,1,0,0,0,0,0,0,0,1,1,1,0,0,1,1,1,0,0,1,1,0,1,0.0,-19.431461697625974,1
0,0,1,0,1,0,0,0,0,1,1,1,0,0,1,1,0,1,1,1,0,1,0,0,0,0,1,1,0,1,1,1,0.0,-19.431351104431094,1
0,1,0,0,1,0,1,0,0,1,1,1,1,1,0,0,0,0,1,1,1,1,0,0,0,1,0,1,0,1,0,1,0.0,-19.431346902562524,1
0,0,0,1,1,1,1,1,1,1,1,0,0,0,0,0,0,0,1,1,1,1,0,0,1,0,1,0,0,1,1,0,0.0,-19.431339528374068,1
0,0,1,0,0,1,0,1,1,1,0,1,0,1,1,0,0,1,1,0,1,1,0,0,0,1,0,0,1,0,1,1,0.0,-19.431263592394902,1
0,0,0,1,1,1,1,0,0,0,1,0,1,0,1,0,1,0,1,1,0,1,1,0,0,1,0,1,0,0,1,1,0.0,-19.431089227976617,1
0,1,1,1,1,1,0,0,0,0,1,0,0,0,1,0,0,1,1,1,1,1,1,0,0,0,0,1,0,0,1,1,0.0,-19.43092049432813,1
1,0,0,0,1,0,1,1,0,0,1,0,0,0,1,1,1,1,0,1,0,1,1,0,1,0,0,1,0,0,1,1,0.0,-19.43085153154796,1
1,0,1,1,0,1,1,1,1,0,1,0,0,0,1,0,1,1,1,0,1,0,0,0,1,0,0,1,0,0,0,1,0.0,-19.430848252509044,1
0,0,0,0,0,1,0,0,0,1,1,0,1,0,0,0,0,1,1,1,0,1,1,0,1,1,1,1,1,1,0,1,0.0,-19.43073180110254,1
1,0,1,0,1,1,1,0,1,1,0,1,0,0,0,1,1,0,1,0,1,1,1,0,1,0,0,1,0,0,0,0,0.0,-19.43059090146419,1
0,0,1,1,1,1,1,0,1,1,0,1,0,0,0,1,1,0,0,0,0,1,1,0,1,0,1,1,0,0,1,0,0.0,-19.43041120194192,1
0,0,1,1,1,1,0,1,0,1,0,1,0,1,1,0,0,0,0,0,0,1,1,0,1,1,1,0,1,0,0,1,0.0,-19.43031622270515,1
0,0,1,0,1,1,1,1,0,0,1,0,0,0,0,0,0,1,1,1,1,1,1,0,1,0,1,1,1,0,0,0,0.0,-19.430185963286135,1
0,0,0,0,1,1,1,1,0,1,0,1,1,0,1,0,0,1,1,0,1,1,1,1,0,0,0,1,0,0,0,1,0.0,-19.430156489348793,1
0,1,0,1,0,1,1,0,0,1,1,0,1,0,0,0,1,1,1,1,1,0,0,0,0,1,0,1,0,1,1,0,0.0,-19.430127769375165,1
0,0,0,0,1,0,1,1,0,1,1,1,0,0,1,0,1,1,1,0,1,1,1,0,1,0,0,0,1,1,0,0,0.0,-19.430125216919773,1
0,0,1,1,1,0,0,1,0,0,1,0,1,1,1,0,1,1,0,0,0,1,1,1,1,0,1,1,0,0,0,0,0.0,-19.429653421318825,1
0,0,1,0,1,1,0,1,0,1,1,1,0,1,0,0,1,1,1,0,0,1,1,1,1,0,0,0,0,0,0,1,0.0,-19.42964666986779,1
0,1,1,0,1,1,1,0,0,1,1,0,1,1,0,0,0,1,0,0,0,1,0,1,1,0,0,1,0,0,1,1,0.0,-19.429639555346988,1
1,0,0,0,1,1,1,0,0,1,0,0,0,0,0,0,0,0,1,1,1,1,1,1,1,1,0,1,0,0,1,1,0.0,-19.429595608479723,1
1,0,0,0,1,1,1,0,0,0,1,1,0,0,1,0,0,1,0,1,0,1,1,0,1,1,0,0,1,0,1,1,0.0,-19.4295596799858,1
1,1,0,0,1,0,0,1,0,1,1,1,0,0,1,0,0,1,1,0,1,1,0,0,1,0,1,1,0,1,0,0,0.0,-19.42924222938718,1
1,1,0,1,1,1,1,0,0,0,0,0,0,1,1,0,1,1,1,1,0,1,0,0,0,0,0,1,0,0,1,1,0.0,-19.42920802674271,1
0,1,0,0,1,1,0,1,1,1,0,1,1,1,0,1,1,1,0,0,1,1,0,1,0,0,0,1,0,0,0,0,0.0,-19.42884890732118,1
0,0,0,1,1,1,1,1,1,1,0,0,0,1,0,0,1,0,0,1,1,0,1,1,0,0,0,1,0,1,0,1,0.0,-19.42868347069319,1
0,1,0,1,1,1,1,0,0,1,0,1,0,0,0,0,1,1,1,0,1,1,1,1,1,0,0,0,0,0,0,1,0.0,-19.428677983391427,1
0,1,0,1,0,0,1,0,0,0,1,1,0,0,0,0,1,1,1,1,0,1,1,0,1,1,0,1,0,0,1,1,0.0,-19.428543500026066,1
0,0,0,1,1,1,1,0,0,0,1,0,0,0,1,1,1,1,1,0,1,1,0,0,1,0,1,1,0,0,0,1,0.0,-19.42849009324902,1
0,0,0,1,0,0,0,1,1,1,1,1,0,1,1,0,0,0,0,1,1,1,1,0,1,0,0,1,0,1,1,0,0.0,-19.42838366178717,1
0,1,0,1,1,0,1,0,1,1,1,0,0,0,0,1,1,1,0,0,1,1,1,0,1,0,0,0,0,1,0,1,0.0,-19.42838238008151,1
1,1,0,0,1,1,1,1,0,0,0,0,0,0,0,0,1,1,0,1,1,1,1,0,0,1,1,0,0,1,0,1,0.0,-19.428364767211235,1
0,1,0,1,0,0,1,0,0,1,0,0,1,0,1,1,1,0,1,1,0,1,1,0,1,1,0,0,0,1,1,0,0.0,-19.42824802727407,1
0,0,1,0,1,0,0,1,1,0,0,1,1,0,1,1,1,1,1,1,1,0,0,1,0,1,0,0,0,0,0,1,0.0,-19.428134123409436,1
0,0,0,0,1,1,1,1,0,0,1,1,0,1,0,0,1,1,0,0,1,1,0,0,1,1,1,1,0,0,1,0,0.0,-19.427954348805105,1
0,1,0,1,0,0,0,0,0,0,1,1,0,1,0,1,1,1,0,1,0,1,1,1,1,1,1,0,0,0,0,1,0.0,-19.42793945443277,1
1,0,0,0,1,1,1,1,0,1,0,0,0,0,1,1,1,1,0,1,0,1,0,0,1,0,0,0,1,0,1,1,0.0,-19.42781994082868,1
0,1,1,1,0,1,1,0,1,0,0,1,1,0,0,0,1,1,0,0,1,1,0,1,0,1,0,1,0,0,0,1,0.0,-19.427769554607174,1
0,1,0,0,1,0,1,1,0,0,1,0,1,1,0,0,0,1,1,1,0,1,1,0,0,1,1,1,0,0,0,1,0.0,-19.42769742027985,1
0,1,1,1,0,1,0,0,1,0,0,1,1,0,1,0,0,1,1,1,0,1,1,1,0,0,0,1,0,0,0,1,0.0,-19.427171053467443,1
0,0,0,1,0,1,1,1,1,0,1,1,0,0,1,0,1,0,1,1,0,1,0,0,0,1,1,0,1,0,0,1,0.0,-19.426509877307826,1
0,0,1,1,1,0,0,0,0,0,1,0,0,0,1,0,0,1,1,1,1,1,1,1,0,1,0,1,1,0,0,1,0.0,-19.42646700231443,1
1,1,0,1,1,0,1,1,0,1,0,0,0,0,1,1,1,0,0,0,1,1,1,0,0,1,0,1,0,0,0,1,0.0,-19.426241486091797,1
0,1,1,1,1,1,0,1,1,1,0,0,0,0,1,0,1,0,1,0,1,1,0,1,0,0,1,0,0,0,1,0,0.0,-19.42623656027565,1
0,0,1,0,1,1,0,1,0,1,1,0,1,0,0,0,1,1,1,0,1,1,0,0,1,1,1,0,0,0,0,1,0.0,-19.42608342426706,1
0,0,1,0,1,0,1,1,0,1,0,1,0,1,0,0,0,1,1,0,1,1,1,1,0,1,0,1,0,0,0,1,0.0,-19.426065708324995,1
0,1,1,0,1,1,0,0,0,1,0,0,0,0,1,1,0,1,1,0,0,1,1,0,1,1,0,0,1,1,0,1,0.0,-19.425956696717027,1
0,0,1,1,0,1,0,0,0,1,0,1,1,0,1,0,0,0,1,1,1,1,1,1,1,1,0,0,0,0,0,1,0.0,-19.425220569864567,1
1,1,1,1,0,0,1,1,0,1,1,1,0,0,0,1,1,1,0,1,0,1,0,0,1,0,1,0,0,0,0,0,0.0,-19.425124953931853,1
0,1,0,1,1,0,0,0,0,1,1,1,1,1,1,0,1,1,1,1,1,1,0,0,0,0,0,0,0,0,0,1,0.0,-19.425064002425657,1
0,0,0,1,1,1,1,1,1,1,1,1,0,1,1,0,0,0,1,1,0,0,1,0,0,0,1,0,0,0,0,1,0.0,-19.42506272216626,1
0,1,0,1,1,0,0,0,0,1,1,1,1,0,1,0,0,1,1,1,1,1,0,0,1,0,0,1,0,0,1,0,0.0,-19.424990566011072,1
0,1,0,1,0,1,1,0,1,1,0,1,0,1,1,0,1,0,1,0,0,1,1,1,1,0,0,0,1,0,0,0,0.0,-19.42489429991238,1
0,0,0,1,0,1,1,0,0,1,1,1,1,1,0,0,1,1,0,0,1,1,0,0,1,1,0,1,0,0,0,1,0.0,-19.424833528690765,1
1,0,0,0,1,0,1,1,0,1,0,1,0,1,0,0,1,1,0,0,0,1,1,1,1,1,1,0,0,0,0,1,0.0,-19.4247440927818,1
1,1,1,1,1,0,1,1,0,1,0,1,0,0,1,0,1,0,0,0,0,1,1,1,0,1,0,0,0,0,0,1,0.0,-19.424708671922943,1
0,1,0,1,1,1,0,0,0,1,1,0,1,0,0,0,1,0,1,1,0,1,1,1,1,1,0,0,0,0,0,1,0.0,-19.424665373077413,1
0,0,1,1,1,0,1,0,0,1,0,1,0,0,0,0,1,1,1,1,0,1,1,0,1,1,0,0,1,0,1,0,0.0,-19.424657548872023,1
0,0,1,0,1,1,1,1,0,1,1,1,0,0,0,1,1,0,1,1,0,0,0,0,1,1,1,0,0,0,0,1,0.0,-19.42460569351375,1
1,0,0,1,1,0,1,1,1,0,0,1,0,0,1,0,0,1,1,0,0,1,1,1,1,1,1,0,0,0,0,0,0.0,-19.424465795416094,1
0,1,0,0,1,1,0,0,0,0,1,0,0,0,1,1,1,1,0,0,0,1,1,1,1,1,0,1,0,0,1,1,0.0,-19.424083176609358,1
1,0,0,1,1,0,0,0,0,0,1,0,0,0,1,0,1,1,0,1,1,1,1,1,1,1,1,0,0,0,1,0,0.0,-19.42399630775981,1
1,0,0,1,1,0,1,0,0,1,0,0,1,1,1,1,1,1,0,1,1,1,1,0,0,0,0,1,0,0,0,0,0.0,-19.42357713168582,1
0,1,0,0,1,1,1,1,0,1,1,0,0,1,0,1,1,1,0,1,0,1,0,0,0,0,0,1,0,0,1,1,0.0,-19.423344082697994,1
1,0,1,1,1,1,1,0,0,1,0,0,0,1,1,0,0,1,1,0,1,0,0,0,1,1,0,1,0,0,1,0,0.0,-19.423309980738672,1
0,1,1,0,1,1,0,0,0,1,0,0,0,0,1,0,1,0,1,1,1,1,0,0,1,0,0,1,1,0,1,1,0.0,-19.42289519892305,1
0,0,1,1,0,1,1,0,1,1,0,1,0,0,0,0,1,1,1,0,0,1,0,1,1,1,0,0,0,0,1,1,0.0,-19.42251197354348,1
0,0,1,0,0,1,1,1,0,1,1,0,0,0,1,1,1,0,1,0,1,1,1,1,0,1,1,0,0,0,0,0,0.0,-19.422254806209665,1
0,0,0,0,1,1,0,1,1,1,1,0,1,0,0,0,1,0,1,1,0,1,1,1,1,0,1,1,0,0,0,0,0.0,-19.42206084656463,1
0,0,0,1,1,1,1,1,0,1,0,1,0,0,0,0,0,1,1,1,1,0,0,1,1,1,0,1,1,0,0,0,0.0,-19.42193642347927,1
0,0,1,0,1,1,0,0,1,1,0,1,0,0,1,1,1,1,1,1,1,0,0,0,1,0,0,0,0,0,1,1,0.0,-19.421428248114136,1
0,1,0,1,1,1,1,1,0,0,1,1,0,0,0,0,1,1,1,1,0,1,0,0,0,1,0,1,0,0,0,1,0.0,-19.42058964626197,1
1,0,0,0,1,1,1,0,0,0,1,0,0,1,1,0,1,1,1,1,0,1,0,0,1,1,0,0,1,0,0,1,0.0,-19.419559011910142,1
1,0,0,1,0,1,1,0,1,1,0,0,0,0,1,1,1,1,0,1,1,0,0,0,1,0,0,1,0,1,0,1,0.0,-19.419323236445038,1
1,0,0,0,1,0,1,0,0,0,1,0,1,1,1,0,1,1,0,1,0,1,1,1,0,1,0,1,0,0,0,1,0.0,-19.419252992764797,1
0,0,0,1,1,1,0,1,1,1,0,0,0,1,1,1,1,1,1,0,0,1,1,0,0,0,1,1,0,0,0,0,0.0,-19.41863625552552,1
1,1,0,0,1,0,0,0,0,1,0,1,0,1,0,0,1,1,0,1,0,1,1,1,1,1,0,1,1,0,0,0,0.0,-19.417873976172416,1
0,1,0,1,1,1,1,0,0,1,0,0,0,0,0,1,0,1,1,1,0,1,1,0,0,1,1,1,0,0,0,1,0.0,-19.41753957009944,1
1,0,0,0,0,1,1,1,0,1,0,1,0,0,1,0,1,1,1,1,1,1,1,0,1,0,1,0,0,0,0,0,0.0,-19.417534931254536,1
0,0,1,1,1,0,1,1,1,1,1,0,0,0,1,0,0,0,1,1,1,1,0,0,1,0,1,0,0,0,1,0,0.0,-19.41753333102111,1
0,1,0,1,1,0,1,1,0,1,0,0,0,0,0,0,1,1,1,1,1,1,1,1,0,1,0,0,0,0,0,1,0.0,-19.416905175099092,1
0,0,0,0,1,1,0,0,1,1,1,0,1,0,1,1,1,0,0,1,1,1,0,1,0,1,0,1,0,0,1,0,0.0,-19.414481003614227,1
0,0,1,1,1,0,0,0,0,1,0,0,0,0,1,0,1,1,1,1,1,1,0,0,1,1,1,0,0,0,1,1,0.0,-19.41309228796272,1
0,0,0,1,1,0,1,1,1,1,0,0,0,1,1,0,1,0,0,1,1,1,0,1,0,1,0,1,0,0,0,1,0.0,-19.402945597772778,1
1,1,0,1,1,0,1,0,0,0,1,1,1,1,0,0,0,0,0,0,0,0,1,0,0,0,1,0,1,1,1,1,0.0,-19.402110879568845,1
0,1,0,1,1,0,1,1,0,0,1,0,1,1,0,1,1,0,1,0,0,0,1,1,0,0,0,0,1,1,1,1,0.0,-19.40154955420082,1
1,0,0,0,1,0,0,1,1,0,0,1,1,1,0,1,0,0,0,0,1,1,1,1,0,1,0,0,1,1,1,1,0.0,-19.396845140509097,1
1,0,1,1,1,1,0,1,0,0,0,1,1,1,0,1,0,0,1,0,1,0,1,1,0,0,0,0,0,0,0,1,0.0,-19.396307450745905,1
0,0,0,0,0,1,1,1,0,0,1,1,1,0,0,1,0,0,1,0,0,1,1,1,0,0,1,0,1,0,1,1,0.0,-19.39570498917338,1
1,0,0,1,1,1,0,0,0,0,1,1,0,1,1,1,0,0,1,0,0,0,0,0,1,0,0,0,1,1,1,1,0.0,-19.395394103831798,1
1,0,0,0,1,1,1,1,0,0,1,1,1,0,0,0,0,0,1,0,1,1,1,1,0,0,0,1,1,0,1,1,0.0,-19.395212389944678,1
1,1,0,1,0,0,1,1,0,0,1,0,1,0,0,1,0,1,0,0,1,1,1,1,0,0,1,0,1,0,1,1,0.0,-19.39454036986607,1
0,0,0,1,0,0,1,1,0,0,1,1,1,0,0,1,0,0,1,0,0,1,1,1,1,0,1,1,0,1,1,1,0.0,-19.394342338636406,1
1,0,0,1,0,0,1,0,0,0,1,0,0,1,0,1,0,0,1,0,1,1,0,0,1,0,1,1,1,1,1,0,0.0,-19.39431573467322,1
1,1,0,1,1,0,0,1,0,0,0,1,0,1,0,1,1,0,0,0,0,0,1,0,1,0,1,0,0,1,1,1,0.0,-19.394309471724306,1
1,0,0,1,1,1,1,0,0,0,1,0,1,1,0,1,1,0,0,0,1,0,1,0,0,0,1,0,0,0,1,1,0.0,-19.394198030790324,1
1,1,0,0,0,1,0,0,0,1,1,0,1,0,0,1,1,0,1,0,0,1,0,0,0,0,1,0,1,1,1,1,0.0,-19.393448171156273,1
1,0,1,1,0,0,1,1,0,0,0,1,1,0,0,0,0,0,1,1,0,1,1,0,0,0,1,0,1,0,1,1,0.0,-19.39277515069506,1
1,1,0,1,1,1,1,1,0,0,0,0,1,0,0,0,0,0,1,0,1,1,0,1,1,0,1,0,1,0,1,1,0.0,-19.392327213217044,1
1,1,0,1,1,1,0,1,0,0,0,1,1,0,0,1,1,0,1,0,1,1,0,0,1,0,0,1,0,0,1,1,0.0,-19.390634584254677,1
1,0,1,1,1,0,0,0,0,0,1,1,0,0,0,0,0,1,1,0,1,0,0,1,0,0,1,1,1,0,1,1,0.0,-19.390481385971277,1
1,1,0,1,1,0,0,1,1,0,1,0,1,0,0,1,0,0,0,0,1,1,0,0,1,0,0,0,0,1,1,1,0.0,-19.390392104676028,1
1,0,1,1,0,0,1,1,0,1,0,1,1,0,0,1,0,0,1,1,0,0,1,0,0,0,1,1,1,1,0,1,0.0,-19.39038088912268,1
0,1,0,0,0,1,0,1,0,0,1,1,0,1,0,1,1,0,1,0,1,0,0,0,0,0,1,1,0,1,1,1,0.0,-19.39025744156399,1
0,0,0,1,1,1,1,0,1,0,1,0,1,1,0,1,0,0,1,0,0,1,0,1,1,0,0,0,1,1,1,1,0.0,-19.39023050987512,1
1,1,0,0,1,1,0,1,0,0,0,1,0,1,1,0,1,0,1,0,0,0,1,0,0,0,0,0,1,1,1,1,0.0,-19.389896078835847,1
0,0,0,0,0,1,1,0,1,0,1,1,0,0,0,1,0,0,1,0,1,1,1,1,0,0,0,0,1,1,1,1,0.0,-19.3898874008431,1
1,0,1,1,1,0,1,1,0,0,1,1,1,1,0,1,1,0,0,0,0,1,1,1,0,0,0,0,0,1,0,1,0.0,-19.38964189614749,1
1,0,0,0,1,1,0,1,0,1,1,1,1,0,0,1,1,0,1,0,1,0,1,1,1,0,0,0,0,0,1,1,0.0,-19.389505673223184,1
1,0,1,0,0,0,1,0,0,0,1,1,1,0,0,1,1,0,1,1,1,1,0,0,1,0,1,0,1,0,1,1,0.0,-19.38937873705862,1
0,0,1,1,1,1,0,1,0,0,1,1,1,0,0,1,0,0,1,0,0,1,1,1,0,0,0,0,0,1,0,1,0.0,-19.38936902572476,1
1,0,1,1,1,1,0,1,0,0,0,0,1,0,1,1,0,0,1,0,1,1,1,0,0,0,0,0,0,0,1,1,0.0,-19.389309274256618,1
0,0,1,1,1,1,0,1,0,0,0,0,1,1,1,1,1,0,1,0,0,0,1,0,0,0,1,0,1,0,1,0,0.0,-19.388867506980027,1
0,0,0,1,0,0,0,1,1,0,1,0,1,1,0,1,0,0,1,0,1,1,1,1,1,0,0,0,0,0,1,1,0.0,-19.388803301356994,1
0,1,0,0,0,0,0,0,0,0,0,1,0,0,0,1,1,0,1,0,1,1,1,1,0,1,1,0,1,1,1,1,0.0,-19.388718724891383,1
1,0,0,1,1,0,1,1,0,0,0,0,1,1,0,1,0,0,1,1,1,1,0,1,0,0,1,1,1,1,0,0,0.0,-19.388554748624458,1
0,1,0,1,0,0,1,1,0,0,1,1,0,1,0,1,1,0,1,0,0,1,1,1,1,0,0,0,1,0,1,1,0.0,-19.388413425842053,1
0,0,0,1,1,0,0,1,0,0,0,1,1,0,0,1,1,1,1,0,0,0,1,1,1,0,1,0,0,0,1,1,0.0,-19.388373142093933,1
0,1,0,0,1,0,1,0,0,0,0,0,1,0,0,1,1,0,1,0,1,1,1,1,0,0,1,0,0,1,1,1,0.0,-19.388370788597996,1
0,0,1,1,1,0,1,0,0,0,1,1,1,0,0,0,1,0,1,0,0,1,1,1,1,0,1,0,1,0,1,1,0.0,-19.38828490813707,1
1,0,0,0,1,1,1,0,0,0,0,1,1,0,0,1,1,0,1,0,1,0,0,1,1,0,0,1,1,0,0,1,0.0,-19.388268208740307,1
1,1,1,0,1,1,0,1,0,0,1,0,1,0,1,1,0,0,1,1,1,0,1,0,0,0,0,0,1,0,1,1,0.0,-19.388043418086273,1
0,1,1,1,0,0,1,1,1,0,0,1,1,0,1,1,0,0,1,0,0,0,1,1,0,0,1,0,0,1,1,1,0.03125,-19.38783481381289,1
1,1,0,1,1,0,0,1,0,0,1,0,0,0,0,1,1,0,0,0,1,1,1,1,0,0,1,0,0,0,1,1,0.0,-19.387824671907488,1
1,1,0,1,0,1,0,0,0,0,1,0,0,0,0,1,0,1,1,0,1,1,0,1,0,0,1,0,0,1,1,1,0.0,-19.387807819665092,1
1,1,0,0,1,0,0,1,0,0,1,0,0,1,0,1,0,0,0,0,0,1,1,0,0,1,0,1,1,1,1,1,0.0,-19.38752486309471,1
0,0,0,0,1,1,0,0,1,0,1,0,1,1,0,1,1,0,1,0,1,0,1,1,0,0,1,0,0,0,1,1,0.0,-19.38747533123412,1
1,1,1,1,0,1,0,0,0,0,1,1,0,1,0,1,1,0,1,0,1,1,0,0,1,0,1,0,1,0,0,1,0.0,-19.387369313766552,1
1,0,0,0,0,1,0,1,1,0,1,1,1,0,0,1,0,1,1,1,1,0,0,0,1,0,1,0,1,0,1,1,0.03125,-19.38687806751334,1
1,1,0,0,0,1,0,1,0,0,1,1,1,1,0,1,0,0,0,0,0,0,1,0,1,1,1,0,0,1,1,0,0.0,-19.38686807740006,1
0,0,0,0,1,1,1,1,0,0,1,1,1,1,0,1,0,0,0,0,0,0,0,1,1,0,0,1,0,1,1,1,0.0,-19.3867705614958,1
0,0,0,1,0,1,0,1,0,1,1,1,1,0,0,1,1,1,0,0,1,0,1,1,0,0,0,1,1,0,1,1,0.0,-19.38675932794735,1
1,1,0,1,1,0,0,0,0,0,1,0,1,1,0,1,0,1,0,0,0,0,1,0,1,1,1,1,1,0,1,1,0.0,-19.38648143982396,1
1,1,0,1,0,1,0,1,1,0,1,0,0,0,0,0,0,0,0,0,1,0,1,0,1,0,1,1,1,0,1,1,0.0,-19.386369315294935,1
0,1,0,1,0,0,0,1,0,1,0,0,0,0,0,1,1,0,1,0,1,1,1,1,0,0,1,0,1,0,1,1,0.03125,-19.386209733975697,1
0,0,1,0,1,0,1,1,0,0,1,1,1,0,0,1,1,0,1,0,0,0,0,1,1,0,1,0,0,0,1,1,0.0,-19.386166757900373,1
1,1,0,1,0,1,0,0,1,0,1,1,1,0,0,1,1,0,1,0,0,1,1,0,0,0,0,1,0,0,1,0,0.0,-19.386164261644822,1
1,1,0,1,1,1,0,1,0,0,1,1,0,0,0,0,1,0,0,0,1,1,1,0,1,0,1,0,0,1,1,1,0.0,-19.386120093882838,1
0,0,1,1,1,1,0,1,0,0,1,0,1,1,0,1,0,0,0,1,1,0,1,1,1,0,0,0,0,1,1,1,0.0,-19.38589981442716,1
1,0,0,1,1,0,0,0,0,1,0,1,1,1,0,0,0,0,0,0,1,1,1,1,0,0,1,1,0,0,1,1,0.0,-19.385775406707722,1
1,0,1,1,1,0,0,1,0,1,0,0,1,1,0,1,0,0,1,0,0,1,1,1,1,0,0,1,0,0,1,1,0.0,-19.38576689995899,1
1,0,0,1,1,1,0,0,0,0,1,1,1,0,0,0,1,0,1,1,1,1,1,1,0,0,1,0,0,0,1,1,0.0,-19.385693676642585,1
1,0,0,0,1,0,0,1,1,0,1,0,0,1,0,1,0,0,1,1,1,0,1,0,0,1,0,1,1,1,1,1,0.0,-19.38562613484904,1
1,1,0,0,1,0,0,1,0,0,0,1,1,1,0,1,1,1,0,0,0,1,0,1,0,0,0,1,1,0,1,0,0.0,-19.38553786778803,1
0,0,0,1,1,1,0,0,0,1,0,1,1,1,0,0,0,1,1,0,1,1,1,1,0,0,1,0,1,1,1,0,0.0,-19.385518772309652,1
0,0,1,1,1,1,0,1,0,0,1,0,1,0,0,1,0,1,1,0,1,1,1,0,1,0,1,0,0,1,1,0,0.0,-19.385512224360745,1
1,1,0,1,1,0,0,1,0,0,1,1,1,1,0,0,1,0,1,0,0,1,0,0,1,1,0,0,1,1,0,1,0.03125,-19.385478193129124,1
1,1,1,0,1,0,0,1,0,0,1,0,0,0,0,1,0,0,1,1,0,1,0,0,1,0,0,0,1,1,1,1,0.0,-19.385330438508312,1
0,1,0,1,1,0,0,0,0,0,1,1,0,1,0,0,0,0,1,0,1,1,0,0,1,0,1,1,1,0,1,1,0.0,-19.385024108389942,1
0,0,1,1,0,0,1,1,0,0,1,1,1,0,1,1,0,0,1,0,1,0,1,1,0,0,0,1,0,0,1,0,0.0,-19.38459159503177,1
1,0,0,0,1,0,0,1,1,0,1,0,0,0,0,1,1,0,0,0,1,1,1,0,1,1,1,0,1,1,1,1,0.0,-19.384224071203107,1
1,1,0,0,0,1,0,0,0,1,0,1,1,1,0,1,1,0,1,0,1,1,0,0,0,0,0,1,0,0,1,1,0.0,-19.384073813526634,1
1,0,0,1,0,1,1,1,0,0,0,1,0,0,0,0,0,1,1,0,1,1,0,0,0,1,1,1,1,1,1,1,0.0,-19.38400734746813,1
0,0,0,1,0,1,0,1,0,0,1,1,1,0,0,1,1,1,1,0,0,1,1,0,1,0,0,0,1,0,0,1,0.0,-19.38384878640631,1
1,0,1,1,1,1,0,1,0,1,0,1,0,1,0,1,0,0,1,0,1,0,1,1,0,1,0,0,1,0,0,1,0.0,-19.383752703034542,1
1,0,1,1,1,1,0,1,0,0,0,0,1,0,0,1,0,1,1,0,1,1,1,0,0,0,0,1,0,1,0,0,0.0,-19.383713209097113,1
1,0,1,1,1,0,0,1,0,0,1,0,1,1,1,1,0,0,0,1,1,1,0,1,0,0,0,0,0,1,1,1,0.0,-19.383512495248834,1
0,0,1,1,0,1,1,0,0,0,1,0,1,0,0,0,0,0,1,0,1,1,0,0,1,0,1,1,0,1,1,1,0.0,-19.38329033341855,1
0,0,0,1,1,1,0,1,1,0,1,0,1,1,0,0,0,1,0,0,1,0,0,0,0,0,1,1,1,0,1,1,0.0,-19.38325055448493,1
1,0,0,1,1,0,1,0,0,0,1,0,1,0,0,0,0,0,1,1,0,1,0,1,0,0,1,1,0,1,1,1,0.0,-19.383188487214795,1
1,1,0,1,1,0,0,1,0,0,1,1,0,1,0,1,1,1,0,0,0,1,1,1,0,0,1,0,1,0,0,1,0.0,-19.383090768256622,1
1,0,1,1,0,1,0,1,0,0,1,0,1,1,0,0,1,1,1,0,1,0,1,0,1,0,0,0,1,0,0,0,0.0,-19.383074659557238,1
0,0,0,1,1,1,0,1,0,1,1,0,1,1,1,1,0,0,1,0,1,0,0,0,1,0,1,0,0,1,1,1,0.0,-19.382945491205355,1
1,1,0,1,1,0,0,1,0,0,0,1,0,1,0,1,0,1,0,0,0,1,1,1,0,0,0,1,0,0,1,1,0.0,-19.38285301869836,1
1,0,0,0,1,1,1,1,0,1,0,1,1,1,0,1,1,0,1,0,0,0,1,0,0,0,0,1,1,0,0,0,0.0,-19.38283867768636,1
0,1,0,1,1,1,0,0,0,0,1,0,1,1,0,1,1,1,1,0,0,1,1,0,1,0,1,0,1,0,1,0,0.0,-19.382784896562523,1
1,1,0,1,1,1,1,0,0,0,1,1,0,1,0,0,0,0,1,0,1,1,0,1,0,0,1,1,0,0,1,1,0.0,-19.38276889540415,1
0,0,0,1,1,1,0,1,0,1,0,0,1,1,0,0,0,0,1,1,1,0,0,0,0,0,1,1,1,1,1,0,0.0,-19.382613487353154,1
1,0,0,0,1,0,0,1,0,1,1,1,1,0,0,1,0,0,1,1,0,0,1,0,0,0,1,1,0,1,0,1,0.0,-19.382429017861746,1
1,1,1,1,0,1,0,1,0,0,0,0,1,1,0,1,0,1,1,0,0,1,0,1,0,1,1,0,0,1,1,0,0.0,-19.382302323142305,1
0,1,0,1,0,1,1,1,1,0,1,1,0,1,0,1,0,0,0,0,1,0,0,0,1,0,0,0,0,1,1,1,0.0,-19.38228533987884,1
0,1,0,0,0,0,0,0,0,0,1,1,0,1,0,0,1,0,1,0,1,1,1,0,0,1,0,1,1,1,1,1,0.0,-19.382201980092745,1
1,0,1,0,0,0,1,1,0,0,0,1,1,1,0,0,0,1,1,0,1,1,1,1,0,0,1,1,0,1,0,1,0.0,-19.382181141099732,1
1,1,0,0,1,1,0,1,0,1,0,1,0,0,0,1,0,0,1,0,1,0,0,1,0,1,1,0,1,0,1,0,0.0,-19.382177350296956,1
1,1,0,1,1,1,0,0,0,1,1,0,1,0,0,1,1,1,0,0,0,1,0,0,1,0,0,0,1,1,1,1,0.0,-19.382059187076475,1
1,0,1,0,0,1,1,1,0,0,1,1,0,0,0,1,0,1,1,0,0,1,1,0,1,0,0,1,0,1,1,1,0.03125,-19.382046226975483,1
1,0,1,1,1,1,0,0,0,0,1,1,1,1,1,0,1,0,0,0,1,0,0,1,1,0,1,0,0,0,1,1,0.0,-19.38197127040118,1
1,1,1,1,1,1,0,0,0,0,1,1,0,0,0,1,0,1,1,0,1,1,1,0,0,1,0,0,1,0,1,0,0.0,-19.38194846092773,1
1,0,1,1,0,1,0,1,0,0,0,1,0,0,0,1,1,0,1,1,1,1,0,0,0,0,1,0,0,1,0,1,0.0,-19.381856090573343,1
0,1,0,1,0,0,0,1,1,0,1,0,0,0,0,0,1,1,1,0,0,0,1,1,0,0,0,1,1,1,1,1,0.0,-19.38183625695423,1
1,0,1,1,0,0,0,1,0,0,1,1,1,0,0,0,1,1,0,0,1,1,0,1,1,0,0,0,1,1,0,0,0.0,-19.381833394547918,1
1,1,0,1,0,1,1,1,0,0,1,0,0,0,1,0,0,0,0,0,1,1,1,1,1,0,0,0,1,1,1,1,0.0,-19.381729258897394,1
1,0,0,1,0,0,1,0,0,1,0,1,0,0,0,1,0,1,0,0,0,0,1,1,1,0,1,1,1,0,1,1,0.0,-19.38164116018973,1
0,0,1,1,0,1,0,1,0,1,0,0,1,1,0,1,1,1,1,0,1,0,1,0,1,0,1,0,0,1,1,0,0.0,-19.381601130289877,1
1,1,1,1,0,0,1,1,1,0,1,1,0,0,0,1,1,0,1,0,1,0,0,0,0,0,1,0,0,0,0,1,0.0,-19.381474124548774,1
0,1,1,1,1,1,0,0,0,0,0,1,0,0,0,1,0,1,1,0,1,1,1,1,1,0,0,0,0,1,1,1,0.0,-19.381216298678005,1
1,1,0,0,1,1,1,1,1,0,0,1,1,0,0,1,1,0,1,1,0,0,1,1,0,0,0,0,0,0,1,1,0.0,-19.381174392519842,1
1,0,1,0,0,0,1,1,0,0,1,1,0,1,0,0,0,1,1,0,0,1,1,1,0,0,0,0,0,1,1,1,0.0,-19.38110058943515,1
0,1,1,1,0,0,0,0,0,1,1,1,1,0,1,0,0,0,1,0,0,1,1,1,1,0,0,0,1,1,1,1,0.0,-19.381086183217718,1
1,0,0,1,0,1,0,1,1,1,1,1,0,0,0,1,0,0,1,1,1,0,1,1,0,0,0,1,1,0,1,0,0.0,-19.38093321457387,1
1,0,0,1,1,1,0,1,0,0,0,1,0,1,0,0,0,1,1,0,0,1,1,0,1,0,1,0,0,0,1,1,0.0,-19.380931906188362,1
1,1,0,1,0,0,1,1,0,0,1,0,0,1,0,1,1,0,1,1,1,1,0,1,0,0,1,0,0,0,1,1,0.0,-19.38076509597528,1
0,0,1,1,0,1,1,1,0,0,1,1,1,0,1,1,1,0,0,0,1,0,1,0,0,0,1,0,0,0,1,0,0.0,-19.380722456694212,1
0,0,0,1,1,1,0,1,0,1,1,1,1,1,0,1,0,0,1,0,1,0,1,1,1,0,0,1,0,0,0,1,0.0,-19.380597450121737,1
0,0,1,1,0,1,1,1,0,0,1,0,0,0,1,1,0,1,0,0,1,0,0,1,0,0,0,0,1,1,1,1,0.0,-19.38058136356532,1
1,1,0,1,1,0,0,1,0,0,0,1,1,1,0,1,1,1,0,1,0,1,0,0,0,0,0,0,0,1,1,0,0.0,-19.380537544231274,1
1,0,1,0,1,0,0,1,0,1,0,0,1,0,1,0,1,0,0,0,0,1,1,1,0,0,0,0,1,1,1,1,0.0,-19.380401463226974,1
0,0,0,0,0,1,0,1,1,1,1,1,0,0,0,0,1,0,1,0,0,0,1,0,1,0,1,0,1,1,1,1,0.0,-19.380365585640973,1
1,0,1,1,1,1,0,1,0,0,0,1,0,1,0,0,1,1,1,0,1,0,0,0,0,1,0,0,1,0,1,0,0.0,-19.38015769482874,1
1,0,1,1,0,1,1,0,0,0,1,1,0,1,0,1,1,1,1,0,1,0,1,0,0,1,0,0,1,0,0,1,0.0,-19.380151040702746,1
1,0,0,1,0,0,1,1,0,1,1,1,0,0,0,1,0,1,1,0,0,1,1,0,0,0,1,0,1,0,0,1,0.0,-19.380091420219756,1
0,1,0,1,1,0,0,0,1,0,1,1,0,0,1,1,1,1,1,0,1,0,1,0,0,0,1,0,1,0,1,1,0.0,-19.379797757247218,1
1,1,0,1,1,0,1,0,0,0,1,1,0,1,0,1,0,0,1,1,0,1,1,1,0,0,1,0,0,1,0,1,0.0,-19.37977704859296,1
1,0,1,1,0,0,1,1,1,0,1,0,0,0,0,0,0,0,1,0,1,1,0,1,0,1,0,0,1,0,1,1,0.0,-19.3797210305753,1
0,0,0,1,1,1,0,1,0,0,1,0,1,1,0,1,1,0,0,0,1,1,0,0,1,1,0,0,1,0,1,0,0.0,-19.379681734870935,1
0,0,1,1,0,0,1,1,0,1,1,0,1,0,0,1,0,1,0,0,0,1,1,1,0,0,1,1,1,0,1,1,0.0,-19.379586142064554,1
1,0,0,1,1,1,0,1,0,0,1,0,0,1,0,0,1,0,1,0,0,1,0,1,0,1,0,0,0,1,1,1,0.0,-19.379568124198528,1
1,0,0,0,0,0,1,1,0,0,1,1,1,1,1,1,1,0,0,0,0,1,0,0,0,1,0,0,0,1,1,1,0.0,-19.379408351692806,1
1,1,0,0,1,0,1,0,0,0,1,0,0,0,0,1,0,0,1,1,0,1,1,1,1,0,0,0,1,0,1,1,0.0,-19.379378257043378,1
0,1,0,0,0,1,0,1,1,0,1,1,1,0,0,1,0,0,1,0,1,1,0,1,0,1,0,0,0,1,1,0,0.0,-19.379339985663442,1
1,1,1,1,0,0,1,1,1,0,0,0,1,0,0,1,0,0,1,0,0,1,1,1,1,0,0,0,0,0,0,1,0.0,-19.379263430139716,1
1,1,0,0,1,0,1,1,0,1,1,0,0,0,0,1,0,0,1,1,1,1,1,0,0,0,1,0,1,0,1,1,0.0,-19.37918893295079,1
0,0,1,1,0,1,1,1,0,0,0,1,1,0,0,0,1,0,1,0,1,1,0,0,1,0,0,1,0,0,1,1,0.0,-19.37914151042229,1
1,1,1,0,1,1,0,1,0,0,1,1,1,1,0,0,1,0,0,0,1,1,0,0,0,0,0,1,0,0,1,0,0.0,-19.379028168551123,1
0,0,1,0,1,1,1,1,0,0,1,1,0,0,0,1,1,1,1,0,1,0,1,0,0,0,0,0,1,1,0,0,0.0,-19.379006216061686,1
1,0,1,1,0,1,0,1,1,0,0,1,0,0,0,1,0,0,1,0,1,1,0,0,1,1,0,0,1,0,0,1,0.0,-19.378914834367663,1
1,0,0,1,0,0,0,1,0,0,1,0,0,1,0,1,1,1,1,0,1,1,1,1,0,1,0,1,0,0,1,1,0.0,-19.37884258690306,1
1,0,0,1,0,0,0,0,0,1,1,1,1,0,1,1,0,0,0,0,1,1,1,1,1,0,1,0,0,0,1,0,0.0,-19.378698031576256,1
0,1,1,1,1,0,0,0,0,0,1,1,1,1,1,1,0,1,0,0,1,1,1,0,0,0,0,1,1,0,1,0,0.0,-19.378658490847783,1
1,0,0,1,0,1,1,1,0,0,1,0,1,0,1,1,1,0,1,0,1,1,1,1,0,0,0,1,0,0,0,1,0.0,-19.37861956150808,1
1,1,0,0,0,1,1,0,0,1,0,1,1,1,0,1,0,1,0,0,0,1,1,1,0,0,1,1,1,0,1,0,0.0,-19.37855893973535,1
1,0,0,1,0,0,0,0,0,0,1,1,1,1,0,0,0,1,0,0,0,1,1,0,1,1,0,1,1,1,0,1,0.0,-19.378448356130583,1
1,0,1,0,0,0,1,0,0,0,1,0,1,0,1,1,1,0,1,0,0,1,1,1,1,0,1,1,0,0,1,1,0.0,-19.378445101233037,1
0,0,0,0,1,1,0,1,0,1,1,0,1,0,0,0,0,0,1,0,1,0,0,1,0,1,1,1,1,0,1,1,0.0,-19.378441423095083,1
1,0,0,1,0,1,0,0,0,1,0,1,0,1,0,1,0,1,1,0,0,1,1,0,1,1,1,0,1,0,1,1,0.0,-19.37843528428571,1
0,0,1,1,0,1,0,1,0,1,1,0,0,0,0,1,1,0,1,0,1,0,1,1,1,0,0,0,0,0,1,1,0.0,-19.37825131705253,1
0,0,0,1,1,1,0,0,0,0,1,1,1,1,0,1,1,0,1,1,1,1,1,0,0,0,0,0,0,1,0,0,0.0,-19.37824931384948,1
0,1,1,0,1,1,1,1,0,0,0,1,1,0,0,1,1,1,1,0,0,0,1,0,0,0,1,0,1,0,0,0,0.0,-19.37816146390228,1
1,0,0,1,1,1,1,1,1,1,1,0,0,1,0,0,0,0,1,0,1,0,0,1,0,0,0,0,1,0,1,0,0.0,-19.37814522034161,1
0,0,0,1,1,0,0,1,0,0,1,1,1,1,1,0,1,0,1,0,1,1,0,0,1,0,0,0,0,0,1,1,0.0,-19.378136289970925,1
1,0,0,1,0,1,1,0,0,1,1,1,0,1,0,1,1,0,1,0,1,0,1,0,0,0,0,1,0,0,0,1,0.0,-19.378087663394595,1
1,0,1,0,1,1,0,0,0,0,1,1,1,1,0,0,0,1,1,0,0,1,0,1,1,0,0,0,1,0,0,1,0.0,-19.37808745699284,1
1,0,1,1,1,1,1,1,0,0,1,0,0,1,0,1,0,1,1,0,0,1,0,1,1,0,0,0,0,1,1,0,0.0,-19.37798471011334,1
1,1,1,1,0,0,0,0,0,0,1,1,1,0,1,0,0,0,1,0,0,0,0,1,1,1,1,0,0,0,1,1,0.0,-19.377978503801423,1
0,1,0,1,0,1,0,1,0,1,0,1,1,0,0,0,1,0,1,0,1,0,0,1,1,0,0,1,0,0,1,1,0.0,-19.377884454264308,1
0,0,1,1,1,1,1,0,0,0,0,1,0,0,0,1,0,1,1,0,1,1,0,1,0,0,0,1,1,0,1,0,0.0,-19.377797723493554,1
1,0,0,0,1,1,0,1,0,0,1,1,0,1,0,1,0,0,1,0,0,1,0,0,1,1,0,1,0,0,1,1,0.0,-19.377739687802656,1
1,1,0,1,1,1,1,0,1,0,0,0,1,1,0,0,1,0,1,0,1,0,1,1,1,0,0,1,0,0,1,0,0.0,-19.377718296078957,1
1,0,1,1,1,0,0,1,1,1,1,1,1,0,0,0,0,0,1,0,1,1,1,0,0,1,0,0,0,0,1,1,0.0,-19.37771768826357,1
1,1,0,0,1,1,1,1,0,0,1,0,1,1,0,0,0,0,1,0,1,1,0,1,1,0,1,1,1,0,0,0,0.0,-19.377715909754414,1
1,0,0,0,1,1,0,1,1,1,1,0,0,1,0,1,0,0,0,0,0,1,1,1,0,0,0,0,0,1,1,1,0.0,-19.377639197042804,1
0,0,1,1,1,1,1,1,0,0,0,1,1,1,0,1,1,1,1,0,1,1,0,0,0,0,1,0,0,1,0,0,0.0,-19.377602953861974,1
0,1,0,0,1,1,1,0,0,0,1,1,0,1,0,1,1,0,0,0,0,1,1,1,1,0,0,1,1,1,1,0,0.0,-19.377596594287223,1
0,0,0,0,0,0,0,0,0,1,1,1,0,0,0,1,1,0,1,0,1,1,0,1,1,1,1,1,1,1,1,1,0.0,-19.377594838470266,1
1,1,1,0,1,1,0,1,0,1,0,1,0,0,0,1,0,0,1,0,1,1,0,0,0,0,0,1,0,0,1,1,0.03125,-19.377537906686257,1
0,1,0,1,1,1,0,1,0,1,0,1,1,1,0,1,0,0,1,0,1,1,1,0,0,1,1,0,0,0,1,0,0.0,-19.37748816041345,1
1,1,1,0,1,1,1,0,0,1,1,0,1,0,0,1,0,0,1,0,0,1,1,0,1,0,0,1,1,0,1,0,0.0,-19.377486131704995,1
0,1,0,1,0,0,0,1,1,1,0,1,0,1,0,0,1,1,1,0,1,0,1,0,0,0,0,0,1,0,1,1,0.0,-19.377482149742935,1
1,1,0,1,0,0,1,1,0,0,0,1,0,1,0,1,1,0,0,0,1,1,1,0,1,1,0,1,0,0,1,1,0.0,-19.37746497044877,1
1,0,0,1,0,1,1,1,0,1,0,0,1,0,0,1,1,1,0,0,0,0,1,1,1,0,0,0,0,0,1,1,0.0,-19.37745598092862,1
0,0,1,1,1,0,0,0,0,0,1,0,1,0,0,0,0,1,1,0,1,1,0,0,1,1,1,0,1,0,1,1,0.0,-19.37742151688728,1
1,1,0,1,1,1,0,1,0,0,1,0,0,0,0,0,1,1,1,0,0,0,1,1,0,0,0,1,1,0,0,1,0.0,-19.37740658464476,1
1,1,0,0,0,1,0,0,0,1,1,0,1,0,0,0,0,0,1,0,0,1,1,1,0,1,1,0,0,1,1,1,0.0,-19.377316595499167,1
0,0,0,0,1,1,0,0,1,0,0,1,1,0,0,1,1,0,1,0,0,1,1,1,1,0,0,1,1,0,0,1,0.0,-19.377303997890344,1
1,0,0,1,0,0,1,1,0,1,0,0,1,0,0,1,1,1,1,0,0,1,1,0,1,0,1,1,1,0,0,1,0.0,-19.377206719218133,1
0,1,1,0,0,1,1,1,0,0,1,0,1,0,1,1,1,0,1,0,1,0,1,0,0,1,1,0,1,0,1,0,0.0,-19.377175060840884,1
1,0,0,1,0,1,0,1,0,1,1,0,1,0,0,0,1,1,1,0,0,1,0,0,1,0,0,0,1,1,0,1,0.0,-19.377105218051963,1
0,0,0,1,1,1,1,0,0,0,1,0,1,1,1,1,1,0,1,0,0,1,1,0,0,0,0,0,0,0,1,1,0.0,-19.377055119242826,1
0,0,1,1,1,1,0,0,0,0,1,0,1,0,0,1,1,1,1,0,0,1,0,0,1,0,1,0,0,0,1,1,0.0,-19.377038534630326,1
0,0,0,1,1,0,0,1,0,0,0,1,0,0,1,1,1,1,1,0,1,1,0,0,1,0,0,0,1,0,1,1,0.0,-19.376910971961763,1
1,1,0,1,1,0,1,0,0,1,1,1,1,1,0,0,0,1,1,0,0,1,0,1,0,0,1,0,1,1,0,0,0.0,-19.376726202549698,1
0,1,1,1,0,0,0,0,0,1,1,0,0,1,0,0,0,0,1,0,1,1,1,1,0,0,1,1,1,0,1,0,0.0,-19.376653559754878,1
1,1,1,1,1,1,1,1,0,0,1,0,0,0,1,1,0,0,1,0,0,1,0,0,1,0,0,0,1,1,0,1,0.0,-19.376581355094256,1
1,1,1,0,1,0,0,1,1,0,1,0,1,0,0,0,0,1,1,0,1,1,0,1,1,0,0,1,1,0,1,0,0.0,-19.37654326892999,1
1,1,0,1,1,1,1,0,0,0,1,0,0,1,0,1,0,1,0,0,1,1,1,1,0,0,1,0,0,1,0,1,0.0,-19.376539445283047,1
0,0,0,0,1,1,1,1,1,0,1,1,0,1,0,1,0,0,0,0,1,0,0,1,1,0,1,0,0,0,1,1,0.0,-19.376440680511244,1
1,0,1,1,1,1,0,1,0,1,0,0,0,0,0,1,0,0,1,0,1,1,0,0,1,0,0,1,1,1,0,0,0.0,-19.376350689120798,1
0,1,0,0,0,0,0,1,1,0,1,1,0,1,1,0,1,0,1,0,1,1,1,0,0,0,1,1,1,0,1,1,0.0,-19.37618141290725,1
1,0,1,1,1,0,0,1,0,0,1,0,0,1,0,0,1,0,1,0,1,1,0,0,0,1,0,1,0,0,1,1,0.0,-19.376099754424555,1
1,1,1,0,1,0,0,1,0,0,1,0,1,0,0,1,1,1,1,1,1,0,1,0,0,1,0,0,0,1,1,0,0.0,-19.376098100173976,1
1,0,1,0,0,1,0,1,1,1,1,0,1,1,0,1,0,0,1,1,1,1,0,0,0,0,1,0,1,0,0,1,0.0,-19.37601739781299,1
1,0,1,1,1,1,0,0,1,1,1,0,0,0,0,1,0,0,1,0,1,1,0,1,0,1,0,0,1,0,1,1,0.0,-19.37601071975979,1
1,0,1,0,1,0,0,1,0,0,1,1,0,1,1,1,0,0,0,1,1,0,1,0,0,0,1,0,0,1,0,1,0.0,-19.375955456740208,1
1,0,0,0,1,1,1,0,0,1,1,1,0,0,0,1,0,1,1,0,1,1,0,1,0,0,0,0,1,0,1,0,0.0,-19.375873301141723,1
1,1,0,0,0,1,1,1,1,1,0,0,0,0,0,0,1,0,0,0,0,0,1,0,1,0,1,0,1,1,1,1,0.0,-19.37581114450336,1
1,1,1,0,1,1,0,1,1,0,0,0,0,0,1,1,0,1,1,0,1,0,1,0,0,0,0,1,0,1,1,1,0.0,-19.375778614813658,1
1,0,0,0,0,1,0,1,0,1,0,1,1,0,0,0,0,0,1,0,1,1,1,0,1,1,0,1,0,0,1,1,0.0,-19.37573921427529,1
1,0,0,1,1,0,1,0,0,0,1,0,0,1,0,1,0,0,0,1,1,1,0,0,0,1,0,1,1,0,1,1,0.0,-19.375739144409998,1
0,0,1,1,1,1,0,0,0,0,1,1,0,0,0,1,1,0,1,1,0,1,1,1,0,0,0,0,0,1,1,0,0.0,-19.375738965812246,1
0,0,1,0,1,1,1,1,0,0,1,1,1,0,0,0,1,0,1,0,0,0,1,1,0,1,1,1,0,0,1,1,0.0,-19.37573849040324,1
1,1,0,0,0,1,0,0,1,1,1,1,0,1,0,0,0,0,1,0,1,0,1,0,1,1,1,0,1,0,1,1,0.0,-19.37573511695287,1
0,1,1,1,1,0,0,1,0,0,0,0,0,1,1,1,0,0,1,0,0,0,1,1,1,1,0,1,1,0,1,1,0.0,-19.37572891048753,1
1,1,0,1,1,1,0,1,1,0,1,1,1,0,0,0,1,1,1,0,0,1,1,0,0,0,0,1,1,0,0,0,0.0,-19.375682859463712,1
0,0,0,1,0,1,0,0,1,0,1,0,1,1,0,0,1,0,1,0,1,1,0,1,1,0,0,1,1,0,0,1,0.0,-19.37566511121465,1
0,0,0,1,1,1,0,0,0,1,1,0,1,0,0,0,0,1,1,0,1,1,0,1,1,0,0,0,1,0,1,1,0.0,-19.37562653702581,1
0,0,1,1,1,1,1,1,0,0,1,0,0,0,1,0,1,0,1,0,0,0,1,1,1,0,1,0,1,0,1,1,0.0,-19.375605038552873,1
0,0,1,1,1,0,0,1,0,0,0,0,1,1,0,0,1,1,1,0,1,1,0,1,1,0,1,1,0,0,1,1,0.0,-19.37559852937811,1
1,1,1,1,0,0,1,1,0,0,1,0,0,0,0,0,0,1,0,0,1,1,1,1,1,0,0,1,0,1,1,1,0.0,-19.375584774275197,1
1,1,1,1,1,0,0,1,0,0,0,1,1,0,0,0,0,1,0,0,1,1,0,1,0,0,1,1,0,0,0,1,0.0,-19.3755826869497,1
1,0,0,1,1,0,1,1,0,0,1,1,0,1,0,1,1,1,0,0,1,1,1,0,0,0,1,1,0,0,0,1,0.0,-19.37557301599878,1
0,1,0,1,1,0,0,1,0,0,1,0,1,1,1,0,0,0,1,1,1,1,0,0,0,0,1,1,0,1,1,1,0.0,-19.375542277005252,1
0,1,1,1,0,0,0,0,0,0,1,1,0,0,0,0,0,1,1,0,0,1,1,0,0,1,1,1,1,1,1,0,0.0,-19.375501822942887,1
1,1,0,0,1,1,0,0,1,0,1,0,1,1,0,0,0,0,1,0,1,1,1,0,1,1,1,0,0,0,1,1,0.0,-19.375453034964288,1
1,1,0,1,0,0,0,0,1,0,1,0,1,0,0,0,0,1,1,1,1,1,0,1,1,0,1,0,0,1,1,1,0.0,-19.37540304764697,1
1,1,0,1,1,0,0,1,1,0,1,0,0,1,0,1,1,0,1,0,1,1,0,1,0,1,0,0,0,1,0,1,0.0,-19.375372382859094,1
0,1,0,1,0,1,0,1,1,0,1,0,0,0,0,0,1,0,1,0,1,0,1,1,1,1,0,1,1,1,1,0,0.0,-19.375334583190167,1
0,0,1,1,1,1,0,1,1,0,0,0,1,0,0,0,0,1,1,0,1,1,0,0,0,1,0,0,1,0,1,1,0.0,-19.375322326575557,1
1,1,0,1,1,1,0,0,0,0,1,1,0,1,1,1,0,0,1,0,0,0,0,0,1,1,0,0,0,0,1,1,0.0,-19.375307245752882,1
0,0,1,0,1,0,0,0,0,0,0,1,1,1,0,0,1,1,1,0,1,0,0,1,1,1,0,0,0,1,1,1,0.0,-19.375283137166832,1
1,0,0,1,1,1,1,0,1,0,0,1,1,0,1,0,1,0,0,0,0,0,1,1,0,1,0,1,1,0,1,1,0.0,-19.375251738958347,1
0,0,1,0,1,0,1,1,1,0,0,1,1,0,0,1,1,1,1,0,1,1,0,0,0,0,1,1,0,0,1,1,0.0,-19.37521693442977,1
1,0,0,1,1,1,1,0,0,0,0,1,1,1,0,0,1,0,0,0,1,1,0,0,1,1,0,0,1,0,0,1,0.0,-19.37517783436502,1
0,0,0,1,1,1,0,1,1,0,1,1,1,0,0,1,0,0,1,1,0,1,0,0,0,0,1,1,0,0,1,0,0.0,-19.37514971111186,1
0,0,0,0,1,0,0,1,0,1,1,1,1,1,0,1,0,0,1,0,1,1,1,0,1,0,0,1,0,0,0,1,0.0,-19.375135875098085,1
1,1,0,1,1,0,1,0,0,1,1,1,0,0,0,1,0,0,1,1,0,0,1,0,0,0,0,1,0,0,1,1,0.0,-19.37513130199093,1
1,1,0,0,1,0,0,1,0,0,1,0,0,1,1,1,1,1,1,0,0,1,0,1,1,0,0,0,1,0,1,1,0.0,-19.37512394758868,1
1,0,0,1,0,0,0,1,1,1,1,1,1,0,1,0,1,1,1,0,1,1,1,0,0,0,0,0,1,0,1,0,0.0,-19.37500693276051,1
1,0,0,0,1,0,0,1,0,0,0,1,1,1,0,0,1,0,1,1,0,1,1,1,1,1,1,0,0,1,1,0,0.0,-19.374988397399953,1
1,1,1,1,1,0,1,0,1,0,1,1,0,1,0,0,0,1,1,0,1,0,0,1,0,0,1,0,0,1,0,1,0.0,-19.37484708673366,1
0,0,1,1,0,1,1,1,0,0,1,0,0,0,0,0,1,0,0,0,0,1,1,1,1,0,1,0,0,1,1,1,0.0,-19.37474779354239,1
1,0,0,1,0,1,0,1,0,0,1,0,0,0,1,0,0,1,1,0,0,1,1,1,1,0,0,0,0,1,1,1,0.0,-19.37464483792484,1
0,0,0,0,1,1,0,1,1,1,1,0,0,0,0,1,0,0,1,1,0,1,1,1,0,0,1,0,1,1,1,1,0.0,-19.374606667088006,1
1,1,0,1,1,1,0,0,0,1,0,0,0,0,0,0,0,1,1,0,1,1,1,1,1,0,0,1,1,1,1,0,0.0,-19.37454150462881,1
0,1,0,1,1,1,0,0,0,1,0,1,0,1,0,1,1,0,1,0,0,1,1,1,0,0,1,1,0,0,1,1,0.0,-19.37450141854051,1
0,1,1,1,1,1,0,0,0,0,1,0,1,1,0,0,0,1,1,0,0,1,1,1,0,0,1,0,0,0,1,0,0.0,-19.374340659118225,1
1,0,0,1,1,1,0,1,1,1,0,1,1,0,0,1,1,1,0,0,0,1,1,0,1,0,0,0,0,1,1,0,0.0,-19.374272873048294,1
1,1,1,1,0,0,0,1,0,1,0,0,0,0,0,1,0,1,1,1,1,1,1,0,0,0,0,1,1,1,0,1,0.0,-19.374241101715196,1
1,0,0,1,1,1,0,1,0,0,1,0,1,1,0,0,1,0,0,0,1,1,1,1,0,1,0,0,0,0,0,1,0.0,-19.374182824411502,1
1,0,0,1,1,1,1,1,0,0,1,0,0,1,0,1,1,1,1,0,0,1,1,1,0,0,1,0,0,0,0,1,0.0,-19.374173861504335,1
1,1,1,1,0,1,1,0,0,0,1,0,0,1,0,0,0,1,1,0,1,0,0,0,1,1,0,1,1,0,1,1,0.0,-19.374140368643545,1
1,1,1,1,0,1,0,1,0,0,0,0,0,1,0,1,1,1,1,1,0,0,0,0,0,1,1,0,0,1,1,1,0.0,-19.3741359360745,1
0,1,0,0,0,1,0,1,1,1,1,1,0,1,0,1,0,0,1,0,0,0,0,1,0,1,1,1,1,0,1,1,0.0,-19.374123396228136,1
1,1,0,1,1,1,0,1,0,0,1,0,1,0,0,1,1,1,0,1,1,0,1,0,1,0,0,1,0,0,1,0,0.0,-19.374073468777272,1
1,0,0,1,1,0,0,1,0,0,0,1,0,1,0,1,0,0,0,1,1,1,0,1,1,1,0,0,0,0,1,1,0.0,-19.373951157403376,1
0,1,1,1,1,1,0,1,0,0,1,0,0,0,0,1,0,1,1,0,0,1,1,0,1,0,0,0,0,0,1,1,0.0,-19.3739227674556,1
0,1,0,0,1,1,0,1,0,0,0,0,0,0,0,1,0,1,1,0,0,1,0,1,1,1,0,0,1,1,1,1,0.0,-19.373915921816685,1
0,1,0,1,1,1,0,0,1,0,1,0,0,0,0,1,1,1,0,0,1,0,1,0,1,0,0,0,0,1,1,1,0.0,-19.3738552462166,1
0,0,0,1,1,0,0,1,0,1,1,1,0,0,0,1,1,0,1,0,0,0,1,1,0,1,0,1,1,0,0,1,0.0,-19.37379165632538,1
1,0,1,0,0,1,1,0,1,0,0,1,0,0,1,1,1,1,1,0,0,0,1,1,0,0,0,0,1,0,1,0,0.0,-19.373788083358598,1
0,0,0,0,1,1,1,1,1,1,0,0,1,0,0,1,0,0,0,0,1,1,0,0,0,1,1,1,1,1,1,1,0.0,-19.373780983876237,1
1,1,1,0,1,1,1,0,0,0,1,1,0,0,0,0,1,1,0,0,1,1,1,0,1,0,0,0,1,0,1,1,0.0,-19.373771870010017,1
1,1,0,0,1,1,1,1,0,0,1,1,0,0,0,0,0,1,1,0,1,1,0,1,0,0,1,1,0,0,1,1,0.0,-19.37371875893486,1
1,0,1,0,1,1,0,1,0,0,1,0,1,1,1,0,1,0,1,0,0,1,0,1,1,0,0,1,0,1,1,0,0.0,-19.373678248612134,1
0,1,0,0,1,1,0,1,1,0,1,1,1,1,0,0,1,1,0,0,1,1,1,0,0,0,0,1,1,0,1,0,0.03125,-19.373674939575288,1
1,0,0,1,1,0,1,0,0,0,1,1,1,0,0,0,1,0,0,1,0,1,0,0,1,1,0,0,1,0,1,1,0.0,-19.37367476019388,1
0,1,1,0,1,1,0,1,0,0,0,0,0,0,0,1,0,0,1,0,0,1,1,1,1,1,0,0,0,1,1,1,0.0,-19.373670352662966,1
1,0,1,0,1,0,1,1,0,0,1,1,0,0,0,1,0,0,0,1,1,1,0,1,1,0,0,0,0,0,1,1,0.0,-19.37356307960147,1
0,1,0,1,1,1,1,1,0,0,1,0,0,0,0,1,1,0,1,0,1,0,0,1,1,0,0,1,0,0,1,0,0.0,-19.373551288951155,1
1,1,1,0,1,0,1,1,0,0,1,0,0,0,1,0,0,1,1,0,1,0,1,0,1,0,0,1,1,0,1,1,0.0,-19.3734462650258,1
0,0,1,1,0,1,0,1,0,1,1,0,1,1,0,1,0,1,1,1,0,0,1,0,1,0,0,1,1,0,1,0,0.0,-19.373438260213092,1
0,1,0,1,1,1,0,0,0,0,0,0,0,0,0,1,1,0,1,0,1,1,0,0,1,1,0,1,1,0,1,1,0.0,-19.373420997423274,1
1,1,0,1,1,1,1,0,0,0,1,0,0,1,0,1,1,0,1,0,0,1,0,0,1,0,1,0,0,1,0,0,0.0,-19.37338955561586,1
1,1,1,0,0,0,1,1,0,0,1,0,0,0,0,1,1,0,1,1,0,1,1,0,0,0,0,1,0,0,1,1,0.0,-19.373376779407195,1
0,1,1,1,1,1,1,0,0,0,1,0,0,1,0,0,1,0,1,0,1,1,0,1,1,0,1,0,1,0,1,0,0.0,-19.373354959123922,1
1,0,0,1,1,1,0,1,0,0,1,0,1,0,0,1,1,0,0,1,0,1,1,1,1,0,0,0,0,0,0,1,0.0,-19.373347674423048,1
1,1,0,1,1,1,0,0,0,1,0,1,1,0,1,1,1,1,0,1,0,0,1,0,0,0,0,0,1,0,1,1,0.0,-19.373200691339814,1
0,1,0,0,1,0,0,1,0,0,1,1,1,1,0,0,0,0,1,1,0,1,1,0,0,1,0,1,1,0,1,0,0.0,-19.373182456764702,1
0,0,0,1,0,1,1,0,0,0,0,0,0,1,1,1,0,1,0,0,0,1,1,0,1,0,0,1,1,1,1,1,0.0,-19.373143323696922,1
1,1,1,0,1,0,0,0,0,0,1,0,0,0,0,1,1,1,0,0,0,1,1,1,0,0,1,1,0,0,1,1,0.03125,-19.37312456958315,1
1,1,1,0,1,0,1,0,0,0,0,0,1,1,0,0,0,1,0,0,1,1,0,1,1,0,1,0,0,0,1,1,0.0,-19.37307830268557,1
1,1,0,1,1,0,0,0,0,0,1,0,0,0,0,1,1,1,1,0,1,1,1,1,1,0,0,0,0,0,0,1,0.0,-19.373043191995418,1
1,1,0,1,1,1,0,0,0,0,1,0,0,1,0,0,0,1,1,0,1,1,0,0,1,0,1,0,0,1,0,1,0.0,-19.373013419847375,1
1,0,1,1,1,1,0,0,0,0,1,1,0,0,0,1,0,0,1,0,1,1,1,0,1,1,1,0,0,0,0,0,0.0,-19.37298894529693,1
1,0,0,0,1,0,0,0,0,1,1,1,1,1,0,1,0,0,0,0,1,1,1,1,0,1,0,1,0,1,0,0,0.0,-19.37298781756947,1
1,0,0,1,1,1,0,1,0,1,1,1,0,0,0,1,1,0,1,0,0,1,1,0,0,1,0,0,0,0,1,0,0.0,-19.372834183773225,1
0,1,0,1,1,1,1,1,0,0,0,1,0,0,0,0,1,0,1,0,1,1,0,1,1,0,0,0,0,0,1,1,0.0,-19.372774990291074,1
1,1,0,1,1,0,1,1,0,0,0,1,1,1,1,0,1,1,0,0,0,1,0,1,0,0,1,0,0,0,1,1,0.0,-19.37272432467022,1
1,1,1,1,0,1,1,1,0,0,1,1,0,0,0,0,0,1,0,0,1,1,0,0,0,1,1,0,0,1,1,1,0.0,-19.37264923833699,1
1,0,0,0,1,1,1,1,0,0,1,0,0,0,0,1,1,1,1,0,1,1,0,1,1,0,0,1,0,0,1,1,0.0,-19.37264790257843,1
0,0,1,1,1,0,1,1,0,0,1,1,0,0,1,1,1,0,1,0,0,1,0,1,0,0,0,0,0,0,1,1,0.0,-19.37263493437895,1
1,1,0,1,1,0,1,1,1,0,1,0,1,0,0,0,0,1,1,0,1,1,1,0,1,0,1,0,0,1,0,0,0.0,-19.37263440655786,1
1,1,0,0,1,1,0,0,0,0,1,1,0,0,0,1,1,1,1,0,0,1,1,0,0,1,0,0,0,0,1,1,0.0,-19.37250703128953,1
0,1,0,1,1,1,0,1,0,0,1,0,1,0,0,1,1,1,1,0,1,0,0,1,1,1,1,0,0,0,1,0,0.0,-19.372497400730104,1
0,0,1,1,1,0,0,1,0,0,1,0,0,0,0,0,0,0,1,0,1,1,1,0,1,1,1,1,1,1,0,0,0.0,-19.372485003008855,1
0,1,1,0,1,0,0,1,1,0,0,1,1,1,1,0,1,0,1,0,1,1,0,1,0,0,0,1,1,0,1,0,0.0,-19.37242173529452,1
0,1,1,0,0,0,0,0,1,0,1,1,0,1,0,0,0,0,1,0,1,1,1,1,1,1,0,1,1,0,1,1,0.0,-19.372414632289335,1
1,1,0,1,0,1,0,0,0,0,1,0,1,0,0,0,0,1,1,0,0,1,1,1,1,1,1,1,0,0,1,1,0.0,-19.37241036993297,1
1,0,0,1,1,0,1,0,0,0,0,0,0,0,0,0,1,1,1,0,1,1,1,1,1,0,0,1,0,0,1,1,0.0,-19.37240168510221,1
0,1,0,1,1,1,1,1,0,0,0,1,0,0,0,0,1,0,1,0,1,1,0,1,1,0,1,1,0,0,1,1,0.0,-19.372381628374033,1
1,0,0,0,1,1,0,1,0,1,0,1,0,1,0,1,1,0,1,0,0,1,1,0,1,0,1,0,0,0,0,1,0.0,-19.37234586711198,1
0,0,0,1,0,1,1,0,1,0,0,1,0,0,0,0,1,0,1,0,1,1,1,1,0,1,0,0,0,1,1,1,0.0,-19.372333354147386,1
0,0,1,1,0,1,0,1,0,0,1,1,0,0,0,1,0,1,1,0,0,1,1,1,1,0,1,0,0,0,0,1,0.0,-19.37229990283252,1
1,0,0,1,0,1,1,0,0,1,1,1,0,0,0,1,1,1,1,0,1,1,0,0,0,0,1,0,0,0,1,0,0.0,-19.37228264428662,1
0,0,0,1,1,1,1,1,0,0,1,0,1,1,0,0,1,1,1,0,0,1,1,1,0,1,0,0,1,0,1,0,0.0,-19.3722401893693,1
1,1,0,0,1,0,0,1,0,0,1,0,0,1,0,0,0,0,1,1,1,1,0,0,1,0,1,1,0,0,1,1,0.0,-19.372214974681185,1
1,1,1,1,1,0,0,0,0,0,1,1,0,0,0,1,0,0,0,1,1,1,0,1,0,1,1,1,0,0,1,1,0.0,-19.372185533940524,1
1,1,0,1,0,0,1,1,1,1,1,1,0,0,0,1,1,0,0,0,1,1,0,0,1,0,0,1,1,0,1,0,0.0,-19.372155002725368,1
0,0,0,1,0,0,0,1,0,1,1,1,0,1,1,1,0,1,1,0,0,1,0,1,0,0,0,0,1,1,0,1,0.0,-19.37214532748724,1
1,0,0,1,1,1,0,1,0,1,1,0,0,1,1,0,0,1,1,0,1,1,0,1,0,0,0,0,1,0,1,1,0.0,-19.372144478154,1
1,0,1,0,0,1,1,0,0,0,1,1,0,0,0,1,1,0,1,1,0,1,1,1,1,0,0,1,1,0,0,1,0.0,-19.372051523516294,1
0,0,0,1,0,0,0,1,0,0,1,1,1,0,0,0,0,1,1,1,0,1,1,1,0,1,0,0,0,1,1,1,0.0,-19.372049836216753,1
0,1,0,1,1,1,1,1,0,1,1,0,1,0,0,0,1,0,1,0,1,1,1,0,0,0,0,1,0,0,1,1,0.0,-19.371993618491253,1
1,0,0,1,0,1,0,1,1,0,1,1,1,1,0,1,0,1,0,1,0,1,1,1,1,0,0,0,1,0,0,0,0.0,-19.37197849277991,1
1,0,1,1,1,1,1,0,0,0,1,0,0,1,0,0,1,1,1,0,0,0,0,1,1,1,0,0,1,0,1,1,0.0,-19.37197443490286,1
1,0,0,1,1,0,0,0,1,1,0,0,0,0,0,1,0,0,1,1,0,1,0,1,0,0,1,1,0,1,1,1,0.0,-19.371955605248417,1
0,1,0,1,1,1,0,0,0,1,0,0,1,1,0,1,1,1,0,0,1,1,0,1,0,0,1,1,1,0,1,0,0.0,-19.37194585323563,1
0,0,0,1,1,1,0,1,1,0,1,1,0,0,1,1,1,1,1,0,1,0,0,1,1,0,0,0,1,0,1,0,0.0,-19.371819979500827,1
1,0,0,0,0,1,1,0,1,0,1,0,1,1,0,0,0,0,1,0,1,0,1,1,1,1,0,1,1,0,0,0,0.0,-19.37171119927306,1
1,0,1,1,1,0,0,0,0,1,0,1,0,1,0,0,0,1,0,0,1,1,1,0,1,1,1,0,1,0,1,1,0.0,-19.371700012680027,1
1,1,0,1,0,1,0,1,0,1,0,0,0,1,0,0,1,0,0,0,1,1,0,1,1,0,1,0,0,0,1,1,0.0,-19.37169928986229,1
0,0,1,1,1,1,1,0,0,1,0,0,1,0,0,1,0,0,1,0,1,1,1,0,0,1,1,1,0,0,1,1,0.0,-19.371655853395474,1
0,1,0,1,1,1,1,1,0,0,1,1,1,1,0,0,1,1,0,0,0,1,0,1,0,0,0,1,0,1,1,0,0.0,-19.371630639315853,1
0,0,1,0,0,1,0,1,0,0,0,0,1,1,1,1,0,0,1,0,1,1,0,1,1,1,0,0,0,0,1,1,0.0,-19.371573412848587,1
0,1,0,0,1,1,1,0,0,0,0,0,1,1,1,1,0,1,1,0,1,1,0,0,1,0,1,0,1,1,0,1,0.0,-19.3715467164846,1
1,1,1,1,0,1,1,1,0,0,1,1,0,0,0,0,1,0,1,1,1,1,0,0,1,0,0,0,0,0,1,1,0.0,-19.37150007265552,1
0,1,0,0,0,1,1,1,0,0,0,0,1,0,0,1,0,1,1,0,0,1,1,1,1,0,0,1,0,1,0,1,0.0,-19.37133072694433,1
0,0,0,0,1,1,1,1,1,1,0,1,1,1,0,1,1,0,1,0,1,0,0,1,0,1,0,0,1,0,0,1,0.0,-19.371192811180318,1
0,0,0,1,1,0,0,1,1,1,0,1,0,0,0,1,1,0,1,0,0,1,1,1,1,0,0,0,0,0,1,1,0.0,-19.371180135478134,1
1,1,0,1,1,0,1,0,0,0,0,0,0,0,0,1,1,0,1,0,1,1,0,0,1,1,0,1,0,0,1,1,0.0,-19.37114515811476,1
0,1,0,0,0,1,1,1,1,0,0,1,1,0,1,1,1,0,1,0,1,1,0,0,1,0,1,0,0,0,1,1,0.0,-19.37113648553805,1
1,1,1,0,1,1,0,1,0,0,0,1,1,1,0,0,1,1,1,0,0,0,0,1,0,1,0,1,0,1,0,1,0.0,-19.37113322667281,1
0,0,0,1,1,1,0,0,0,1,1,0,1,0,0,1,0,0,1,0,0,1,1,0,1,1,0,1,0,1,1,0,0.0,-19.371109357476506,1
0,1,1,0,0,0,1,1,0,0,1,0,0,1,0,0,0,0,1,1,1,1,1,1,1,0,1,0,0,1,1,1,0.0,-19.37105004954676,1
1,0,1,0,1,1,1,1,0,0,0,0,0,1,0,0,0,1,1,0,0,1,1,1,1,0,1,1,0,1,1,0,0.0,-19.37100015689106,1
0,0,0,1,1,1,0,1,1,0,1,0,1,0,0,1,1,1,1,1,1,1,0,1,0,0,0,0,1,0,0,1,0.0,-19.370901363372333,1
0,0,0,1,1,0,1,1,0,0,1,0,1,1,0,1,1,1,1,1,0,0,0,0,1,1,0,0,1,1,0,1,0.0,-19.370871507144997,1
0,1,0,1,1,1,0,1,0,0,0,1,0,1,0,0,0,1,1,1,1,0,0,0,0,0,1,1,0,0,1,1,0.0,-19.370870957805103,1
0,0,0,1,1,0,1,0,0,1,1,1,1,1,0,1,1,0,1,0,1,1,1,0,0,1,0,1,0,0,1,0,0.0,-19.370806683160183,1
1,0,1,0,1,1,0,1,0,1,0,1,0,0,1,1,0,1,1,0,0,1,1,0,0,0,0,1,0,1,1,1,0.0,-19.37073596172134,1
0,0,0,1,0,1,0,0,0,1,1,0,0,1,0,1,1,0,1,0,0,1,1,0,1,1,1,0,1,0,1,0,0.0,-19.370729371289258,1
0,0,0,0,1,0,0,0,1,0,1,1,0,1,0,1,0,1,1,0,1,1,0,1,1,0,0,1,0,0,1,1,0.0,-19.370719179158847,1
1,0,1,1,1,0,0,1,1,0,1,1,1,0,1,0,0,1,1,1,1,0,0,0,1,0,0,0,0,1,1,0,0.0,-19.37060584544335,1
1,1,1,1,1,1,1,0,0,0,1,0,0,1,0,0,1,0,1,0,1,1,0,0,1,0,0,0,0,0,1,0,0.0,-19.37053325941004,1
0,1,0,1,1,1,0,1,0,1,1,0,1,0,0,0,0,0,0,0,0,1,1,0,1,0,1,1,0,0,1,1,0.0,-19.37050591764767,1
1,0,1,1,0,1,0,1,0,0,0,0,0,1,0,0,0,0,1,1,1,1,1,0,1,1,0,0,0,0,1,1,0.0,-19.37050410060543,1
1,0,0,1,0,1,1,0,1,1,1,1,0,0,0,0,1,1,1,0,0,0,1,0,0,0,1,0,0,1,1,0,0.0,-19.370494128084992,1
0,0,0,0,1,0,0,0,0,0,0,1,0,0,1,1,0,1,1,1,1,1,1,1,1,0,0,0,1,1,1,0,0.0,-19.370489510003978,1
1,1,0,1,1,0,1,1,0,0,1,1,0,0,0,0,1,0,1,1,0,1,0,0,1,0,0,0,1,0,0,1,0.0,-19.370469017233326,1
0,0,1,0,1,1,0,0,0,0,1,0,1,0,0,1,1,1,1,0,1,1,1,1,0,0,0,1,0,0,0,1,0.0,-19.370456775148057,1
0,1,1,1,1,1,0,1,1,1,0,0,1,0,0,1,1,0,1,0,0,1,1,0,0,0,0,1,0,0,1,1,0.0,-19.37041925144819,1
0,1,0,1,1,1,1,0,0,0,1,0,1,1,0,1,0,0,1,1,1,1,0,1,0,0,1,1,0,0,0,1,0.0,-19.370416889120584,1
1,0,1,1,0,0,1,1,0,0,0,1,0,0,0,0,1,1,1,0,0,1,0,1,0,1,1,0,0,0,1,1,0.0,-19.370403911363184,1
0,1,0,1,1,0,1,0,0,0,0,1,1,1,0,1,1,1,0,1,0,0,1,1,1,0,0,1,0,0,1,1,0.0,-19.37037581217672,1
1,1,0,1,0,0,1,0,1,0,1,0,0,1,1,1,1,0,0,1,1,0,0,0,0,0,1,1,1,1,0,1,0.0,-19.370348556444995,1
1,0,1,0,1,1,0,0,0,0,1,0,0,0,0,1,1,1,0,1,0,1,1,0,1,0,1,1,1,0,1,1,0.0,-19.370329013065593,1
0,1,0,0,1,1,0,1,1,0,1,0,1,0,0,0,1,0,1,0,0,1,1,0,1,0,0,1,1,0,0,1,0.0,-19.370323720619872,1
0,1,1,0,0,1,1,0,0,0,1,1,0,0,0,1,0,1,1,0,1,1,0,0,0,1,1,1,0,1,1,1,0.0,-19.370297841656342,1
0,1,1,1,0,1,0,1,0,0,0,0,0,0,0,1,1,0,1,1,1,1,0,1,1,0,0,0,1,0,0,1,0.0,-19.370255980066236,1
0,1,0,0,0,1,0,0,0,1,1,1,1,1,0,1,0,1,1,0,1,0,1,1,0,1,0,0,0,0,1,0,0.0,-19.37023882378699,1
0,0,0,1,1,1,1,0,0,0,1,1,1,0,0,0,0,0,1,0,1,1,0,0,1,1,0,1,0,1,0,1,0.0,-19.37020705915227,1
1,0,1,1,1,0,1,1,0,0,0,1,0,1,1,0,0,1,0,0,1,0,1,0,1,0,0,0,0,1,0,1,0.0,-19.370145555900855,1
0,1,0,0,1,1,0,0,0,0,1,0,0,1,1,1,0,0,1,1,0,0,0,1,0,0,1,1,0,1,1,1,0.0,-19.370094718833087,1
0,1,1,1,0,1,1,0,0,0,1,0,0,0,0,1,0,1,1,0,1,1,1,0,1,0,0,0,0,1,0,1,0.0,-19.37008848517688,1
1,1,0,0,1,0,1,1,0,1,0,0,1,0,1,1,1,0,1,0,0,1,1,0,0,1,1,0,1,0,1,0,0.0,-19.370085746321692,1
0,0,0,1,1,1,1,0,0,1,0,1,1,0,1,0,0,0,1,0,1,1,1,0,1,0,0,1,0,1,1,1,0.0,-19.370080803484687,1
0,1,1,1,1,0,1,0,0,0,1,1,1,1,1,0,0,1,1,0,1,0,1,0,0,0,0,0,0,1,0,0,0.0,-19.370008343348253,1
0,1,0,1,1,0,1,1,0,0,1,1,0,0,0,1,1,0,0,0,0,1,1,1,1,0,0,1,1,0,0,0,0.0,-19.369981644341852,1
0,0,0,0,1,0,1,1,0,0,1,0,0,0,0,1,1,1,1,1,1,1,1,0,1,0,1,0,0,1,1,1,0.0,-19.369889009386632,1
0,1,0,1,1,1,1,1,0,1,0,0,0,1,0,1,0,0,1,1,1,1,0,1,0,0,1,0,1,0,1,0,0.0,-19.369840804327065,1
0,1,1,1,0,0,0,1,0,1,1,0,1,1,0,0,0,1,1,0,1,1,1,1,1,0,0,0,0,1,0,1,0.0,-19.369793425847075,1
1,0,1,1,1,1,0,0,1,1,0,1,0,1,0,0,0,0,0,0,0,1,0,1,0,1,0,0,1,0,1,1,0.0,-19.36975241929702,1
1,0,1,0,0,0,1,1,0,1,1,0,1,1,0,1,0,1,1,0,1,1,1,1,0,0,1,1,0,0,0,0,0.0,-19.36974776423234,1
0,0,0,1,1,1,0,1,0,0,0,1,1,1,1,1,0,0,1,1,0,1,1,1,1,0,1,0,0,0,0,1,0.0,-19.369615616563152,1
1,1,0,0,0,1,0,1,1,0,0,1,0,0,0,0,1,0,1,1,1,0,0,1,1,0,0,1,0,0,1,1,0.0,-19.3696060002184,1
1,1,1,1,0,0,1,0,1,1,1,0,1,1,0,0,1,0,1,0,0,1,0,0,0,0,1,0,1,0,0,0,0.0,-19.36958694394891,1
1,0,1,0,1,1,0,1,0,1,1,1,1,0,0,0,1,0,0,0,0,1,0,1,0,1,0,0,0,1,1,0,0.0,-19.369547144023727,1
0,1,0,0,0,1,1,1,0,0,0,0,1,0,0,1,1,1,1,0,0,0,1,1,1,1,1,1,0,0,1,1,0.0,-19.36953276518335,1
1,0,1,1,0,0,1,1,0,1,1,1,0,0,0,0,1,0,1,0,1,0,1,0,1,1,0,0,0,0,1,0,0.0,-19.369454155357115,1
0,0,1,1,1,1,0,0,0,1,1,0,1,0,0,1,0,1,1,0,1,1,1,0,1,0,1,1,0,0,1,0,0.0,-19.36943867864786,1
1,0,1,0,0,1,1,1,1,1,0,1,1,1,0,0,0,0,0,0,1,1,0,0,1,1,1,0,1,0,1,0,0.0,-19.369305977775262,1
0,0,0,1,1,1,1,0,0,0,1,1,1,1,0,1,0,1,0,0,1,1,1,1,1,1,0,0,0,0,1,0,0.0,-19.369292507278526,1
0,0,1,1,1,1,0,0,0,1,1,0,0,1,0,1,1,0,1,0,0,1,0,0,1,1,1,0,1,0,1,1,0.0,-19.369283730340094,1
1,1,1,0,0,1,0,1,0,1,0,0,0,1,0,1,1,1,1,0,1,1,1,0,0,0,0,1,0,1,0,1,0.0,-19.369277058770226,1
0,1,0,1,0,1,0,1,0,1,0,0,1,1,0,1,1,0,1,1,1,1,1,0,0,1,0,0,0,0,1,1,0.0,-19.369243106154713,1
0,1,1,1,1,0,0,0,0,0,1,1,0,0,0,0,1,1,1,0,1,1,1,1,0,1,0,1,1,0,1,0,0.0,-19.369189270135212,1
0,0,1,0,0,1,0,1,0,0,1,1,0,1,0,0,0,1,1,0,1,1,1,0,1,1,0,1,0,1,1,1,0.0,-19.369147139726824,1
0,0,1,1,1,1,1,0,0,0,1,0,1,1,0,0,1,0,1,1,1,0,1,1,1,0,1,0,0,1,0,0,0.0,-19.369089332496404,1
0,1,0,0,1,0,1,0,0,0,1,0,0,0,0,1,1,0,1,1,1,1,1,1,1,0,0,1,1,1,0,1,0.0,-19.369068271341874,1
1,1,0,0,1,1,0,1,0,0,1,1,0,0,0,0,1,0,0,0,1,1,0,0,1,1,1,0,1,0,0,1,0.0,-19.369032582619752,1
0,0,1,1,1,1,1,1,0,0,1,0,1,0,0,0,1,0,1,0,1,1,0,0,1,1,1,0,0,1,0,1,0.0,-19.3689922608165,1
1,1,0,0,1,1,1,1,1,1,0,0,1,0,0,0,0,0,1,0,0,1,0,0,1,1,1,0,1,0,1,1,0.0,-19.36893821663325,1
1,0,0,1,1,0,1,0,0,0,1,1,0,0,0,0,0,1,1,1,1,1,0,1,1,0,0,0,0,0,1,1,0.0,-19.368916034186576,1
1,1,1,0,1,1,0,0,0,0,1,0,0,0,0,1,1,1,1,0,1,1,0,0,0,1,0,0,0,0,1,1,0.0,-19.36887683980801,1
0,1,0,0,1,1,0,1,0,0,1,0,0,0,0,0,1,1,1,0,1,1,1,0,0,0,1,1,0,0,1,1,0.0,-19.36886185049805,1
0,1,0,0,0,1,1,1,1,1,1,0,1,0,0,0,0,0,1,0,1,1,1,1,1,0,1,0,0,1,1,0,0.0,-19.368796199971328,1
0,0,1,0,1,1,0,1,0,0,1,0,0,1,0,1,1,1,1,0,0,1,1,1,0,0,0,1,0,0,1,0,0.0,-19.368632666965333,1
0,0,1,1,1,1,1,1,0,0,1,1,1,0,0,1,0,0,0,0,1,1,0,1,1,1,0,1,0,1,0,0,0.0,-19.368605125818473,1
0,1,1,0,1,1,1,0,0,1,0,1,1,1,0,0,0,0,1,0,1,1,0,1,0,0,1,1,0,1,0,1,0.0,-19.36855621061487,1
0,1,0,1,1,1,1,0,0,0,0,1,1,1,0,0,0,1,0,1,1,1,0,1,1,0,1,0,1,0,1,0,0.0,-19.368420683498073,1
1,1,0,1,1,0,1,1,1,1,0,0,1,0,0,0,0,0,1,0,0,1,1,0,1,1,0,1,1,0,1,0,0.0,-19.368331513638868,1
0,1,0,0,0,1,0,1,0,1,1,0,1,1,0,0,1,0,1,0,1,1,0,0,0,1,1,0,0,0,1,1,0.0,-19.368320183887793,1
0,1,0,1,0,1,1,1,0,1,1,0,0,0,0,1,0,1,1,0,1,1,0,1,0,0,0,0,0,0,1,1,0.0,-19.36828015141116,1
0,0,0,1,1,1,1,0,0,1,1,1,0,0,0,1,1,0,1,0,0,0,1,0,0,1,0,1,0,0,1,1,0.0,-19.368272186218448,1
0,0,0,1,0,0,1,0,1,1,1,0,1,1,0,0,1,0,0,0,1,1,0,1,0,0,1,1,0,1,1,0,0.0,-19.368205491981094,1
0,0,1,0,1,1,1,0,0,0,1,1,0,1,0,0,1,0,0,0,1,1,1,1,1,0,0,0,1,0,0,1,0.0,-19.368193717868195,1
0,0,1,1,0,0,1,0,0,0,1,0,1,1,1,0,0,1,0,1,1,1,0,0,0,0,1,0,1,0,1,1,0.0,-19.368179529806184,1
1,0,0,1,1,1,1,1,0,0,1,1,0,0,0,0,0,0,1,1,0,1,1,0,1,1,1,0,0,0,1,1,0.0,-19.36814302223344,1
0,1,1,0,0,1,1,0,0,0,0,1,1,0,0,1,0,1,0,1,0,1,0,1,1,0,0,0,0,1,1,1,0.0,-19.36813378205637,1
0,0,0,1,1,1,0,1,0,0,1,1,0,1,0,0,1,1,0,0,1,1,1,1,0,0,1,0,0,1,0,0,0.0,-19.368070498600655,1
0,0,1,1,1,0,1,1,0,0,1,1,1,0,1,0,0,1,1,0,0,1,0,0,1,0,0,0,1,0,0,1,0.0,-19.36806906821375,1
1,1,1,0,1,0,1,0,0,0,0,0,1,0,0,1,1,0,1,1,0,1,1,1,1,0,0,0,0,0,0,1,0.0,-19.368044902599003,1
0,1,1,1,1,0,0,1,0,1,1,1,0,1,1,0,0,1,1,0,1,1,0,0,0,0,0,0,1,0,1,1,0.0,-19.367894587923747,1
1,0,0,1,0,1,1,0,1,1,1,1,1,0,1,1,1,0,0,1,0,0,1,0,0,0,0,1,1,0,1,0,0.0,-19.3678941783803,1
0,1,0,1,1,0,0,1,0,1,1,0,1,0,0,0,0,1,1,0,0,1,1,1,0,1,1,1,1,0,1,0,0.0,-19.367879956393654,1
0,0,0,1,0,1,0,1,0,1,1,1,0,1,0,1,1,0,1,0,1,1,0,0,1,0,0,1,0,0,0,1,0.0,-19.367873528487863,1
1,0,1,1,1,1,1,1,0,0,1,0,0,0,0,1,1,0,0,1,0,1,1,0,0,0,0,1,0,0,1,0,0.0,-19.367859943517065,1
0,1,1,0,1,1,0,0,0,0,0,0,1,1,1,0,0,0,0,0,1,1,0,0,1,1,1,0,1,1,1,0,0.0,-19.367826527693317,1
0,0,1,0,1,1,0,1,0,0,1,1,0,1,0,0,1,1,1,1,0,0,0,1,0,0,1,1,1,1,0,1,0.0,-19.367811449216788,1
0,0,1,1,0,0,0,1,0,0,1,1,0,1,1,0,1,1,1,0,0,1,1,1,1,0,1,0,0,0,1,1,0.0,-19.367758601761587,1
0,1,0,1,1,1,1,1,0,1,1,1,1,0,0,0,0,0,1,0,1,1,1,1,0,1,0,0,0,0,1,0,0.0,-19.367749187657655,1
0,1,0,0,1,1,1,0,0,1,0,1,1,0,0,0,1,0,1,1,1,0,0,1,0,0,0,1,1,0,1,0,0.0,-19.3677198430361,1
1,0,0,1,1,0,1,0,1,1,0,0,1,1,0,0,1,0,1,1,1,0,0,0,0,1,0,0,1,0,1,0,0.0,-19.36766674355286,1
0,0,1,0,1,0,1,1,0,1,1,0,0,0,0,1,1,0,1,1,0,1,0,0,0,0,1,0,1,0,1,1,0.0,-19.367642325338515,1
0,0,0,0,1,1,0,1,0,1,1,0,0,1,0,0,1,0,1,1,1,1,1,1,0,0,1,0,1,1,0,1,0.0,-19.367619894929877,1
0,0,1,0,1,0,1,1,0,0,1,1,0,1,0,1,0,0,1,0,1,1,0,0,1,1,0,1,0,0,1,0,0.0,-19.36760445298188,1
0,0,0,0,1,1,1,0,0,0,0,1,1,0,1,0,1,0,1,0,1,1,0,1,1,1,1,0,0,1,1,1,0.0,-19.367594369729062,1
0,1,1,1,1,1,0,0,0,0,0,1,0,1,1,1,0,0,1,0,1,1,1,0,1,1,0,0,0,0,1,1,0.0,-19.367532129306444,1
1,0,1,1,1,0,1,1,0,0,1,1,1,1,1,0,0,0,0,0,0,1,1,0,0,1,0,0,0,0,0,1,0.0,-19.36750566444871,1
1,1,0,1,1,1,1,0,0,1,0,0,0,1,0,1,1,0,1,0,0,0,1,0,1,0,0,1,0,1,0,0,0.0,-19.3674826636152,1
1,1,0,1,1,1,0,0,0,0,1,1,1,1,1,1,0,0,1,1,1,1,0,0,0,1,0,0,0,0,0,1,0.0,-19.36744312735854,1
1,0,0,1,1,1,0,0,0,0,0,1,0,0,0,1,1,1,0,1,1,0,0,0,1,1,1,0,0,0,1,1,0.0,-19.367426455254982,1
0,0,0,1,1,1,0,1,0,0,1,1,0,1,0,0,1,0,1,1,1,1,1,1,0,0,1,1,0,0,0,1,0.0,-19.367425735155376,1
1,0,1,0,1,0,1,1,0,1,1,1,0,1,0,0,0,0,1,0,1,1,0,0,1,1,1,0,0,0,1,1,0.0,-19.367405104119655,1
1,0,0,1,1,1,0,1,0,0,0,1,0,1,0,0,1,1,1,0,0,0,1,1,1,1,0,0,0,1,0,0,0.0,-19.367336222216224,1
1,0,1,1,1,1,0,0,1,1,0,1,0,1,0,0,0,1,1,0,0,1,1,0,1,0,0,1,1,0,1,0,0.0,-19.36726754819381,1
0,1,0,0,0,1,0,1,0,0,1,0,1,1,0,0,0,0,1,1,1,1,1,1,1,0,1,0,0,0,0,1,0.0,-19.367261424225607,1
0,1,1,0,0,1,0,1,0,1,0,0,1,0,0,0,1,1,1,0,1,1,1,1,1,0,0,1,1,0,1,0,0.0,-19.367211768101612,1
0,1,0,1,1,0,1,1,0,1,0,1,0,1,0,0,0,0,1,1,1,1,1,1,1,0,0,0,1,0,1,0,0.0,-19.3670949793385,1
0,0,1,1,1,0,1,1,0,0,1,0,1,0,1,1,0,1,0,0,1,1,0,0,0,0,1,1,0,0,1,0,0.0,-19.36699777769828,1
1,1,0,1,1,1,0,1,0,1,0,0,0,0,0,1,1,1,0,0,1,1,0,0,1,0,0,0,0,0,1,1,0.0,-19.366986389002832,1
0,1,1,1,1,0,1,0,0,0,1,0,1,1,0,1,1,0,1,1,1,0,0,1,0,1,1,0,0,0,0,1,0.0,-19.366952847252886,1
1,0,0,1,1,1,1,1,0,0,0,0,0,1,0,1,1,1,1,0,0,1,0,0,1,1,1,0,0,1,0,1,0.0,-19.366896804960003,1
1,1,0,1,1,1,1,1,0,0,0,0,1,1,1,1,0,0,0,0,0,1,0,0,0,1,1,0,0,0,0,1,0.0,-19.366896720978623,1
0,0,0,1,1,1,0,0,0,0,1,0,1,0,1,0,1,0,1,0,1,1,0,0,0,1,1,1,0,0,1,1,0.0,-19.3668964356921,1
0,0,0,1,1,1,1,1,1,0,0,1,0,1,0,0,0,1,1,0,0,1,1,0,0,1,0,0,1,0,1,0,0.0,-19.366886118080053,1
0,0,1,0,1,1,0,1,0,1,0,0,1,0,0,0,0,0,1,0,1,1,1,1,1,1,0,0,0,0,1,1,0.0,-19.36684387703645,1
0,1,0,1,1,1,0,1,0,1,0,1,0,1,0,1,0,0,1,0,1,1,0,0,1,1,0,1,0,0,1,1,0.0,-19.366823720968288,1
1,0,1,1,0,0,1,0,1,1,1,0,0,1,0,1,0,1,1,0,1,1,0,1,0,0,0,0,1,0,0,0,0.0,-19.3667905303237,1
1,1,0,1,0,1,0,1,0,1,1,1,1,0,0,1,0,1,0,0,1,0,0,0,0,1,1,1,0,0,0,0,0.0,-19.36678856228633,1
0,0,0,0,1,1,0,1,0,1,1,1,0,0,0,0,0,1,1,0,0,1,1,0,0,1,1,0,1,0,1,1,0.0,-19.36677328940074,1
1,0,1,1,1,1,0,0,0,0,1,1,1,0,0,1,0,1,0,1,0,1,0,0,1,1,0,1,0,0,1,1,0.0,-19.366769552094578,1
1,0,0,1,0,1,1,1,0,0,1,0,1,1,0,0,1,1,0,1,1,1,0,1,0,0,1,1,0,0,1,0,0.0,-19.366719267713336,1
1,0,0,1,0,0,0,0,1,0,1,0,1,0,1,1,1,1,1,1,0,1,0,0,0,1,0,1,1,0,1,1,0.0,-19.36664319031379,1
1,0,0,1,1,1,0,1,1,1,0,1,0,0,0,0,0,1,1,0,1,0,1,0,1,0,1,0,0,0,0,1,0.0,-19.366614888062337,1
0,0,1,1,0,1,0,1,0,1,1,0,0,0,0,1,1,0,1,1,1,0,0,1,0,0,1,1,1,0,0,0,0.0,-19.366606517804918,1
0,0,0,1,1,1,1,1,1,1,0,1,1,1,0,0,0,1,0,0,1,0,1,0,1,0,0,1,0,0,1,1,0.0,-19.366556140004008,1
0,1,0,1,0,0,0,1,0,0,1,0,0,0,1,0,0,1,1,1,1,1,0,0,0,0,1,1,1,0,1,1,0.0,-19.366455941352474,1
0,1,0,0,1,1,1,0,0,0,1,0,1,0,1,1,0,0,1,0,0,1,1,0,1,0,0,1,0,1,0,1,0.0,-19.36644613780073,1
0,1,0,1,0,1,1,1,0,1,1,0,1,0,0,1,0,0,1,1,0,1,1,0,0,1,1,0,0,0,1,1,0.0,-19.366431901947035,1
0,1,1,0,0,1,1,0,0,1,0,0,1,1,0,1,1,0,1,0,1,0,1,1,1,0,1,0,0,0,0,0,0.03125,-19.36641648007847,1
1,0,0,0,1,1,0,0,0,1,1,1,1,1,1,1,0,1,1,1,0,0,0,0,1,0,1,0,0,0,1,1,0.0,-19.366375969462542,1
1,0,0,0,1,1,0,0,0,0,1,0,1,0,1,1,1,1,1,0,1,1,1,0,1,1,1,0,0,0,1,0,0.0,-19.36632787851678,1
0,0,1,1,1,0,1,1,1,1,1,1,0,0,0,1,1,0,1,0,1,1,0,0,1,0,0,0,0,0,1,1,0.0,-19.366245701853504,1
0,1,1,0,1,1,0,0,0,1,0,1,1,1,0,1,0,0,1,0,1,0,0,1,1,1,0,0,0,0,0,1,0.0,-19.366216081199447,1
0,0,1,0,1,1,0,0,0,1,1,1,1,0,0,0,0,0,1,1,0,1,1,1,0,1,1,0,1,1,0,1,0.0,-19.36621605559183,1
1,1,1,1,0,0,0,0,0,1,0,1,0,0,0,0,0,1,1,0,1,0,1,1,1,1,1,0,0,0,1,0,0.0,-19.36616374443159,1
1,0,0,1,1,1,1,0,0,0,1,1,1,0,1,1,0,1,1,0,0,1,0,1,1,0,0,0,0,0,0,0,0.0,-19.366160848266755,1
0,0,0,1,0,1,1,0,0,0,1,0,1,0,1,1,1,0,0,1,1,1,0,0,0,0,1,1,0,0,1,1,0.0,-19.366156766017586,1
1,0,1,1,1,1,0,1,0,1,1,0,1,0,0,1,1,1,1,0,1,1,0,1,1,0,0,0,0,0,0,0,0.0,-19.36612862782525,1
1,0,0,1,0,1,0,0,0,0,0,0,0,1,0,1,0,1,1,1,0,1,1,0,1,1,0,1,0,0,1,1,0.0,-19.36612449519903,1
1,1,0,1,1,0,1,0,1,0,0,0,1,0,0,0,1,1,0,1,0,1,1,1,1,0,1,0,1,0,1,0,0.0,-19.366091464668738,1
1,1,0,0,1,0,1,0,0,0,1,0,1,0,1,0,0,1,0,0,0,1,0,0,0,1,1,1,1,1,1,0,0.0,-19.366043364834393,1
1,1,1,0,0,1,1,0,0,1,0,1,1,1,1,1,0,0,1,0,1,1,0,0,0,0,1,0,0,0,0,0,0.0,-19.365960609571808,1
0,0,0,1,1,1,0,1,0,1,1,0,1,1,1,1,1,1,1,0,1,0,0,1,0,0,0,1,0,0,1,0,0.0,-19.365953973557346,1
0,0,0,0,1,1,0,1,1,0,0,0,0,1,1,1,1,1,1,0,1,1,0,1,0,0,0,0,1,0,1,0,0.0,-19.365936138275863,1
1,0,1,0,1,0,0,1,0,1,1,0,0,1,0,1,1,1,1,1,0,0,1,1,1,0,0,0,0,0,1,1,0.0,-19.365911115645908,1
0,0,0,1,1,0,0,1,0,1,1,1,1,1,0,0,1,0,1,0,0,1,1,1,1,0,0,1,0,0,0,0,0.0,-19.365876357400527,1
0,0,1,1,1,1,1,1,1,0,0,1,1,0,0,0,1,1,1,0,1,0,1,0,0,1,1,0,0,1,0,0,0.0,-19.36584207143266,1
0,0,0,0,1,1,1,1,0,1,1,0,1,0,0,0,1,1,0,0,1,1,0,0,1,0,0,0,1,0,1,1,0.0,-19.365835155026694,1
1,0,1,1,1,0,0,0,0,0,0,1,0,1,0,0,0,1,1,0,1,1,1,1,1,1,1,1,0,0,0,1,0.0,-19.36579700808246,1
1,0,0,1,1,0,1,1,0,0,1,0,0,0,1,1,1,1,0,0,0,1,0,1,1,0,0,0,0,0,1,1,0.0,-19.365675800041387,1
0,1,0,1,1,0,1,1,0,1,0,0,1,1,1,0,0,0,0,0,1,1,0,0,1,0,1,0,1,0,1,0,0.0,-19.36562226605615,1
0,1,0,0,1,1,1,1,0,1,1,1,0,0,0,1,1,1,1,0,1,1,0,0,0,0,1,0,0,0,1,1,0.0,-19.365590330510386,1
1,1,1,1,0,1,1,1,0,0,0,1,0,0,1,0,1,0,1,0,1,1,0,0,0,1,0,1,1,0,0,1,0.0,-19.365545914172678,1
1,1,0,0,0,1,1,0,1,0,1,1,0,0,0,0,0,0,1,0,1,1,0,1,1,0,1,1,0,0,0,1,0.0,-19.36550357305994,1
1,1,1,0,1,1,1,1,0,0,1,1,1,0,0,0,1,0,0,0,1,1,0,0,1,1,0,1,1,0,0,0,0.0,-19.365490207003674,1
0,1,0,1,1,1,0,0,0,0,1,0,1,1,0,1,0,1,1,1,1,1,0,0,1,0,0,0,0,0,0,1,0.0,-19.365422675192818,1
0,1,0,1,1,1,1,0,0,1,1,1,1,0,1,0,0,0,1,0,0,1,0,1,0,0,0,0,0,0,1,1,0.0,-19.365365792930092,1
0,0,0,0,1,0,1,0,0,0,1,0,1,0,1,1,0,0,1,1,0,1,0,1,1,1,1,1,1,1,1,0,0.0,-19.36530153250084,1
1,1,0,0,1,1,0,0,0,0,1,0,1,0,1,0,0,0,1,0,1,1,1,1,0,1,0,1,0,1,0,0,0.0,-19.365275812605503,1
1,0,1,0,1,1,0,1,0,0,1,1,0,1,0,1,0,1,0,0,1,1,0,1,1,0,0,1,0,0,0,0,0.0,-19.365259238502997,1
0,1,0,1,1,1,1,0,0,0,0,1,0,1,0,1,0,0,0,1,0,1,1,1,1,0,0,0,0,1,0,1,0.0,-19.365164791148374,1
0,0,0,0,1,1,0,0,0,1,1,1,1,0,0,0,1,1,1,0,0,1,1,1,1,0,1,1,0,0,1,1,0.0,-19.36515457447746,1
0,0,0,1,1,1,0,1,0,0,1,0,1,1,0,0,1,1,1,1,1,1,0,0,1,0,0,0,0,0,1,0,0.0,-19.36513875893779,1
1,0,1,1,1,1,0,0,1,0,1,1,0,0,0,0,0,1,1,0,0,0,1,1,1,1,0,0,1,0,0,0,0.0,-19.36507616079072,1
1,0,0,1,1,0,0,0,0,1,0,1,0,1,0,1,1,1,1,1,1,1,0,1,1,0,1,0,0,0,1,0,0.03125,-19.364997674230317,1
0,1,0,0,1,1,1,0,0,1,1,1,0,0,0,1,1,0,1,0,0,1,1,1,1,0,0,1,0,1,1,0,0.0,-19.364988938296282,1
1,1,0,0,1,0,1,1,0,1,0,0,0,1,0,0,1,1,1,0,0,1,1,1,0,0,0,0,0,0,1,1,0.0,-19.364968602947826,1
0,1,1,1,0,1,0,0,0,0,1,1,1,0,1,1,0,0,1,1,1,1,0,0,1,0,0,0,0,0,0,1,0.0,-19.364902672734488,1
0,0,0,1,0,1,1,0,0,0,1,0,0,1,0,0,1,1,1,0,0,1,0,1,1,1,0,0,1,0,1,1,0.0,-19.364877903034625,1
0,0,0,0,1,1,1,1,0,1,0,1,0,1,1,0,1,0,1,0,0,1,1,0,0,1,0,0,1,1,1,1,0.0,-19.364832748841774,1
0,0,0,1,0,1,0,1,0,1,0,0,1,0,1,1,1,0,0,0,1,1,1,0,1,0,0,1,0,1,0,1,0.0,-19.36478672142264,1
0,1,0,1,0,0,0,0,1,0,1,1,1,1,1,1,1,0,1,1,0,1,1,0,0,1,0,0,0,0,1,1,0.0,-19.36476761645892,1
1,1,0,0,1,1,1,0,1,1,0,0,1,0,0,1,1,0,1,0,1,1,1,1,0,1,0,0,0,0,1,0,0.0,-19.36467471428067,1
0,0,0,1,0,0,0,0,1,0,1,0,0,0,1,0,1,1,1,0,1,1,0,0,1,0,1,1,1,0,1,1,0.0,-19.364642908982542,1
0,1,1,0,1,1,0,0,0,0,1,1,0,0,0,1,1,0,1,1,1,1,0,0,1,0,1,0,1,0,0,0,0.0,-19.364639143986654,1
0,0,0,0,0,0,0,0,1,0,1,1,1,1,0,1,1,1,0,1,0,1,1,1,0,0,1,1,0,0,1,0,0.0,-19.364578319267906,1
1,0,0,0,1,1,1,0,0,0,1,0,0,0,1,1,0,1,0,1,1,0,1,1,0,0,1,0,1,0,0,1,0.0,-19.364496359473016,1
1,0,1,1,1,0,0,0,0,0,1,0,0,0,1,1,0,0,1,1,1,1,1,0,1,1,1,0,0,1,0,1,0.0,-19.36446534451246,1
0,1,0,0,0,1,1,1,0,1,1,0,0,1,0,1,0,0,1,1,0,0,1,0,0,0,1,1,0,1,0,1,0.0,-19.36445637874277,1
1,1,1,0,0,0,1,0,0,0,1,0,0,1,1,0,0,1,1,1,0,0,1,1,0,0,1,1,0,1,1,1,0.0,-19.364453730725053,1
1,0,1,1,0,1,1,0,0,1,0,1,0,1,0,1,1,1,1,1,0,1,1,0,0,0,0,0,0,1,0,1,0.0,-19.364426951767246,1
1,0,0,1,0,0,1,1,1,1,0,0,1,0,0,1,1,0,1,1,0,1,1,1,0,1,1,0,0,0,1,0,0.0,-19.364358357866944,1
1,0,0,1,1,1,0,1,1,1,0,0,0,1,0,1,0,0,0,0,1,0,1,1,1,1,0,0,0,0,0,1,0.0,-19.364327410216053,1
1,1,0,1,1,0,0,1,1,0,1,1,0,1,0,1,1,0,0,0,1,1,0,0,0,1,0,1,0,0,0,0,0.0,-19.364322312447605,1
0,0,0,1,1,1,1,1,0,1,0,1,0,1,0,1,0,1,0,0,1,1,1,0,0,0,1,0,0,0,0,1,0.0,-19.364308988368222,1
0,0,0,1,1,0,0,0,0,0,1,0,1,1,1,0,0,1,1,0,0,1,0,1,0,1,1,1,0,1,1,0,0.0,-19.364174348872893,1
0,0,1,0,0,1,1,1,0,0,1,1,1,0,1,1,0,1,1,1,0,1,1,0,1,0,0,0,1,0,0,1,0.0,-19.364141660251253,1
0,1,1,1,1,0,0,0,1,0,1,0,1,0,0,0,0,1,1,0,1,1,1,0,1,1,0,1,0,0,1,1,0.0,-19.364131310144217,1
0,1,0,1,1,0,0,0,0,1,0,1,1,1,0,1,1,1,1,1,1,0,1,1,0,0,0,0,0,0,0,0,0.0,-19.36412552969449,1
0,0,0,1,1,0,1,0,0,0,1,1,1,0,0,1,0,1,1,1,1,1,1,0,1,1,0,1,0,0,1,0,0.0,-19.36412377952533,1
0,1,0,0,1,1,1,1,0,1,0,0,0,1,0,0,1,0,0,0,1,1,0,1,1,0,0,0,1,0,1,1,0.0,-19.364095216067412,1
0,1,1,1,1,1,0,0,0,0,0,1,1,0,1,1,0,1,1,1,1,1,1,0,0,0,1,0,0,0,0,1,0.0,-19.3640817481046,1
1,1,0,0,1,1,0,0,1,0,1,1,0,1,0,0,0,1,1,0,1,1,1,0,0,1,0,0,1,0,0,0,0.0,-19.364073127758154,1
0,1,0,0,1,1,0,1,0,1,1,0,0,0,0,1,1,1,1,0,1,0,1,1,1,0,0,0,0,0,1,0,0.0,-19.364002117350065,1
0,0,0,1,0,1,1,0,0,1,0,0,1,1,0,1,1,1,1,1,0,1,1,1,0,0,0,1,0,0,1,1,0.0,-19.36393967397929,1
1,0,0,1,0,0,1,1,0,1,0,0,1,0,0,0,0,1,1,0,1,1,0,0,1,1,0,1,0,1,0,1,0.0,-19.363902168769282,1
0,0,1,0,1,0,1,1,1,0,1,0,0,1,1,0,1,0,1,0,1,1,1,1,0,0,1,0,0,0,1,1,0.0,-19.363897699702193,1
0,1,0,0,1,1,1,0,0,1,1,0,0,0,0,1,1,0,1,1,1,1,1,0,1,0,0,0,1,0,1,1,0.0,-19.3638521003666,1
1,1,1,0,1,1,0,1,0,0,1,0,0,0,1,1,0,0,0,0,1,1,1,1,1,1,1,0,0,0,1,0,0.0,-19.363788293048692,1
0,1,0,1,1,0,1,0,1,0,0,1,1,0,0,0,0,1,0,1,1,1,1,0,0,1,0,1,1,0,1,1,0.0,-19.36377740719297,1
1,0,1,1,1,0,0,0,1,0,1,0,0,1,0,1,1,0,1,1,1,0,0,1,1,0,0,1,0,0,0,0,0.0,-19.363724401793057,1
1,1,0,0,1,1,1,0,0,0,1,1,0,1,0,0,0,1,1,0,0,1,0,1,0,1,1,1,0,0,1,1,0.0,-19.363707290083845,1
0,0,1,1,1,1,0,0,0,0,1,0,1,0,0,0,0,1,1,0,1,1,1,1,1,1,0,0,0,1,0,0,0.0,-19.363516806397257,1
0,0,0,1,1,0,0,1,0,1,0,1,0,0,1,1,0,1,1,1,1,0,1,0,0,1,0,1,1,0,1,1,0.0,-19.363491765900434,1
0,0,0,0,1,0,0,1,1,1,0,1,1,0,0,1,0,1,1,1,1,1,1,0,1,0,0,1,0,0,1,1,0.0,-19.363458214497605,1
1,0,1,1,1,1,0,0,0,0,0,0,0,0,0,0,0,1,1,1,1,1,0,1,1,1,0,0,1,0,1,0,0.0,-19.363430943187602,1
1,0,0,1,1,0,0,1,1,1,1,1,0,0,1,1,0,1,0,0,1,1,1,0,0,0,0,0,0,0,1,0,0.0,-19.3633691783539,1
1,1,0,1,1,0,0,1,0,1,0,1,0,0,1,0,1,0,1,1,1,0,0,0,1,0,0,0,0,0,1,1,0.0,-19.3633467428211,1
0,0,0,0,1,1,1,1,0,0,1,0,1,1,0,1,1,1,1,1,0,1,1,0,0,0,0,0,0,0,0,1,0.0,-19.363319648668362,1
1,0,0,1,1,1,0,0,0,1,0,0,1,0,0,1,1,1,0,1,0,1,1,0,1,1,1,0,1,0,1,0,0.0,-19.3632902411923,1
0,0,0,1,1,1,1,1,0,0,1,0,0,0,1,1,1,0,0,1,0,1,0,1,0,0,0,0,0,1,1,1,0.0,-19.363278360108232,1
1,1,0,1,0,1,1,1,0,1,0,0,0,0,0,1,1,0,0,0,0,1,1,0,1,0,1,1,0,0,0,1,0.0,-19.363243079697043,1
0,1,0,1,1,1,0,1,1,1,1,0,1,0,1,0,0,0,0,0,1,1,0,0,0,1,1,0,1,1,1,0,0.0,-19.363157834213073,1
0,1,1,1,0,1,0,0,1,1,0,1,1,1,0,0,1,1,1,0,0,0,1,0,1,0,0,1,0,1,0,1,0.0,-19.363138358217363,1
0,0,1,1,0,1,0,0,0,1,0,1,0,0,0,0,1,1,1,1,1,1,1,1,0,0,0,1,0,1,1,1,0.0,-19.363097605792177,1
0,0,1,0,1,1,1,1,1,0,0,1,0,0,0,0,1,1,1,0,1,1,0,0,1,0,1,1,1,0,1,0,0.0,-19.363063850454285,1
0,0,1,1,1,0,0,1,0,0,1,0,1,0,0,0,1,1,1,1,1,1,1,0,1,0,0,0,0,0,0,1,0.0,-19.36300486782333,1
1,1,1,1,1,0,1,0,0,0,0,0,0,1,0,1,1,0,0,0,0,1,1,1,1,1,0,0,0,0,0,1,0.0,-19.362981544370726,1
1,1,1,1,0,0,0,0,1,1,0,0,1,0,0,0,0,1,1,0,0,1,1,0,1,1,1,1,0,1,1,0,0.0,-19.36296465398377,1
0,0,0,1,1,1,1,0,0,0,0,1,0,1,1,0,0,1,0,0,1,1,1,0,1,0,0,1,1,0,1,0,0.0,-19.36293718747921,1
0,0,1,1,0,0,0,0,1,1,1,1,0,0,0,1,0,1,0,0,1,1,0,0,1,0,1,1,0,0,1,1,0.0,-19.36285593523946,1
1,0,0,0,1,0,1,1,1,0,1,0,1,1,1,0,1,0,1,0,1,1,1,0,0,0,0,1,0,0,0,0,0.0,-19.362836845850133,1
0,1,1,1,0,1,0,1,0,0,1,0,0,1,0,1,0,1,1,1,0,1,1,1,0,1,0,0,0,0,1,1,0.0,-19.362812930024646,1
1,1,0,1,0,0,0,1,0,1,1,1,1,0,0,0,1,1,0,0,0,0,0,1,1,1,0,1,0,0,1,0,0.0,-19.36275872325539,1
0,1,0,0,1,1,1,0,0,1,0,1,1,0,0,0,0,1,0,0,1,1,1,1,0,0,0,1,1,0,0,1,0.0,-19.36275379841468,1
1,1,0,0,1,0,1,0,1,1,0,0,0,0,0,1,1,0,1,1,0,1,0,0,0,0,0,1,1,0,1,1,0.0,-19.362701397192453,1
0,0,0,1,1,1,1,0,0,0,1,0,0,1,0,0,0,0,1,1,0,1,1,1,0,1,1,0,0,1,1,0,0.0,-19.362685396105498,1
0,0,1,1,0,0,0,0,1,0,1,1,0,1,0,0,0,1,1,0,1,1,1,1,0,1,0,1,1,0,0,0,0.0,-19.36264948102268,1
1,0,1,1,1,0,1,0,0,0,1,1,0,1,0,0,1,1,0,0,1,1,0,1,0,1,1,1,0,0,1,0,0.0,-19.36257191049208,1
0,0,1,1,1,1,1,0,0,0,1,1,0,0,0,0,0,0,1,1,1,1,1,0,1,1,1,0,0,0,1,1,0.0,-19.36255429653978,1
0,1,0,1,1,1,0,1,1,1,0,0,1,1,0,1,1,1,1,0,0,1,1,1,0,0,0,0,0,0,0,1,0.0,-19.36254701670014,1
0,0,0,1,0,1,0,0,0,0,0,1,0,1,1,1,1,0,0,1,0,1,1,1,1,0,0,1,0,0,1,1,0.0,-19.362490090952033,1
0,1,0,1,0,1,0,0,0,0,0,0,0,1,0,1,1,1,1,1,1,1,0,0,0,1,1,0,0,0,1,1,0.0,-19.36241493945787,1
0,0,1,1,1,1,0,1,1,0,0,1,1,1,0,0,1,1,1,0,1,1,0,0,1,0,0,0,0,0,0,0,0.0,-19.362404840433726,1
0,0,0,0,0,0,0,1,1,0,1,0,1,1,1,1,1,1,0,0,0,1,0,1,0,0,1,1,0,1,0,1,0.0,-19.362404772795998,1
1,1,1,0,0,1,1,0,0,1,0,0,0,1,0,0,1,1,1,0,1,1,0,1,0,0,0,0,0,0,1,1,0.0,-19.36238664704308,1
1,0,1,1,0,0,1,0,0,0,1,1,0,0,0,0,1,0,0,1,1,1,0,1,1,1,0,0,0,0,1,1,0.0,-19.362373485790407,1
1,0,0,1,0,1,1,1,1,0,0,0,0,0,0,0,1,1,1,0,1,1,0,0,1,1,0,0,0,0,1,1,0.0,-19.362351005172144,1
1,1,0,1,1,1,0,1,1,0,0,1,1,0,0,0,0,1,0,0,0,1,1,0,1,1,0,0,0,0,0,1,0.0,-19.36233833501538,1
1,0,0,1,1,0,1,0,0,1,0,1,1,0,1,0,0,1,1,0,1,1,0,1,0,1,0,1,0,1,1,0,0.0,-19.36232331763411,1
1,0,1,1,1,0,1,0,0,1,1,0,1,0,1,0,0,0,1,1,1,1,0,1,0,0,0,1,0,0,1,1,0.0,-19.362219983435686,1
0,1,0,0,1,0,0,1,1,0,1,0,1,1,1,1,0,0,1,0,0,1,1,0,1,1,0,1,0,1,0,1,0.0,-19.362212619094425,1
0,1,0,1,1,1,0,0,0,0,1,0,1,0,1,0,0,1,1,1,0,0,1,0,0,0,1,1,0,1,0,1,0.0,-19.362177697380574,1
1,0,0,0,1,1,0,1,0,1,1,0,1,0,1,0,1,1,0,1,0,1,1,1,0,0,0,0,1,1,1,0,0.0,-19.362169785317512,1
0,0,1,0,0,1,1,0,1,0,1,1,0,0,1,1,0,1,1,1,0,0,0,0,0,0,0,1,1,0,1,1,0.0,-19.362124486953746,1
0,0,0,1,0,1,0,0,1,1,1,1,0,0,1,1,1,0,1,0,1,1,0,1,0,0,1,0,0,0,1,0,0.0,-19.362084172962938,1
0,0,0,0,0,1,1,0,0,1,0,1,1,1,0,0,1,1,1,1,0,1,1,1,1,0,0,0,0,1,1,1,0.0,-19.362033241195466,1
0,0,1,1,1,0,0,1,0,0,1,0,1,0,0,0,0,1,0,1,1,1,1,1,1,0,1,0,0,0,0,1,0.0,-19.36203001603827,1
0,1,0,1,0,1,1,1,0,1,0,1,0,1,0,1,1,0,1,0,0,1,0,0,1,1,1,0,0,1,0,1,0.0,-19.36197629989547,1
0,1,1,1,1,1,0,0,1,1,1,1,0,1,0,1,1,0,0,0,1,0,0,1,0,0,1,1,0,0,0,1,0.0,-19.36192200088068,1
0,1,1,0,1,0,0,1,0,1,1,0,1,0,0,1,1,0,1,1,0,1,1,1,0,0,0,0,0,0,0,1,0.0,-19.36190833632213,1
1,0,1,1,0,1,0,1,0,1,0,0,1,0,1,0,1,0,1,0,1,1,0,1,1,0,1,0,0,0,0,0,0.0,-19.361739804814366,1
0,0,0,0,1,1,0,1,1,0,1,1,0,1,1,0,0,0,1,0,1,1,1,1,0,1,0,1,1,0,0,1,0.0,-19.361617684588623,1
0,0,0,1,1,1,0,1,0,1,0,1,0,1,1,1,1,0,0,1,1,1,1,0,0,0,0,1,1,0,1,0,0.0,-19.361480920501567,1
0,1,1,1,1,0,1,0,0,0,0,0,0,1,1,1,1,1,1,0,0,1,1,0,1,0,1,0,0,0,1,1,0.0,-19.36147996731144,1
0,0,0,0,1,1,0,1,0,1,0,0,0,1,0,1,1,1,1,1,1,0,1,0,0,1,0,0,1,0,1,0,0.0,-19.36147638965552,1
1,1,0,0,1,0,0,1,0,0,0,0,1,1,1,0,1,1,0,1,1,1,0,0,1,1,0,0,1,1,1,0,0.0,-19.361434296782477,1
1,1,0,0,1,0,0,0,0,0,1,1,0,0,0,0,1,1,0,0,1,0,0,1,1,1,1,1,0,1,0,1,0.0,-19.36141738530363,1
1,0,0,0,1,1,1,0,0,1,1,0,1,1,0,1,0,1,1,0,0,1,1,0,1,0,0,1,0,0,0,0,0.0,-19.361405180175154,1
1,1,0,0,0,1,1,0,0,0,0,0,0,1,1,1,0,1,1,1,0,1,1,0,0,0,0,1,0,0,1,1,0.0,-19.36137021595671,1
0,0,1,0,0,0,0,1,0,1,0,1,0,1,0,0,1,1,1,0,1,1,1,1,0,1,0,0,0,0,1,1,0.0,-19.36135266430547,1
1,0,1,1,0,0,1,0,0,1,0,0,0,0,0,0,1,1,1,0,1,1,0,1,1,1,0,0,1,0,1,0,0.0,-19.361314374548183,1
0,0,1,1,1,0,0,1,0,0,1,0,0,1,1,1,1,1,1,0,1,1,1,1,0,0,0,0,0,0,0,0,0.0,-19.361262273111226,1
0,0,0,0,1,1,0,0,1,0,1,0,0,1,0,1,0,1,1,1,1,1,0,1,1,0,0,0,1,1,0,0,0.0,-19.361228817624074,1
0,1,1,0,1,1,1,0,0,0,0,1,0,0,0,1,0,0,1,1,1,1,0,0,0,1,0,1,1,1,0,0,0.0,-19.361179003714994,1
1,0,1,1,1,1,0,0,1,0,0,0,0,0,0,1,1,0,0,1,0,1,1,1,1,0,1,0,0,0,0,1,0.0,-19.361172925493783,1
0,0,0,1,1,1,0,0,0,1,1,1,0,0,1,0,0,1,1,1,0,1,1,0,1,0,0,0,1,1,1,1,0.03125,-19.361106133231985,1
1,1,0,1,0,1,0,1,0,0,1,0,0,1,1,0,1,1,0,0,1,1,1,1,0,0,1,1,0,0,0,1,0.0,-19.361092222570843,1
0,0,0,1,1,1,1,0,1,0,0,1,0,0,0,1,0,0,1,1,0,1,0,1,1,0,1,1,0,0,1,0,0.0,-19.360984772849246,1
0,0,0,0,1,1,1,1,0,1,0,1,0,1,1,1,1,0,1,1,0,1,1,0,0,0,0,0,0,1,1,1,0.0,-19.360971442245308,1
0,0,0,1,1,1,0,1,0,0,1,0,0,0,1,0,1,0,1,1,1,1,1,0,1,0,0,0,1,0,0,1,0.0,-19.36094912372865,1
0,1,0,1,1,0,0,1,0,1,0,1,0,1,1,0,1,0,1,0,0,1,0,1,0,0,0,1,0,0,1,1,0.0,-19.360940903295973,1
0,0,1,1,1,1,1,0,1,1,0,0,1,0,1,0,0,0,1,0,0,1,0,0,1,0,0,0,1,0,1,1,0.0,-19.360832099576363,1
0,0,0,1,1,1,1,1,1,0,1,0,1,1,0,0,1,1,1,0,1,1,0,1,0,1,0,0,0,0,1,0,0.0,-19.360824089924808,1
1,0,0,1,0,1,1,1,1,0,0,1,0,1,0,0,0,0,0,0,1,1,0,1,1,1,0,1,0,0,0,1,0.0,-19.360772297482555,1
0,0,0,1,1,1,0,0,1,1,1,1,0,1,0,0,1,1,0,0,1,1,0,0,1,0,0,1,1,0,1,1,0.0,-19.36073980323883,1
0,0,0,1,1,1,0,0,1,1,1,1,0,0,0,1,0,0,1,0,1,1,0,0,1,1,1,0,1,0,0,0,0.0,-19.360728618989462,1
0,0,0,0,1,1,0,1,0,1,1,0,1,0,1,1,0,0,0,0,0,1,1,0,1,1,1,0,0,0,1,1,0.0,-19.360623306942653,1
0,0,0,1,1,1,0,0,0,0,1,1,0,1,0,0,1,1,1,0,1,1,0,1,1,1,0,0,0,0,1,0,0.0,-19.36062330369058,1
0,1,0,1,1,1,0,0,1,0,1,0,1,0,0,0,0,1,1,0,0,0,1,1,1,1,1,0,0,1,0,0,0.0,-19.360594105030728,1
0,0,0,1,1,0,0,0,0,1,1,0,1,1,1,0,1,0,1,0,0,1,1,0,0,1,1,0,0,1,0,1,0.0,-19.36058703616691,1
0,0,0,1,0,0,0,1,0,0,1,1,1,1,1,0,1,1,1,0,0,1,1,0,0,1,0,1,0,0,0,1,0.0,-19.360562382835326,1
0,1,1,0,1,0,0,0,1,1,1,0,1,0,0,1,0,0,0,0,1,1,0,1,0,1,0,1,1,0,0,1,0.0,-19.360495449621006,1
0,1,1,1,1,1,0,0,1,1,1,0,1,0,1,1,1,0,1,0,1,0,0,0,1,0,1,0,0,0,1,0,0.0,-19.36048125016154,1
1,0,1,1,1,0,1,1,0,1,1,0,0,0,0,0,1,0,1,0,0,1,0,0,1,1,1,1,1,0,0,1,0.0,-19.36044395090832,1
0,1,1,0,0,1,0,1,1,0,1,1,0,0,0,0,0,1,1,0,1,0,0,0,0,1,1,1,0,1,0,1,0.0,-19.360443505079743,1
0,1,0,1,1,0,0,0,0,0,0,0,0,1,0,1,1,1,1,1,1,1,0,0,1,0,1,1,0,0,1,0,0.0,-19.36039597284332,1
0,1,0,1,0,0,0,1,0,0,0,1,0,1,0,0,1,1,1,0,0,1,1,1,0,1,1,1,0,0,0,1,0.0,-19.360357698311063,1
1,0,1,1,0,1,1,1,1,0,0,0,0,0,0,1,1,1,0,1,1,1,1,1,1,0,0,0,0,0,1,0,0.0,-19.360273294887886,1
0,0,0,0,1,1,0,0,0,1,1,1,0,0,1,1,0,1,1,0,0,1,1,0,0,0,1,1,1,0,0,1,0.0,-19.360254589658773,1
1,1,1,1,1,0,1,1,1,1,0,1,0,0,1,0,0,0,0,0,1,1,0,0,0,1,0,0,1,0,1,1,0.0,-19.36024999538109,1
1,1,0,0,0,0,1,0,0,1,1,0,0,1,1,1,1,0,0,0,0,1,0,0,0,1,0,1,1,0,1,1,0.0,-19.36024365154416,1
1,1,0,0,1,1,0,1,0,0,1,1,0,0,0,1,1,1,1,1,0,1,1,1,1,0,1,0,0,0,0,0,0.0,-19.36016863125557,1
1,0,0,1,1,0,1,0,0,0,0,1,0,1,0,0,1,1,0,1,0,1,0,0,1,1,0,0,0,1,1,1,0.0,-19.360168027063878,1
1,0,1,1,0,0,1,1,1,1,1,0,0,0,0,0,1,1,0,0,1,1,1,1,1,0,0,0,1,0,0,1,0.0,-19.36016205152934,1
1,0,0,0,0,1,0,0,0,1,1,0,1,1,1,0,1,1,0,0,1,1,0,0,0,1,1,0,1,0,1,0,0.0,-19.360130386295793,1
0,1,0,1,0,0,0,1,0,0,0,0,0,0,1,1,0,1,1,1,1,1,0,1,1,0,0,1,0,0,1,1,0.0,-19.360117812779364,1
0,0,1,0,1,0,1,1,0,0,1,1,0,1,1,0,1,0,1,0,1,1,1,0,1,1,0,0,0,0,1,1,0.0,-19.36011213939994,1
1,0,1,0,0,1,1,0,0,1,0,0,0,0,0,1,0,1,1,1,1,1,1,1,1,0,0,1,0,0,1,1,0.0,-19.360051178131222,1
0,1,0,1,1,1,1,1,0,1,0,1,0,0,0,0,1,0,0,1,0,1,1,0,1,0,0,1,1,1,1,0,0.0,-19.360042052218173,1
0,0,1,1,1,0,1,1,0,0,0,0,0,0,1,0,1,1,1,0,0,1,1,1,1,0,0,0,0,1,1,0,0.0,-19.360025979393825,1
0,0,0,1,1,0,1,0,1,0,0,1,1,0,1,0,0,1,1,1,0,1,1,1,0,0,0,0,1,0,0,1,0.0,-19.360018513409088,1
0,1,0,1,1,1,0,0,0,0,1,0,1,1,0,0,1,1,1,1,1,0,0,0,1,1,1,0,0,1,0,1,0.0,-19.359986266836092,1
1,0,1,1,1,0,0,1,1,0,1,1,0,0,0,0,1,1,0,1,0,1,0,1,0,1,0,0,0,1,1,1,0.0,-19.35997204640931,1
1,0,1,1,0,1,1,1,0,0,1,0,0,0,0,0,0,1,1,1,1,1,0,0,1,1,1,0,0,0,1,1,0.0,-19.35993782282429,1
1,1,0,0,1,1,1,0,0,0,0,0,0,1,0,1,0,1,1,1,1,1,0,1,0,0,0,1,0,0,0,1,0.0,-19.359930688779638,1
0,0,0,1,1,1,1,1,1,1,0,0,0,0,1,1,0,0,1,0,1,1,1,1,0,0,0,1,0,0,1,1,0.0,-19.35986654406987,1
1,0,1,1,1,0,0,1,0,1,1,0,1,1,0,0,1,1,0,1,1,1,0,1,1,0,0,0,0,0,1,0,0.0,-19.35976289624237,1
0,0,1,1,1,1,0,1,1,0,1,0,0,1,0,1,1,0,1,0,0,1,0,0,0,1,0,1,0,0,0,1,0.0,-19.359592331658384,1
0,0,0,0,0,1,0,0,0,0,1,0,1,1,0,0,1,0,0,1,1,1,0,1,1,1,1,1,0,0,1,1,0.0,-19.35957777978698,1
1,0,0,1,1,0,1,1,1,1,1,1,0,1,0,1,1,1,0,0,0,0,1,1,1,0,1,0,0,0,0,0,0.03125,-19.35937636660866,1
0,1,1,1,0,1,1,0,1,0,1,1,0,1,1,0,1,0,1,0,0,1,1,0,0,0,0,0,0,0,1,0,0.0,-19.359375923465585,1
1,0,1,1,0,0,0,0,1,0,0,1,0,0,0,0,0,0,0,1,1,1,0,1,1,1,1,1,0,1,0,1,0.0,-19.35937480116953,1
0,0,1,1,0,1,0,1,1,0,1,1,0,1,0,0,0,1,0,0,0,1,1,0,1,0,1,1,0,0,0,1,0.0,-19.35929207883539,1
0,0,1,0,1,0,0,1,0,0,1,0,0,0,1,0,0,0,0,1,1,0,1,1,1,1,1,0,0,1,1,1,0.0,-19.359252130580415,1
0,1,0,1,1,1,1,1,1,1,1,0,1,0,0,0,0,0,1,1,1,0,0,0,0,0,0,1,0,0,1,0,0.0,-19.359238443566078,1
1,0,0,0,0,1,1,1,1,1,1,1,0,0,1,0,0,0,1,1,1,0,1,0,1,0,1,0,0,0,1,1,0.0,-19.359001497102412,1
0,1,0,1,1,1,1,1,0,0,0,0,1,1,0,1,1,0,1,1,1,1,0,0,0,1,0,0,0,0,0,0,0.0,-19.358976439892263,1
1,0,1,0,1,1,1,0,0,0,1,0,1,0,0,0,1,1,1,0,1,1,1,1,0,1,1,1,0,0,0,0,0.0,-19.358798045757663,1
0,0,0,0,1,1,0,1,0,1,1,0,1,0,1,1,1,1,1,0,0,0,0,0,1,1,0,1,0,1,1,1,0.0,-19.358766990987917,1
0,0,0,0,0,1,1,0,0,0,1,0,0,1,1,0,0,0,1,1,1,0,1,1,1,1,1,0,1,0,1,0,0.0,-19.358543169360587,1
0,0,1,1,1,1,1,0,1,0,1,0,1,0,0,0,1,1,0,0,0,0,0,0,1,1,1,0,0,0,1,1,0.0,-19.358520099538705,1
1,1,0,1,1,0,1,1,1,0,1,1,0,0,0,0,1,1,0,1,1,1,0,0,0,0,0,0,0,0,1,0,0.0,-19.358514915054286,1
0,1,1,0,0,0,1,1,0,0,1,0,1,1,0,0,1,1,1,1,0,0,1,0,0,1,1,0,1,0,0,0,0.0,-19.35825947274227,1
0,0,1,1,1,1,0,1,0,0,1,1,0,0,1,0,0,0,1,1,1,0,1,0,0,1,1,0,0,0,0,1,0.0,-19.35808434192984,1
0,1,0,0,0,1,1,1,0,1,0,1,1,0,0,1,1,1,1,1,0,1,1,1,1,0,0,0,0,0,1,0,0.0,-19.3580660947773,1
0,0,1,1,1,1,0,1,1,1,0,1,1,1,0,0,0,1,1,0,0,1,0,1,0,0,1,0,0,0,0,0,0.0,-19.358062996765202,1
0,0,0,1,0,0,0,0,0,1,0,0,0,1,0,1,1,1,1,1,1,1,0,1,0,1,1,0,0,1,1,0,0.0,-19.35805939636335,1
0,1,0,0,0,1,1,1,0,0,0,1,0,0,0,0,1,1,1,1,0,0,1,1,1,1,1,0,0,1,1,1,0.0,-19.35804404373897,1
0,0,0,0,0,0,0,0,0,0,1,1,0,1,1,0,1,1,1,0,0,0,1,1,1,1,1,1,0,0,1,1,0.0,-19.357981071667158,1
0,0,0,1,0,0,1,1,1,0,0,1,1,1,0,0,0,1,1,1,1,1,1,0,1,1,0,1,0,0,1,0,0.0,-19.357958906498006,1
0,1,1,1,1,1,0,1,0,0,1,1,0,1,0,1,1,1,0,0,1,0,1,0,1,1,0,1,0,0,0,0,0.0,-19.357917893051738,1
1,1,0,0,0,0,1,0,0,1,1,1,1,0,1,0,1,0,1,1,1,0,0,0,1,1,1,0,1,0,0,1,0.0,-19.3578998875241,1
1,0,1,0,1,0,0,0,0,0,1,1,1,1,1,0,1,1,0,0,0,1,1,0,1,0,1,1,0,0,0,0,0.03125,-19.357889697749727,1
0,0,1,1,1,0,0,0,0,1,1,0,1,0,1,1,1,0,1,1,1,1,1,0,0,1,0,0,0,0,1,1,0.0,-19.357732814503173,1
0,1,0,0,0,1,0,0,1,1,0,0,0,0,0,1,1,1,1,0,0,0,0,0,1,1,1,1,1,0,1,1,0.0,-19.35770335231554,1
0,0,0,1,1,1,1,1,0,0,1,1,0,1,1,0,0,0,0,0,0,1,1,1,1,1,1,0,0,1,0,1,0.0,-19.357675756260846,1
1,1,0,1,1,1,1,0,0,1,0,0,0,1,0,0,1,0,1,1,1,1,0,0,1,0,0,1,0,0,1,1,0.0,-19.357599925783255,1
1,1,0,0,1,1,1,0,0,1,1,0,1,1,0,0,0,1,1,1,0,1,0,1,1,0,0,0,0,0,1,1,0.0,-19.35752798902747,1
0,1,0,1,1,0,1,0,0,1,1,0,0,0,0,0,1,1,0,0,1,1,0,0,0,1,1,0,1,0,1,1,0.0,-19.35750037642171,1
1,0,0,1,1,1,0,1,0,0,0,0,0,0,0,0,1,1,1,1,1,1,0,0,1,1,1,0,0,0,1,0,0.0,-19.357500352481498,1
0,1,0,1,1,0,0,1,0,1,1,1,0,1,0,0,0,1,1,1,1,1,0,0,1,0,0,1,0,0,1,1,0.0,-19.357441797694804,1
0,1,0,0,0,0,1,1,0,1,0,0,1,0,0,1,1,0,1,1,1,1,0,1,1,1,0,1,0,0,1,1,0.0,-19.357424150550106,1
0,0,0,1,0,1,1,1,1,1,1,0,1,0,0,0,1,0,1,0,0,1,1,0,0,1,1,0,0,0,0,1,0.0,-19.357405841971374,1
1,0,0,1,0,0,1,1,1,1,1,0,0,1,1,0,0,0,1,0,1,1,0,1,0,1,0,1,0,0,1,1,0.0,-19.357259821924806,1
0,1,0,0,1,0,1,1,1,0,0,1,0,0,1,1,0,0,1,1,1,1,0,0,1,0,0,0,0,0,1,1,0.0,-19.357259699384432,1
0,0,1,0,1,1,0,1,0,0,1,1,1,0,1,0,1,1,1,1,1,1,1,0,1,0,0,0,0,0,1,0,0.0,-19.35721850143973,1
1,0,1,1,1,0,1,1,0,0,0,0,0,0,1,0,1,0,0,1,1,1,1,1,1,0,0,0,0,0,1,0,0.0,-19.357200803700238,1
1,1,0,1,1,0,1,0,0,1,0,0,1,0,1,0,0,1,0,1,1,0,0,0,1,0,1,0,0,0,1,1,0.0,-19.357194756098853,1
0,1,1,0,0,1,1,0,0,1,1,1,0,1,1,1,0,0,1,0,0,1,0,1,0,1,1,0,1,1,0,0,0.03125,-19.357186687295577,1
0,0,1,1,1,1,1,0,0,1,0,1,0,1,0,1,1,1,1,0,0,1,0,0,1,0,0,0,1,0,0,0,0.0,-19.3571671477849,1
0,0,1,1,1,0,0,0,0,0,1,0,0,1,0,0,1,1,1,1,1,1,1,0,1,0,1,0,0,0,0,1,0.0,-19.35712606572081,1
0,1,0,1,1,1,0,1,0,1,1,0,1,1,1,0,0,1,1,0,1,1,0,0,0,1,0,0,0,0,1,1,0.0,-19.356976239896163,1
1,1,1,1,0,0,1,0,1,1,0,1,0,0,1,0,1,0,1,0,1,1,1,0,1,0,1,0,1,0,0,0,0.0,-19.356917682794514,1
1,0,0,1,1,0,1,1,1,1,1,1,1,1,1,0,1,0,0,0,0,1,0,0,1,0,0,1,0,0,1,0,0.0,-19.356883938619866,1
0,1,0,1,1,1,0,0,0,0,0,1,1,0,1,1,1,1,0,1,1,1,0,0,1,0,0,0,0,0,1,0,0.0,-19.35687170662482,1
0,1,0,1,1,1,1,1,0,0,1,1,1,0,1,1,0,1,1,0,1,0,0,0,1,1,0,1,0,0,0,0,0.0,-19.356820101144514,1
0,1,0,1,0,1,0,1,0,1,1,0,0,1,1,1,0,0,0,0,1,1,0,0,1,1,0,0,0,0,1,1,0.0,-19.356772506291698,1
0,0,0,1,0,1,1,1,0,0,1,1,0,0,0,0,0,0,1,1,1,1,1,1,1,1,0,0,0,0,0,1,0.0,-19.356714980075697,1
0,1,1,0,1,1,0,1,0,0,1,1,1,1,1,1,0,1,1,0,0,0,1,0,1,1,0,1,0,0,0,0,0.0,-19.356696718525512,1
1,0,1,1,1,1,0,0,0,1,1,0,0,1,1,0,0,1,0,0,1,1,0,1,0,1,0,0,0,1,1,1,0.0,-19.356678977364083,1
1,0,0,0,0,1,1,0,0,1,0,0,0,1,1,0,1,0,1,1,1,1,0,0,1,0,1,0,1,0,1,0,0.0,-19.356591273731652,1
0,1,0,1,1,1,0,1,0,1,1,1,0,0,1,0,1,1,1,0,1,0,1,1,1,0,0,0,1,0,0,0,0.0,-19.356534448580636,1
0,0,1,0,1,1,0,1,0,0,1,1,0,1,0,0,1,1,0,1,1,1,1,1,1,0,1,0,0,0,1,0,0.0,-19.356531407531726,1
0,1,0,1,0,0,1,1,1,0,1,0,1,0,1,0,1,1,1,0,1,1,1,1,1,0,0,0,0,0,0,1,0.0,-19.35650695569856,1
0,1,1,0,1,0,0,0,0,1,0,0,0,0,0,1,1,1,1,1,0,0,0,1,1,0,1,1,1,0,1,0,0.0,-19.35642773127178,1
0,0,1,1,1,1,0,1,0,1,1,0,0,0,0,1,1,1,0,0,1,1,0,0,0,1,1,1,0,0,1,1,0.0,-19.356400937602213,1
1,1,0,0,0,1,0,0,1,1,1,0,0,1,0,1,0,1,1,1,1,1,0,0,1,0,0,1,0,0,1,1,0.0,-19.35633886143955,1
0,1,0,1,0,0,1,1,0,1,1,0,0,0,1,0,0,1,1,1,0,0,1,1,0,1,0,0,1,1,1,1,0.0,-19.356334542493215,1
0,0,1,1,1,1,1,1,0,1,1,0,0,1,1,1,1,0,0,0,1,1,0,0,0,0,0,1,0,0,1,1,0.0,-19.356313929974224,1
0,1,0,1,0,1,1,1,0,1,0,1,0,1,1,0,1,0,1,0,1,0,0,1,1,0,0,0,0,0,0,1,0.0,-19.356190346301823,1
0,1,0,0,0,1,1,1,1,0,1,1,0,0,0,1,0,1,1,1,0,1,1,1,0,0,0,0,0,1,0,0,0.0,-19.356151439961984,1
0,1,1,1,1,1,0,0,0,1,0,1,1,0,0,0,1,1,0,0,0,0,1,1,0,1,1,0,0,0,0,1,0.0,-19.35611313448461,1
0,0,0,0,1,1,0,0,1,1,0,1,0,0,0,1,1,0,1,1,0,1,0,1,0,1,1,0,1,0,1,0,0.0,-19.356112421472588,1
1,1,0,1,1,1,0,0,0,1,0,0,0,0,1,1,0,1,1,1,0,1,1,0,1,0,0,1,1,0,1,0,0.0,-19.356065028772736,1
0,0,1,0,1,0,0,1,1,1,1,1,1,1,1,0,1,0,0,0,0,1,0,0,1,0,1,1,0,1,1,0,0.0,-19.35602472727904,1
0,1,1,0,1,1,1,1,0,0,0,1,0,0,0,0,0,1,1,0,0,1,1,0,1,1,0,0,0,1,0,1,0.0,-19.355878959484492,1
1,0,0,1,0,0,1,1,0,1,0,0,1,1,1,0,0,1,0,0,0,1,1,0,1,1,0,0,0,1,0,1,0.0,-19.35576503740447,1
0,0,1,0,1,1,0,0,1,1,1,0,1,0,0,1,0,1,1,0,0,1,0,0,1,1,0,0,0,0,1,1,0.0,-19.35569181856068,1
0,0,1,1,1,0,1,1,1,0,1,1,0,0,0,0,1,0,1,0,0,1,0,1,0,1,0,1,0,0,0,1,0.0,-19.355605439696145,1
0,0,1,1,0,0,0,0,1,0,0,1,1,0,1,0,1,1,1,0,0,1,1,1,0,1,1,0,0,0,0,1,0.0,-19.355602856747115,1
0,1,0,0,1,1,0,0,0,0,0,0,1,1,1,1,1,1,0,0,0,1,1,0,1,1,1,1,0,0,1,1,0.0,-19.355565158564875,1
1,0,0,1,1,1,0,0,0,1,1,0,0,0,0,0,0,1,1,0,1,1,1,1,1,1,0,0,0,0,0,1,0.0,-19.355488337383726,1
1,0,1,1,1,0,0,1,0,1,1,0,0,0,0,0,1,1,0,0,0,1,0,1,1,1,0,0,0,0,1,1,0.0,-19.355238123667156,1
0,1,1,0,1,1,0,0,0,0,0,0,1,1,0,0,1,1,1,1,0,0,1,0,1,1,0,0,0,1,0,1,0.0,-19.355235376740055,1
0,0,0,0,1,1,0,1,0,1,0,0,0,0,1,0,0,1,1,0,1,0,0,0,1,1,1,1,1,0,1,1,0.0,-19.355203839242066,1
0,0,1,0,1,0,1,0,1,1,0,0,0,1,0,1,1,1,1,0,1,1,0,0,1,0,0,0,0,1,1,0,0.0,-19.355075708075905,1
0,1,1,0,1,0,1,0,0,0,1,1,0,1,0,0,1,1,1,1,1,1,0,0,1,0,0,1,0,0,1,1,0.0,-19.355073225011616,1
0,0,1,1,1,0,1,0,1,1,1,0,1,0,0,1,0,1,1,0,1,1,1,0,1,0,1,1,0,0,0,0,0.0,-19.355063003006656,1
1,0,0,0,0,1,0,0,0,0,1,1,0,0,0,0,1,0,0,1,1,1,1,1,1,1,1,1,0,0,0,1,0.0,-19.355028423880697,1
1,0,1,0,1,0,0,1,0,0,1,0,0,0,0,0,1,1,0,1,0,1,0,0,1,1,0,1,0,1,1,1,0.0,-19.354992423300274,1
1,0,1,0,1,1,0,0,0,0,1,0,0,1,1,0,0,1,1,0,1,1,1,1,0,1,0,0,0,0,0,1,0.0,-19.354963954494615,1
0,1,0,1,0,1,0,0,1,1,0,0,0,1,0,1,1,1,1,0,0,1,1,0,0,0,1,1,0,0,0,1,0.0,-19.35495230321198,1
0,1,0,1,0,1,0,0,1,0,1,0,1,0,1,0,1,1,0,0,1,1,0,1,1,0,1,1,0,1,0,1,0.0,-19.35477734897547,1
0,1,1,0,1,1,1,1,0,1,1,0,1,0,1,1,0,1,1,0,0,0,1,1,1,0,0,0,0,0,0,1,0.0,-19.35471702564544,1
0,0,1,0,0,1,1,0,0,0,0,0,1,1,0,0,0,1,1,1,1,1,1,1,0,1,1,0,0,1,0,0,0.0,-19.354714700444582,1
0,0,0,1,0,0,1,1,1,1,1,1,0,0,0,0,1,1,1,0,1,1,0,1,1,0,1,1,0,0,1,0,0.0,-19.354576696709376,1
0,1,0,1,1,1,1,0,0,0,1,1,0,0,0,0,1,0,0,1,0,1,1,1,1,0,1,0,0,0,0,1,0.0,-19.354500520559675,1
1,1,0,1,1,1,0,1,0,0,1,0,0,0,1,0,0,1,0,0,0,1,0,1,1,1,1,1,0,0,1,1,0.0,-19.354475477772112,1
0,1,0,1,1,1,1,1,0,0,1,1,0,0,0,0,1,0,0,1,0,1,1,1,1,0,1,1,0,0,0,1,0.0,-19.35436915004912,1
1,1,0,1,1,1,1,1,0,0,1,0,0,0,1,1,0,1,0,0,0,1,1,0,0,1,1,1,0,0,0,1,0.0,-19.35435085201074,1
1,0,0,1,1,1,1,0,0,0,1,0,1,1,1,0,0,1,1,1,0,1,0,0,0,1,0,0,0,0,1,0,0.0,-19.354289632244626,1
0,1,1,1,1,1,0,0,0,1,1,0,0,0,0,1,0,0,0,1,1,1,0,0,1,1,0,1,0,1,1,1,0.0,-19.3542511578407,1
0,1,1,1,0,0,0,0,1,1,1,1,0,1,0,1,1,1,1,1,1,0,1,1,0,0,1,0,0,0,0,0,0.0,-19.35422775906058,1
0,1,0,0,1,1,0,1,0,1,1,0,0,1,0,1,1,1,1,1,1,1,1,0,0,0,0,1,0,0,1,0,0.0,-19.354039657480975,1
0,0,1,1,0,1,1,1,0,0,1,0,0,0,1,0,0,1,0,0,1,1,1,0,1,1,0,0,0,1,1,0,0.0,-19.353961783404216,1
0,1,0,1,1,1,1,0,0,0,0,0,1,1,1,1,0,1,1,1,0,1,0,1,0,0,1,1,0,0,0,1,0.0,-19.353917938192463,1
0,1,1,0,1,1,1,1,0,0,1,0,0,1,0,0,0,1,1,0,1,1,0,1,1,1,0,0,0,1,0,1,0.0,-19.353900136860815,1
1,0,1,0,1,0,0,0,1,1,0,0,0,0,0,0,1,0,1,0,1,1,1,0,1,1,1,1,1,0,0,0,0.0,-19.353864711248683,1
0,1,0,1,1,1,1,1,1,1,1,0,1,1,0,0,0,0,0,0,1,1,0,1,0,1,1,0,0,0,0,1,0.0,-19.353805694409495,1
0,0,1,1,1,0,0,0,0,1,1,0,1,0,1,0,0,1,1,0,0,1,1,0,1,1,1,1,0,1,1,0,0.0,-19.35348523152634,1
0,1,1,0,1,1,0,0,0,1,0,1,0,0,0,0,0,0,1,1,1,1,1,1,1,0,0,1,0,0,1,0,0.0,-19.353396624024164,1
0,1,0,1,1,0,1,0,0,1,0,0,0,0,0,1,1,1,1,1,1,1,0,0,0,0,0,1,0,0,1,1,0.0,-19.353377456159432,1
0,0,0,1,1,1,0,1,1,1,0,1,0,0,1,0,0,1,1,0,1,0,1,0,1,0,0,1,0,0,1,0,0.0,-19.353330797233387,1
0,1,0,1,1,0,1,0,0,0,0,0,1,1,0,0,1,0,0,1,1,1,1,1,1,1,1,1,0,0,0,1,0.0,-19.35322312651749,1
0,0,0,1,1,0,0,0,0,1,1,1,0,0,1,0,1,0,1,1,0,1,0,1,1,0,1,0,0,0,1,1,0.0,-19.353194875020886,1
0,1,0,1,1,0,0,1,0,1,0,0,0,0,0,1,1,1,1,0,0,1,0,0,1,1,0,1,1,0,0,1,0.0,-19.35315719815859,1
0,0,1,1,1,1,0,1,1,0,0,1,0,0,0,1,0,1,0,1,1,1,1,1,1,1,0,0,0,0,1,0,0.0,-19.35313676094761,1
0,0,1,1,1,1,0,0,1,0,0,0,1,1,0,0,0,1,0,1,1,1,1,0,1,0,0,1,0,0,0,1,0.0,-19.353102895103234,1
1,1,0,1,0,1,1,0,1,0,1,0,0,0,0,0,0,0,0,1,0,1,0,1,1,1,0,1,0,1,1,0,0.0,-19.353081505151884,1
0,0,1,1,1,1,1,0,0,1,1,1,0,0,0,0,0,0,0,1,0,1,1,1,1,1,0,0,0,1,1,1,0.0,-19.35302263467163,1
0,1,0,0,1,1,1,1,1,1,1,1,0,0,0,0,0,0,1,0,1,1,1,0,0,0,1,1,0,0,0,0,0.0,-19.352908934321235,1
0,0,1,1,1,0,1,1,1,1,1,0,0,0,0,1,1,0,1,0,0,0,0,0,1,1,1,0,0,0,0,1,0.0,-19.352851690054607,1
1,0,1,1,0,0,0,1,0,1,1,1,0,0,1,0,1,1,0,0,1,1,1,1,0,1,0,1,0,0,1,0,0.0,-19.352610808479877,1
0,0,0,0,1,1,0,0,0,0,1,0,1,0,0,0,1,1,1,1,1,1,1,0,0,1,1,1,0,0,0,1,0.0,-19.352498888397726,1
0,0,0,1,1,0,1,1,0,1,1,1,0,1,1,1,0,1,0,0,1,1,0,1,1,0,1,0,0,0,0,1,0.0,-19.35244765514725,1
0,0,0,1,1,1,1,1,1,1,1,0,1,1,0,0,0,0,0,0,0,1,1,0,1,1,0,0,0,1,0,0,0.0,-19.352427232939686,1
1,0,0,1,1,1,1,1,0,1,0,0,0,1,0,0,0,1,1,1,1,1,1,0,1,0,0,1,0,0,0,1,0.0,-19.352308006450126,1
1,0,0,1,0,1,1,1,0,0,0,0,0,0,0,0,1,1,0,1,1,1,1,1,1,1,1,1,0,0,1,0,0.0,-19.352292575209994,1
1,0,0,1,1,0,1,0,1,0,0,0,0,0,1,1,1,1,1,1,0,1,1,0,1,0,0,0,0,0,1,0,0.0,-19.35229245503662,1
0,0,0,1,1,1,1,1,1,0,0,0,0,1,1,0,1,0,0,0,1,1,1,0,1,0,1,0,0,0,0,1,0.0,-19.352100236600705,1
0,0,0,1,1,1,1,1,0,1,0,1,0,1,0,1,1,1,0,0,1,1,1,0,1,1,0,0,0,1,0,0,0.0,-19.35204445897601,1
1,1,0,0,1,0,1,1,0,0,1,0,0,0,1,0,1,1,1,0,0,1,1,1,0,0,1,1,0,0,0,0,0.0,-19.35203942686188,1
1,1,0,1,1,1,0,0,1,1,0,1,0,0,1,0,0,0,1,1,1,0,0,0,1,1,1,0,0,0,1,1,0.0,-19.35191095557712,1
0,0,1,1,1,1,0,1,0,1,1,0,0,1,0,0,0,1,0,0,1,1,0,0,1,0,1,1,0,0,0,1,0.0,-19.351517063014327,1
0,0,0,0,0,1,0,1,1,1,1,1,0,0,1,1,1,1,1,0,1,1,1,0,1,0,1,0,0,1,0,0,0.0,-19.351375617083736,1
0,1,0,0,0,1,1,1,1,0,1,0,0,1,1,0,1,1,1,0,1,1,1,0,1,0,0,0,0,1,0,1,0.0,-19.351364510482092,1
0,0,0,1,1,0,1,1,1,1,1,0,1,0,0,0,1,1,1,0,1,1,1,0,1,0,1,1,0,0,0,0,0.0,-19.351045540377363,1
0,0,0,1,1,0,1,1,0,1,1,0,0,0,1,0,1,0,0,0,1,1,0,1,0,1,1,0,0,0,1,1,0.0,-19.350989746174058,1
1,0,0,1,0,1,0,0,1,1,1,0,0,1,0,0,0,0,0,1,1,1,1,1,1,1,0,0,0,0,1,0,0.0,-19.350891985589342,1
1,1,1,1,0,0,1,0,1,0,0,1,0,1,1,0,1,1,1,0,0,0,1,1,0,1,0,0,0,0,0,0,0.0,-19.350769689609535,1
1,0,1,0,1,0,1,1,0,1,1,1,0,0,0,1,1,1,0,0,1,1,1,1,0,1,0,1,0,0,0,0,0.0,-19.350718213866802,1
0,0,1,0,0,0,1,1,1,1,0,0,0,1,1,1,0,0,1,0,1,1,0,0,1,1,0,0,0,0,1,1,0.0,-19.350664777173755,1
0,0,1,0,0,0,1,1,1,1,0,0,0,0,0,1,1,1,0,0,1,1,1,1,1,1,1,0,1,0,0,1,0.0,-19.350107975824997,1
0,0,0,0,1,0,1,0,0,1,1,1,1,0,0,0,1,1,1,0,0,1,0,1,1,1,0,1,0,0,1,0,0.0,-19.349958380891493,1
0,0,1,0,1,0,1,0,1,1,0,0,1,1,1,0,1,0,1,0,1,1,0,1,0,0,1,0,0,0,0,1,0.0,-19.349958365746893,1
0,1,1,1,1,1,0,0,0,1,1,0,0,0,0,0,1,1,1,1,0,1,1,1,1,0,0,0,1,0,0,1,0.0,-19.349665635344074,1
0,0,0,1,1,0,1,0,0,1,0,1,1,1,1,0,0,0,0,1,1,1,0,0,1,1,0,0,0,0,1,1,0.0,-19.349641343817574,1
0,0,0,1,0,1,1,1,0,1,0,1,0,1,1,0,0,1,0,0,1,1,0,0,1,0,0,1,0,1,0,1,0.0,-19.349551737203406,1
1,0,1,1,1,1,0,0,1,1,1,0,0,0,1,1,0,0,0,0,1,1,0,1,0,1,0,0,0,0,0,1,0.0,-19.34942459551413,1
0,0,0,1,1,0,1,1,0,1,0,1,1,0,1,0,0,0,1,1,1,1,0,1,0,1,0,0,0,0,0,1,0.0,-19.349325612607515,1
0,0,0,1,1,1,0,1,0,1,0,0,0,1,1,0,0,1,1,0,1,1,0,0,1,1,0,0,0,0,1,1,0.03125,-19.34921438443967,1
0,1,1,0,1,1,1,0,0,1,0,1,0,0,1,0,0,1,1,1,1,0,0,0,0,1,1,0,1,1,1,0,0.0,-19.349193489824238,1
0,0,1,0,1,0,1,0,0,1,0,0,1,0,1,1,0,0,1,1,1,1,0,0,1,1,0,0,0,0,1,1,0.0,-19.349164021268564,1
1,0,1,0,1,1,0,1,1,1,1,1,0,1,0,0,0,0,1,1,0,1,0,1,0,1,1,0,0,0,0,1,0.0,-19.348923940278535,1
0,1,0,1,0,1,1,0,1,1,0,0,0,1,1,1,1,1,0,0,1,0,1,1,0,0,0,0,0,1,0,0,0.03125,-19.348555415820083,1
0,1,0,0,1,0,0,1,1,0,1,1,1,0,0,0,1,1,0,0,0,1,1,0,1,1,1,1,0,0,0,0,0.0,-19.348489561302618,1
0,0,1,0,1,1,1,0,1,1,0,1,0,1,0,0,1,1,0,0,1,1,0,0,1,0,0,0,0,0,1,1,0.0,-19.34845436680655,1
0,1,1,1,1,1,1,0,0,1,1,0,1,0,0,1,0,1,0,0,1,1,1,1,1,1,0,0,0,0,0,0,0.0,-19.348427926677672,1
0,0,0,0,1,0,1,0,1,0,1,1,0,1,1,0,1,1,1,0,0,1,1,0,1,0,1,0,0,0,0,1,0.0,-19.348280961772005,1
0,1,0,1,1,1,0,1,1,0,1,0,0,1,0,0,0,1,1,0,0,1,1,1,1,1,0,0,0,0,0,0,0.0,-19.34813192622576,1
0,0,0,1,1,0,1,1,0,1,1,1,0,1,0,0,1,1,1,0,1,1,1,1,0,1,0,1,0,0,0,0,0.0,-19.348101287208717,1
0,0,1,1,1,0,0,1,1,1,0,1,0,0,0,0,1,1,1,1,1,1,1,0,0,0,1,1,0,0,0,1,0.0,-19.347883367699133,1
1,0,0,1,1,0,0,1,1,1,0,0,0,1,1,0,1,1,1,0,1,1,1,0,1,1,0,0,0,0,1,0,0.0,-19.347455560668607,1
0,0,0,1,1,1,0,1,1,1,0,0,0,0,1,1,0,0,1,0,1,1,0,0,0,1,1,1,0,0,0,1,0.0,-19.347095594320237,1
0,0,1,1,1,0,1,0,0,1,1,0,0,1,0,0,1,0,1,1,0,1,1,0,1,1,0,1,0,0,1,1,0.0,-19.346995301089862,1
0,0,1,1,1,1,1,1,0,1,0,0,0,1,1,0,0,0,1,1,0,1,0,1,0,0,1,1,0,1,0,1,0.0,-19.346924343724982,1
1,1,0,1,1,0,1,0,0,1,1,0,0,1,1,1,0,1,0,0,1,0,1,0,1,1,0,0,0,0,0,0,0.0,-19.34692301546997,1
0,0,0,1,1,1,0,0,1,1,0,1,1,1,1,0,1,0,1,1,0,0,1,0,0,1,0,0,0,0,0,1,0.0,-19.34689819570633,1
1,0,0,1,0,0,1,1,1,1,1,0,1,1,1,0,0,1,0,1,1,1,1,0,1,0,0,0,0,0,0,1,0.0,-19.346896980801706,1
0,0,1,1,1,1,1,0,0,1,0,0,0,0,1,1,1,1,1,1,1,1,0,0,0,0,1,0,0,0,1,1,0.0,-19.3468617160484,1
0,0,1,1,1,0,1,1,1,0,1,0,0,0,1,1,1,1,0,1,0,1,0,0,0,0,1,1,0,0,1,1,0.0,-19.346839298664047,1
0,0,0,1,1,0,0,1,1,1,1,0,0,1,1,0,0,1,1,0,0,1,1,0,1,0,1,0,0,0,0,1,0.0,-19.346724623963215,1
0,1,0,1,0,1,1,1,0,0,0,1,0,0,0,0,1,1,1,1,0,1,0,0,0,1,1,1,0,0,0,1,0.0,-19.3464539853611,1
1,0,0,1,0,1,1,0,0,1,1,0,0,1,0,1,1,1,0,1,1,1,0,0,1,1,0,1,0,0,1,0,0.0,-19.34619930699384,1
0,0,0,0,1,1,1,0,1,1,0,0,0,0,0,0,1,1,1,0,1,1,1,1,1,1,1,0,0,1,1,0,0.0,-19.346150426380994,1
1,1,0,0,1,0,0,0,1,1,1,0,0,1,1,0,0,1,1,0,1,1,0,0,0,1,0,0,0,1,0,1,0.0,-19.346108254921237,1
0,1,0,1,1,1,0,0,0,1,1,0,0,0,1,0,1,0,1,1,0,1,0,1,1,0,0,0,0,0,1,1,0.0,-19.346032079723386,1
0,0,0,1,1,0,1,0,0,1,0,0,1,0,1,0,0,1,1,1,1,0,1,1,1,1,0,0,1,0,0,0,0.0,-19.345959849934765,1
1,1,1,0,0,1,1,1,1,1,1,0,0,0,0,0,1,1,0,0,0,0,1,1,1,1,0,0,0,1,0,1,0.0,-19.345693943182606,1
0,0,0,0,1,0,1,1,0,1,0,0,1,1,1,1,0,1,1,0,1,1,0,0,0,1,1,1,0,0,0,0,0.0,-19.3456862953176,1
1,0,0,0,1,1,1,0,0,1,1,0,0,1,1,1,1,1,0,0,1,0,0,1,0,1,1,1,0,1,0,0,0.0,-19.345619011771905,1
0,0,0,1,1,0,0,1,0,1,1,0,1,0,1,1,1,1,0,1,0,1,0,0,1,0,0,1,1,0,0,0,0.0,-19.34531633157115,1
0,0,1,0,1,0,0,0,0,1,0,1,1,1,1,0,1,1,1,0,0,1,1,1,1,0,0,1,0,0,0,0,0.0,-19.345303138362866,1
0,1,0,1,1,0,0,1,1,0,0,1,0,1,1,0,1,1,1,1,0,1,1,0,0,1,1,0,0,0,1,0,0.0,-19.345051945205086,1
0,1,0,1,0,1,0,1,1,0,1,0,0,0,1,0,1,1,1,0,0,0,0,1,1,1,1,0,0,0,0,1,0.0,-19.34484238433464,1
0,0,0,1,1,1,1,1,0,1,0,0,0,1,1,0,1,1,1,0,1,1,1,1,0,0,0,0,0,0,0,0,0.0,-19.3446307371931,1
0,0,1,0,1,1,0,1,0,1,1,0,1,0,0,0,0,1,0,0,1,1,1,1,1,1,0,1,0,0,0,0,0.0,-19.34453822902072,1
1,1,1,1,0,1,0,0,0,1,1,0,0,0,1,1,1,1,1,0,1,1,0,0,0,1,1,1,0,0,0,0,0.0,-19.344414697245824,1
1,0,0,1,1,1,0,0,0,1,1,1,0,0,0,0,0,1,0,1,0,1,1,1,1,1,0,0,0,0,0,1,0.0,-19.344381885160974,1
0,0,1,0,0,0,1,0,0,1,1,1,0,1,0,0,1,1,1,1,1,1,0,1,1,0,0,0,0,0,0,1,0.0,-19.344208615952162,1
0,1,1,0,0,0,0,1,0,1,1,1,0,1,0,1,0,0,0,1,1,1,0,1,1,1,0,1,0,0,0,0,0.0,-19.34412979192789,1
0,1,1,1,1,1,0,1,0,1,1,0,1,1,1,0,1,1,1,0,1,0,0,0,0,1,0,1,0,0,0,0,0.0,-19.343956425455936,1
0,0,0,0,1,0,1,1,0,1,1,0,0,0,1,1,0,1,0,0,1,1,1,1,0,1,1,0,0,0,0,1,0.0,-19.343628108978194,1
1,0,0,0,1,0,0,0,1,1,0,1,0,0,1,0,1,1,1,1,0,0,1,0,1,1,0,0,0,0,1,1,0.0,-19.343116696225454,1
0,1,0,1,0,1,0,1,1,0,1,0,0,1,1,0,0,1,0,0,0,1,0,0,1,1,0,1,0,1,0,1,0.0,-19.343105501893813,1
0,0,1,1,1,1,0,0,0,1,1,1,0,0,1,0,0,1,1,1,0,1,1,0,1,0,1,1,1,0,0,0,0.0,-19.342606413552513,1
0,1,0,0,0,1,1,0,1,0,1,0,0,1,1,0,0,0,0,1,1,1,1,1,1,1,1,0,1,0,0,1,0.0,-19.342532944530962,1
0,0,0,0,1,1,1,1,0,1,1,0,0,1,1,1,1,0,0,0,0,1,1,1,1,1,0,1,0,0,1,0,0.0,-19.34242562443573,1
1,0,0,0,1,1,0,0,1,1,0,0,0,0,1,0,0,0,1,1,1,1,1,1,1,0,0,1,0,0,0,1,0.0,-19.34239629278402,1
0,0,0,1,0,1,1,0,0,1,0,0,0,1,1,1,1,0,1,1,0,1,1,0,1,1,0,0,0,0,1,0,0.0,-19.34233750750944,1
1,1,0,1,1,0,0,1,1,1,0,0,1,0,1,0,1,0,0,1,1,1,1,0,1,1,0,0,0,0,0,1,0.0,-19.34222194780412,1
0,0,1,0,1,0,1,0,0,1,1,1,0,0,0,0,1,1,1,1,1,1,1,1,0,1,0,1,0,0,1,0,0.0,-19.341347045924746,1
0,1,0,0,1,1,1,1,0,1,1,0,0,1,1,0,1,0,0,1,0,1,1,0,0,0,1,0,0,0,1,0,0.0,-19.34122286976259,1
0,0,1,1,1,0,1,0,1,1,0,1,0,0,1,0,0,1,1,0,1,1,1,1,0,1,0,1,0,0,1,0,0.0,-19.340566393226855,1
0,0,1,1,1,1,1,0,0,1,1,0,0,0,1,1,0,1,1,1,0,1,0,0,1,0,0,0,0,0,1,0,0.0,-19.339978674385286,1
0,0,0,1,1,0,0,0,0,1,1,1,0,0,1,0,1,1,0,1,1,1,1,1,1,0,0,0,0,0,0,1,0.0,-19.339340758976533,1
0,1,1,1,0,1,0,0,1,1,0,0,0,0,1,1,1,0,0,0,1,1,0,0,1,1,1,0,0,0,0,1,0.0,-19.33802542870297,1
1,0,0,0,1,0,0,1,0,1,1,0,0,0,1,0,0,1,1,1,1,1,0,1,0,1,0,1,0,0,0,1,0.0,-19.33763596438845,1
0,1,0,0,0,1,0,1,1,1,1,0,1,0,1,0,1,1,1,1,1,0,0,1,1,0,0,0,0,0,0,0,0.0,-19.336546935668785,1
1,0,1,1,0,1,0,0,0,1,0,0,0,1,1,0,1,1,1,1,1,1,1,0,0,1,1,1,0,0,0,0,0.0,-19.336489224759692,1
0,1,1,0,0,1,1,0,1,1,0,0,0,1,0,0,1,0,0,1,1,1,1,0,0,1,0,1,0,0,1,0,0.0,-19.33566323175487,1
0,1,1,1,1,1,1,0,1,0,1,0,0,0,1,0,0,1,1,0,0,1,0,0,1,1,0,0,0,0,0,1,0.0,-19.335545402787034,1
0,1,0,0,1,0,0,0,0,1,1,1,0,1,1,1,1,0,0,1,0,1,0,0,1,1,1,1,0,0,0,0,0.0,-19.329243938533455,1
0,0,0,0,1,1,1,0,0,1,0,1,0,0,1,0,1,1,1,1,1,1,1,1,0,1,0,0,0,0,0,0,0.0,-19.32721377323454,1
1,0,1,1,1,0,0,1,0,0,0,1,1,1,0,1,0,0,0,0,1,1,1,0,0,1,0,1,1,1,1,1,0.0,-19.174346872760893,1
1,0,0,1,1,0,0,0,1,0,0,0,1,1,0,0,0,0,1,0,1,0,1,1,0,0,1,0,1,0,1,1,0.0,-19.173231978745648,1
1,1,0,0,1,0,1,0,1,0,1,1,1,1,0,1,0,0,1,0,0,0,1,1,0,0,1,1,1,1,1,0,0.0,-19.171450965222,1
1,1,0,1,1,0,0,1,0,1,0,1,1,1,0,1,1,0,1,0,1,0,1,0,0,0,1,1,0,0,1,1,0.0,-19.167914689791235,1
1,1,1,1,1,0,1,0,0,0,1,0,1,0,0,1,0,1,1,0,1,1,1,0,0,0,0,1,1,1,1,0,0.0,-19.16624846825753,1
0,0,1,1,1,0,0,1,0,0,0,0,1,1,0,1,1,1,1,0,0,0,0,0,0,0,1,0,1,0,1,1,0.0,-19.16603435030195,1
1,0,1,1,1,1,0,0,1,0,1,1,0,1,0,1,0,0,1,0,1,1,0,1,0,0,0,1,1,1,1,0,0.0,-19.165962175352195,1
0,1,0,1,0,0,0,1,0,0,1,1,0,1,0,0,1,0,1,0,1,0,1,1,0,0,0,0,1,0,1,1,0.0,-19.165187344461273,1
1,1,0,1,0,0,0,1,0,0,1,1,0,1,0,1,1,0,1,0,0,1,0,1,0,0,0,0,0,1,1,0,0.0,-19.163814489180695,1
0,1,1,1,0,1,0,1,0,0,0,0,1,1,0,0,0,0,1,0,1,0,0,0,1,0,1,0,0,1,1,1,0.0,-19.16304570496009,1
1,1,1,0,0,1,0,0,0,0,1,0,1,1,0,1,0,1,1,0,0,0,1,0,0,0,0,1,1,0,1,0,0.0,-19.16294559709261,1
1,1,0,1,1,1,0,1,0,0,1,1,0,1,1,1,0,0,0,0,0,0,0,1,1,0,0,1,1,1,1,1,0.0,-19.16281562004159,1
1,1,1,1,0,0,0,1,0,0,0,1,1,0,0,1,1,0,0,0,1,1,1,1,1,1,1,0,1,0,1,0,0.0,-19.16276740171193,1
1,0,0,1,1,1,0,1,0,0,0,0,1,0,0,1,0,1,1,0,0,1,1,1,0,0,0,0,0,0,1,1,0.0,-19.162715901721775,1
1,0,0,1,0,0,1,1,0,0,1,0,0,1,0,1,0,0,0,0,0,1,0,0,1,0,1,1,1,0,1,1,0.0,-19.16174730743247,1
1,0,1,1,1,1,0,1,0,0,1,1,1,0,0,1,0,0,0,0,0,1,1,1,1,0,1,1,0,1,0,1,0.0,-19.161213823146554,1
0,1,0,1,1,1,1,0,0,0,0,1,1,0,0,1,1,0,1,0,0,0,1,1,0,0,0,0,0,0,1,1,0.0,-19.160782671961464,1
0,1,0,1,1,0,0,1,0,0,1,1,0,1,0,1,0,0,1,0,1,0,1,1,1,1,1,0,0,1,1,1,0.0,-19.160550236679043,1
1,0,1,1,0,0,0,0,0,0,1,0,1,1,0,1,1,1,1,0,1,1,0,1,0,1,0,1,1,0,1,1,0.0,-19.16051245366376,1
0,0,0,1,0,1,0,1,0,0,0,1,0,0,0,1,0,0,1,0,1,1,0,1,1,0,0,1,0,1,1,1,0.0,-19.16026287400348,1
0,0,1,1,1,1,0,1,0,0,1,1,1,1,0,0,1,0,1,0,0,1,1,1,1,0,0,0,1,1,0,1,0.0,-19.16025331701466,1
0,0,0,1,0,0,1,1,0,0,1,0,1,1,0,1,1,0,0,0,1,1,1,1,0,1,1,1,1,0,1,1,0.0,-19.15978804819799,1
0,1,0,1,1,0,0,0,0,0,0,1,1,0,0,1,1,0,1,0,0,0,1,0,1,1,1,0,1,0,1,0,0.0,-19.15942191829859,1
0,1,1,0,0,0,1,0,1,0,1,1,0,0,0,1,0,0,1,0,0,1,0,0,0,0,1,0,1,1,1,1,0.0,-19.158785152478046,1
0,0,0,1,0,0,0,1,0,0,1,0,1,1,0,0,0,0,1,0,1,1,1,0,0,1,0,1,0,1,1,1,0.0,-19.158642671824047,1
0,1,0,1,1,1,0,1,0,0,0,0,1,0,0,1,1,0,1,0,1,1,0,0,1,0,0,0,1,0,1,0,0.0,-19.158399340225323,1
1,1,0,1,1,0,0,1,0,1,1,1,0,0,0,1,0,0,1,0,0,0,0,0,0,0,1,1,1,0,0,1,0.0,-19.15835632742933,1
0,0,0,1,1,0,0,0,0,0,0,1,0,0,0,1,1,1,1,0,0,0,1,0,1,0,1,1,1,0,1,1,0.0,-19.158209054567937,1
1,1,0,1,0,0,0,1,0,0,0,0,1,0,1,1,0,0,0,0,1,1,0,1,1,0,1,0,0,1,1,0,0.0,-19.158050966232317,1
0,1,0,1,0,0,0,0,0,0,1,1,0,0,0,0,1,0,1,0,0,1,1,1,1,0,1,0,1,1,1,0,0.0,-19.15802762986838,1
1,0,0,1,0,1,0,1,0,0,0,0,0,1,0,1,0,1,0,0,1,0,1,1,1,0,1,0,1,1,0,0,0.0,-19.15801681160796,1
0,1,0,1,1,1,0,1,0,0,0,1,1,1,0,1,0,0,1,1,1,0,1,1,1,0,0,1,0,0,1,1,0.0,-19.157880273022187,1
0,1,1,1,1,1,0,1,0,0,1,0,1,0,0,1,1,0,1,0,0,0,0,0,0,0,0,1,1,0,0,1,0.0,-19.157669745482714,1
1,0,1,1,0,0,0,1,0,0,1,0,1,1,0,1,1,1,1,0,0,1,0,1,1,0,1,1,1,0,0,1,0.0,-19.157557358394406,1
1,0,0,0,1,1,0,0,0,1,1,1,1,0,0,0,0,0,1,0,1,1,0,0,0,0,0,1,0,1,1,1,0.0,-19.157537343063993,1
1,0,1,0,1,1,1,1,0,0,1,1,1,0,0,0,0,0,1,0,1,0,0,0,1,0,1,0,0,0,1,0,0.0,-19.15743583421206,1
1,1,1,1,1,0,0,1,0,0,1,0,1,1,1,1,1,0,1,0,1,0,0,0,1,0,0,1,1,0,0,1,0.0,-19.157299151007457,1
1,0,0,0,0,1,1,1,0,0,0,0,1,1,0,0,0,0,1,0,0,1,0,1,1,0,0,1,1,1,0,1,0.0,-19.157012262443303,1
1,1,0,0,0,0,0,1,0,0,1,1,0,0,0,0,1,0,1,0,1,1,1,0,0,1,0,0,1,0,1,1,0.0,-19.156958118441644,1
0,0,0,1,0,1,0,1,0,0,1,0,0,0,0,0,1,0,1,0,1,1,1,1,1,0,0,0,1,0,1,1,0.0,-19.156863075127724,1
0,0,0,1,1,0,0,0,0,0,1,1,1,0,0,1,1,0,1,1,0,1,1,0,0,0,1,0,0,0,1,1,0.0,-19.15678344385549,1
1,0,0,1,1,0,1,0,0,0,0,1,0,0,1,0,0,1,1,0,0,0,1,0,1,0,0,0,1,1,1,1,0.0,-19.15670056673146,1
0,0,0,1,1,0,1,0,0,0,1,0,1,1,0,0,1,0,1,0,0,1,0,1,1,0,0,0,1,0,1,1,0.0,-19.15633894256935,1
1,0,0,1,1,1,0,1,0,1,0,1,1,0,0,1,0,0,1,0,0,1,0,0,1,0,0,0,0,1,0,1,0.0,-19.156158206418496,1
0,1,0,1,0,0,0,0,0,0,1,1,1,1,1,1,0,0,0,0,0,1,1,0,1,0,0,0,1,1,0,1,0.0,-19.156086479883164,1
1,0,0,1,1,1,0,1,0,0,0,1,0,1,1,1,1,0,0,0,0,1,1,1,1,0,0,1,1,0,1,1,0.0,-19.15589488235401,1
0,1,1,0,1,1,1,0,0,0,0,0,1,1,0,1,0,0,1,0,1,1,1,1,1,0,0,1,0,1,1,1,0.0,-19.15583591695256,1
1,1,0,0,1,1,0,1,1,0,1,0,1,1,0,1,0,1,1,0,1,1,1,0,0,0,0,1,0,0,1,1,0.0,-19.155712781530756,1
1,1,1,1,1,0,1,1,0,0,0,0,0,0,0,0,1,0,1,0,0,1,1,1,1,0,1,1,1,0,1,1,0.0,-19.155608650084286,1
1,0,0,1,0,1,0,1,0,1,0,1,1,0,0,0,0,1,1,0,1,1,0,0,0,0,1,0,0,0,1,1,0.0,-19.15520201030147,1
1,1,0,1,1,0,0,0,0,0,0,0,1,1,0,1,0,1,1,0,1,1,0,0,0,1,0,0,0,0,1,1,0.03125,-19.155149316941014,1
1,1,0,1,1,0,0,1,0,0,1,0,0,1,0,1,1,0,1,0,1,1,1,1,0,1,0,1,0,0,1,1,0.0,-19.155028973333554,1
0,0,0,1,1,0,0,1,0,0,1,1,1,1,0,0,1,1,1,0,1,1,1,0,1,0,1,1,0,1,1,0,0.0,-19.15493524774137,1
1,0,1,1,0,1,0,1,0,1,1,1,1,1,0,0,0,0,0,0,1,1,1,1,0,1,0,0,0,1,1,1,0.0,-19.1548832400853,1
0,1,1,1,1,0,1,1,1,0,1,1,1,1,0,1,0,0,0,0,1,1,1,0,0,0,0,1,1,0,0,1,0.0,-19.15473312247025,1
1,1,0,0,1,1,0,1,0,1,1,0,1,0,0,1,0,0,1,0,0,1,1,1,1,0,1,1,0,1,1,0,0.0,-19.154657088809767,1
1,0,0,1,1,0,0,0,0,1,1,0,0,1,0,1,0,0,0,0,0,0,1,1,0,1,0,1,1,0,1,1,0.0,-19.154541431777076,1
0,0,0,1,1,1,1,0,0,0,0,1,0,1,0,0,1,0,1,0,1,0,0,0,1,0,0,1,1,0,1,1,0.0,-19.154530109085655,1
1,0,0,1,1,1,0,1,0,0,1,1,0,1,0,0,1,1,1,0,1,1,0,1,1,0,0,0,1,1,0,1,0.0,-19.154528172562735,1
1,1,0,1,1,1,0,0,0,0,0,1,0,1,0,1,0,0,0,0,1,1,0,0,1,0,0,1,0,0,1,1,0.0,-19.154454452277424,1
1,1,0,1,0,0,0,0,0,1,1,1,1,0,0,1,0,1,1,0,0,1,0,0,0,0,0,1,0,0,1,1,0.0,-19.154390545380462,1
0,1,1,0,1,0,0,1,0,0,0,1,1,1,1,1,0,0,1,0,0,1,1,0,0,1,1,1,1,0,1,1,0.0,-19.15431156696021,1
1,1,0,1,1,1,0,1,1,0,1,1,1,0,0,0,0,0,1,0,1,1,1,0,0,1,0,1,1,0,0,1,0.0,-19.154191535121004,1
1,1,0,0,0,1,1,0,0,0,1,1,1,0,0,1,0,1,1,1,0,0,1,1,1,0,1,0,0,1,1,1,0.0,-19.154040118675862,1
0,0,0,1,1,1,1,1,0,0,1,1,1,0,0,1,0,1,1,0,0,1,1,0,1,0,1,1,0,0,1,1,0.0,-19.154030439968203,1
1,0,0,0,1,0,0,1,1,0,1,0,0,1,0,1,1,1,0,0,1,1,0,1,1,0,0,1,1,1,1,1,0.0,-19.15382811167635,1
1,0,0,1,0,1,1,1,1,0,0,0,0,1,0,1,0,0,1,1,0,0,1,1,1,1,0,0,1,1,1,1,0.0,-19.153794981140717,1
1,0,0,1,1,1,1,1,1,0,0,0,1,0,0,0,0,0,1,0,1,1,0,1,0,0,0,0,0,1,0,1,0.0,-19.153785771565747,1
1,1,0,0,1,1,0,1,0,0,1,0,1,1,0,0,0,1,1,0,0,0,1,0,1,0,0,0,1,0,0,1,0.0,-19.15345892315731,1
1,1,1,0,0,1,0,1,1,0,0,0,0,0,0,0,1,0,1,0,0,1,0,1,0,0,1,0,1,0,1,1,0.0,-19.153369334052393,1
0,1,0,1,0,0,1,1,1,0,1,0,1,1,0,1,0,0,1,0,0,0,1,0,1,0,1,0,0,1,0,0,0.0,-19.153172022379934,1
0,0,1,1,1,0,1,0,0,0,1,0,1,1,0,0,0,0,1,0,0,1,1,1,0,0,0,1,1,0,0,1,0.0,-19.153125129792436,1
1,1,0,1,1,1,1,1,0,0,1,1,0,1,0,0,0,0,1,1,0,1,0,0,1,0,1,0,1,1,1,0,0.0,-19.15311532493625,1
0,1,0,0,0,0,0,1,0,1,0,0,1,1,0,1,0,0,1,0,0,1,0,0,1,0,1,1,1,1,0,1,0.0,-19.152751122211704,1
1,1,0,1,1,1,1,0,0,0,0,0,0,0,0,1,0,0,1,1,0,1,0,0,0,0,1,0,0,1,1,1,0.0,-19.15273237847979,1
0,1,1,1,1,0,0,1,0,0,0,1,0,0,0,1,1,1,1,0,1,0,1,1,1,0,1,1,0,0,1,1,0.0,-19.152722876749188,1
0,1,0,0,0,1,0,1,1,0,1,1,1,0,1,1,1,0,1,0,1,0,1,0,0,1,1,0,1,1,0,1,0.0,-19.152671898040406,1
1,0,0,1,1,1,1,1,1,1,1,0,1,0,0,0,1,0,1,0,0,1,1,0,0,0,0,1,1,0,1,1,0.0,-19.15262052461497,1
0,0,1,1,1,0,0,0,0,1,1,1,1,0,0,1,0,0,0,0,1,1,0,0,1,0,1,0,0,1,1,0,0.0,-19.15253642580439,1
1,0,0,1,0,1,0,0,0,1,0,0,1,0,0,0,0,0,0,0,0,1,0,0,1,1,1,1,1,1,1,1,0.0,-19.15231870436688,1
1,1,0,0,0,1,1,1,0,0,0,1,1,0,0,0,1,1,1,0,1,1,0,0,0,0,0,0,0,0,1,1,0.0,-19.15224560476068,1
0,0,0,1,0,1,0,1,0,0,1,0,0,1,0,0,1,0,1,0,0,0,1,1,0,1,1,0,0,1,1,1,0.0,-19.152138535088703,1
0,1,0,1,0,1,0,1,0,0,1,1,0,0,0,0,1,0,1,0,1,1,1,1,1,1,1,0,1,0,1,1,0.0,-19.15212928196298,1
0,1,0,1,0,1,1,0,0,0,1,0,1,1,0,1,0,0,0,0,1,1,0,1,0,1,0,0,1,0,1,0,0.0,-19.152094290280374,1
0,0,1,1,1,1,0,1,1,1,1,1,1,0,0,1,1,0,1,0,1,1,1,0,0,0,0,0,0,0,1,1,0.0,-19.15197941272893,1
1,0,1,1,1,0,0,1,0,1,0,1,0,0,0,1,1,0,1,0,0,1,1,1,0,1,1,1,1,0,1,0,0.0,-19.15194146410731,1
0,1,0,1,1,0,0,1,0,0,1,1,1,1,0,1,1,0,1,1,1,0,1,0,1,1,0,0,1,0,0,1,0.03125,-19.151786342799006,1
1,0,0,0,1,1,0,0,1,0,0,1,1,1,1,0,0,0,1,0,1,1,0,0,1,0,0,0,1,0,1,0,0.0,-19.15144205392345,1
1,0,1,1,1,0,1,0,0,1,1,0,1,1,0,0,1,0,0,0,0,1,1,1,1,0,1,0,0,1,1,1,0.0,-19.15138554490843,1
1,0,1,1,0,0,0,0,1,0,0,1,0,1,0,0,1,0,0,0,0,0,0,1,1,1,1,0,1,0,1,1,0.0,-19.151364060130277,1
0,0,0,0,1,1,0,1,0,1,0,0,1,0,0,1,0,1,1,0,1,0,0,0,0,1,1,0,1,0,1,1,0.0,-19.151316861431056,1
0,0,0,1,1,1,1,1,0,0,1,0,0,1,0,1,1,0,0,0,1,0,0,1,1,0,0,0,0,1,1,0,0.0,-19.151137561944104,1
1,1,0,1,1,0,0,0,0,1,1,1,0,1,0,0,1,1,1,0,1,0,1,1,1,0,1,0,1,0,1,0,0.0,-19.15113273544912,1
0,1,0,1,1,0,0,0,0,0,1,0,0,0,0,1,1,0,1,0,1,1,0,1,1,0,1,0,0,0,1,1,0.0,-19.151132534991905,1
0,0,0,1,1,1,0,1,0,1,1,0,0,1,0,0,1,0,1,1,1,0,1,1,0,0,0,1,1,1,1,1,0.0,-19.15103519404895,1
1,1,0,1,0,0,0,0,0,0,0,0,1,1,0,1,1,0,0,1,0,1,1,0,1,0,0,1,1,0,0,1,0.0,-19.150881917784936,1
0,1,0,0,1,1,1,1,0,0,0,0,0,0,0,1,0,0,1,0,1,1,0,1,1,0,0,0,0,1,1,1,0.0,-19.150678711550455,1
1,1,1,0,0,1,1,1,1,0,1,0,0,0,0,1,1,0,0,0,1,1,1,0,1,0,0,1,1,0,1,1,0.0,-19.150618412378616,1
1,0,1,1,0,0,1,1,0,0,0,1,0,0,0,1,1,1,1,0,0,0,0,0,1,0,0,1,0,1,0,1,0.0,-19.15058311843425,1
1,0,0,1,1,1,1,0,0,0,0,0,1,0,0,0,1,1,1,0,1,0,1,1,0,0,1,0,0,0,0,1,0.0,-19.15049156428927,1
0,1,0,0,1,1,0,1,0,0,1,1,1,0,0,1,1,1,0,0,0,1,1,1,1,0,0,1,0,1,1,1,0.0,-19.150408083098778,1
1,0,1,1,1,0,1,1,0,0,1,0,0,1,0,1,0,0,0,1,1,1,0,1,1,0,0,1,0,1,1,1,0.0,-19.15039197341331,1
0,1,1,0,1,1,1,0,0,0,1,1,1,1,0,1,0,1,1,0,1,1,1,0,1,0,0,0,0,0,1,1,0.0,-19.150349302921768,1
1,1,0,1,1,1,1,1,1,0,0,0,1,1,0,1,0,0,0,0,1,1,0,0,0,0,0,0,0,0,0,1,0.03125,-19.15001841930426,1
0,1,1,0,1,0,1,1,0,0,0,0,1,0,1,0,0,0,0,0,1,0,0,0,1,0,0,1,1,1,1,1,0.0,-19.14986162480173,1
1,0,0,1,0,0,0,0,1,0,1,1,1,1,1,0,1,0,1,1,1,0,1,0,0,1,1,0,0,1,1,1,0.0,-19.149765847742188,1
0,1,0,1,1,1,1,0,0,0,1,0,1,0,0,0,0,1,0,1,1,1,1,1,0,0,1,0,1,1,1,1,0.0,-19.149720360892687,1
1,0,0,0,0,1,0,0,0,1,0,1,0,1,0,0,1,1,0,0,1,0,0,0,1,0,0,1,1,1,1,1,0.0,-19.149400925675792,1
1,1,0,1,1,0,1,1,0,0,0,1,0,0,0,1,0,1,0,0,1,0,1,0,1,0,1,0,0,0,0,1,0.0,-19.149318862520424,1
1,1,1,1,1,1,1,1,0,0,0,1,0,0,0,1,1,0,1,0,0,1,1,0,0,1,0,1,0,0,1,1,0.0,-19.149310208869192,1
0,0,0,1,1,0,0,1,1,0,1,1,0,0,0,1,0,0,1,1,1,0,0,1,1,0,0,0,0,0,1,1,0.0,-19.149168694236657,1
1,0,0,0,1,0,1,1,0,0,0,0,1,0,0,0,1,0,1,0,1,1,1,1,0,1,1,0,1,0,0,0,0.0,-19.149058817047035,1
0,1,1,0,0,1,0,1,0,1,0,1,1,0,0,0,0,0,1,0,1,0,0,0,1,0,1,1,0,0,1,1,0.0,-19.149004756300393,1
1,0,1,1,1,1,1,0,0,1,1,0,0,1,0,1,0,0,1,1,1,1,1,0,0,0,0,0,1,1,0,1,0.0,-19.148995956838995,1
0,1,0,1,1,1,0,0,0,0,0,0,1,0,1,0,0,0,1,0,0,1,1,1,1,0,0,0,0,1,1,1,0.0,-19.148899897869157,1
0,1,0,1,1,1,0,0,0,0,1,0,0,1,0,1,0,1,0,0,1,1,1,0,0,0,1,0,0,0,1,1,0.0,-19.148836680506296,1
0,0,1,0,0,1,1,1,0,1,0,0,1,0,0,0,0,1,1,0,1,0,1,1,0,0,1,0,1,0,1,0,0.0,-19.14869336741028,1
0,1,0,1,0,1,0,1,0,0,1,0,1,1,1,1,0,0,0,0,0,0,1,1,0,1,0,0,0,0,1,1,0.0,-19.148679638341964,1
1,0,0,1,1,1,0,1,0,0,1,0,0,1,0,1,0,1,1,0,1,1,1,1,1,0,1,1,0,0,0,1,0.0,-19.14864822002299,1
1,1,0,1,0,1,0,1,0,1,1,1,1,0,1,0,1,1,1,0,0,1,0,1,0,0,0,0,1,0,1,1,0.0,-19.148392158177188,1
0,0,0,0,1,0,1,1,1,1,0,0,1,0,0,1,0,0,1,0,1,1,1,1,0,0,0,0,0,0,1,1,0.03125,-19.148316612446393,1
0,0,0,1,0,1,0,1,0,1,1,0,1,0,0,1,0,0,1,1,0,1,0,1,0,0,1,0,0,0,1,1,0.0,-19.14829246133756,1
0,0,0,0,1,1,0,0,1,1,0,1,1,1,1,1,0,0,1,0,1,1,0,1,0,0,1,1,1,0,1,1,0.0,-19.148189599367296,1
0,0,1,1,1,1,1,1,0,0,0,1,1,1,0,1,1,1,1,1,1,0,0,0,1,0,0,0,1,0,0,1,0.0,-19.14818469058602,1
0,1,1,1,1,0,0,1,0,1,1,0,1,1,0,1,0,0,1,0,1,1,1,1,1,0,1,0,0,0,0,1,0.0,-19.148178761967593,1
1,0,1,1,1,1,0,0,0,0,1,1,0,0,0,0,0,0,1,0,0,1,0,1,0,1,0,1,1,1,0,0,0.0,-19.148057576996607,1
0,0,1,1,0,0,0,1,0,0,1,1,0,0,0,0,1,1,1,0,0,1,1,0,0,0,1,1,0,0,1,1,0.0,-19.147920075191703,1
1,0,1,1,1,1,0,1,0,1,1,0,0,0,0,0,1,0,1,1,1,0,1,0,1,0,1,0,0,1,1,1,0.0,-19.14789638979844,1
0,0,0,1,0,1,1,1,1,0,1,0,0,0,1,1,0,0,1,0,0,0,1,1,0,0,1,0,0,0,1,1,0.0,-19.147856578527904,1
1,1,0,0,1,1,0,0,1,0,1,1,1,1,1,0,0,0,1,0,0,1,1,0,1,1,0,0,1,1,1,0,0.0,-19.147720824549147,1
1,1,1,1,0,1,0,1,0,0,0,0,0,1,0,1,1,0,0,0,1,1,1,0,0,1,0,0,1,0,0,0,0.0,-19.147653561274005,1
1,1,1,0,0,1,0,0,0,0,0,1,1,0,0,1,0,1,1,0,0,1,0,1,0,1,1,0,0,0,1,0,0.0,-19.147633076728823,1
1,0,1,0,1,0,1,0,0,0,0,1,0,1,0,1,1,1,1,0,0,1,1,1,0,0,0,0,1,0,0,0,0.0,-19.14757112111719,1
1,0,0,1,1,0,0,0,0,0,0,0,1,0,0,1,1,1,1,1,0,0,1,0,1,1,0,0,1,1,0,0,0.0,-19.147464124968113,1
0,0,1,1,0,1,0,1,1,0,1,1,0,1,0,1,0,0,1,1,1,0,1,0,1,1,0,0,0,1,1,1,0.0,-19.147430352390213,1
1,0,1,1,1,1,1,1,0,0,0,1,0,1,1,1,0,1,1,0,1,1,1,1,0,0,0,0,0,0,1,0,0.0,-19.147339234430515,1
1,1,0,0,1,1,0,1,0,0,0,1,0,0,0,0,0,1,0,0,0,1,0,0,0,1,0,1,1,1,1,1,0.0,-19.14717964646553,1
0,0,0,0,1,0,0,1,1,0,1,1,1,0,0,1,0,1,0,0,1,0,1,1,1,0,1,0,0,1,0,0,0.0,-19.147083403152294,1
1,0,0,1,0,0,1,0,0,1,1,0,0,0,0,0,0,0,0,0,1,1,0,1,1,1,0,0,1,1,1,1,0.0,-19.147000357911004,1
1,0,1,1,1,0,0,1,0,0,1,0,1,0,0,0,1,1,0,0,1,1,0,1,1,0,0,0,0,0,1,0,0.0,-19.146929324094014,1
1,0,0,0,1,0,0,0,0,0,1,0,0,1,0,0,0,0,1,1,0,1,1,0,0,1,1,1,1,0,1,1,0.0,-19.146887005933664,1
0,0,0,1,0,1,1,0,0,0,0,0,0,0,0,1,1,0,1,1,0,1,1,0,1,0,1,0,0,1,1,1,0.0,-19.146826005220426,1
1,0,1,1,0,0,1,0,1,0,0,0,0,0,0,1,0,1,1,1,0,1,1,0,0,0,0,0,1,1,0,1,0.0,-19.146804882043817,1
1,0,0,0,1,1,1,0,0,1,1,1,1,0,0,1,1,1,0,0,1,1,0,0,0,1,1,0,1,0,1,1,0.0,-19.14673922774403,1
0,0,0,1,1,0,0,0,0,1,1,0,1,1,1,1,0,0,0,1,1,0,0,0,0,0,1,0,0,1,1,1,0.0,-19.146564255267165,1
0,0,1,0,1,1,0,0,0,1,1,1,0,1,0,1,0,1,1,0,1,1,1,1,0,0,0,1,0,1,1,1,0.0,-19.14651568868547,1
0,0,1,1,1,1,1,1,0,0,1,1,1,1,1,1,1,0,1,0,1,1,0,0,0,0,1,0,0,0,0,1,0.0,-19.146484187253222,1
0,0,0,1,1,1,0,1,0,1,0,0,1,0,0,0,1,1,1,0,0,1,0,0,0,0,1,0,0,1,1,1,0.0,-19.146463672565133,1
0,0,0,1,0,1,1,1,0,1,0,1,0,1,0,1,1,1,1,0,1,1,0,1,0,0,0,1,0,1,1,1,0.0,-19.146462371691037,1
0,0,0,0,1,1,0,1,0,1,1,1,0,0,0,1,1,0,0,0,1,0,1,1,1,0,0,0,0,0,1,1,0.0,-19.146322037474317,1
0,1,1,0,0,0,0,1,1,0,1,1,1,1,0,0,1,0,1,0,1,1,0,0,0,0,1,0,0,0,0,1,0.0,-19.146270361889115,1
1,0,1,1,1,1,0,0,0,0,0,1,0,0,0,1,1,0,0,1,1,1,0,0,1,0,0,0,0,0,1,1,0.0,-19.146199833873375,1
0,0,1,0,1,0,0,1,0,0,0,1,0,1,0,0,0,1,1,1,0,0,1,1,1,0,0,0,1,0,1,1,0.0,-19.14617715906367,1
0,0,1,1,1,0,0,0,0,0,1,0,1,1,0,0,0,0,1,0,0,1,1,0,1,1,0,1,1,0,0,1,0.0,-19.1460934541079,1
0,1,0,1,1,0,0,1,1,0,1,1,1,1,1,0,1,0,1,0,1,0,0,0,1,1,0,0,1,1,0,1,0.0,-19.145864959276608,1
0,1,1,0,1,1,0,1,0,1,1,1,0,0,0,1,0,0,1,0,0,1,0,1,1,0,1,1,0,1,1,1,0.0,-19.145859720847454,1
0,0,0,0,0,0,0,1,0,1,1,1,1,1,0,0,1,1,0,0,1,0,1,0,0,0,1,1,1,0,0,1,0.0,-19.145856650732814,1
0,0,1,1,0,1,1,0,0,0,0,0,1,1,0,0,1,1,1,0,0,1,1,0,0,0,0,1,0,0,1,1,0.0,-19.14583740769058,1
0,0,0,1,1,0,0,1,0,1,0,0,1,0,0,1,1,0,1,0,1,1,1,1,1,0,0,0,0,0,0,1,0.0,-19.145784847221233,1
0,1,0,1,0,1,0,1,1,0,0,0,1,0,0,1,1,0,1,1,1,0,0,1,0,0,1,0,0,0,0,1,0.0,-19.14577756923056,1
0,1,1,1,1,1,0,0,0,0,1,1,0,0,0,0,1,1,1,0,1,0,1,1,1,1,0,0,1,0,1,1,0.0,-19.145745250538106,1
1,1,0,1,0,0,1,1,0,1,0,0,1,1,1,1,1,1,0,0,1,1,0,0,1,0,0,0,1,0,1,1,0.0,-19.14569450597726,1
0,0,1,1,0,1,0,0,0,0,1,1,0,1,1,0,0,0,1,1,1,0,0,0,0,0,1,1,1,0,1,0,0.0,-19.14556655453829,1
1,0,0,1,0,1,1,1,0,1,0,1,0,1,0,0,0,0,0,0,0,1,0,0,0,1,0,1,1,0,1,1,0.0,-19.145565877072503,1
0,1,0,1,1,0,0,1,1,0,0,1,0,0,0,1,0,1,1,0,0,0,1,0,1,0,1,1,0,0,1,0,0.0,-19.14554647957241,1
1,0,0,0,1,1,1,1,0,0,1,1,1,1,0,1,1,1,1,0,0,1,1,1,1,0,1,0,0,0,0,0,0.0,-19.14554206004595,1
0,0,1,1,0,1,0,1,0,0,1,1,0,1,0,0,1,1,1,0,1,1,1,1,1,0,0,1,0,0,1,1,0.0,-19.145514009152926,1
1,0,0,1,1,0,0,1,0,0,1,0,0,0,1,1,1,1,1,1,0,1,1,1,1,0,0,0,1,0,1,1,0.0,-19.14547927686345,1
0,0,1,1,1,1,0,0,0,0,1,1,1,0,0,0,1,1,1,0,1,0,1,0,0,1,0,0,0,0,1,0,0.0,-19.145462181599683,1
0,1,0,1,1,0,0,1,1,1,0,0,0,0,0,0,0,1,1,0,0,0,0,0,1,0,1,0,1,1,1,1,0.0,-19.14538815553822,1
1,1,0,0,0,0,0,1,1,0,1,0,0,1,0,1,0,1,1,0,0,0,1,1,1,0,1,0,0,1,0,0,0.0,-19.145383926301797,1
0,1,0,1,1,1,0,0,0,0,0,1,1,1,1,0,0,1,1,0,1,1,0,1,1,0,0,1,0,1,1,1,0.0,-19.145214861643932,1
1,0,1,0,1,1,0,0,0,0,1,1,1,1,1,0,1,1,1,0,0,1,1,1,0,0,0,1,0,0,1,1,0.0,-19.14512001835938,1
0,1,1,0,0,1,0,1,1,0,1,1,0,0,0,1,1,0,1,1,0,0,1,0,0,0,0,0,1,1,0,0,0.0,-19.145049998300095,1
0,0,0,1,1,0,0,1,1,0,1,1,1,1,0,0,1,1,1,0,1,0,1,1,1,0,1,1,0,0,0,1,0.0,-19.145046881875793,1
0,0,1,0,0,1,0,0,1,0,1,0,1,1,1,0,0,0,1,0,0,0,1,0,0,1,1,0,0,1,1,1,0.0,-19.145044418611732,1
0,0,1,1,1,0,0,1,0,1,1,0,0,1,0,0,0,0,1,0,1,1,1,1,0,0,1,0,0,0,1,0,0.0,-19.145021095645625,1
1,1,0,1,1,0,1,0,0,0,1,0,0,1,0,1,1,1,1,0,1,0,0,0,1,0,0,0,0,0,0,1,0.0,-19.144902246891206,1
1,0,1,0,0,1,0,0,0,1,1,0,1,0,0,0,1,1,1,0,1,1,0,0,0,0,1,0,1,0,0,1,0.0,-19.144805672647998,1
1,0,0,0,0,1,0,1,0,0,1,0,1,0,1,1,1,1,0,0,1,1,0,1,1,1,0,1,1,1,1,0,0.0,-19.144789765629934,1
0,1,1,0,0,1,0,1,0,1,1,0,1,0,0,0,0,0,1,0,1,0,0,0,1,1,1,0,1,0,1,0,0.0,-19.144776334397385,1
1,0,0,1,1,1,0,0,0,0,0,1,0,0,1,1,0,1,1,0,0,1,1,0,1,0,1,0,1,0,0,0,0.0,-19.144752370931926,1
0,1,0,0,0,0,1,1,0,0,1,1,0,1,0,0,0,0,1,0,1,1,0,0,1,1,0,0,0,1,1,1,0.0,-19.144674112538645,1
1,1,1,1,1,1,1,1,1,0,0,1,1,0,0,0,1,1,1,0,0,0,0,0,1,1,0,0,1,0,1,0,0.0,-19.14458223879645,1
0,0,1,1,1,0,1,0,0,0,1,0,1,0,1,1,0,1,0,0,0,1,0,1,0,1,1,1,1,1,1,1,0.0,-19.14457057563567,1
0,0,1,0,0,1,1,0,0,0,1,1,1,0,0,0,1,1,1,0,1,1,1,1,1,0,1,1,0,0,1,1,0.0,-19.144536762752654,1
1,0,0,1,1,0,0,1,0,1,1,0,1,0,1,1,1,0,0,1,1,1,1,1,0,0,1,0,0,0,1,1,0.03125,-19.144509526575586,1
0,0,1,1,1,1,0,1,0,0,0,0,1,0,0,0,0,1,1,1,0,1,1,1,0,0,0,0,0,1,1,0,0.0,-19.144414975572637,1
0,0,0,0,1,1,0,1,0,1,1,0,1,0,0,0,0,1,1,0,1,1,1,0,0,0,1,0,1,0,0,1,0.0,-19.144411334783307,1
1,1,0,0,1,0,0,0,0,1,0,1,0,1,0,1,1,0,1,0,0,1,1,0,0,1,0,0,1,0,0,1,0.0,-19.144320026729595,1
1,0,1,0,1,0,1,1,1,0,1,1,0,0,1,1,1,0,1,0,1,1,1,0,1,0,0,0,0,0,1,1,0.0,-19.144298561971727,1
0,1,0,1,1,1,0,0,1,0,1,0,1,0,0,0,1,0,1,0,0,1,0,1,1,0,0,0,0,0,1,1,0.0,-19.14428803284434,1
1,0,1,1,0,1,1,1,0,0,0,0,1,1,1,0,0,0,0,0,1,1,1,1,1,1,1,0,1,0,0,1,0.0,-19.144270160665613,1
0,0,1,1,1,0,1,0,0,0,1,1,0,1,0,0,1,0,0,0,1,1,0,0,1,0,0,1,1,0,1,0,0.0,-19.144202692529234,1
1,0,0,1,1,0,0,0,0,1,1,0,1,1,0,0,1,1,1,0,0,1,1,0,0,0,0,1,0,0,1,0,0.0,-19.14412741108947,1
0,1,1,1,1,0,0,1,0,1,1,1,1,1,0,1,1,0,1,0,0,1,1,0,1,0,0,1,0,1,0,0,0.0,-19.144101503850628,1
1,1,0,1,1,0,0,1,0,1,0,1,0,0,0,0,0,0,0,0,1,1,0,0,1,1,1,0,1,0,1,0,0.0,-19.14405351888354,1
0,0,0,1,0,1,0,1,0,0,1,1,1,1,0,0,1,1,1,0,1,1,0,0,1,1,1,1,0,0,1,1,0.0,-19.144008011784482,1
1,1,0,1,1,1,1,0,0,0,0,0,1,1,0,0,1,1,1,0,1,1,1,1,1,0,1,0,0,0,0,1,0.0,-19.14396450125446,1
1,0,0,1,1,0,1,1,1,1,1,1,0,0,1,1,0,1,1,0,1,0,0,0,0,0,0,1,0,1,1,1,0.0,-19.14396306999822,1
0,1,0,1,0,0,0,1,0,1,0,0,0,0,0,1,1,0,1,1,1,1,1,1,1,0,1,1,0,1,1,1,0.0,-19.143930668978772,1
0,0,0,1,1,1,1,1,0,1,1,0,0,0,0,1,0,0,1,0,1,1,0,0,1,0,0,0,0,1,1,0,0.0,-19.143906767967373,1
0,1,1,0,1,1,0,0,0,0,1,0,1,1,0,0,1,0,1,0,0,1,1,1,0,0,1,0,0,0,0,1,0.0,-19.143738311609223,1
1,0,0,1,0,1,0,1,0,0,1,0,1,1,1,0,1,0,1,1,1,1,1,0,1,0,0,1,0,1,0,1,0.0,-19.143598214371924,1
0,1,0,0,0,1,1,1,1,0,0,1,1,0,0,1,0,0,1,0,0,1,0,0,1,1,0,0,0,0,1,1,0.0,-19.143545327281114,1
0,0,0,1,1,0,0,1,0,0,0,1,0,0,0,1,0,1,1,0,1,1,0,1,1,0,1,1,0,0,0,1,0.0,-19.14343242300452,1
1,0,0,1,1,1,0,1,0,0,1,0,0,0,0,1,1,1,0,0,1,1,1,1,0,0,1,0,0,0,0,0,0.0,-19.143414126789427,1
1,0,0,1,0,1,1,1,0,1,0,1,0,1,0,1,1,0,0,0,0,0,0,1,0,1,1,0,1,0,0,0,0.0,-19.14334281301182,1
0,0,0,1,1,0,0,0,0,1,1,0,1,0,1,1,1,0,1,1,1,1,1,1,1,0,0,0,1,0,1,1,0.0,-19.143300069180917,1
0,1,0,1,0,0,0,1,0,0,1,1,0,1,0,0,1,1,0,0,0,1,1,1,1,0,0,0,0,1,1,0,0.0,-19.143003578932436,1
1,1,0,1,1,1,1,1,0,1,1,0,1,0,1,0,0,1,1,0,1,1,0,0,0,0,0,0,0,1,1,1,0.0,-19.14297560907217,1
1,1,0,1,1,0,1,1,0,1,0,1,1,0,0,1,0,1,0,0,0,1,1,1,0,1,0,1,1,0,0,1,0.0,-19.14293976970105,1
1,0,0,1,0,1,1,1,0,1,1,0,1,1,1,1,0,0,1,0,1,1,0,0,1,1,0,0,0,0,1,1,0.0,-19.142927179960353,1
0,0,0,0,1,0,1,1,1,1,0,0,1,1,0,1,1,0,0,0,0,1,1,0,0,0,1,0,0,0,1,1,0.0,-19.142922424696522,1
1,0,0,1,0,0,0,0,1,0,1,1,0,1,0,1,0,1,0,0,0,0,1,1,1,1,0,0,0,1,0,1,0.0,-19.142911449662567,1
1,1,0,0,1,1,1,1,1,0,1,1,0,1,0,0,0,1,1,0,0,1,1,0,1,0,0,1,1,0,1,0,0.0,-19.14276727151488,1
0,0,1,1,1,0,0,0,1,0,1,0,1,1,0,1,1,0,0,0,0,0,1,0,0,1,1,1,0,1,0,0,0.0,-19.14258704487739,1
1,1,1,1,1,1,0,0,0,1,0,1,1,0,0,0,0,1,1,0,1,1,1,1,1,0,0,1,1,0,0,0,0.0,-19.142524523216863,1
0,0,0,1,0,1,0,1,0,1,0,0,1,0,1,0,1,1,1,1,0,0,0,0,0,0,0,0,1,1,1,1,0.0,-19.142378448774046,1
0,1,1,1,0,0,0,0,1,1,0,0,1,0,0,1,1,0,1,1,1,0,1,0,0,1,1,1,0,1,1,1,0.0,-19.14231976746654,1
0,1,0,0,1,1,1,1,1,0,0,0,1,0,0,0,0,0,1,1,1,0,1,0,0,0,0,1,0,0,1,1,0.0,-19.14228722166683,1
0,1,0,1,1,0,1,1,0,0,1,1,1,1,0,0,0,0,1,1,0,1,0,0,1,1,0,1,0,1,1,1,0.0,-19.142287171197538,1
1,1,0,0,1,1,0,0,0,0,0,1,1,0,0,0,0,0,0,1,0,1,1,1,0,1,1,0,1,0,0,1,0.0,-19.142277035436443,1
0,0,0,1,1,1,1,0,0,0,1,1,0,0,1,0,0,0,0,0,1,1,1,1,0,0,1,0,0,0,1,1,0.0,-19.142244105085165,1
0,0,1,1,0,0,0,1,0,1,0,1,0,0,0,0,0,0,1,0,1,1,1,1,0,1,0,1,0,0,1,1,0.0,-19.142147690943432,1
1,0,0,1,0,1,1,0,0,0,1,0,1,1,0,1,0,1,0,0,0,1,1,1,0,1,0,0,0,0,0,1,0.0,-19.142100309399062,1
0,0,0,1,0,1,0,1,0,1,0,1,0,1,0,1,1,0,1,0,0,1,1,1,1,0,0,0,0,0,0,1,0.0,-19.14200133195796,1
0,0,0,1,1,0,0,1,1,0,0,0,1,0,0,0,1,1,1,0,1,0,0,1,1,1,0,0,0,1,1,0,0.0,-19.141995743399352,1
1,0,1,1,0,0,1,1,1,0,0,1,1,1,1,0,1,0,0,0,1,0,1,1,1,1,0,0,0,1,0,1,0.0,-19.14196703121419,1
0,0,0,1,0,0,1,1,0,0,0,1,1,0,1,0,1,1,1,0,0,1,1,0,1,1,1,1,1,0,1,1,0.0,-19.14186052885608,1
0,1,1,0,1,1,0,0,0,1,1,0,0,0,0,1,0,0,0,0,0,1,1,0,1,0,1,0,0,1,1,1,0.0,-19.14179620236834,1
0,1,1,1,1,1,0,1,1,0,1,0,0,1,0,1,0,1,1,0,0,1,0,0,0,1,0,1,1,0,1,1,0.0,-19.14171601263599,1
0,1,1,0,1,0,1,0,0,0,0,1,0,1,0,0,0,1,1,0,1,0,1,1,0,0,0,1,0,1,0,1,0.0,-19.1416729239768,1
1,1,1,1,0,0,1,0,0,1,1,0,0,0,0,0,1,0,0,0,1,1,0,0,1,0,0,0,1,1,0,1,0.0,-19.141531235492725,1
0,0,0,1,1,1,0,1,1,0,1,0,1,1,0,1,1,1,1,1,1,1,0,0,1,0,0,0,0,0,1,1,0.0,-19.141256740394617,1
0,0,1,1,1,1,1,1,0,1,0,1,1,0,0,0,1,1,1,0,1,0,1,0,1,1,0,0,1,0,1,0,0.0,-19.14113715421971,1
1,1,0,1,1,1,0,0,0,0,1,0,0,1,0,1,0,1,0,0,0,1,0,0,0,1,0,1,0,0,1,1,0.0,-19.141063689176406,1
1,1,0,1,1,1,1,1,0,0,1,0,1,0,1,1,0,1,1,0,1,0,1,0,0,1,0,1,0,0,0,1,0.0,-19.140983498677077,1
0,0,0,1,1,1,1,1,0,0,1,0,0,0,0,1,0,1,0,0,0,1,1,0,1,0,0,1,0,0,1,1,0.0,-19.140963142488772,1
0,1,0,1,1,0,0,1,0,0,1,1,0,1,1,0,0,0,1,1,0,1,0,0,1,1,1,0,1,1,1,1,0.0,-19.1409480431918,1
1,0,1,0,0,0,0,1,1,0,0,0,0,0,1,0,1,0,1,0,1,1,0,0,0,1,1,0,1,1,0,1,0.0,-19.14089897301479,1
0,1,1,0,0,0,1,1,1,0,1,1,0,0,0,0,1,1,1,0,0,1,1,0,1,0,1,1,1,0,1,1,0.0,-19.14082523004548,1
0,0,0,0,1,1,0,1,0,0,1,0,0,0,0,1,1,1,1,0,1,1,0,1,1,0,1,0,0,0,1,0,0.0,-19.14082447371917,1
0,0,1,0,1,1,0,1,1,0,1,0,0,1,0,0,0,0,1,0,1,0,1,1,1,0,1,0,0,0,0,1,0.0,-19.140815703814923,1
0,1,0,1,1,1,0,0,1,0,1,0,1,0,0,0,1,1,1,0,1,0,1,1,1,1,0,1,1,0,1,0,0.0,-19.140810619210722,1
0,1,1,0,1,0,0,1,0,0,0,0,1,0,0,0,1,1,0,1,1,1,1,1,0,0,0,0,1,0,1,0,0.0,-19.140738849409132,1
0,0,0,1,1,0,1,1,0,1,1,0,0,0,1,1,0,0,1,0,0,0,1,1,1,0,0,0,0,0,1,1,0.0,-19.1407360477912,1
0,0,1,1,0,1,1,0,1,0,1,0,0,0,0,1,0,0,0,0,1,1,0,1,1,0,0,1,0,0,1,1,0.0,-19.140706422719024,1
0,1,1,1,0,1,0,1,0,0,0,1,0,1,1,0,1,0,0,0,0,1,0,0,1,0,1,0,1,0,1,0,0.0,-19.140685653670047,1
1,1,0,1,0,1,1,0,1,0,0,1,0,0,0,0,0,1,0,0,0,0,1,1,1,0,0,1,1,0,0,1,0.0,-19.140512553025957,1
1,1,1,0,0,1,0,1,0,1,1,1,0,0,0,0,0,1,1,0,1,1,1,0,0,0,0,0,1,0,0,0,0.0,-19.140413480845442,1
1,0,0,1,0,1,0,0,0,1,1,1,0,0,1,0,1,0,0,1,1,0,1,1,0,0,0,0,1,0,1,0,0.0,-19.140365519958422,1
0,0,0,1,0,0,1,1,0,0,1,0,1,1,0,0,1,0,1,0,1,1,0,1,1,1,0,0,0,1,0,0,0.0,-19.14035600209545,1
0,1,1,1,1,0,1,1,1,0,0,1,0,0,0,1,1,1,1,0,1,1,1,0,0,0,1,1,0,0,1,0,0.0,-19.140342016804922,1
0,0,0,1,1,1,1,0,0,0,1,0,1,1,0,0,1,1,1,0,1,1,0,0,1,0,0,0,1,0,0,0,0.0,-19.140337498992466,1
1,0,1,1,0,1,0,1,0,0,1,1,1,1,1,0,0,0,0,0,1,1,1,0,0,1,0,0,0,0,0,0,0.0,-19.140323281644896,1
0,1,1,1,1,1,0,1,0,1,0,0,0,1,0,1,0,0,1,1,0,0,1,0,0,0,0,0,0,1,0,1,0.0,-19.14029329552552,1
1,1,0,0,1,0,1,0,1,1,0,1,1,0,0,1,0,0,1,1,1,1,1,0,0,1,1,0,0,0,1,1,0.0,-19.140230385891723,1
1,0,0,1,0,1,0,1,1,1,0,1,0,1,0,1,0,0,1,1,1,1,0,0,0,0,0,0,0,0,0,1,0.0,-19.140212841991094,1
1,1,0,0,0,1,0,1,1,1,0,0,0,1,0,1,1,0,1,1,0,1,1,1,1,0,0,0,1,1,0,1,0.0,-19.140194563661424,1
1,0,0,0,0,1,0,1,1,1,1,0,0,1,0,1,1,1,1,0,1,0,1,0,0,0,0,0,0,0,0,1,0.0,-19.14010446607726,1
0,1,0,1,1,1,0,1,1,0,0,1,0,1,1,0,1,0,1,1,0,1,1,0,0,0,1,0,1,0,1,1,0.0,-19.140056486502193,1
1,0,1,1,1,1,0,1,0,1,1,0,0,0,1,1,0,1,1,0,0,1,1,0,0,0,1,1,0,1,1,0,0.0,-19.140006912117585,1
1,1,0,1,0,0,1,1,0,0,1,0,0,1,0,0,0,1,1,0,0,1,1,1,1,0,0,0,0,0,0,1,0.0,-19.13998889741095,1
0,0,0,0,0,0,1,1,0,0,1,0,0,1,1,0,0,1,1,0,1,1,1,0,1,0,0,0,0,1,1,1,0.0,-19.139947668909315,1
1,0,1,0,1,0,0,1,1,0,0,1,0,1,0,1,1,1,1,0,1,1,0,0,1,1,0,1,0,0,1,1,0.0,-19.13993402611385,1
0,0,0,1,0,0,0,0,0,1,1,0,1,0,1,1,1,1,0,1,1,0,1,1,1,0,1,1,1,1,1,0,0.0,-19.139927988775394,1
1,0,1,0,1,1,0,0,0,1,1,0,0,1,0,0,1,1,1,1,1,1,0,0,0,0,0,1,1,1,1,1,0.0,-19.13983419055645,1
0,0,0,1,1,0,1,1,0,0,1,1,1,1,1,1,0,0,0,1,1,0,0,1,0,0,1,0,0,0,0,0,0.0,-19.13964136462724,1
0,0,1,1,0,1,1,1,1,0,0,0,0,0,0,1,0,0,1,0,1,1,0,0,1,1,0,0,1,0,0,1,0.0,-19.13960248057217,1
1,0,1,1,0,1,1,0,0,1,0,1,1,1,1,0,1,1,1,0,0,0,0,1,0,1,0,0,0,1,1,1,0.0,-19.13936168074849,1
1,0,1,1,1,1,1,1,1,1,1,0,1,1,0,0,1,0,1,0,1,0,1,1,0,0,0,1,0,0,0,0,0.0,-19.139361242509228,1
0,0,0,1,0,0,1,1,0,0,1,1,0,0,1,0,0,0,1,1,0,1,1,1,1,1,0,1,1,1,1,1,0.0,-19.139083938038787,1
0,1,1,1,0,1,0,1,0,0,0,0,0,0,0,1,0,0,1,1,1,1,0,0,0,1,0,1,0,0,1,1,0.0,-19.13905217921613,1
1,1,0,1,1,1,1,1,0,0,0,1,0,1,0,0,0,1,1,0,0,1,1,0,1,1,1,0,0,1,0,1,0.0,-19.138865876285816,1
0,1,1,0,1,1,0,0,1,0,1,0,1,1,0,0,1,1,0,1,0,0,1,1,0,0,1,1,1,0,1,1,0.0,-19.13874661704675,1
0,0,1,1,1,0,1,1,0,0,1,1,0,1,1,0,0,1,1,0,1,1,0,1,0,0,1,1,1,0,0,1,0.0,-19.138635447893407,1
1,0,1,1,0,0,0,1,0,1,0,0,1,1,1,0,0,1,1,0,1,1,1,1,0,1,0,1,0,0,1,1,0.0,-19.13857730189142,1
0,1,0,0,1,1,0,1,1,0,1,0,0,0,0,0,0,1,1,0,0,0,1,1,1,0,1,0,0,0,1,1,0.0,-19.138574107683212,1
1,1,0,1,0,0,1,0,0,0,1,0,0,0,1,0,1,0,0,0,0,1,1,0,1,0,1,1,1,1,0,0,0.0,-19.138555162197708,1
1,1,0,1,1,0,0,1,0,0,1,1,0,0,1,0,0,1,1,1,1,1,1,0,0,1,1,0,1,0,1,0,0.0,-19.13822397836136,1
0,0,1,1,0,0,0,1,1,1,1,0,1,1,1,1,1,0,1,0,1,1,1,1,1,0,0,0,0,0,1,0,0.0,-19.138165813075528,1
0,0,0,0,1,1,0,1,1,0,1,1,0,0,0,0,1,0,1,0,0,1,1,0,1,0,1,1,1,0,0,0,0.0,-19.138091548844606,1
0,1,1,1,1,0,1,0,0,0,1,0,0,0,1,1,0,0,1,0,0,1,0,0,0,1,0,0,1,1,0,1,0.0,-19.13807220449845,1
1,0,0,1,1,1,0,0,0,1,0,1,1,0,1,1,1,1,0,1,1,1,1,0,1,0,0,0,1,0,1,0,0.0,-19.1380102200829,1
1,0,1,1,1,0,1,1,0,1,0,0,1,1,0,0,1,0,1,1,1,1,0,1,0,1,0,0,0,0,1,1,0.0,-19.137936070762205,1
0,1,0,0,0,1,0,1,1,1,1,1,0,1,0,1,1,1,0,0,1,1,0,0,0,0,1,1,0,1,1,1,0.0,-19.137935556858437,1
0,0,0,1,1,1,1,0,0,0,1,0,1,1,1,0,0,1,1,1,1,0,1,1,0,0,1,1,0,0,1,1,0.0,-19.13787017595867,1
0,0,0,0,1,1,0,1,0,0,1,0,1,1,1,0,0,0,1,1,0,1,1,1,0,0,1,0,1,0,0,0,0.0,-19.137767171362334,1
1,0,1,0,0,0,1,0,1,1,0,1,0,1,0,1,1,1,0,0,0,1,1,0,0,1,1,1,1,1,1,0,0.0,-19.137751528854547,1
0,1,0,1,1,1,1,0,0,0,1,1,1,1,1,1,0,0,1,0,0,1,1,0,1,1,1,0,0,1,0,0,0.0,-19.13765325753084,1
0,1,1,0,1,0,0,0,1,0,1,0,1,1,1,0,0,0,1,1,0,0,1,0,1,1,0,1,1,1,1,1,0.0,-19.137605347328627,1
1,0,1,0,1,1,0,0,0,1,1,0,1,1,0,1,1,1,1,1,0,1,0,0,1,0,0,1,1,0,1,0,0.0,-19.137532629914812,1
1,0,0,0,1,1,0,1,0,0,1,0,1,1,1,0,1,0,0,0,0,0,1,0,0,1,1,1,0,0,0,1,0.0,-19.137338742981406,1
0,1,0,1,0,1,1,1,0,1,1,0,0,1,0,1,1,1,1,0,0,1,1,1,0,0,0,1,1,0,0,1,0.0,-19.13729902835386,1
0,1,0,1,1,1,0,1,0,0,1,1,0,0,1,1,1,0,1,1,0,1,0,0,0,1,1,0,0,1,1,1,0.0,-19.137173061143837,1
0,0,0,1,0,1,0,1,0,1,1,1,1,1,1,1,0,1,1,0,0,1,0,1,1,0,0,1,0,1,0,1,0.0,-19.13715361451793,1
0,0,0,1,1,1,0,0,0,0,1,1,1,0,1,0,0,0,0,1,1,1,0,0,0,0,1,1,0,1,0,1,0.0,-19.13714166077584,1
1,1,1,1,1,1,1,0,1,1,0,0,1,0,0,1,1,0,0,0,0,1,1,1,0,1,0,0,1,0,0,1,0.0,-19.137099870964885,1
0,1,0,1,0,1,0,0,0,1,0,1,0,0,0,1,1,0,1,0,1,1,1,1,1,0,1,0,0,0,0,0,0.0,-19.137053424126115,1
0,1,0,1,1,0,1,0,1,1,0,1,0,1,0,1,0,0,1,1,0,1,0,1,0,0,1,1,0,1,1,1,0.0,-19.137005888786458,1
1,0,0,1,1,0,0,0,0,1,0,0,0,0,0,0,1,0,1,1,1,1,1,0,1,0,0,1,0,0,1,1,0.0,-19.136992610127294,1
0,0,0,1,1,0,1,1,1,0,1,0,1,1,1,1,1,1,1,0,0,1,1,0,1,0,0,0,0,1,0,1,0.0,-19.136960290754327,1
0,1,0,0,1,0,1,0,0,1,1,0,0,0,0,1,0,0,1,1,1,1,1,1,1,0,1,1,1,1,0,1,0.0,-19.13689678623674,1
0,0,0,1,0,0,1,0,0,1,1,0,1,0,0,1,0,1,0,0,1,1,1,1,0,1,1,0,0,0,1,0,0.03125,-19.136890521855964,1
0,1,0,1,1,1,1,1,0,0,1,0,0,1,1,0,0,0,1,0,1,1,0,1,0,0,0,0,0,0,1,0,0.0,-19.13682476885834,1
0,1,0,1,0,1,1,0,0,0,1,0,0,0,1,0,0,0,0,0,0,1,1,1,1,0,0,1,0,1,1,1,0.0,-19.136752084153343,1
1,0,0,0,1,1,0,1,1,0,1,0,1,0,1,0,1,0,0,0,0,0,1,0,1,0,1,1,0,0,0,1,0.0,-19.136743572992,1
0,0,0,1,0,0,0,1,0,0,0,1,1,0,0,0,0,1,1,1,0,1,1,0,1,1,1,0,0,1,0,1,0.0,-19.13672881400741,1
0,1,1,1,0,1,1,0,0,0,1,0,1,1,1,1,1,0,1,0,0,1,1,1,1,0,0,1,0,0,0,1,0.0,-19.1366952003811,1
0,1,0,0,1,1,0,1,0,0,1,0,1,0,1,1,1,0,1,0,0,1,1,0,0,0,1,1,0,0,0,0,0.0,-19.136691206069422,1
0,1,0,1,1,1,1,1,1,0,1,0,0,0,0,0,0,0,0,0,0,0,1,1,1,0,1,1,0,0,1,0,0.0,-19.136670209601768,1
0,1,0,1,0,1,0,1,0,1,1,0,0,0,0,0,0,1,1,0,1,0,1,1,0,1,0,0,0,1,1,0,0.0,-19.136651718455546,1
0,1,1,0,0,1,1,0,0,1,0,0,1,1,0,0,1,1,0,0,1,1,0,0,0,0,0,0,0,1,1,1,0.0,-19.136637503690743,1
1,1,1,1,1,1,1,0,0,1,0,0,1,0,0,1,1,0,1,0,0,1,1,0,0,1,1,1,0,0,0,1,0.0,-19.136572690806045,1
1,0,1,0,0,0,0,1,0,0,1,1,0,1,0,1,1,1,0,0,1,1,1,1,0,1,0,0,0,0,0,0,0.0,-19.136533848484568,1
0,1,0,0,1,1,0,0,0,1,0,1,0,0,1,1,0,0,1,0,1,0,0,1,0,1,1,0,1,1,0,0,0.0,-19.13651022076415,1
0,1,0,1,0,1,0,0,1,1,1,0,0,0,0,0,1,1,0,0,1,0,0,0,1,0,1,0,1,0,1,1,0.0,-19.13639470734784,1
1,1,0,1,1,1,1,0,1,1,0,1,1,0,0,1,1,1,1,0,0,1,0,0,0,1,0,0,0,0,1,1,0.0,-19.136360454201952,1
0,0,1,0,1,1,1,1,0,1,0,1,1,1,0,1,1,1,0,0,0,1,0,0,1,1,0,0,1,0,1,1,0.0,-19.136358825539602,1
1,0,1,1,0,1,1,0,0,0,0,0,1,1,1,0,0,1,0,1,1,1,1,1,1,0,1,0,1,0,0,1,0.0,-19.136293064327056,1
0,1,0,1,0,1,1,1,0,1,0,0,1,1,1,1,1,0,1,0,1,0,1,0,1,1,1,0,0,0,1,0,0.0,-19.136239167585206,1
1,0,0,0,0,1,1,0,1,0,0,1,1,0,1,0,0,0,1,1,0,1,0,1,1,0,0,0,0,0,1,1,0.0,-19.13613458044872,1
0,0,0,0,0,0,0,1,1,0,1,1,0,0,0,0,1,0,0,1,0,1,1,1,1,0,0,1,1,1,0,1,0.0,-19.13591703884401,1
0,0,0,1,0,0,1,0,0,0,1,1,0,0,0,0,1,1,1,1,1,0,1,0,1,0,1,1,0,0,1,0,0.0,-19.135884971260538,1
1,1,0,0,1,1,0,0,1,0,1,1,0,1,0,1,1,1,1,0,1,1,0,1,0,1,0,1,0,0,1,0,0.0,-19.13584162080025,1
0,1,0,1,1,0,0,1,0,0,0,0,1,1,1,0,0,0,1,0,0,1,1,0,1,1,1,0,0,1,0,0,0.0,-19.135839908179697,1
1,1,1,0,1,0,0,1,1,1,1,1,0,0,0,0,1,0,1,0,0,1,0,0,1,1,0,1,1,0,1,1,0.0,-19.135817560571027,1
0,1,0,1,1,1,1,1,0,1,1,1,1,0,0,0,1,1,0,0,1,1,0,0,0,1,0,0,0,1,1,1,0.0,-19.135735106671383,1
0,1,0,1,1,0,0,0,0,0,1,1,1,0,0,1,1,1,1,1,1,1,1,0,0,1,1,1,0,0,0,1,0.0,-19.135652334931976,1
0,1,1,0,1,1,1,0,0,1,1,0,0,0,0,0,1,0,1,0,1,1,0,1,1,0,1,1,1,0,1,1,0.0,-19.135619635063957,1
1,0,1,0,0,0,1,0,1,1,1,0,1,0,1,1,0,0,1,0,0,1,0,0,1,0,1,0,0,0,1,0,0.0,-19.13559309028066,1
0,0,0,0,1,0,0,1,0,0,1,0,0,1,1,1,1,1,1,0,0,1,1,0,0,0,1,1,1,0,0,0,0.03125,-19.135535270462142,1
0,0,1,1,1,1,0,1,0,0,1,0,1,1,1,0,1,1,1,1,1,1,0,0,1,0,0,0,1,0,1,0,0.0,-19.13551488986439,1
1,1,1,0,1,0,1,0,0,0,1,1,0,0,0,0,1,1,1,0,0,1,0,1,1,0,0,0,1,0,0,0,0.0,-19.135483919704036,1
0,0,0,0,0,0,1,0,0,1,0,1,0,0,0,1,1,0,1,0,1,1,1,0,1,1,0,1,0,0,1,1,0.0,-19.13527227181103,1
0,0,1,1,1,0,1,0,0,0,1,0,0,1,0,1,1,1,1,0,1,0,0,1,0,1,0,0,0,0,0,1,0.0,-19.13522342935609,1
1,1,1,1,0,0,0,1,0,1,1,0,0,1,0,1,1,0,0,1,0,1,0,1,1,0,1,1,0,1,0,1,0.0,-19.13507034022236,1
1,0,0,0,1,1,0,1,0,0,1,1,1,0,0,0,0,0,1,1,0,1,0,0,1,1,0,1,0,0,0,1,0.0,-19.134846753016987,1
1,1,1,1,1,0,1,1,0,1,1,0,0,0,0,0,0,1,0,1,1,1,0,0,1,0,1,0,1,0,1,1,0.0,-19.13475173187328,1
0,0,0,1,0,1,0,1,1,0,1,0,1,1,0,0,0,0,0,1,0,0,0,1,1,1,0,1,0,1,1,0,0.0,-19.134734456910444,1
1,1,0,1,0,1,0,1,0,0,0,0,0,0,1,0,0,1,1,1,1,0,1,0,0,1,0,0,0,0,1,1,0.0,-19.13451340309969,1
0,1,1,1,0,0,0,0,0,0,0,0,1,0,0,0,0,1,1,1,0,1,1,1,0,1,0,1,0,0,1,1,0.0,-19.13445669971696,1
0,1,0,0,0,1,1,1,0,1,1,1,1,1,0,1,0,1,0,0,1,1,1,0,0,1,0,1,0,1,0,1,0.0,-19.134358859228772,1
1,1,0,0,1,0,1,0,1,0,0,1,1,1,1,1,0,1,1,0,0,1,0,1,0,0,0,0,0,0,0,0,0.0,-19.13422457653781,1
1,0,0,0,1,0,0,1,0,0,0,1,0,0,1,0,0,1,0,1,0,0,1,1,0,1,1,0,0,1,1,1,0.0,-19.134207561756227,1
0,0,0,1,0,1,0,0,0,1,1,1,1,1,0,0,0,1,0,1,1,0,1,1,0,0,1,0,0,0,0,1,0.0,-19.134077554981076,1
0,1,0,1,0,0,0,1,0,0,1,1,0,0,0,1,1,1,1,1,0,1,0,1,0,0,0,1,0,0,0,1,0.0,-19.13406329904194,1
0,0,0,1,1,0,0,1,0,1,0,1,1,1,0,0,0,0,1,1,0,1,1,1,0,1,0,0,0,1,0,0,0.0,-19.133962779219626,1
0,0,1,1,0,0,0,0,0,1,0,1,0,0,0,1,1,0,1,0,0,1,1,1,1,1,0,1,1,0,0,0,0.03125,-19.133960791127684,1
0,0,1,0,0,1,0,1,0,1,1,0,1,0,0,0,1,1,0,1,0,1,0,1,0,0,0,0,1,0,1,1,0.0,-19.13394769594019,1
0,0,0,0,1,0,0,0,0,0,1,1,0,0,0,0,1,1,1,0,1,1,1,1,0,1,1,1,0,0,1,0,0.0,-19.13389816650735,1
0,0,0,1,1,1,1,1,0,0,1,0,0,1,1,0,0,0,1,1,0,0,1,0,0,0,1,1,0,0,1,0,0.0,-19.133867802984135,1
0,1,1,1,1,0,1,0,0,1,1,0,1,1,0,1,0,1,0,1,1,1,1,0,0,0,0,1,1,0,0,1,0.0,-19.133780682341513,1
1,0,0,1,0,1,1,1,0,1,1,1,0,1,1,1,1,0,0,1,1,1,0,0,0,0,0,1,0,0,1,1,0.0,-19.133772762659074,1
0,0,0,0,1,1,1,1,0,1,0,1,0,0,1,1,1,1,1,0,1,0,1,1,1,0,1,0,1,0,0,1,0.0,-19.1337237895075,1
1,1,0,1,1,0,0,0,0,1,0,0,0,1,0,0,1,0,1,0,1,1,0,1,1,1,0,0,0,0,1,0,0.0,-19.133664643021667,1
0,1,0,1,0,1,1,1,0,0,0,0,0,1,0,0,1,1,1,0,0,1,1,0,0,0,1,1,0,0,0,1,0.0,-19.13364630243735,1
1,0,0,1,1,0,1,1,0,1,1,1,1,1,0,0,0,1,1,0,0,1,1,0,1,1,0,1,0,0,0,1,0.0,-19.133598221855454,1
0,0,0,1,1,1,0,1,1,1,0,1,1,1,1,0,0,0,1,0,1,1,1,1,0,1,1,0,0,0,1,0,0.0,-19.13355286588417,1
1,0,1,1,0,1,0,1,1,0,1,1,1,1,1,0,1,1,0,1,0,1,1,0,0,0,1,0,0,0,1,0,0.0,-19.133502703982675,1
0,0,1,1,1,1,1,1,1,0,1,1,0,0,1,1,0,1,0,0,1,0,0,1,1,0,0,1,0,0,1,1,0.0,-19.133451073408008,1
1,0,0,1,0,0,0,0,0,1,0,1,1,1,0,0,0,1,0,0,1,1,0,0,1,1,1,1,0,0,0,1,0.0,-19.133439874251764,1
1,1,0,1,1,0,0,0,0,1,0,0,1,0,0,1,1,0,0,1,0,1,1,0,0,1,0,1,0,0,1,0,0.0,-19.133373817155324,1
0,0,0,1,1,1,0,1,0,1,1,0,0,0,1,0,1,0,1,0,0,1,0,1,0,0,1,0,1,0,0,1,0.0,-19.133305949157105,1
0,1,0,1,0,0,0,1,0,1,0,0,0,0,0,1,1,0,1,0,1,1,0,0,1,1,1,1,0,0,1,0,0.0,-19.13324853408383,1
0,0,0,1,0,1,0,0,0,1,0,1,0,0,1,1,0,0,1,1,1,1,0,1,1,0,0,0,0,0,1,1,0.0,-19.133199505325276,1
1,1,0,0,1,0,0,1,0,0,0,1,0,0,0,1,1,0,1,1,0,1,0,1,1,1,0,0,0,0,0,1,0.0,-19.133117293261655,1
0,0,1,1,0,1,0,1,0,1,1,0,0,0,1,1,1,0,1,0,1,0,1,0,0,0,1,1,0,0,0,0,0.0,-19.133067332925727,1
0,0,1,0,0,1,0,1,0,0,0,0,0,1,0,0,1,1,1,0,0,1,1,1,0,1,0,1,0,0,1,1,0.0,-19.13305510675304,1
0,1,0,1,1,0,0,1,0,1,1,1,1,1,1,0,1,0,0,1,1,0,0,0,1,0,1,1,0,0,1,1,0.0,-19.132988969639623,1
0,0,0,1,0,1,1,1,0,1,1,1,0,1,1,1,1,1,1,0,0,0,0,0,1,0,1,1,1,0,0,1,0.0,-19.132935110330894,1
1,0,0,1,1,0,0,1,1,1,1,0,0,0,1,1,0,1,1,0,0,1,1,1,1,0,0,1,0,0,1,1,0.0,-19.13280860556826,1
0,1,0,0,0,0,1,1,1,0,1,0,1,1,0,0,0,1,1,0,1,0,1,0,1,1,0,0,0,1,0,0,0.0,-19.13280563537347,1
0,1,0,0,0,1,0,0,0,1,1,0,1,0,1,1,0,0,1,0,1,1,0,0,1,1,0,0,1,0,0,1,0.0,-19.13278576010549,1
0,0,0,1,1,1,1,1,0,1,0,0,1,0,0,1,0,1,0,0,1,1,0,1,0,1,0,0,1,0,0,0,0.0,-19.13257378227478,1
1,0,1,1,1,1,0,1,0,1,1,0,1,0,0,0,0,0,0,1,0,1,0,1,1,0,0,0,0,0,0,1,0.0,-19.132335080727927,1
1,0,0,0,1,1,1,1,0,1,1,0,0,1,0,1,1,0,1,0,0,1,0,1,1,0,0,0,0,0,0,0,0.0,-19.132251018464416,1
0,0,0,0,1,1,1,1,0,1,0,0,1,0,1,0,0,1,1,0,1,0,1,1,1,1,1,0,0,1,1,1,0.0,-19.13224837063009,1
0,0,1,1,1,1,0,1,0,1,0,1,0,1,0,0,1,1,0,0,1,1,0,1,0,0,0,0,0,0,1,0,0.0,-19.132068474713563,1
1,0,0,1,0,1,1,1,0,1,0,1,0,0,0,0,0,0,0,1,1,1,1,1,1,1,1,1,0,1,1,0,0.0,-19.13206715600363,1
0,0,0,1,1,1,0,0,0,0,1,0,1,1,1,0,1,0,0,0,1,1,1,1,0,1,0,0,0,0,0,1,0.0,-19.132057070294394,1
1,1,1,1,1,1,1,1,0,1,1,0,1,1,0,0,0,1,1,0,0,1,0,0,1,0,0,1,0,0,0,1,0.0,-19.131888654762253,1
1,0,0,1,0,0,0,0,0,0,1,1,0,0,1,1,1,0,0,1,1,1,0,1,1,1,0,0,1,0,0,0,0.0,-19.131785638862,1
0,0,1,1,1,0,0,1,0,0,1,1,0,1,0,0,1,0,1,1,1,1,1,1,1,1,1,0,0,0,0,1,0.0,-19.131769251163057,1
0,0,0,1,1,1,1,0,0,0,1,0,1,0,0,0,0,1,0,1,0,1,1,1,1,0,0,0,0,1,0,1,0.0,-19.13141434715064,1
0,1,0,1,1,0,0,1,0,1,1,0,0,0,0,0,1,0,1,0,1,0,0,0,1,1,0,1,0,1,0,1,0.0,-19.131320346202145,1
0,1,0,1,0,1,0,1,0,0,1,1,0,1,0,0,1,1,1,0,1,1,1,0,1,1,1,1,0,0,0,1,0.0,-19.131306614256136,1
0,0,1,0,1,1,0,1,1,1,1,1,0,1,1,0,0,0,0,0,1,1,0,0,1,0,1,1,1,0,1,1,0.0,-19.131245732179856,1
0,0,0,1,1,1,0,1,0,1,0,1,0,1,0,0,0,1,0,0,1,1,0,0,1,0,1,1,0,0,1,0,0.0,-19.131212532065803,1
1,1,0,1,0,0,1,0,0,1,1,0,1,1,0,0,0,0,1,1,0,1,0,1,1,1,1,1,0,1,0,1,0.0,-19.131121372092277,1
1,1,0,1,1,1,1,0,1,1,1,1,0,1,0,0,0,1,1,0,1,0,0,0,1,1,0,0,0,0,1,1,0.0,-19.131062247059678,1
1,1,1,1,1,0,1,1,0,1,1,1,0,0,1,0,1,1,1,0,0,0,1,1,0,0,1,0,0,1,0,0,0.0,-19.131038730436458,1
0,0,0,0,1,1,0,0,0,1,0,1,0,1,1,0,1,0,1,0,1,1,0,0,1,0,1,0,0,0,1,1,0.0,-19.130906474545114,1
0,1,0,1,1,1,0,1,0,0,1,0,1,0,1,0,0,0,0,1,0,1,1,0,0,1,0,0,0,0,1,1,0.0,-19.130885052307413,1
0,0,0,1,1,1,1,1,0,0,1,0,0,1,1,0,1,1,1,0,1,1,0,0,0,0,0,0,0,0,1,0,0.0,-19.130831240489506,1
0,1,1,1,1,1,0,1,0,0,0,1,1,0,1,0,1,1,1,0,1,1,1,1,0,1,0,0,0,0,0,1,0.03125,-19.13081360451974,1
1,1,0,0,1,1,1,0,1,1,0,0,1,1,0,1,0,1,0,1,1,0,0,1,1,0,0,1,0,0,1,1,0.0,-19.130714638673577,1
1,0,1,1,1,1,1,0,0,0,1,0,0,0,1,1,1,1,1,0,0,1,0,1,0,1,0,1,0,0,1,1,0.0,-19.130691268223973,1
0,1,0,1,1,1,1,0,0,1,1,1,0,0,0,0,1,0,0,0,0,0,1,1,1,0,1,0,0,0,0,1,0.0,-19.130676582785192,1
0,0,1,1,0,0,1,0,1,1,1,0,1,0,0,0,1,0,1,0,1,1,0,1,0,1,0,0,0,0,1,0,0.0,-19.1306701465574,1
0,1,0,0,1,0,1,1,1,0,0,0,1,1,1,0,1,1,1,0,0,1,1,1,0,1,1,0,1,0,1,0,0.0,-19.130279655456825,1
0,0,0,1,1,1,1,1,1,1,1,0,0,1,0,1,1,1,0,0,1,1,1,0,1,0,0,0,0,0,1,1,0.0,-19.13026395793936,1
0,1,0,0,1,1,0,1,0,1,1,0,1,0,1,0,1,0,1,0,1,1,1,0,0,1,1,1,1,0,0,1,0.0,-19.130251809893764,1
0,1,1,1,1,1,0,1,0,0,1,0,1,0,0,0,0,1,0,0,1,0,0,1,1,1,1,0,0,0,0,0,0.0,-19.13001172106796,1
0,0,0,1,0,0,1,1,1,1,0,0,1,1,0,1,1,0,0,0,0,1,1,0,0,1,0,1,0,0,0,1,0.0,-19.12988922475415,1
0,1,1,1,1,0,1,1,0,0,0,0,0,0,0,0,0,1,1,0,0,1,1,0,1,1,0,0,0,1,0,1,0.0,-19.129795979184564,1
0,0,1,0,1,1,0,1,1,1,1,1,1,1,0,1,0,1,0,0,1,0,0,1,0,1,1,1,0,1,0,0,0.0,-19.129712150930796,1
1,0,1,0,1,0,0,0,1,1,0,0,0,0,0,1,1,0,1,0,0,1,0,1,1,0,1,1,0,0,0,1,0.0,-19.12970557387456,1
0,1,1,1,0,1,1,0,1,0,1,0,0,0,1,0,0,0,0,1,0,0,1,0,0,0,1,1,1,0,1,0,0.0,-19.129660438248326,1
1,0,1,1,0,1,0,1,0,0,1,1,0,1,1,1,0,1,1,1,0,1,1,1,0,1,0,0,0,0,0,1,0.0,-19.129614163083218,1
1,1,0,1,0,0,0,0,0,1,1,1,0,1,0,0,1,0,1,1,1,1,0,1,1,1,0,1,0,1,0,1,0.0,-19.129594706974476,1
0,1,0,0,0,1,0,1,0,1,0,0,1,0,0,1,1,1,1,1,0,1,0,0,1,0,1,0,0,0,1,0,0.0,-19.129564592829368,1
0,1,0,1,0,1,1,1,0,0,0,0,0,0,0,1,1,1,1,1,1,0,1,0,0,1,0,0,0,0,0,1,0.0,-19.129528658866867,1
0,1,1,0,1,0,1,1,1,1,1,0,1,0,0,1,0,1,1,0,0,1,0,1,1,1,0,0,1,0,1,0,0.0,-19.129398225867938,1
0,1,0,1,1,1,1,1,0,0,0,0,1,1,1,0,1,1,0,0,1,1,0,0,0,0,0,0,0,1,0,0,0.0,-19.129344820665438,1
1,0,0,1,1,1,1,0,1,1,1,0,1,0,1,1,1,1,0,0,0,0,1,1,0,1,0,0,0,0,1,1,0.0,-19.129328119969287,1
0,0,0,1,0,1,0,0,0,1,1,1,0,0,0,0,1,0,1,1,0,1,1,1,0,0,1,1,0,0,0,1,0.0,-19.12923495268241,1
1,0,1,0,1,1,1,1,0,0,1,1,0,1,1,0,0,0,0,0,1,1,0,0,0,1,0,0,0,0,0,1,0.0,-19.12910110335452,1
0,0,0,1,1,1,1,0,0,0,1,0,0,1,0,1,1,1,0,0,1,1,0,0,1,1,0,0,0,0,1,0,0.0,-19.129014058510897,1
0,1,0,0,1,1,1,1,0,1,1,0,1,0,1,1,1,0,1,0,1,1,0,1,0,0,1,1,0,0,0,1,0.0,-19.128975739567426,1
0,1,1,1,1,0,0,0,1,0,0,0,0,0,1,0,0,1,1,0,0,0,1,1,0,1,1,0,1,0,0,1,0.0,-19.128904390715384,1
0,1,0,0,1,0,1,1,1,1,1,0,0,1,0,1,0,1,1,0,0,1,1,1,1,0,1,0,0,1,0,1,0.0,-19.128888976060683,1
0,1,0,1,1,0,1,1,1,0,1,1,0,0,0,1,0,1,1,1,1,0,0,1,1,1,1,0,0,0,1,0,0.0,-19.12885435461277,1
0,1,1,0,1,1,0,0,1,1,1,0,1,0,0,0,1,0,1,0,0,1,1,1,1,1,1,0,0,0,1,1,0.0,-19.128645664655718,1
1,0,1,1,1,0,1,0,0,1,1,0,0,0,1,1,0,0,1,1,1,0,1,0,1,1,0,1,0,0,1,1,0.0,-19.128585949445135,1
0,0,0,1,1,1,0,1,0,1,1,1,0,0,0,0,0,0,0,0,0,1,1,1,1,1,1,0,0,1,0,0,0.0,-19.128543579494377,1
1,1,0,0,1,1,0,0,0,1,0,0,1,0,0,0,1,0,0,1,1,1,0,0,0,1,0,1,0,0,1,1,0.0,-19.128524225683048,1
0,1,0,0,1,1,0,1,0,1,1,1,0,1,0,0,1,1,0,1,0,1,1,1,1,0,0,0,1,0,1,1,0.0,-19.128470502415176,1
0,1,0,1,1,1,0,1,0,0,0,0,0,1,0,1,0,1,0,0,0,0,1,1,1,1,1,1,0,0,0,0,0.0,-19.128460119550276,1
1,0,0,0,0,1,1,1,0,1,0,0,1,0,0,0,1,1,0,0,1,0,1,1,1,1,0,0,0,0,0,1,0.0,-19.128400200636314,1
0,0,1,1,1,0,0,1,0,1,0,0,0,1,1,0,1,0,1,1,1,0,0,1,0,0,1,0,0,0,1,0,0.0,-19.128355597182278,1
0,1,0,0,1,0,0,0,0,1,1,0,1,0,0,0,1,1,1,0,0,1,0,0,1,1,1,0,0,1,1,0,0.0,-19.128305567806017,1
0,0,1,0,0,0,1,1,0,1,0,1,0,0,0,0,1,0,1,1,1,1,1,0,0,1,0,0,0,0,1,1,0.0,-19.128094626849837,1
0,0,0,1,0,0,1,0,1,0,1,0,0,1,0,0,1,1,0,1,0,1,1,0,0,1,0,0,1,0,1,1,0.0,-19.127847390931827,1
1,0,1,1,0,1,0,0,0,1,0,0,0,1,1,0,0,0,1,1,0,1,1,1,1,0,0,0,1,0,0,0,0.0,-19.127817623432705,1
0,0,0,0,1,1,1,0,1,0,1,1,1,0,0,0,1,1,0,1,1,1,1,1,1,0,0,1,0,0,1,1,0.0,-19.127816721209264,1
0,0,0,0,1,0,0,1,0,1,1,0,1,0,0,0,0,1,1,0,1,1,1,1,1,1,0,0,0,0,0,1,0.0,-19.127722305367584,1
1,1,0,1,1,1,0,0,0,1,1,0,1,1,0,0,0,1,1,1,1,1,1,1,0,1,0,0,0,0,0,1,0.0,-19.127558074004213,1
0,0,1,1,1,1,1,0,1,0,1,1,1,0,0,0,1,1,0,1,1,0,1,1,0,1,0,0,0,1,0,1,0.0,-19.127270629822704,1
1,1,0,1,1,1,0,1,0,0,0,0,0,0,0,0,1,1,0,1,0,1,1,1,1,0,0,0,0,0,0,1,0.0,-19.127265008958197,1
0,0,1,1,1,1,1,0,1,1,0,0,0,0,0,0,1,0,0,1,0,1,1,0,0,0,0,0,1,0,1,1,0.0,-19.127250090013852,1
0,0,1,1,1,1,1,0,1,1,0,0,1,0,1,1,0,0,1,0,1,1,1,0,1,1,0,0,0,0,1,1,0.0,-19.127138279009362,1
1,1,1,1,1,1,0,1,0,0,0,0,0,1,1,1,1,1,1,0,0,1,0,1,1,1,0,0,0,1,0,0,0.0,-19.12683194054618,1
1,0,0,0,1,1,1,0,0,0,0,0,1,1,1,0,1,0,1,1,0,1,1,0,0,1,0,0,0,1,0,0,0.0,-19.1266068045992,1
0,1,1,1,0,1,0,0,0,1,1,1,1,0,0,0,1,1,0,1,0,1,0,1,0,0,0,0,0,0,1,0,0.0,-19.126445274519483,1
1,0,0,0,0,1,0,1,0,1,1,0,0,0,0,1,1,1,0,1,0,1,1,0,1,0,0,1,0,0,1,0,0.0,-19.126406766347493,1
1,1,0,1,0,0,0,0,0,1,1,1,0,1,0,0,0,1,1,0,0,1,1,1,1,1,0,0,0,0,0,0,0.0,-19.126316843587116,1
1,1,1,1,1,1,0,0,0,1,0,0,0,1,1,1,0,1,1,0,0,1,1,0,0,0,0,0,0,0,0,0,0.0,-19.126238949095857,1
0,0,1,0,0,0,0,0,0,1,1,1,1,1,0,0,1,1,1,0,0,1,0,0,1,1,1,0,0,1,0,0,0.0,-19.126121003740934,1
0,0,1,0,1,1,1,1,0,0,0,0,1,0,1,1,1,0,1,1,0,1,0,0,1,0,0,0,0,1,0,0,0.0,-19.126051686335465,1
0,1,0,0,1,1,0,1,0,1,1,1,1,1,0,0,1,1,1,1,1,1,1,0,1,0,0,0,0,0,0,1,0.0,-19.125877466697585,1
0,1,1,0,1,1,1,1,0,0,0,0,0,1,0,1,1,0,0,0,0,1,0,0,1,1,0,1,0,0,1,0,0.0,-19.125652488086025,1
1,1,0,1,1,1,0,1,0,1,0,0,0,1,0,1,1,1,0,1,1,1,0,0,1,1,0,0,0,0,1,1,0.0,-19.125471258976365,1
0,0,0,1,1,1,0,1,0,1,1,1,1,0,0,0,1,1,0,0,1,0,0,1,0,1,0,1,0,0,0,0,0.0,-19.125448876172477,1
0,0,0,0,0,0,1,0,0,0,1,1,0,0,0,1,0,1,1,1,1,1,1,1,1,1,0,0,0,0,0,1,0.0,-19.125447787297944,1
0,1,1,1,0,0,0,1,1,0,1,0,0,1,1,0,1,0,0,0,0,1,1,1,1,1,1,1,0,0,1,1,0.0,-19.125428609224933,1
0,0,0,1,1,0,0,1,0,1,0,0,0,0,1,0,0,0,1,1,1,1,1,0,1,1,0,0,1,0,1,0,0.0,-19.125159752780494,1
0,0,0,0,1,1,0,1,0,1,1,0,0,0,0,0,1,1,1,1,0,0,0,1,1,0,1,0,0,0,1,1,0.0,-19.1251509333058,1
0,0,0,1,1,1,1,1,1,1,1,0,1,0,1,1,1,0,1,1,1,0,0,0,0,1,0,0,0,0,1,1,0.0,-19.12504733723713,1
0,0,1,1,1,0,1,1,0,1,0,1,1,0,1,1,1,0,0,0,1,1,0,1,1,1,1,0,0,0,0,1,0.0,-19.125002634978117,1
1,1,0,1,0,0,0,0,0,1,1,0,0,0,0,0,1,1,1,0,0,1,1,1,1,1,0,0,0,0,0,1,0.0,-19.124876764447443,1
1,0,1,1,1,1,1,1,0,1,1,0,1,1,0,0,1,1,1,1,0,1,0,1,0,0,1,0,0,0,0,0,0.0,-19.12467317205144,1
0,0,0,0,1,0,1,1,0,1,0,0,0,0,1,1,1,1,1,1,1,1,1,0,0,1,1,0,1,1,1,0,0.0,-19.124539856148097,1
1,1,1,1,1,1,0,0,1,1,1,1,0,0,0,0,0,0,1,1,1,1,1,0,1,1,0,0,1,0,0,0,0.0,-19.124399025176544,1
0,0,0,1,1,1,1,0,0,1,1,1,0,0,1,0,1,0,1,1,1,1,1,0,1,0,1,0,0,0,1,1,0.0,-19.12436234906815,1
1,0,0,0,1,0,1,0,1,0,0,1,0,0,1,0,1,0,1,1,0,1,0,0,0,1,1,0,0,0,1,1,0.0,-19.12431933606807,1
0,0,1,1,1,1,1,0,0,0,1,0,1,0,1,0,1,0,0,1,1,1,0,0,1,0,0,0,0,0,1,0,0.0,-19.12430039942036,1
0,1,1,0,0,0,1,0,0,1,1,0,1,0,0,0,1,1,1,1,0,1,0,1,1,1,1,0,1,0,1,1,0.0,-19.123996159570755,1
0,0,1,1,1,1,0,0,0,1,0,1,0,0,1,1,1,1,1,0,0,1,1,1,1,0,1,1,1,0,0,0,0.0,-19.123895902946145,1
0,0,0,1,1,1,0,0,1,0,1,0,0,0,1,0,1,1,0,1,0,0,0,0,1,0,1,0,1,1,0,1,0.0,-19.123768599179773,1
1,1,1,0,1,0,0,0,1,1,1,0,0,1,0,1,1,1,0,1,1,1,0,1,1,0,0,0,0,0,1,1,0.0,-19.123579112876616,1
1,0,0,1,1,1,0,0,1,0,0,0,1,0,1,0,1,1,1,0,0,0,1,0,1,1,0,1,0,0,0,0,0.0,-19.123397728261985,1
1,0,0,1,0,0,0,1,0,0,1,0,0,1,1,0,1,1,1,1,1,1,0,0,0,1,0,0,0,0,0,1,0.0,-19.123244304482096,1
1,0,0,1,0,1,1,0,1,1,0,0,0,0,0,1,0,0,1,1,0,0,0,1,1,1,0,1,0,1,0,0,0.0,-19.123058164264698,1
0,1,0,1,1,1,0,1,0,1,0,0,0,0,1,1,0,1,0,0,1,1,1,0,0,0,0,1,0,1,0,0,0.0,-19.122918330465517,1
0,1,1,0,1,1,0,1,0,1,1,0,0,1,0,0,1,1,0,0,0,0,1,1,0,0,0,1,0,0,0,1,0.0,-19.122756225474774,1
0,1,0,0,1,1,0,1,1,1,1,0,1,0,0,0,0,1,1,0,1,1,1,1,1,1,0,1,0,0,1,0,0.0,-19.12220742929139,1
0,1,0,1,0,1,0,0,0,0,1,0,1,0,0,0,1,1,0,1,0,1,0,0,1,1,1,1,0,0,1,0,0.0,-19.121759527627017,1
1,0,0,1,1,0,1,0,1,1,0,1,1,0,1,0,0,0,1,1,0,1,1,0,0,0,0,1,0,0,0,0,0.0,-19.121650574488193,1
0,1,1,1,0,1,1,0,1,0,1,1,1,0,1,0,0,0,1,1,1,1,0,1,1,1,0,0,1,0,0,0,0.0,-19.121419776394543,1
0,0,1,0,0,0,1,0,1,1,0,0,0,0,0,0,1,1,1,0,1,0,0,1,0,1,1,1,1,0,0,1,0.0,-19.121308672016497,1
0,1,0,1,1,0,1,0,0,1,1,1,0,1,1,0,1,1,1,1,1,1,1,0,0,0,0,0,0,0,1,1,0.0,-19.121216133750085,1
0,0,1,1,1,1,1,1,0,1,0,1,1,0,0,0,1,1,1,0,1,1,0,1,1,1,1,0,0,0,0,0,0.0,-19.12114809671546,1
0,1,0,1,0,1,0,0,0,1,0,1,0,1,0,0,0,1,1,1,0,1,1,0,1,0,0,1,0,0,0,1,0.0,-19.1207439615896,1
1,1,0,0,1,1,0,0,1,1,0,1,0,0,1,0,1,0,1,0,1,1,0,0,1,1,1,1,0,0,1,1,0.0,-19.120485868083954,1
0,0,1,0,1,1,0,1,0,1,0,0,0,0,0,1,0,1,1,1,0,1,1,0,1,0,0,1,0,1,0,0,0.0,-19.120024237598273,1
0,0,1,0,1,1,0,0,0,0,1,0,0,0,1,0,1,1,1,1,1,1,0,0,1,1,1,1,1,0,1,1,0.0,-19.119557654660834,1
1,0,1,0,1,1,0,0,0,1,1,1,0,1,0,0,1,1,1,1,1,1,1,1,0,1,0,0,0,0,0,1,0.0,-19.119445904898026,1
0,0,0,0,1,1,0,0,0,1,1,0,0,0,1,1,1,1,1,0,0,1,1,0,1,0,1,0,0,0,0,1,0.0,-19.119181084893725,1
0,0,0,1,1,1,1,0,0,1,1,1,0,1,1,1,1,0,1,1,0,1,0,1,0,0,1,1,0,0,0,1,0.0,-19.119071840777394,1
0,0,0,0,0,1,1,1,1,0,1,1,0,1,1,0,1,0,1,0,0,1,0,0,0,1,0,1,0,0,0,1,0.0,-19.118917479397126,1
0,0,0,1,0,1,0,1,1,1,1,0,0,0,0,0,1,1,1,0,0,1,1,1,0,1,0,0,0,0,0,1,0.0,-19.118758059307467,1
0,1,0,1,0,1,1,1,1,1,1,0,0,1,1,1,0,0,0,0,0,1,1,0,1,1,0,1,1,0,0,1,0.0,-19.118742134965167,1
1,1,0,0,1,0,1,0,0,1,1,1,0,1,0,0,0,1,0,1,0,1,1,0,1,1,1,1,0,0,1,1,0.0,-19.118227107501713,1
0,0,1,0,0,1,1,1,0,1,0,1,0,0,1,0,0,0,0,0,1,1,0,1,1,1,0,0,0,1,0,1,0.0,-19.118034857221307,1
1,1,0,0,0,1,1,0,1,1,1,1,0,0,1,1,1,1,0,1,1,1,1,0,0,0,0,0,0,1,0,1,0.0,-19.117612037539164,1
0,1,1,1,0,1,1,0,1,0,1,0,0,0,1,0,1,0,1,1,1,0,0,0,1,0,0,0,0,0,0,1,0.0,-19.117388616547288,1
1,0,0,0,0,1,1,0,0,1,0,0,0,0,1,1,0,1,0,1,1,1,1,0,1,0,1,0,0,0,0,1,0.0,-19.11737427583579,1
0,1,1,1,0,0,0,1,1,1,0,0,1,0,1,1,1,0,0,0,0,1,0,0,0,1,0,1,0,0,0,1,0.0,-19.117327374778448,1
1,0,0,0,0,1,0,0,0,1,1,1,0,0,1,0,1,1,0,0,1,1,0,1,1,1,0,0,0,0,1,0,0.0,-19.117207637192966,1
0,1,0,0,1,1,0,0,0,1,0,1,0,0,0,1,0,1,1,1,0,1,0,1,1,1,0,0,0,0,1,0,0.0,-19.116921821298845,1
0,1,0,1,1,0,0,1,1,1,0,0,0,0,0,0,1,1,1,1,1,0,0,1,0,1,0,0,1,0,0,0,0.0,-19.116420031699654,1
0,0,0,0,1,1,1,0,0,1,1,0,0,1,1,0,0,1,1,0,1,1,1,0,1,0,0,0,0,0,0,1,0.0,-19.115980784605377,1
1,0,0,0,1,0,1,1,0,1,0,0,0,1,0,0,1,1,0,1,0,1,0,0,1,1,0,0,0,0,1,1,0.0,-19.115718597473144,1
0,0,1,0,1,1,0,1,0,1,1,0,0,0,1,0,0,1,0,0,0,1,0,1,0,1,0,1,1,0,1,0,0.0,-19.11566030351482,1
0,0,0,1,1,0,1,1,0,1,0,0,0,1,1,0,1,1,0,0,1,1,1,0,0,1,0,0,0,0,1,0,0.0,-19.115359776988377,1
0,0,1,1,0,1,1,1,0,1,0,0,1,1,1,1,0,1,0,1,1,1,0,1,0,1,1,0,0,0,0,1,0.0,-19.115010727977037,1
1,1,1,0,1,1,0,1,1,1,0,0,0,0,0,1,1,1,0,0,0,1,1,1,1,1,0,1,0,0,0,1,0.0,-19.113978306108223,1
0,1,1,0,1,1,0,1,0,0,1,1,0,1,1,0,1,1,1,1,0,1,0,0,1,0,1,1,0,0,0,1,0.0,-19.11343234420258,1
1,0,1,0,1,1,1,1,0,0,1,1,0,1,1,0,0,1,0,1,0,1,1,0,1,1,1,0,0,0,0,1,0.0,-19.11290103297318,1
1,0,1,1,1,1,1,1,0,1,1,0,0,0,1,0,0,1,1,1,0,1,0,1,1,0,1,0,0,0,0,1,0.0,-19.112584165090492,1
1,0,1,0,1,1,1,1,1,1,1,1,0,0,0,0,0,0,0,1,0,1,0,0,1,0,0,1,0,0,0,0,0.0,-19.112070565684448,1
0,0,0,0,1,1,0,1,1,1,0,1,0,0,0,0,0,1,0,0,0,1,1,0,1,1,1,1,0,0,0,1,0.0,-19.11186497433885,1
0,1,1,1,1,1,0,0,0,1,1,0,0,0,0,0,1,1,1,0,0,1,1,0,1,1,0,0,0,0,0,0,0.0,-19.11155708903528,1
0,0,1,1,1,1,0,1,0,1,1,0,0,0,1,0,1,1,1,1,1,1,0,0,0,1,0,1,0,0,1,1,0.0,-19.109417283281065,1
0,0,1,1,1,1,1,1,1,1,1,0,0,1,1,0,0,1,1,0,0,1,1,0,1,0,0,1,0,0,0,1,0.0,-19.10930426475927,1
0,1,0,1,0,0,1,0,1,1,1,0,0,0,0,1,1,1,0,1,1,1,0,1,0,1,0,0,0,0,0,0,0.0,-19.10389891057816,1
1,0,0,1,1,1,1,0,1,1,1,1,0,0,1,0,0,1,1,1,0,1,0,0,0,1,1,1,0,1,0,0,0.0,-19.103783634821163,1
0,0,0,1,1,0,1,1,1,1,0,0,0,0,1,0,1,1,1,1,0,1,0,1,0,1,1,1,0,0,1,1,0.0,-19.10178004029951,1
1,0,1,1,0,0,0,1,0,0,0,0,1,1,0,0,0,0,1,0,0,0,1,1,1,0,0,1,1,0,0,1,0.0,-18.784144487423333,1
1,0,1,0,1,0,1,1,0,0,1,0,1,0,0,1,1,1,1,0,1,0,0,0,0,1,1,1,1,1,1,1,0.0,-18.783738234363927,1
0,1,1,0,0,0,0,0,0,0,1,1,0,0,0,1,1,0,1,0,0,0,1,0,0,0,1,1,1,0,1,1,0.0,-18.7829185678398,1
1,1,0,0,0,1,1,1,0,0,0,1,0,0,0,0,0,0,0,0,1,0,0,0,1,0,1,0,1,1,1,1,0.0,-18.782475353063234,1
1,0,0,1,1,1,0,1,0,0,0,0,0,0,0,1,1,0,0,0,1,1,0,1,0,0,1,0,1,0,1,0,0.0,-18.78177415144409,1
0,0,0,1,1,0,0,0,0,0,0,1,1,0,1,1,0,1,1,0,0,0,1,1,0,0,1,0,1,0,1,0,0.0,-18.780580661634865,1
1,0,0,1,0,0,0,1,0,1,0,1,1,0,0,1,0,1,1,0,1,0,0,0,0,0,1,1,0,0,1,0,0.0,-18.780209532679514,1
1,0,1,1,1,0,0,1,0,0,1,0,0,0,0,1,0,0,1,0,1,0,1,1,0,0,0,1,0,1,0,0,0.0,-18.780130080456487,1
1,1,0,1,1,1,0,0,0,0,1,1,0,0,0,0,1,0,1,0,0,0,1,0,0,0,1,0,1,0,0,1,0.0,-18.779588034675765,1
0,0,0,1,1,0,0,1,0,0,1,0,1,1,0,1,1,0,1,0,0,1,0,0,0,0,0,1,0,0,1,1,0.0,-18.779583524679826,1
0,1,0,1,0,1,1,0,0,0,1,0,1,0,0,0,1,0,1,0,1,0,0,1,0,0,0,0,0,1,1,1,0.0,-18.779166462246444,1
0,1,0,0,1,1,0,1,0,0,1,1,1,0,1,0,1,1,1,0,1,0,1,1,0,0,1,0,1,1,1,1,0.0,-18.778907685324864,1
1,1,0,1,0,1,0,1,0,0,1,0,1,0,0,0,1,0,1,0,1,1,1,1,1,1,1,0,1,1,0,1,0.0,-18.77869051097642,1
1,1,0,1,0,1,0,0,1,0,0,0,1,0,1,0,0,0,1,0,1,0,0,1,0,0,1,0,1,0,1,0,0.03125,-18.77868398176917,1
0,1,0,1,0,0,0,0,0,1,0,0,0,1,0,1,0,0,1,0,1,0,1,1,1,0,0,0,0,1,1,1,0.0,-18.776959351279046,1
1,1,1,1,1,1,1,0,0,0,1,1,1,1,0,0,0,1,1,0,0,0,0,1,1,0,1,1,1,0,1,0,0.0,-18.77626019105146,1
1,0,1,1,1,1,1,0,0,0,1,1,0,0,0,1,0,1,1,0,1,1,1,1,1,0,0,1,1,0,1,0,0.0,-18.77602556985707,1
0,0,0,1,0,1,1,0,1,0,0,1,1,0,0,1,1,0,1,0,0,0,0,0,1,0,1,0,1,0,0,1,0.0,-18.775949852807575,1
0,0,0,1,1,1,0,1,0,0,1,1,1,0,0,1,0,0,1,0,0,0,1,0,1,1,0,0,0,0,1,0,0.0,-18.775599422804657,1
1,1,0,1,1,1,1,1,0,1,0,1,0,1,0,1,0,1,1,0,0,0,0,1,1,0,1,0,1,0,1,1,0.0,-18.775078719350965,1
0,0,0,1,1,0,1,0,0,0,0,1,1,0,0,1,0,1,0,0,0,1,0,1,0,0,1,1,1,0,1,0,0.0,-18.774647272857322,1
1,1,0,0,1,1,1,1,0,0,1,0,1,1,1,1,1,0,1,0,0,0,1,0,1,0,1,1,0,1,1,0,0.0,-18.774581334767916,1
0,1,1,1,1,0,0,0,0,0,0,1,1,0,0,1,1,1,1,0,1,1,1,0,0,1,1,1,1,1,0,1,0.0,-18.7743268596209,1
1,1,0,1,0,1,1,0,0,1,1,1,0,0,0,0,0,0,1,0,1,0,0,0,0,0,1,0,0,1,1,0,0.0,-18.773850256987735,1
0,0,0,1,1,1,0,0,1,0,0,0,1,1,0,1,0,0,1,0,0,1,0,0,1,0,1,0,1,0,0,1,0.0,-18.773815064614173,1
1,0,1,1,1,0,1,1,0,0,0,1,1,1,1,1,1,0,1,0,1,0,1,0,1,1,0,0,0,1,0,1,0.0,-18.773769877955203,1
0,0,0,0,1,1,0,1,0,0,0,1,0,1,0,0,0,1,1,0,0,1,1,1,0,0,0,0,1,0,1,1,0.0,-18.773093876368414,1
1,0,0,1,0,1,1,1,0,1,0,0,0,1,0,1,1,0,1,0,1,1,1,1,1,1,0,0,1,0,1,1,0.0,-18.772371056045465,1
0,0,0,1,1,1,0,1,0,1,0,0,0,0,0,1,1,0,1,0,0,0,1,1,0,0,1,0,0,0,1,1,0.0,-18.772263112064817,1
0,1,0,0,1,1,0,0,1,0,1,0,1,0,0,1,1,0,1,0,0,1,1,1,1,1,0,1,1,1,1,1,0.0,-18.771856193155955,1
1,1,0,1,1,0,0,1,1,1,1,1,1,1,1,0,0,1,1,0,1,0,1,0,0,0,1,0,1,0,1,0,0.0,-18.77162125357362,1
0,1,0,1,1,1,0,1,0,0,1,0,1,0,1,1,1,0,1,0,1,1,0,0,0,1,1,1,1,0,1,1,0.0,-18.771555258995438,1
0,0,0,1,1,1,0,0,0,0,0,0,0,1,0,1,0,1,1,0,0,1,1,1,1,0,0,0,1,0,1,0,0.0,-18.771468020214936,1
0,0,0,1,1,1,0,0,1,0,0,0,1,1,0,0,0,0,1,0,1,1,0,1,1,0,0,0,0,1,1,0,0.0,-18.771355975853016,1
0,1,0,1,0,1,1,1,0,0,0,0,1,1,0,0,0,0,0,0,0,1,1,1,0,0,0,1,0,0,1,1,0.0,-18.770751987002797,1
1,0,0,0,1,1,1,1,0,0,1,0,0,1,0,0,1,0,1,0,0,1,1,0,0,0,0,0,1,0,0,1,0.0,-18.770415361950327,1
0,0,0,1,0,1,1,0,0,1,0,1,0,1,0,0,1,0,0,0,0,0,0,1,1,0,0,0,1,1,1,1,0.0,-18.770369299528106,1
1,1,0,1,1,1,1,0,1,0,1,0,0,1,0,1,0,0,1,1,0,1,1,1,1,0,0,0,1,0,1,1,0.0,-18.769980084128857,1
0,1,0,1,0,1,0,0,0,0,0,1,1,1,1,0,0,0,1,0,0,0,1,1,1,0,0,0,0,1,0,1,0.0,-18.769875494872878,1
0,1,0,1,1,1,0,0,0,1,1,1,1,1,0,1,1,0,1,0,0,1,1,1,1,0,0,1,0,0,1,1,0.0,-18.769839596445216,1
0,0,1,0,1,1,1,1,0,0,0,0,0,1,0,0,0,0,1,0,1,1,0,0,1,0,0,0,1,0,1,1,0.0,-18.7698166600421,1
0,0,1,1,1,1,1,0,1,0,0,1,0,1,1,1,0,0,1,0,0,1,1,1,1,0,1,0,1,1,1,0,0.0,-18.768789660590187,1
1,1,0,0,1,1,0,1,1,0,0,1,0,0,0,1,1,0,0,0,1,1,0,0,0,0,1,0,0,0,1,0,0.0,-18.7687238808103,1
1,1,0,1,1,1,1,0,0,0,0,1,0,1,0,0,1,0,1,0,1,1,1,1,0,1,1,1,0,0,1,1,0.0,-18.76847293527225,1
1,0,1,0,1,0,0,1,0,0,1,0,0,0,0,1,1,0,1,0,0,1,1,0,0,1,1,0,1,0,0,0,0.0,-18.7683394785187,1
1,0,1,0,0,1,1,0,0,0,1,0,1,0,0,1,0,0,1,0,0,1,1,1,0,1,0,0,0,1,0,0,0.0,-18.768190710566227,1
0,0,1,0,1,0,0,0,1,1,0,1,1,0,0,1,0,0,1,0,1,0,1,0,0,1,0,0,1,0,0,1,0.0,-18.768082268543314,1
0,1,0,1,1,0,1,1,0,0,0,0,0,0,0,1,0,1,1,0,0,1,0,0,1,0,0,0,0,1,1,1,0.0,-18.76807268121226,1
1,1,1,1,0,1,1,1,0,0,1,0,0,1,1,1,1,0,0,1,1,1,1,0,0,0,0,0,1,0,1,1,0.0,-18.767816995967088,1
1,0,0,1,1,0,0,0,0,0,1,0,1,1,1,0,0,1,0,0,1,1,0,0,0,0,0,1,0,1,1,0,0.0,-18.767796368140623,1
0,0,1,1,0,1,1,1,0,0,0,0,1,0,0,1,1,1,1,0,1,1,1,1,0,1,1,1,0,0,1,1,0.0,-18.767591191082108,1
1,1,0,1,0,1,1,0,0,1,1,0,0,1,0,0,0,0,0,0,0,0,1,1,1,0,0,0,1,0,1,0,0.0,-18.767342388695837,1
0,0,0,1,1,1,1,1,1,1,0,1,1,0,0,1,0,1,1,1,1,1,1,0,0,0,0,0,1,1,1,0,0.0,-18.767122994795965,1
1,1,0,0,1,1,0,1,0,0,0,0,0,0,0,1,1,0,0,0,1,0,0,1,0,1,0,1,1,0,0,1,0.0,-18.76706891368471,1
1,0,0,1,1,1,0,1,0,1,1,0,0,0,0,0,0,0,1,0,1,1,1,0,0,0,1,0,0,0,0,1,0.0,-18.766410781404254,1
1,0,0,0,1,0,0,1,1,1,1,1,0,1,0,0,1,0,1,0,1,1,1,1,0,1,1,0,1,1,0,1,0.0,-18.76620799020571,1
0,1,1,1,1,0,0,0,0,0,0,0,1,0,0,1,0,1,0,0,0,1,1,1,1,0,1,0,0,0,1,0,0.0,-18.76615694540869,1
0,1,0,1,0,1,1,1,0,0,0,0,0,0,0,1,0,1,0,0,1,1,1,1,0,0,0,0,1,0,0,1,0.0,-18.76610962317583,1
0,0,0,0,0,1,0,1,0,0,1,1,0,1,1,0,0,0,1,0,1,1,0,0,0,0,1,1,0,0,1,1,0.0,-18.765884957494563,1
0,0,0,0,1,1,0,1,0,0,1,0,1,0,0,1,1,0,0,0,0,1,1,1,1,0,1,0,0,0,0,1,0.0,-18.765833894285507,1
0,1,0,1,0,0,1,0,1,0,1,0,0,1,0,0,0,0,1,0,1,1,0,0,0,1,0,0,1,0,1,1,0.0,-18.765667618054383,1
0,1,1,1,1,1,1,0,1,0,0,1,1,0,0,0,1,1,0,0,1,1,0,1,0,0,1,1,1,0,1,1,0.0,-18.765598524842893,1
0,1,0,1,0,1,1,0,0,0,0,1,0,0,1,1,1,0,1,0,0,0,1,0,1,0,0,0,0,0,1,1,0.0,-18.765582022062148,1
0,1,0,0,1,1,0,1,0,1,0,1,0,0,0,1,0,0,0,0,0,1,0,1,0,0,1,1,1,0,1,0,0.0,-18.764917351577747,1
0,1,0,1,1,1,0,1,0,1,1,0,1,0,0,0,0,0,0,0,0,0,1,0,1,0,0,1,1,0,0,1,0.0,-18.76484398566334,1
0,1,1,1,1,1,1,1,0,0,0,0,1,0,1,0,0,1,1,0,1,1,1,0,1,0,1,0,0,1,1,1,0.0,-18.764703089257388,1
0,1,1,0,1,0,1,1,0,0,1,0,1,0,0,1,0,0,1,0,1,1,1,0,0,0,0,1,0,0,0,0,0.0,-18.764661453209726,1
0,1,1,1,1,0,0,1,1,0,0,1,1,1,1,0,1,1,1,0,1,1,1,0,0,0,0,1,1,0,1,0,0.0,-18.764449569498893,1
0,0,1,1,1,1,1,0,0,1,1,0,1,1,0,1,0,0,1,1,0,0,1,1,1,1,0,0,1,0,1,1,0.0,-18.76430680518969,1
0,1,1,1,1,1,0,1,0,0,1,0,1,0,0,1,1,1,1,1,1,0,1,0,1,0,1,1,0,0,1,0,0.0,-18.7642324036172,1
1,0,1,1,1,0,0,1,0,0,1,0,0,0,0,1,0,1,0,1,1,1,1,1,1,1,0,1,1,0,1,1,0.0,-18.764214413242183,1
0,0,1,0,1,1,0,1,0,0,1,0,1,1,0,0,0,1,0,0,0,1,0,0,0,1,0,0,1,0,1,1,0.0,-18.764029511008033,1
0,1,0,1,1,1,0,0,1,1,0,0,0,1,0,0,1,0,1,0,1,1,1,1,0,1,1,0,1,1,1,1,0.0,-18.764013119937072,1
0,1,1,1,1,0,0,0,0,0,0,0,0,0,1,0,0,0,1,0,1,1,0,0,1,0,1,0,0,1,1,1,0.0,-18.76345530752902,1
1,0,0,0,0,1,0,1,0,0,1,0,0,0,0,1,0,1,0,1,0,0,1,1,1,0,1,0,0,0,1,1,0.0,-18.763423055755506,1
0,1,1,0,1,1,0,1,1,0,1,1,0,1,0,1,1,0,1,0,1,1,1,0,0,1,0,1,0,1,1,0,0.0,-18.76325332888489,1
0,0,0,1,1,0,1,1,0,0,0,1,1,0,0,1,1,1,1,1,1,1,1,0,1,1,1,0,0,1,1,0,0.0,-18.763222074295108,1
1,0,0,1,0,1,0,1,0,1,0,0,1,0,0,0,1,0,1,1,1,0,0,0,1,0,0,1,1,0,0,0,0.0,-18.763186379889945,1
1,0,0,1,0,0,0,0,0,1,1,1,0,0,1,1,1,0,1,0,1,0,0,1,1,0,0,0,0,0,0,1,0.0,-18.763062806885323,1
1,1,0,0,1,1,0,1,1,0,0,1,1,0,0,0,1,0,1,0,0,1,1,1,1,1,1,1,0,1,0,1,0.0,-18.763000169316594,1
0,1,0,1,0,0,0,0,0,0,0,0,1,1,1,0,0,1,1,1,1,0,0,0,1,0,0,0,1,1,0,1,0.0,-18.762829480939963,1
0,0,1,0,1,1,0,1,0,0,1,0,1,0,1,0,0,1,0,0,0,1,1,0,0,0,1,0,1,0,1,0,0.0,-18.762783520509217,1
1,0,0,1,1,0,0,0,0,0,1,1,0,1,1,0,1,0,1,0,0,1,1,0,1,0,0,0,0,1,0,0,0.0,-18.76260387158896,1
0,0,0,0,1,0,1,0,0,0,1,1,0,1,0,1,0,0,1,1,1,0,1,1,1,0,0,0,0,1,0,0,0.0,-18.762575100821064,1
0,0,0,1,0,0,0,0,0,1,0,1,0,1,0,1,1,1,1,0,0,0,1,0,1,0,0,1,0,1,0,1,0.0,-18.762435982393345,1
1,0,0,1,0,1,1,1,0,1,0,0,1,0,0,1,0,1,0,0,0,1,0,1,1,0,0,0,1,0,0,0,0.0,-18.76240303280637,1
0,0,1,1,1,1,1,1,0,0,0,1,0,1,1,1,1,1,1,0,1,0,1,0,1,0,0,1,0,0,1,1,0.0,-18.762371424459378,1
0,0,0,1,1,1,0,0,0,0,0,1,0,0,0,0,1,0,1,0,0,1,1,1,0,1,1,0,0,1,0,1,0.0,-18.762185548964748,1
1,0,1,1,1,0,0,1,0,0,1,1,0,1,0,0,1,1,0,0,1,1,1,0,1,1,1,1,1,0,0,1,0.0,-18.762063575875093,1
0,1,0,1,0,0,1,0,0,0,1,0,1,1,0,0,0,1,1,0,1,1,1,0,1,0,0,0,0,0,0,1,0.0,-18.76200576380858,1
0,0,0,1,1,1,0,0,0,0,1,0,0,1,0,1,1,0,0,0,0,1,0,0,0,1,1,1,0,0,1,1,0.0,-18.761400989286845,1
0,1,0,0,0,1,1,0,0,1,1,0,1,0,0,1,1,0,1,0,0,1,0,0,1,0,0,0,0,0,1,1,0.0,-18.761325383494054,1
1,1,1,0,0,1,0,0,1,0,1,1,0,1,1,0,1,1,1,0,1,1,1,0,0,0,1,1,1,0,1,0,0.0,-18.761225573765298,1
1,0,1,0,0,0,0,0,1,1,0,1,0,0,0,0,1,0,1,0,0,1,1,1,1,0,0,0,1,0,0,1,0.0,-18.76098851235922,1
0,1,0,1,0,1,0,0,0,0,0,0,0,1,0,0,0,0,1,0,1,1,0,0,1,1,1,1,0,0,1,1,0.0,-18.76063321107359,1
1,0,0,1,1,1,0,0,0,0,0,1,1,0,0,0,1,1,0,1,0,1,1,0,1,0,0,0,0,0,1,0,0.0,-18.760616935429084,1
0,0,0,1,0,1,0,0,0,1,1,0,1,1,0,0,1,1,1,0,0,1,0,0,1,0,0,0,0,1,1,0,0.0,-18.760515202360708,1
0,0,1,0,1,1,0,1,0,0,1,0,1,1,0,1,1,1,1,0,0,1,1,1,1,1,1,0,0,1,0,1,0.0,-18.76043740001399,1
0,0,0,1,0,0,0,1,0,0,1,0,1,1,1,0,0,0,1,0,1,0,0,0,1,1,1,1,0,0,0,1,0.0,-18.76014006418483,1
0,1,0,1,1,1,0,1,0,1,1,1,0,0,0,0,1,0,1,1,1,0,1,0,1,1,1,0,1,0,1,1,0.0,-18.76013140051102,1
0,1,0,1,0,0,0,0,1,0,1,0,0,0,0,1,0,0,1,1,1,0,1,0,1,1,0,0,0,0,1,1,0.0,-18.76006752880278,1
0,0,0,1,0,1,0,1,1,1,1,0,0,0,0,1,0,0,1,0,0,1,0,0,1,0,0,1,0,0,1,1,0.0,-18.76001497221409,1
0,0,0,1,1,1,0,1,0,1,0,0,1,1,0,0,1,1,1,0,0,0,0,1,0,0,0,1,0,0,1,0,0.0,-18.75997516102968,1
1,1,1,1,1,0,1,1,1,1,1,1,0,0,0,1,1,0,1,0,0,1,1,1,1,0,0,0,0,0,1,0,0.0,-18.759960259679378,1
1,0,0,0,1,0,0,0,1,1,0,0,1,1,0,0,1,1,1,0,1,1,0,0,0,0,1,0,0,0,1,0,0.0,-18.75953854538605,1
0,1,1,1,1,1,1,0,0,0,1,1,1,0,0,1,1,1,0,1,0,1,1,1,0,0,0,1,0,0,1,1,0.0,-18.759317268573533,1
0,1,1,1,0,1,1,1,0,1,1,1,1,1,0,1,0,1,1,0,0,1,1,1,1,0,0,0,0,0,0,1,0.0,-18.759236849422663,1
0,0,1,1,1,1,0,0,1,0,1,1,0,1,0,1,1,0,1,1,1,1,0,1,1,0,0,1,0,0,1,1,0.0,-18.759206092102765,1
1,0,0,0,1,1,0,1,0,0,1,0,0,1,0,1,1,1,0,1,0,0,1,0,1,0,0,0,0,0,1,0,0.0,-18.75904956929834,1
1,1,0,1,1,1,1,1,0,1,0,1,0,0,1,0,1,0,0,0,1,0,1,1,1,1,0,0,1,0,1,1,0.0,-18.758801477197217,1
0,0,0,0,1,1,0,1,0,1,0,0,1,1,0,1,0,0,0,1,1,0,1,1,0,0,0,1,0,0,0,1,0.0,-18.758768697148994,1
0,1,0,1,1,1,1,1,0,1,1,1,1,0,0,1,0,1,1,1,1,1,0,0,0,0,0,1,0,0,1,1,0.0,-18.758726507442674,1
1,0,0,1,1,1,0,1,0,1,1,1,0,0,0,0,1,1,0,0,1,1,0,0,0,0,0,0,0,0,1,0,0.0,-18.758584141359513,1
0,0,0,0,0,1,0,1,0,1,1,1,0,0,0,0,1,0,1,0,0,0,1,0,1,1,1,0,0,0,1,1,0.0,-18.75850241240875,1
1,0,0,1,1,1,1,1,0,1,1,1,1,0,1,0,0,1,1,0,0,1,1,0,1,0,0,1,0,0,1,1,0.0,-18.75835339582742,1
1,1,1,1,1,1,1,1,0,1,0,1,0,0,0,1,1,1,1,0,1,1,0,0,1,0,1,0,1,0,0,0,0.0,-18.75820149752874,1
0,0,0,1,1,1,0,1,0,1,0,0,0,0,0,0,1,0,1,0,0,1,1,1,0,0,1,1,0,0,1,0,0.0,-18.758089368715858,1
0,1,1,0,1,0,1,0,0,0,0,0,1,0,1,0,0,0,1,1,1,1,1,0,1,1,1,1,1,1,1,1,0.0,-18.75797479332797,1
1,1,0,1,0,1,0,1,0,0,0,0,0,0,0,0,0,1,0,0,1,1,1,1,1,0,0,1,0,0,0,1,0.0,-18.757912591264542,1
0,1,0,1,1,0,1,0,1,0,1,0,1,1,1,1,0,0,1,1,0,1,1,1,1,0,1,0,0,0,1,1,0.0,-18.757408232121644,1
0,0,1,0,0,0,0,1,0,0,1,1,0,1,0,0,1,0,1,0,0,1,0,1,1,1,1,0,1,0,0,0,0.0,-18.757326213341408,1
0,0,0,1,1,0,0,1,0,0,1,0,1,1,0,1,1,1,0,1,0,1,0,1,0,0,0,0,0,0,0,1,0.0,-18.757299220289617,1
0,0,1,0,1,1,1,1,0,1,1,1,0,0,0,1,0,0,1,0,0,1,0,0,0,0,1,0,0,0,0,1,0.0,-18.757273596975466,1
0,0,1,1,0,1,0,0,1,0,1,1,1,0,1,0,0,0,0,1,1,1,0,1,1,1,0,1,1,1,1,1,0.0,-18.757190109343362,1
1,0,0,1,1,1,0,1,0,1,0,0,0,1,0,0,0,1,1,0,0,1,0,1,1,0,0,0,0,0,1,0,0.0,-18.757118727668864,1
1,1,0,1,1,1,1,0,1,0,0,0,0,1,0,0,0,0,0,1,0,1,0,0,0,0,1,0,0,0,1,1,0.0,-18.75690460604644,1
0,1,1,0,0,1,0,0,0,0,0,1,0,1,0,0,0,1,1,0,0,0,1,1,1,1,0,0,0,0,1,1,0.0,-18.75654701691093,1
1,1,1,1,0,1,0,1,0,0,1,0,1,1,1,0,0,1,1,0,0,1,0,1,1,1,0,1,0,0,1,1,0.0,-18.756532438486065,1
0,0,0,1,0,0,1,1,0,1,0,0,0,0,1,1,0,0,0,0,1,1,1,1,1,0,0,0,1,0,0,1,0.0,-18.756470099573683,1
0,1,0,0,0,1,0,0,1,1,1,1,0,0,0,0,0,1,1,0,1,0,0,0,0,0,1,1,0,1,1,0,0.0,-18.756206351277115,1
0,0,0,1,1,1,1,0,1,1,0,1,0,1,0,0,1,0,0,0,0,0,0,1,1,0,0,0,1,0,1,0,0.0,-18.75619963006707,1
0,0,0,0,1,1,0,1,0,0,0,0,1,0,0,0,1,0,1,1,1,1,1,0,1,0,0,1,0,1,0,0,0.0,-18.75607981779118,1
0,1,1,0,1,0,0,1,0,1,0,1,1,0,0,1,1,1,1,0,1,1,1,1,1,1,0,0,0,1,0,1,0.0,-18.756074055427323,1
0,0,1,1,0,0,1,0,0,0,1,0,1,0,0,0,1,0,1,1,0,1,1,1,1,0,0,0,0,0,0,1,0.0,-18.755932579502804,1
0,0,0,1,0,1,1,1,0,0,1,0,0,0,1,0,0,0,1,0,1,1,1,1,0,0,0,1,0,0,0,1,0.03125,-18.75589989517521,1
1,1,0,1,1,1,1,1,0,1,1,1,0,0,0,0,1,0,1,0,0,1,1,1,0,1,0,1,0,1,0,1,0.0,-18.75585380573195,1
0,1,0,0,1,1,1,1,0,1,1,1,0,0,1,1,1,0,1,0,1,1,1,0,0,0,1,1,1,1,0,0,0.0,-18.755828776406823,1
1,1,0,0,1,1,0,1,1,0,1,0,0,0,1,1,0,1,1,1,1,1,0,0,1,0,1,0,0,1,1,1,0.0,-18.755695006622553,1
1,1,1,1,1,0,1,1,0,0,1,1,0,0,1,0,0,1,1,1,1,0,1,1,1,0,1,0,0,0,1,0,0.0,-18.7551369625006,1
1,1,0,1,0,1,0,1,0,1,0,0,0,0,0,0,0,1,0,0,0,1,1,0,1,1,0,0,1,0,1,0,0.0,-18.75509731571596,1
1,1,0,0,1,1,1,0,0,0,1,0,0,0,0,0,1,1,0,0,0,1,1,0,1,0,0,0,1,0,0,1,0.0,-18.754988252995407,1
0,1,0,1,1,1,1,0,1,0,1,1,0,1,0,1,1,1,1,1,0,1,1,1,0,0,0,0,0,0,1,1,0.0,-18.754700290113,1
0,1,0,0,1,1,1,0,0,1,0,1,1,1,0,0,1,0,0,0,0,0,1,1,1,0,0,0,0,1,0,0,0.0,-18.754662290169335,1
0,0,0,1,1,0,0,0,0,1,0,1,0,0,1,1,1,0,1,1,1,0,0,1,0,0,1,0,0,0,1,0,0.0,-18.75465928844548,1
1,0,1,0,1,0,1,1,1,1,1,0,1,1,1,1,0,0,1,1,1,0,1,0,0,1,0,0,1,0,0,1,0.03125,-18.754567779284613,1
0,0,0,1,1,1,0,1,0,1,1,0,1,0,0,0,0,1,0,0,1,1,0,0,0,0,1,1,0,1,0,0,0.0,-18.754451939167375,1
0,1,0,1,1,1,1,1,0,0,0,1,1,0,1,0,1,1,0,0,1,0,1,1,1,1,1,0,1,0,0,1,0.0,-18.75444119584943,1
1,0,1,1,0,0,1,1,1,0,0,1,0,0,1,0,1,0,1,1,0,0,1,1,1,1,0,1,0,1,1,1,0.0,-18.75420960992092,1
0,0,1,1,1,1,1,1,0,0,0,0,0,1,0,0,0,0,1,1,0,1,0,1,0,0,0,1,0,0,1,0,0.0,-18.75403874864032,1
0,0,0,1,0,1,1,1,0,1,1,0,1,1,0,0,0,1,1,0,1,1,0,1,0,0,0,0,0,0,0,0,0.0,-18.753253298558846,1
0,1,0,0,1,1,1,1,0,1,0,1,1,0,1,1,0,0,1,1,1,1,0,1,0,1,0,0,0,1,1,1,0.0,-18.752900738872583,1
0,1,1,0,0,0,1,1,1,0,1,0,0,1,0,1,0,1,1,0,1,1,0,1,1,1,1,1,1,1,0,0,0.0,-18.752392774254474,1
0,1,0,0,0,0,1,1,0,1,0,0,0,1,0,0,0,0,1,1,0,0,1,0,0,1,0,1,1,1,0,1,0.0,-18.75224889050626,1
0,0,0,1,0,0,0,1,0,1,0,1,0,1,1,1,1,1,0,0,1,0,1,0,0,1,0,0,0,0,1,0,0.0,-18.75202622036951,1
1,0,0,1,1,1,0,1,1,0,1,0,0,1,0,0,1,0,0,1,0,1,0,1,0,0,0,0,0,0,0,1,0.0,-18.751985647716186,1
0,0,0,0,1,1,0,0,1,1,0,0,1,0,0,1,0,1,1,0,0,1,1,1,0,0,0,1,0,0,0,1,0.0,-18.7514643317395,1
0,1,0,1,0,0,0,1,0,0,1,0,0,0,1,1,0,0,1,1,0,1,0,0,1,1,0,0,0,0,1,1,0.0,-18.751273657991085,1
0,0,0,0,0,0,0,0,0,0,0,1,0,1,0,0,0,1,1,1,1,1,1,1,1,1,0,0,0,0,1,1,0.0,-18.751155838445904,1
0,0,0,0,1,0,0,1,0,1,1,1,0,1,0,1,0,1,0,1,0,1,0,0,0,0,0,1,0,0,1,1,0.0,-18.75086425370372,1
0,0,0,1,0,0,1,0,1,0,0,1,0,1,0,1,1,1,1,0,1,1,0,0,1,0,0,1,0,0,0,0,0.0,-18.75068919446572,1
0,0,0,0,1,1,0,0,0,1,1,1,0,1,0,1,1,0,1,1,0,1,0,0,0,0,0,1,1,0,0,0,0.0,-18.750541838683237,1
0,0,1,1,0,1,0,0,0,0,0,0,1,0,1,0,1,1,1,0,0,1,0,1,1,0,1,0,0,0,0,1,0.0,-18.750499724870558,1
0,1,0,1,1,0,0,0,0,0,0,0,0,1,1,1,1,0,0,1,0,0,1,0,1,0,0,1,0,1,0,1,0.0,-18.750195236492885,1
0,1,0,0,1,1,0,0,0,0,0,0,0,1,0,0,1,1,1,1,0,1,1,0,1,0,0,0,0,1,1,0,0.0,-18.75005831758,1
0,0,0,1,1,0,0,0,0,1,1,1,0,1,0,0,1,0,0,0,0,1,1,0,1,1,1,0,1,0,0,0,0.0,-18.7500308905447,1
0,0,0,0,1,0,0,0,0,1,1,1,0,0,0,0,1,1,1,1,0,1,1,0,0,0,1,0,0,0,1,1,0.0,-18.74988702799742,1
0,0,1,0,1,0,1,1,0,1,0,0,1,0,0,0,1,1,0,0,1,0,1,1,1,0,0,0,0,0,0,1,0.0,-18.749780444484642,1
0,1,1,0,1,0,1,1,0,1,1,1,0,1,1,0,0,1,1,1,1,0,1,1,0,0,0,0,0,1,1,1,0.0,-18.74915288446012,1
1,1,1,0,0,0,0,1,1,1,0,1,1,1,1,0,0,1,1,1,1,0,1,0,0,1,0,1,0,0,1,1,0.0,-18.748009728464176,1
0,0,1,1,0,1,1,0,0,1,0,0,1,1,1,0,0,0,1,1,0,1,1,1,1,1,1,0,1,1,0,1,0.0,-18.747952877792834,1
1,1,1,1,0,1,1,0,1,1,1,0,1,0,0,0,1,1,0,0,0,1,1,1,1,0,1,1,1,0,0,0,0.0,-18.74787260916993,1
1,0,0,0,1,1,0,0,0,0,1,0,0,0,0,0,0,1,0,1,0,1,1,0,1,1,1,0,1,1,0,0,0.0,-18.74783755085874,1
0,0,0,1,0,0,0,1,0,1,1,1,0,1,0,1,0,0,0,1,0,1,0,0,1,1,0,1,0,0,1,0,0.0,-18.747673546551745,1
0,0,0,0,1,1,1,1,1,0,1,1,0,0,0,0,1,0,0,0,0,1,0,0,1,1,0,0,1,0,0,1,0.0,-18.747578920134043,1
0,0,0,1,1,1,0,1,1,1,0,0,1,1,0,0,1,1,1,0,0,0,0,1,0,0,0,1,0,0,0,0,0.0,-18.747568762721016,1
0,0,0,1,1,0,1,0,0,0,0,0,1,1,0,1,0,1,1,1,0,1,1,0,1,1,0,0,0,0,0,0,0.0,-18.74715042771503,1
0,0,0,0,1,1,0,1,0,1,0,1,0,1,0,0,1,1,1,0,1,1,0,0,1,0,0,0,0,0,0,1,0.0,-18.74685990749317,1
1,1,1,0,1,0,1,1,0,0,1,1,0,1,1,0,0,1,0,0,0,1,1,1,0,1,1,1,0,1,0,1,0.0,-18.746815342644897,1
0,0,1,1,0,0,0,0,1,1,1,0,0,1,0,0,0,1,1,1,1,0,1,0,1,0,0,0,1,0,0,0,0.0,-18.74674998316854,1
0,1,1,0,1,0,1,1,0,0,1,0,0,0,0,1,0,1,1,0,0,1,0,0,0,1,0,1,0,0,0,1,0.0,-18.74635938679541,1
0,0,0,1,1,1,0,0,0,1,1,0,1,0,0,0,1,1,1,0,0,1,0,0,1,1,0,0,0,0,1,0,0.0,-18.746344282630062,1
1,1,0,0,1,0,0,1,0,0,1,0,0,1,1,0,0,0,0,0,0,1,0,0,1,1,1,1,0,1,0,0,0.0625,-18.74607959571727,1
0,0,1,1,1,0,0,0,0,1,0,1,0,0,0,0,0,0,1,1,0,1,1,1,1,0,0,1,0,0,0,1,0.0,-18.746012310322502,1
0,0,0,0,1,1,1,1,0,0,0,0,0,1,0,0,1,1,1,0,0,0,0,1,0,1,1,1,0,1,0,0,0.0,-18.7458579556913,1
0,0,1,0,1,1,0,1,0,0,1,1,1,1,1,0,1,1,1,1,1,0,1,0,1,1,0,1,1,0,0,0,0.0,-18.744901038191117,1
0,1,0,0,0,1,0,0,1,1,0,1,0,0,0,0,1,0,1,1,0,1,0,1,0,0,0,1,0,0,1,1,0.0,-18.744684026484627,1
1,0,1,0,1,1,0,0,0,1,0,1,0,0,1,0,1,1,1,1,1,1,1,1,1,0,0,1,1,0,1,0,0.0,-18.744659792722217,1
0,0,1,1,1,0,0,1,1,1,1,1,1,0,1,0,0,1,0,0,0,1,1,1,1,1,0,1,1,0,1,0,0.0,-18.74362307336606,1
1,0,1,1,1,0,1,0,0,0,1,0,1,0,1,0,1,0,1,1,0,0,0,0,1,1,0,0,0,0,0,0,0.0,-18.743591876849983,1
0,0,0,1,0,0,0,0,0,1,1,0,0,0,1,0,1,1,1,1,0,1,1,0,0,0,1,0,1,0,0,1,0.0,-18.74336200494349,1
1,1,0,1,0,0,1,0,0,1,1,1,0,1,1,0,1,1,0,1,1,1,1,1,1,0,0,0,0,0,1,1,0.0,-18.742981921463596,1
1,0,1,0,1,1,1,0,1,1,1,1,1,1,0,0,1,1,1,1,1,1,1,1,0,0,0,0,0,0,0,0,0.0,-18.741782973243012,1
1,0,0,1,1,1,1,1,0,1,0,0,0,1,1,1,0,0,1,1,1,1,0,1,1,1,0,1,0,0,1,0,0.0,-18.74087209627686,1
0,0,1,1,0,1,1,0,0,0,1,0,0,1,1,1,0,1,1,1,0,1,0,1,1,1,1,1,0,0,1,1,0.0,-18.73971525707989,1
0,0,0,0,0,1,1,0,0,1,1,0,1,1,1,1,1,1,1,1,0,1,0,1,1,1,1,0,1,0,1,0,0.0,-18.73872383948135,1
0,0,0,0,1,1,1,1,1,1,1,0,0,0,0,0,1,1,1,1,1,1,1,1,1,0,1,0,0,0,1,1,0.0,-18.737918220990682,1
0,1,1,1,1,0,1,1,1,0,0,0,1,1,1,0,1,0,1,1,1,0,0,1,1,1,0,1,0,0,0,1,0.0,-18.73725876896679,1
0,0,1,1,1,1,0,0,0,1,0,1,0,0,1,0,0,1,1,0,0,1,1,0,0,1,0,0,0,0,0,1,0.0,-18.736761604973406,1
1,1,1,1,1,1,0,0,1,1,1,1,0,0,0,0,1,1,1,1,0,1,0,0,1,1,0,0,0,0,1,1,0.0,-18.736463910787496,1
0,1,1,1,1,1,0,1,1,1,1,0,1,0,1,0,0,1,0,1,1,1,0,1,1,0,0,0,1,1,0,0,0.0,-18.735815648864044,1
0,1,1,1,0,1,1,1,0,0,1,1,0,0,1,0,0,1,1,1,1,1,1,1,1,1,0,0,0,0,0,1,0.0,-18.734158915114744,1
0,0,0,0,0,1,1,0,1,1,0,1,1,0,0,0,1,1,0,1,0,1,1,0,0,1,0,0,0,0,1,0,0.0,-18.733918285220035,1
0,0,1,1,1,1,0,0,0,1,0,1,0,1,1,0,0,0,1,1,0,1,0,1,1,0,0,0,0,0,0,0,0.0,-18.733318109069142,1
1,0,1,0,0,0,1,1,0,0,1,0,0,0,1,0,1,1,0,1,0,1,1,0,1,1,0,0,0,0,0,0,0.0,-18.726532714718807,1
1,1,1,1,1,1,0,1,0,0,1,0,1,0,0,1,1,0,1,1,1,1,1,0,0,0,0,1,1,0,1,1,0.0,-18.253270323478482,1
0,0,0,0,0,0,0,0,0,0,1,1,0,1,0,0,0,0,1,0,1,0,1,1,0,0,1,1,1,0,1,1,0.0,-18.251938021842406,1
0,0,1,0,1,0,0,1,0,0,0,0,1,1,0,0,1,0,1,0,0,0,1,0,0,0,0,1,1,0,1,1,0.0,-18.251269495424296,1
0,0,0,1,1,1,0,0,0,0,1,1,0,0,0,1,1,0,0,0,0,1,0,0,0,0,1,0,1,0,1,1,0.0,-18.24737853348249,1
1,0,1,1,0,0,0,0,0,0,1,0,1,1,0,1,1,0,0,0,0,0,0,1,0,1,0,0,0,0,1,1,0.0,-18.24699927873356,1
0,1,1,0,1,1,1,1,0,0,1,1,1,0,0,1,1,0,0,0,1,1,1,1,1,0,1,0,1,1,0,1,0.0,-18.245790265080753,1
0,0,0,1,0,0,0,1,0,0,1,0,0,1,0,0,0,0,1,0,1,1,0,1,0,0,0,1,1,1,0,1,0.0,-18.24577295784667,1
1,0,0,1,0,0,0,0,0,0,0,1,0,1,0,0,0,0,1,1,1,1,0,1,0,0,1,0,0,1,1,0,0.0,-18.244174353599767,1
1,1,0,0,1,0,0,0,0,0,1,1,0,1,0,0,0,0,1,0,0,0,1,1,1,0,0,0,1,0,0,1,0.0,-18.244117861724728,1
1,0,0,1,1,1,0,1,0,0,0,0,0,0,1,1,1,0,0,0,0,0,0,1,0,0,1,0,0,0,1,1,0.0,-18.2411312469548,1
0,0,0,1,1,1,0,1,0,0,0,1,1,1,0,1,1,0,0,0,0,1,0,1,0,0,0,0,0,1,0,0,0.0,-18.241074185940843,1
1,1,0,1,1,1,1,0,0,1,1,1,0,1,0,1,1,0,1,0,1,1,1,0,0,0,1,1,1,0,0,1,0.0,-18.240705325695238,1
1,0,0,0,1,1,0,1,0,1,1,0,1,0,0,0,0,0,0,0,1,0,1,0,1,0,0,0,0,1,0,1,0.0,-18.238209400014544,1
0,0,0,0,1,1,0,1,1,0,1,1,0,0,0,1,0,1,1,0,0,0,0,0,0,0,1,0,0,0,1,1,0.0,-18.238030176528586,1
0,0,0,1,1,0,0,1,0,0,1,1,0,0,0,1,0,0,1,0,0,1,1,0,1,0,0,1,0,0,0,1,0.0,-18.237389373535343,1
1,1,0,1,0,1,0,1,0,0,0,0,1,0,1,1,0,1,0,0,1,1,0,0,0,0,0,0,0,0,1,0,0.0,-18.23735276285155,1
0,0,0,1,0,0,0,1,0,0,0,1,0,1,1,1,1,0,0,0,0,0,1,0,1,0,0,1,0,0,1,1,0.0,-18.237349722683547,1
0,0,0,1,1,1,1,1,0,0,0,0,0,1,0,0,0,0,1,0,1,0,1,1,0,0,1,0,0,0,0,1,0.0,-18.237123943711165,1
0,1,0,1,1,0,0,0,0,0,1,0,0,0,0,0,0,0,1,0,1,1,1,0,1,0,0,1,0,1,1,0,0.0,-18.23677853467683,1
0,1,0,0,0,0,0,1,0,0,0,1,0,1,0,1,1,1,1,0,0,1,0,1,0,0,0,0,1,0,0,1,0.0,-18.23628476506692,1
1,1,1,1,1,0,0,0,0,0,1,1,0,0,0,1,0,0,1,1,1,1,1,1,1,1,1,1,0,0,1,1,0.0,-18.23584894100983,1
1,0,0,0,1,1,0,0,0,1,1,1,0,0,0,1,1,0,1,0,0,1,0,0,0,0,1,0,0,0,1,0,0.0,-18.23569976886343,1
1,0,1,0,1,0,1,1,1,0,0,1,0,1,0,1,0,0,0,0,1,0,0,1,0,0,1,0,0,0,0,0,0.0,-18.235338130413524,1
0,0,0,1,1,0,1,0,0,0,0,0,1,1,0,0,1,1,0,0,0,0,1,0,1,0,1,0,1,0,0,1,0.0,-18.23475375918149,1
0,0,1,1,0,0,1,1,0,0,1,0,1,1,0,0,1,0,1,0,0,1,0,0,1,0,0,0,0,1,0,0,0.0,-18.233388274654878,1
0,0,1,0,0,1,0,1,0,0,1,0,1,0,0,1,1,0,0,0,0,1,0,0,1,1,0,0,0,1,1,0,0.0,-18.232872746208184,1
0,1,0,0,1,0,0,1,0,1,0,1,1,0,0,1,1,1,1,1,0,1,1,1,0,1,0,1,1,1,1,1,0.0,-18.231398667449973,1
0,1,0,1,0,1,0,1,0,0,0,0,1,0,0,0,1,1,0,0,0,0,1,0,1,0,0,1,0,1,0,1,0.0,-18.231040432712877,1
1,0,0,1,1,0,1,1,0,1,1,1,1,0,0,0,1,1,1,1,1,1,1,0,1,0,1,0,1,0,0,1,0.0,-18.23076644264973,1
1,0,0,1,1,1,1,0,0,1,0,1,0,0,0,1,1,1,1,1,1,1,0,0,1,1,0,0,1,1,1,1,0.0,-18.228685408707413,1
1,1,0,0,0,0,0,0,0,1,0,1,1,0,0,0,0,1,0,1,0,1,1,0,0,0,1,0,0,0,1,1,0.0,-18.228490781820522,1
0,0,0,0,1,0,1,0,0,0,0,0,1,0,1,0,1,1,1,0,0,0,0,0,0,1,1,0,1,0,1,1,0.0,-18.228087457703708,1
1,1,0,1,0,0,0,0,0,0,0,1,0,0,1,1,1,1,0,0,0,1,1,0,1,0,0,0,1,0,0,0,0.0,-18.22790847111969,1
1,1,1,1,1,1,1,0,0,1,1,0,1,0,0,0,1,0,1,0,0,1,1,1,1,1,1,0,1,0,0,1,0.0,-18.227862512507915,1
1,1,0,1,1,0,1,1,0,0,1,1,0,1,1,1,0,0,1,1,1,1,1,0,0,1,1,1,0,0,1,0,0.0,-18.2268340634684,1
1,1,0,1,1,1,0,1,1,1,1,0,1,1,1,0,1,1,1,0,1,0,0,0,1,0,1,0,0,0,1,1,0.0,-18.225446965388954,1
0,0,0,0,0,0,1,1,0,1,1,1,1,1,0,1,1,1,1,1,1,1,1,0,1,1,0,0,1,1,0,1,0.0,-18.225363040149784,1
1,0,1,0,1,0,1,0,0,0,1,0,0,0,0,0,0,0,1,0,1,1,0,0,1,1,0,1,0,0,1,0,0.0,-18.22441588107288,1
1,0,0,1,1,0,0,0,0,1,1,0,0,1,0,0,1,0,0,1,1,0,0,0,1,0,0,0,0,1,0,1,0.03125,-18.22435100496702,1
1,0,1,0,0,1,1,0,0,1,1,1,1,0,1,0,0,0,0,0,1,0,0,0,1,0,0,0,0,0,0,1,0.0,-18.223317602597874,1
0,0,1,1,0,0,0,0,0,0,1,0,0,1,0,0,0,0,1,0,1,1,1,0,1,1,1,1,0,0,0,0,0.0,-18.222439538949793,1
0,0,0,1,0,0,0,1,1,0,1,1,0,0,0,0,1,1,1,0,0,0,1,1,1,0,0,1,0,0,0,0,0.0,-18.221755794135333,1
0,0,0,1,1,1,0,1,1,1,0,0,1,0,0,0,0,0,0,0,0,1,1,1,0,1,0,0,1,0,0,0,0.0,-18.221058213671284,1
0,0,0,1,1,0,0,1,0,0,0,0,0,1,0,0,1,1,0,1,0,1,0,0,1,0,1,0,0,0,1,1,0.0,-18.220350497896302,1
0,0,0,0,1,0,1,0,0,0,0,1,0,1,0,0,1,1,1,1,0,0,0,1,0,0,1,1,0,0,1,0,0.0,-18.219654247126602,1
0,1,0,1,1,0,0,0,0,0,1,0,0,1,0,0,0,0,1,1,0,0,1,0,1,1,1,0,0,0,0,1,0.0,-18.21951825710299,1
0,0,0,0,1,0,1,0,0,0,1,1,0,1,0,0,0,0,0,0,0,1,0,1,1,1,1,1,0,0,1,0,0.0,-18.219076099685342,1
0,0,0,0,1,0,1,0,0,0,1,0,0,0,1,1,0,0,1,0,1,1,1,0,1,1,0,0,0,0,0,1,0.0,-18.21612007970164,1
0,1,0,1,0,1,1,1,1,1,0,1,0,0,0,0,1,0,1,1,1,1,0,1,0,1,1,1,0,1,1,1,0.0,-18.214993586272996,1
0,1,0,0,0,1,0,1,0,0,0,0,0,0,1,0,1,0,1,0,0,1,0,0,1,1,0,1,0,0,1,1,0.0,-18.21382779939115,1
0,0,0,1,1,0,0,0,0,0,0,0,1,1,0,0,1,1,1,1,0,1,1,1,0,1,0,0,0,0,0,0,0.0,-18.21382645388055,1
0,0,0,0,1,1,0,0,0,0,1,0,0,1,1,1,1,1,0,1,0,1,0,0,0,0,0,0,0,0,1,1,0.03125,-18.213600273248147,1
0,0,0,0,1,0,0,0,0,1,1,0,1,1,1,1,0,1,0,0,0,1,0,0,0,1,1,0,0,0,1,0,0.0,-18.213352158560824,1
0,1,0,0,1,1,0,0,0,1,0,0,1,1,0,0,0,0,0,0,1,1,1,1,1,1,0,0,0,0,0,0,0.0,-18.21215415881214,1
0,0,1,0,1,0,0,1,0,1,0,1,0,0,1,0,0,1,1,0,0,1,0,0,1,0,0,0,0,1,0,1,0.0,-18.211562302316977,1
0,0,0,0,1,1,1,1,0,1,0,0,1,1,0,0,0,0,0,0,0,1,0,1,0,1,1,1,0,0,0,0,0.0,-18.21036536281867,1
0,0,0,1,0,1,1,0,0,0,1,0,0,0,1,1,0,1,0,0,1,1,0,0,1,1,0,1,0,0,0,0,0.0,-18.203268042486748,1
0,0,1,0,0,1,1,0,1,1,1,0,0,0,1,1,0,1,1,1,1,1,0,1,1,1,1,0,0,1,1,1,0.0,-18.199344518659846,1
1,0,1,0,0,1,0,0,1,1,1,0,0,1,1,1,1,1,1,1,1,0,1,1,1,1,0,1,0,0,0,1,0.0,-18.19778396517669,1
0,0,0,0,1,1,0,1,0,1,1,0,0,0,1,0,0,1,0,1,1,0,0,0,1,1,0,0,1,0,0,0,0.0,-18.195307805662786,1
1,1,1,1,1,1,1,0,1,0,0,1,1,1,1,1,1,0,1,0,0,1,1,0,0,1,0,0,1,0,1,1,0.0,-17.556243171679306,1
0,1,1,1,0,1,0,1,0,0,0,1,0,0,0,0,0,0,1,0,0,1,0,0,0,0,0,1,0,1,0,1,0.0,-17.551335767757294,1
1,0,1,1,1,1,1,1,0,0,1,1,0,1,1,1,1,1,1,0,0,1,1,0,1,0,1,0,0,0,1,1,0.0,-17.550643482161973,1
0,1,0,0,0,0,1,1,0,0,0,1,1,0,0,0,0,0,0,0,0,1,1,0,1,1,0,0,1,0,1,0,0.0,-17.550591418736232,1
0,0,0,1,0,1,0,0,0,1,0,0,1,1,0,1,0,0,1,0,0,1,0,0,1,0,1,0,0,0,0,1,0.0,-17.55038254196827,1
0,0,0,0,0,1,0,1,0,0,1,1,0,1,0,0,0,0,0,0,0,1,0,1,1,0,0,1,0,1,1,0,0.0,-17.54954579486074,1
0,0,0,0,0,1,1,1,0,1,0,0,0,0,0,1,0,1,0,0,0,1,1,0,0,0,1,0,1,0,1,0,0.0,-17.545865448667254,1
0,0,1,1,0,1,0,0,0,0,0,1,0,0,0,0,0,1,1,0,1,1,1,0,0,0,0,1,0,0,0,1,0.0,-17.545440193835823,1
0,0,1,0,1,0,0,1,0,0,0,0,1,0,0,1,1,1,0,0,1,1,0,0,0,0,0,1,0,0,0,1,0.0,-17.543982646044938,1
0,1,0,0,0,0,1,0,1,1,0,0,0,1,0,0,0,0,0,0,0,1,1,0,0,0,0,1,1,0,1,1,0.0,-17.541736153215698,1
1,1,1,1,1,1,0,1,0,1,1,0,1,0,0,1,1,1,0,1,1,1,1,1,1,0,0,1,0,0,1,0,0.0,-17.538710301359966,1
0,0,1,0,1,1,0,1,0,1,1,0,0,0,0,0,0,0,0,0,0,1,0,1,1,0,0,0,1,1,0,0,0.0,-17.53836057874804,1
0,0,0,1,1,1,1,1,0,0,1,1,0,1,1,1,0,0,1,1,1,1,0,1,1,1,1,1,0,0,1,1,0.0,-17.536587826204418,1
0,0,0,0,1,1,0,1,0,0,1,0,1,0,0,0,0,1,1,0,1,1,0,1,0,1,0,0,0,0,0,0,0.0,-17.536161284016437,1
1,0,0,1,1,1,0,0,0,0,0,1,0,0,0,0,1,1,0,1,1,0,0,1,1,0,0,0,0,0,0,0,0.0,-17.534926209524905,1
0,0,0,0,0,0,1,1,0,0,1,0,1,0,1,0,1,1,0,0,0,1,1,0,1,0,0,0,0,1,0,0,0.0,-17.532659496506874,1
0,0,0,1,0,0,1,0,0,0,1,1,0,0,1,0,1,0,0,1,1,1,1,0,0,0,0,0,0,1,0,0,0.0,-17.532112486080216,1
0,0,1,1,1,0,1,0,0,0,0,1,0,1,1,0,0,1,0,0,0,1,1,1,0,0,0,0,0,0,0,0,0.0,-17.529345780290704,1
0,0,0,1,0,0,0,0,0,0,1,0,0,1,1,0,1,0,1,1,0,1,1,1,1,0,0,0,0,0,0,0,0.0,-17.528265952763896,1
0,0,0,0,1,0,1,0,0,0,1,1,1,0,1,0,0,0,0,0,0,1,0,0,0,0,0,1,1,0,1,0,0.0,-16.71324217785741,1
1,0,0,0,1,0,0,1,1,0,0,1,0,1,0,0,1,1,0,0,0,0,1,0,0,0,1,0,0,0,0,0,0.0,-16.707528208164035,1
0,1,0,0,0,1,0,1,0,0,0,0,0,0,0,0,1,0,0,0,1,0,0,1,0,1,0,1,0,0,1,1,0.0,-16.707353782780192,1
0,1,0,1,1,1,0,0,0,0,0,1,0,0,1,1,1,0,1,0,0,0,0,0,1,0,0,0,0,0,0,0,0.0,-16.702726097708627,1
1,1,0,1,1,0,1,0,0,1,1,0,1,1,1,1,1,1,1,1,0,1,1,1,1,0,1,0,0,1,1,0,0.0,-16.70232530445037,1
