0,1,2,3,4,5,6,7,8,9,10,11,12,13,14,15,16,17,18,19,20,21,22,23,24,25,26,27,28,29,30,31,32,33,34,35,36,37,38,39,40,41,42,43,44,45,46,47,48,49,50,51,52,53,54,55,56,57,58,59,60,61,62,63,chain_break_fraction,energy,num_occurrences
1,0,0,0,0,1,0,1,0,0,0,1,0,1,0,0,0,1,1,1,0,0,1,1,0,1,1,0,0,1,1,0,1,1,1,0,1,1,0,1,1,0,1,1,1,1,0,0,0,1,1,1,1,0,0,1,0,1,0,0,0,1,0,0,0.0,-128.48915347622437,1
1,1,1,0,0,1,0,1,1,1,1,1,0,1,0,0,0,0,1,0,1,1,1,0,0,1,0,1,0,0,1,0,1,1,0,1,1,1,0,0,1,0,1,1,0,0,0,1,0,0,1,0,1,1,0,1,0,0,0,1,0,1,0,0,0.0,-128.4833471232668,1
1,1,1,0,0,1,1,1,0,1,1,1,0,1,0,0,0,0,0,0,1,1,0,1,1,1,1,0,0,0,0,0,1,1,1,1,1,0,1,1,0,0,0,1,0,0,1,0,0,1,0,1,1,0,1,1,0,1,0,0,0,1,0,0,0.0,-128.48254386554947,1
1,1,1,0,0,1,0,1,1,1,1,1,0,0,1,1,0,1,0,1,1,1,0,1,0,0,0,0,0,1,1,0,1,1,0,0,1,0,1,1,0,0,0,1,1,0,0,0,1,1,0,1,1,0,1,1,0,0,0,0,0,1,0,0,0.0,-128.4799380574118,1
1,0,0,0,1,1,0,1,0,0,0,1,0,1,1,0,0,1,1,0,0,1,1,0,1,0,0,1,0,1,1,0,1,1,0,1,1,1,1,1,0,0,1,1,0,1,0,0,0,0,1,0,1,0,1,0,1,0,1,1,0,1,0,0,0.015625,-128.47883637300458,1
1,0,0,0,0,0,1,1,1,1,0,1,0,1,0,0,0,0,0,0,1,0,0,0,0,0,0,0,1,1,1,1,1,1,0,1,1,1,1,0,0,0,0,1,0,1,1,1,1,1,0,0,0,1,1,1,1,1,0,0,1,1,0,1,0.0,-128.47868971602446,1
0,0,1,0,0,1,1,1,0,1,1,1,0,0,1,0,0,0,0,1,0,0,1,0,1,1,0,1,0,1,1,1,1,1,1,1,1,0,0,1,0,0,0,0,0,0,0,1,1,1,1,1,1,1,1,1,0,0,1,0,0,0,0,0,0.0,-128.47831584281306,1
1,0,1,0,1,1,0,0,0,0,1,1,0,1,1,0,0,1,1,0,0,1,1,1,0,1,1,0,0,0,1,0,1,1,0,1,0,0,0,0,1,1,1,1,1,1,1,0,0,1,0,0,1,0,0,0,1,1,0,0,1,1,0,0,0.015625,-128.47799777382335,1
0,1,0,0,0,1,0,1,1,0,0,0,0,1,1,1,0,1,1,0,0,0,1,0,0,0,0,1,0,0,1,1,1,1,1,1,1,0,1,1,1,0,1,1,1,1,0,1,0,0,1,0,1,0,1,0,0,1,0,1,0,1,0,0,0.015625,-128.47432827753642,1
0,1,1,0,1,1,1,1,1,1,1,1,0,1,0,1,0,1,0,0,0,0,1,0,1,0,0,1,0,1,1,0,1,1,0,0,1,1,0,0,0,0,1,0,0,0,0,1,0,1,0,1,1,0,1,0,0,1,1,0,1,1,0,0,0.03125,-128.4714972693949,1
1,0,1,0,0,1,0,0,1,0,1,1,0,1,0,0,0,1,1,1,1,0,1,1,0,1,1,1,0,1,1,0,1,1,0,1,0,1,0,0,1,0,1,0,0,0,0,0,1,0,1,1,1,0,1,1,1,0,0,0,0,0,0,1,0.0,-128.4705208364058,1
1,1,1,0,1,1,0,1,1,1,1,0,0,1,1,1,0,1,0,0,0,0,0,1,1,1,0,1,1,0,1,0,0,1,0,1,1,0,0,1,1,0,1,1,1,0,1,0,0,0,0,0,1,1,0,1,0,0,0,0,0,1,0,0,0.0,-128.46712431977278,1
1,1,0,0,0,0,1,1,1,1,1,1,0,0,1,0,0,1,0,1,1,0,0,1,1,1,0,0,0,1,1,1,0,1,0,1,0,1,0,0,0,1,1,1,0,0,0,0,0,1,1,0,0,1,1,1,0,1,0,0,1,1,0,0,0.0,-128.46699205974875,1
1,0,1,0,0,1,0,1,1,0,1,1,0,0,1,0,0,1,1,1,1,1,1,1,0,1,0,0,1,1,1,0,0,1,1,0,0,1,1,1,1,1,1,0,0,1,0,0,0,0,0,1,1,0,0,1,0,0,0,0,0,1,0,0,0.0,-128.46671239896574,1
0,1,1,0,0,1,0,1,0,0,1,1,1,1,1,0,0,1,1,0,1,0,1,1,0,1,0,0,0,1,1,1,1,1,0,1,0,1,0,1,1,1,0,1,0,0,1,0,0,1,0,1,0,0,1,0,1,0,0,0,0,1,0,0,0.0,-128.46668049456628,1
1,0,1,1,0,1,0,1,0,1,0,1,0,1,0,1,0,1,1,1,0,0,1,0,1,1,0,1,0,1,0,0,1,1,0,0,1,1,0,1,1,0,1,0,0,0,0,0,1,1,1,0,1,0,0,0,0,1,1,1,0,1,0,0,0.0,-128.4660939889031,1
1,0,0,0,1,1,0,1,0,0,1,1,1,1,1,0,0,0,1,1,0,0,1,1,1,0,0,0,0,1,1,0,1,0,0,1,1,1,0,1,0,0,0,1,1,0,0,0,0,1,1,1,0,1,1,1,0,1,0,0,0,1,1,0,0.0,-128.4659406920536,1
0,0,0,0,1,1,1,1,0,1,1,1,0,1,1,0,0,0,0,0,1,0,1,1,1,0,0,1,1,1,1,1,1,1,0,0,1,1,0,1,0,0,0,1,1,0,0,0,0,0,1,0,0,1,1,1,1,0,0,0,0,1,1,0,0.0,-128.46158459515613,1
1,0,0,1,0,1,0,1,0,1,1,0,0,1,0,0,0,0,0,0,0,0,1,1,0,0,0,1,1,0,1,1,1,1,1,1,1,1,0,1,1,0,1,1,0,1,0,0,0,0,0,1,1,0,0,0,1,1,1,1,1,0,1,0,0.015625,-128.4606508397532,1
1,0,1,0,0,1,0,0,0,0,1,1,1,0,0,1,0,1,0,0,1,0,1,1,1,1,0,0,0,1,1,1,0,1,0,1,1,1,0,1,0,1,0,0,1,0,0,1,0,1,1,0,1,1,1,0,0,1,0,1,0,1,0,0,0.015625,-128.46031268415157,1
1,1,0,0,0,1,1,0,0,0,0,0,0,1,1,1,0,0,1,1,1,1,0,1,1,0,0,1,0,0,0,0,0,1,0,1,1,0,0,0,0,0,1,1,1,1,1,0,0,0,1,0,1,1,1,1,1,1,0,0,1,1,1,0,0.015625,-128.45998516783294,1
0,0,1,0,0,0,0,1,0,0,1,1,0,1,0,0,0,0,0,1,1,1,1,0,0,1,0,0,1,1,0,0,1,1,0,1,1,0,0,1,1,1,1,0,1,0,0,0,1,1,1,0,1,1,1,1,1,1,0,0,0,1,1,0,0.0,-128.4590849677682,1
1,1,1,0,0,0,0,0,1,1,1,1,0,0,0,1,1,0,1,1,1,0,0,0,0,0,0,1,1,1,1,0,1,1,1,1,0,0,1,1,1,0,1,0,1,1,0,0,0,1,0,0,0,0,1,1,1,0,0,0,0,1,0,1,0.0,-128.4589657974438,1
0,1,0,1,1,1,1,1,1,1,0,0,0,1,0,1,0,1,1,1,0,0,1,0,0,1,0,1,0,1,0,0,0,1,0,0,0,0,0,0,1,0,0,1,0,1,0,1,0,1,1,0,1,0,1,1,0,1,1,0,1,1,0,1,0.0,-128.45879459177536,1
0,0,0,0,0,1,1,1,0,1,1,1,0,1,1,1,0,1,1,0,1,1,0,1,1,0,1,0,0,0,1,0,1,1,1,0,1,0,0,1,1,0,0,1,0,1,0,0,1,1,0,1,0,1,0,1,0,0,0,0,1,0,0,1,0.0,-128.45808133913454,1
1,1,1,0,1,1,0,0,1,0,0,1,0,1,0,1,1,0,1,0,1,1,1,0,0,0,0,1,0,0,1,1,1,1,1,1,1,1,1,1,1,1,0,1,0,0,0,0,0,0,0,0,0,1,0,0,1,1,0,0,0,1,0,0,0.0,-128.45794981770155,1
1,0,1,0,0,1,0,1,1,1,0,1,0,1,0,0,0,1,1,0,0,1,0,1,0,1,0,0,1,1,1,1,1,1,0,0,1,0,1,0,0,1,1,0,0,1,1,0,0,0,0,0,1,1,1,1,0,0,1,0,0,1,0,1,0.015625,-128.45755227469505,1
0,1,1,0,1,0,0,1,1,1,1,1,0,1,0,1,0,1,1,0,0,1,1,0,0,0,0,0,0,0,1,0,0,1,0,0,0,1,1,1,1,0,1,0,1,1,0,1,1,0,1,0,0,0,1,1,1,1,0,0,1,1,0,0,0.0,-128.45750980343684,1
1,0,1,0,0,1,1,1,0,0,1,1,0,0,0,1,0,1,1,1,1,1,1,1,0,0,1,1,1,0,1,0,0,1,0,0,1,0,1,0,0,1,1,1,0,0,0,1,1,0,0,0,0,0,1,0,0,1,0,1,1,1,0,0,0.0,-128.4568866118267,1
1,1,0,0,0,1,1,1,0,0,1,1,0,1,0,0,0,1,1,1,0,1,1,1,1,1,0,1,1,1,1,1,1,1,1,1,0,0,0,1,0,0,0,1,0,0,0,1,1,0,1,1,0,0,1,0,0,0,0,0,0,0,0,0,0.0,-128.45593657324002,1
0,0,1,0,1,1,0,1,1,1,0,0,0,1,0,0,0,1,1,0,0,1,1,0,0,1,0,1,0,1,0,1,1,1,0,1,1,0,0,0,1,0,1,1,0,1,0,1,0,1,1,0,1,1,0,1,1,0,0,0,0,1,0,1,0.0,-128.45587322208976,1
0,1,1,1,0,1,1,1,1,0,1,1,0,0,0,0,0,1,1,0,0,0,1,0,0,1,0,0,1,0,1,1,0,1,0,0,0,0,0,1,1,1,1,1,1,1,0,0,1,1,0,0,1,1,1,1,1,0,0,0,0,1,0,0,0.0,-128.45563511388724,1
1,1,1,0,1,0,1,0,0,1,0,1,0,1,0,1,0,0,1,1,1,0,1,1,1,1,1,0,0,1,1,0,0,1,0,0,0,0,0,1,0,0,0,1,1,1,0,0,0,1,1,0,1,0,1,1,0,0,0,1,0,1,1,0,0.0,-128.4555966411759,1
1,1,0,0,0,1,1,1,1,0,1,1,0,0,0,1,0,1,1,1,1,1,1,1,0,0,1,1,0,1,1,0,0,1,1,0,0,0,0,1,0,1,0,0,1,0,0,0,1,0,1,0,1,0,1,0,0,0,1,0,0,1,0,1,0.0,-128.45480334224237,1
1,0,1,0,1,1,0,1,0,1,1,0,0,0,0,0,0,0,0,1,1,1,1,1,0,1,0,1,1,0,1,1,0,1,1,0,1,1,0,0,0,1,0,0,1,0,0,0,0,1,1,0,0,0,1,0,1,1,0,1,0,1,1,1,0.0,-128.45373977643587,1
0,0,1,0,1,0,0,0,1,1,1,0,1,1,1,0,0,1,1,1,0,0,0,1,1,1,0,1,0,1,1,0,1,1,0,1,0,0,1,0,1,0,0,0,0,1,0,1,1,1,0,0,1,0,0,0,1,0,0,1,1,1,0,1,0.015625,-128.45266192639545,1
1,0,1,1,0,1,1,1,0,1,1,1,0,0,1,0,0,1,1,0,1,0,0,0,1,0,0,0,0,0,0,0,1,1,0,0,1,0,0,1,0,0,1,1,0,1,1,1,0,0,1,0,1,1,1,0,1,1,0,1,0,1,0,1,0.0,-128.45145842914658,1
0,0,1,0,0,1,0,1,1,1,1,1,0,1,1,0,0,1,1,0,0,1,1,0,1,1,0,1,0,1,1,1,0,1,0,1,0,1,0,1,1,0,0,1,1,0,0,0,0,1,1,0,0,1,1,0,1,0,0,0,0,1,0,0,0.015625,-128.4509602058057,1
1,1,1,0,1,1,0,0,0,1,0,1,0,1,1,0,1,1,0,0,0,0,1,1,0,0,0,1,1,1,0,0,1,1,1,1,0,1,1,1,0,0,1,1,0,0,0,0,0,1,1,1,0,1,0,1,0,0,1,0,0,1,0,0,0.015625,-128.4501745564492,1
0,0,1,0,0,1,1,1,0,0,1,1,0,0,0,1,1,0,1,0,1,0,0,1,0,1,0,1,0,0,1,0,1,1,1,0,1,1,1,1,0,0,1,1,1,1,0,1,0,1,1,0,1,0,1,0,1,0,0,0,0,1,0,0,0.015625,-128.45006150934898,1
0,0,1,0,0,0,1,1,1,1,1,1,0,1,1,0,0,1,1,0,0,1,1,1,1,1,0,0,1,0,1,0,1,1,0,0,0,1,0,1,1,0,1,0,0,1,0,1,1,0,1,1,0,0,0,1,0,1,0,0,0,0,0,1,0.0,-128.44970157795717,1
0,0,0,0,0,1,0,1,0,0,1,1,0,1,1,1,0,0,0,0,1,1,1,1,1,1,0,1,0,1,0,1,0,1,0,1,0,1,0,1,0,0,1,1,1,0,0,1,0,0,1,0,1,0,0,1,0,1,1,1,0,1,1,0,0.0,-128.44897290312957,1
0,0,0,0,1,1,0,1,1,1,0,0,0,0,0,0,1,0,1,1,0,0,1,0,1,1,0,1,0,1,1,1,1,1,1,1,0,0,0,0,1,0,1,1,0,1,1,1,0,1,0,0,1,1,1,1,1,0,0,0,0,1,0,0,0.03125,-128.44874534098312,1
1,1,1,0,1,0,0,1,1,1,0,1,1,1,1,0,1,0,1,0,0,0,0,1,1,0,1,1,0,1,0,1,0,0,1,1,1,1,0,1,1,1,0,1,1,0,0,1,0,1,0,0,0,1,1,0,0,0,0,0,0,0,0,0,0.0,-128.44809708540117,1
0,1,1,1,0,1,1,1,1,0,0,0,0,1,0,0,0,0,1,0,1,1,1,0,0,0,0,0,0,1,0,1,1,1,0,1,1,1,0,1,1,1,1,1,0,0,1,0,0,0,0,0,0,1,1,1,0,0,1,1,0,1,1,0,0.03125,-128.44775206244904,1
1,1,1,0,0,0,1,1,1,0,1,0,1,1,0,0,0,1,0,0,1,1,0,0,1,0,0,1,1,1,1,0,1,1,1,1,0,1,0,0,0,1,0,1,1,0,1,0,0,0,0,1,0,0,1,0,1,1,1,1,0,0,0,0,0.015625,-128.44620730326395,1
1,0,1,0,0,1,1,1,0,0,1,0,1,1,0,0,0,1,1,1,0,1,0,0,0,1,0,0,0,1,1,1,1,1,1,0,0,1,1,1,0,0,1,1,0,1,0,1,1,0,0,1,0,0,1,1,1,0,0,0,0,1,0,0,0.0,-128.44463043085264,1
1,0,1,1,0,0,0,1,1,1,0,0,0,1,1,1,0,0,1,0,1,0,1,1,1,1,1,0,0,0,1,1,0,1,0,0,1,0,0,1,1,0,1,1,0,1,0,1,0,1,0,1,0,1,0,0,1,1,0,0,0,0,1,0,0.015625,-128.4437258947761,1
0,0,0,0,1,1,1,1,1,1,1,1,0,1,0,0,0,0,0,0,1,1,1,1,1,1,0,1,0,1,0,0,1,1,0,0,0,1,0,0,1,0,0,1,1,1,0,0,1,1,0,0,1,0,1,1,1,0,0,0,0,1,1,0,0.0,-128.44338533375262,1
1,1,0,0,0,0,1,1,0,1,1,1,0,1,0,1,0,0,0,0,1,0,1,0,0,0,0,1,0,0,1,1,1,1,0,1,0,1,0,0,1,0,0,1,0,0,0,1,0,0,1,1,1,1,1,0,0,0,1,1,1,1,1,1,0.0,-128.44204344314952,1
0,0,1,0,0,1,0,1,1,1,0,1,0,1,0,0,1,0,1,0,1,1,0,0,1,1,1,1,1,0,1,0,0,1,0,0,0,0,1,1,1,1,1,0,0,1,0,0,0,1,0,0,0,1,1,0,1,1,0,1,1,1,0,0,0.0,-128.44176903291208,1
1,0,1,0,1,0,1,1,1,1,1,0,1,0,1,0,0,1,1,1,0,0,0,1,1,1,0,0,0,1,1,0,1,0,1,1,0,0,1,1,1,1,0,1,1,1,0,1,0,0,0,0,1,1,0,0,0,1,0,0,0,0,0,0,0.0,-128.4416517878684,1
1,0,1,0,0,1,0,1,1,1,1,1,0,1,0,0,0,1,1,1,0,1,0,0,0,1,1,0,0,1,0,0,0,1,0,1,1,1,0,1,0,0,0,1,0,1,0,1,0,1,1,0,1,0,1,0,0,1,0,1,0,1,0,1,0.015625,-128.44133413662757,1
1,1,0,0,0,0,0,1,1,1,0,0,0,0,1,0,0,1,0,1,1,0,1,1,0,1,0,1,0,1,1,1,0,1,1,0,1,1,0,0,1,0,1,1,1,0,1,0,0,1,0,0,1,1,0,1,0,0,0,1,0,1,1,0,0.0,-128.44117806360018,1
1,0,1,0,1,0,0,1,0,0,0,1,0,0,1,0,0,1,0,0,1,0,1,1,1,1,1,0,0,0,1,0,0,1,1,0,1,0,0,1,1,1,1,1,1,0,0,0,1,1,1,0,1,1,1,1,0,0,0,0,0,1,1,0,0.0,-128.43899437962793,1
0,0,0,0,1,0,0,1,0,1,0,1,0,1,1,0,1,1,0,0,0,0,1,0,1,0,0,1,0,1,1,1,1,1,1,1,0,1,1,1,1,0,1,0,0,1,0,1,0,1,1,0,1,0,0,1,1,1,0,0,0,1,0,0,0.0,-128.43885493009117,1
1,1,0,0,0,0,0,1,0,0,0,1,1,1,0,0,0,1,0,0,0,1,1,1,0,1,0,0,1,1,1,0,0,1,1,1,1,1,0,1,1,0,1,1,1,0,1,0,0,1,0,0,0,1,1,0,0,1,1,0,0,1,1,0,0.0,-128.43879867740344,1
0,1,0,0,0,1,1,1,0,0,1,1,0,1,0,0,0,1,0,1,0,0,1,1,0,0,0,0,0,1,1,0,1,1,0,1,0,0,0,1,0,1,0,1,1,0,0,0,0,1,1,1,1,1,1,1,1,1,0,0,0,1,1,1,0.0,-128.43834319545988,1
0,0,1,1,0,0,1,1,1,0,1,1,1,1,1,0,1,0,0,1,1,0,1,0,0,1,0,0,0,1,1,0,0,0,0,0,1,0,0,1,1,0,1,1,1,0,0,1,0,0,0,1,0,0,1,0,1,0,0,1,1,1,1,1,0.0,-128.43822526492693,1
0,1,1,0,0,1,0,0,0,1,0,0,1,1,0,0,0,1,1,0,1,1,1,1,0,1,0,0,0,1,1,0,0,1,1,1,0,0,0,1,1,0,1,1,1,1,0,0,1,0,0,0,1,0,1,1,0,0,0,0,1,1,1,1,0.015625,-128.43771181261974,1
1,0,0,0,0,1,0,1,0,1,1,0,0,0,1,1,1,1,1,1,0,0,1,0,0,1,0,1,0,0,0,1,0,1,0,1,1,0,1,1,1,1,1,1,1,0,0,0,0,0,0,0,1,1,1,1,0,1,0,1,0,1,0,0,0.0,-128.4371710158426,1
0,0,0,0,0,1,0,1,0,1,1,1,1,1,1,0,0,0,0,0,0,1,1,0,1,0,0,1,0,1,1,0,1,1,0,0,1,1,0,1,0,0,0,1,1,1,0,1,1,0,1,1,1,1,0,1,0,0,1,0,0,1,1,0,0.0,-128.43657913333905,1
0,0,0,1,1,1,1,1,0,1,0,1,0,1,1,1,0,1,0,0,0,1,0,1,0,0,0,0,0,1,1,0,1,1,0,0,0,0,0,1,1,0,1,1,0,1,0,0,1,0,1,0,1,1,1,0,0,1,0,1,0,1,1,1,0.0,-128.43496363215922,1
1,0,1,0,1,0,1,1,0,1,1,1,0,0,0,0,0,0,1,0,1,0,0,1,0,1,1,1,1,0,1,0,1,1,1,0,0,0,1,1,1,0,0,0,1,1,0,0,0,1,1,1,0,1,0,0,0,1,0,1,1,0,1,0,0.0,-128.4344765009518,1
1,0,0,1,1,1,0,1,0,1,1,0,0,0,1,1,0,1,1,1,1,0,1,1,0,1,0,0,0,0,0,1,0,1,1,0,0,1,0,1,1,0,1,1,1,1,0,0,0,1,0,0,1,0,1,1,0,0,0,0,0,1,1,0,0.015625,-128.43384988026446,1
1,0,1,0,1,1,1,1,0,1,0,1,0,1,0,0,0,1,1,0,0,1,1,1,1,1,0,0,0,0,1,0,1,1,1,0,1,0,0,1,1,0,1,1,0,0,0,1,0,1,1,0,0,0,1,0,0,0,0,1,0,1,1,0,0.0,-128.4332480868168,1
0,1,1,0,0,1,1,1,0,0,0,1,1,0,0,1,1,0,1,0,0,1,1,1,1,0,0,0,1,1,0,0,1,1,0,1,1,0,1,1,1,0,1,1,1,0,0,0,0,0,1,0,1,0,1,0,1,0,0,0,0,1,1,0,0.0,-128.43311946652935,1
0,0,1,0,1,0,1,1,0,0,1,0,0,1,0,0,1,1,1,1,0,1,1,1,1,1,0,1,0,1,1,0,1,1,0,1,1,1,1,1,0,1,1,0,0,0,0,0,0,0,1,0,0,0,1,1,1,0,0,0,0,1,0,0,0.015625,-128.4322361836354,1
1,0,0,1,1,1,0,1,0,0,1,0,0,1,0,1,0,1,1,0,0,0,0,0,0,0,0,0,0,0,1,0,1,1,0,0,0,1,1,1,1,1,1,0,1,0,1,0,0,1,1,1,1,0,0,1,1,1,1,1,0,1,1,0,0.0,-128.43208980724512,1
1,0,0,0,0,0,0,1,1,1,0,0,0,1,0,0,0,1,1,1,0,0,0,0,1,1,1,0,0,0,1,0,1,1,1,0,1,0,1,1,1,0,1,1,1,0,0,1,0,1,1,1,1,0,1,0,1,1,0,0,0,1,1,0,0.0,-128.4319281497374,1
0,0,0,0,0,0,0,1,0,1,1,1,1,1,0,0,0,1,0,0,1,0,1,1,1,1,0,0,0,1,1,1,1,0,0,0,1,0,0,1,1,0,1,0,1,1,0,0,1,0,1,1,1,1,1,1,1,0,0,1,0,0,1,0,0.0,-128.43184858495977,1
0,0,1,1,1,1,0,1,1,0,0,1,0,1,1,0,0,1,0,0,0,1,0,1,0,0,0,0,0,1,1,0,0,1,0,1,0,1,0,1,1,0,0,1,1,0,1,1,0,1,1,0,1,0,1,1,1,1,0,0,0,1,1,0,0.015625,-128.43144914422277,1
1,1,1,0,1,1,1,1,0,0,1,1,0,1,1,1,0,1,1,0,1,1,0,0,0,1,0,0,0,1,1,0,1,1,0,0,0,0,1,1,1,0,0,0,1,0,0,0,1,0,1,0,1,0,1,1,0,0,0,0,0,1,1,0,0.0,-128.43127960195773,1
0,1,0,1,1,1,1,1,1,1,0,0,0,1,0,0,0,1,1,0,0,0,1,0,0,1,0,1,0,1,0,0,0,1,0,0,1,1,1,0,1,1,1,1,1,1,0,1,0,1,0,1,0,0,0,0,0,1,0,1,0,1,1,0,0.0,-128.43121793067786,1
0,0,1,0,0,1,0,1,0,0,0,0,1,1,0,0,0,1,0,1,0,1,1,0,1,1,0,1,0,1,1,0,1,1,1,1,1,1,0,1,1,0,1,0,0,0,0,0,0,1,0,1,1,0,0,1,1,0,0,1,0,1,1,1,0.015625,-128.43066822673813,1
1,0,0,0,0,0,1,1,0,1,1,0,0,1,0,0,0,1,1,1,0,1,1,1,0,1,0,1,1,1,0,0,0,1,0,1,1,0,0,0,1,1,1,1,1,0,0,0,0,1,1,0,0,0,0,1,0,1,1,0,0,1,1,1,0.0,-128.4303226227086,1
0,0,0,1,1,1,0,1,0,1,1,0,0,1,0,0,0,1,1,0,0,0,1,0,1,1,0,1,0,1,1,0,0,1,0,0,0,1,0,1,1,0,1,1,0,0,0,0,1,1,1,1,1,0,1,0,1,0,0,1,0,1,1,1,0.0,-128.43020755001066,1
1,1,1,0,0,1,0,1,0,0,1,1,0,0,1,0,0,1,1,0,0,1,0,1,1,1,0,0,0,1,1,0,1,1,1,0,1,1,0,0,0,0,1,0,0,0,1,0,0,1,1,1,0,0,0,1,1,0,1,0,0,1,1,1,0.0,-128.42971818270485,1
0,1,0,0,0,1,1,1,0,1,0,1,0,1,0,1,0,1,0,1,0,0,1,0,1,1,0,1,0,0,1,0,1,1,0,0,1,1,1,0,1,1,1,1,1,0,1,0,0,0,0,0,1,1,1,1,0,1,0,0,0,0,1,0,0.0,-128.42930003555597,1
0,1,0,0,1,1,0,1,0,0,0,1,1,1,1,1,0,1,1,1,0,0,1,1,1,0,0,1,0,1,1,0,1,0,1,1,1,1,0,1,0,0,0,1,0,0,0,0,0,1,1,0,0,1,1,0,0,0,0,0,1,1,1,0,0.0,-128.42901048817095,1
1,0,1,0,1,1,0,1,0,1,0,1,0,1,0,0,0,1,0,1,1,1,1,1,0,1,0,1,0,0,1,1,1,1,0,0,0,1,1,1,1,0,1,1,0,0,0,0,0,0,0,0,0,1,1,1,1,0,0,0,0,1,1,0,0.0,-128.42871532381582,1
1,0,0,0,0,0,1,1,0,1,0,1,0,1,0,1,0,1,0,1,1,0,1,1,0,1,1,1,0,0,1,0,0,1,0,0,0,0,0,0,1,0,1,1,1,1,0,0,0,1,1,1,1,1,1,0,0,1,0,1,0,1,1,0,0.0,-128.42842052139508,1
0,0,1,1,0,1,1,1,0,0,1,1,0,1,0,0,0,1,0,0,1,1,0,1,1,0,0,0,0,1,1,1,1,1,0,1,0,0,0,1,0,0,1,1,0,0,0,0,1,1,1,0,1,0,1,0,0,1,0,1,0,1,1,1,0.0,-128.4283646547776,1
1,1,0,0,1,0,1,1,1,0,0,1,0,1,0,0,1,0,1,0,0,1,1,0,0,0,1,1,0,1,1,0,0,1,0,1,1,0,0,0,1,1,1,0,0,0,1,0,0,1,1,0,1,0,1,1,0,0,1,1,0,0,1,1,0.0,-128.4279457398414,1
0,0,0,0,1,1,0,1,0,1,1,1,1,0,0,0,0,1,0,1,0,0,0,1,1,0,0,1,0,0,1,0,1,1,1,0,1,1,0,0,1,0,1,1,0,0,1,0,0,1,1,0,1,0,1,1,0,1,1,1,0,1,1,0,0.0,-128.42671860144975,1
1,1,0,0,0,0,0,1,0,0,1,1,0,1,0,1,0,1,1,0,1,0,1,0,1,0,0,0,1,1,1,1,1,1,0,1,0,1,1,0,1,1,1,0,0,0,0,0,1,0,0,1,0,1,0,0,1,1,0,1,0,1,1,0,0.0,-128.42638066324355,1
1,1,0,0,0,0,0,1,0,1,1,1,0,0,0,1,0,1,1,0,0,0,1,0,1,0,0,0,0,1,0,0,0,1,1,0,1,1,1,0,1,0,1,1,0,0,0,0,1,0,1,1,1,1,1,1,1,1,0,1,0,1,1,0,0.0,-128.425731968273,1
1,1,0,0,0,1,1,1,0,0,1,1,0,1,0,0,0,1,1,0,0,0,0,1,1,1,0,1,1,0,1,1,1,1,0,0,0,1,0,0,1,0,1,1,0,0,0,0,0,1,0,1,1,1,1,1,0,1,0,0,0,1,1,0,0.0,-128.42529923749402,1
1,0,1,1,0,0,0,1,0,0,1,0,0,1,0,0,0,1,0,0,0,1,1,1,1,0,0,1,0,1,1,1,1,1,0,1,0,1,0,1,0,0,1,0,1,0,0,0,1,1,0,1,1,0,0,1,1,1,1,0,0,1,1,0,0.0,-128.42527959762106,1
0,1,0,0,1,0,1,1,1,0,1,1,0,0,0,1,0,0,1,0,0,1,0,0,0,0,0,1,0,1,0,0,1,1,1,1,0,0,0,1,1,0,0,0,1,1,1,0,1,1,0,0,1,1,1,1,1,0,0,1,1,1,1,0,0.0,-128.42482800248683,1
1,0,1,0,0,1,0,1,0,1,1,1,0,1,0,1,0,1,0,0,0,1,1,0,0,0,0,0,0,1,0,0,1,1,0,1,1,0,0,0,1,1,0,1,1,1,0,0,0,1,1,1,0,0,1,0,1,1,1,0,0,1,1,1,0.0,-128.42456069103585,1
1,1,1,0,0,1,1,1,1,0,1,1,0,0,1,0,1,1,1,1,1,0,0,0,1,0,0,1,0,1,0,0,1,1,1,0,1,0,0,1,1,0,0,1,0,1,0,0,0,1,0,0,0,1,1,1,0,0,0,0,1,1,0,0,0.0,-128.42451987765105,1
1,0,0,0,0,1,0,1,0,1,1,1,0,1,1,0,1,0,1,0,0,0,0,1,1,1,0,1,0,1,1,0,1,1,1,0,1,1,0,1,0,0,0,0,1,0,0,0,0,1,0,0,1,1,1,1,1,1,0,0,0,0,1,1,0.0,-128.42398692843256,1
0,1,0,0,0,1,1,1,0,1,1,1,0,1,0,1,0,1,0,0,0,1,1,1,0,1,0,1,1,1,0,0,1,1,0,1,1,0,1,0,1,0,0,1,1,1,0,0,0,1,1,0,0,0,0,0,1,0,1,1,0,0,1,0,0.0,-128.42318797156474,1
0,0,0,0,1,1,0,1,1,1,1,1,1,1,0,0,1,0,0,0,0,0,1,1,0,0,0,0,0,1,1,0,1,1,0,1,1,0,0,1,1,1,0,1,0,1,0,0,1,1,0,0,1,0,1,0,1,1,0,1,0,1,1,0,0.0,-128.42305548909403,1
1,0,1,0,0,1,1,1,0,1,1,0,0,1,0,0,0,1,1,0,0,1,1,0,1,0,1,0,0,1,1,1,0,1,0,1,0,1,0,1,0,1,1,0,1,0,0,0,0,1,1,1,1,0,1,0,1,0,0,0,0,0,1,1,0.0,-128.42258119017563,1
0,1,0,0,1,1,0,1,1,1,1,0,1,1,0,0,0,1,1,0,1,1,1,1,0,0,0,1,0,1,1,1,0,1,0,0,0,0,0,0,1,0,1,1,0,0,1,1,0,0,0,0,1,0,0,1,1,1,1,0,0,1,1,0,0.0,-128.42240375357602,1
1,1,0,0,0,1,1,0,1,1,0,1,1,0,0,0,0,1,0,1,1,1,1,0,1,1,0,0,0,1,1,0,1,1,1,0,0,0,0,1,0,0,0,0,1,1,0,1,1,1,1,1,1,0,1,0,0,0,0,1,0,0,1,0,0.0,-128.42215671549542,1
1,0,1,1,1,0,0,1,0,1,1,1,0,1,0,1,0,1,0,1,1,0,1,1,0,0,1,0,0,0,0,1,0,1,1,0,1,1,0,0,0,1,0,1,0,0,0,0,1,1,0,0,1,0,0,0,0,1,0,1,1,1,1,1,0.0,-128.42213632942406,1
0,0,0,0,0,1,0,1,0,1,1,1,0,0,1,0,0,1,1,1,1,1,1,0,0,1,1,0,0,0,1,0,0,1,1,1,1,1,0,0,1,0,1,1,0,0,1,1,1,0,1,0,1,0,1,0,0,0,0,1,0,1,1,0,0.0,-128.42196009473548,1
0,0,1,1,0,1,0,1,0,1,0,1,0,1,0,0,0,1,1,0,1,1,1,1,1,1,0,0,1,1,1,0,0,1,0,1,1,1,0,1,0,0,0,0,0,1,0,0,0,0,1,0,1,0,1,1,1,0,0,1,0,1,1,0,0.0,-128.42188979413038,1
0,1,1,1,0,0,0,1,0,0,1,1,0,1,0,1,1,1,1,1,0,1,1,1,0,0,1,1,1,1,1,0,0,0,0,1,1,0,1,1,0,0,0,1,1,1,1,0,0,0,0,0,0,0,1,1,0,0,0,0,0,1,0,1,0.0,-128.42156818077257,1
0,0,1,0,0,1,0,1,0,1,1,1,0,1,1,0,0,1,0,1,1,0,1,0,0,1,1,0,0,1,1,0,1,1,0,1,1,1,1,1,1,0,0,1,0,1,0,0,1,0,0,0,1,0,0,1,0,1,0,0,0,1,1,0,0.0,-128.42134137620383,1
1,0,0,0,0,0,1,1,0,0,1,1,0,0,0,0,0,1,0,0,0,0,0,0,0,1,1,1,1,0,1,1,1,1,0,0,1,0,1,1,1,0,1,0,1,1,0,0,1,1,0,1,1,1,1,0,0,1,0,0,1,1,1,1,0.0,-128.42125234768008,1
0,0,1,0,1,1,1,1,1,1,1,1,0,1,0,0,0,1,0,0,0,0,1,1,1,0,0,1,0,1,0,0,0,0,0,0,0,0,0,1,1,0,1,1,1,0,0,1,1,1,1,1,1,1,0,0,0,1,0,0,1,1,1,0,0.0,-128.4210272443026,1
1,0,1,0,0,1,1,1,1,1,0,1,0,0,0,0,0,1,1,0,1,1,1,1,1,1,0,0,0,0,0,0,1,1,0,0,1,1,0,0,1,0,0,1,0,0,0,1,0,1,0,1,1,0,1,0,1,1,0,0,0,1,1,1,0.0,-128.42092670854768,1
1,0,1,1,0,1,0,1,0,0,1,1,0,1,0,0,0,1,0,1,0,0,1,1,1,0,0,1,0,0,1,0,1,1,0,0,0,1,0,1,0,0,0,1,1,0,1,0,0,0,1,1,1,0,1,1,1,0,1,0,0,1,1,1,0.0,-128.42091333200253,1
1,0,1,1,1,1,0,1,1,1,1,1,0,1,0,0,0,1,0,0,0,1,0,1,1,0,0,1,0,1,1,0,1,1,1,0,0,1,0,1,0,0,0,0,1,0,0,0,0,1,0,0,1,0,1,1,0,1,0,0,1,1,1,0,0.0,-128.4208670953057,1
1,1,1,1,0,1,1,0,1,1,1,1,0,0,0,1,1,1,1,0,0,1,0,1,0,1,0,1,0,1,0,0,1,1,0,0,1,1,1,1,0,0,0,0,0,0,0,0,0,1,1,0,1,0,1,1,0,1,0,0,0,1,0,0,0.0,-128.41981935632492,1
1,0,0,0,0,1,1,0,0,1,1,1,1,0,1,1,0,1,1,0,0,0,1,0,1,0,0,1,1,0,1,0,0,1,0,0,1,0,0,0,1,0,1,1,1,1,0,1,1,0,1,0,1,0,1,1,0,0,1,0,0,1,1,0,0.0,-128.4196286571962,1
1,1,1,0,0,1,1,1,0,0,1,0,0,1,0,1,0,1,0,1,1,1,1,1,0,1,0,0,1,1,1,0,0,1,0,1,0,0,0,0,0,1,1,1,0,0,0,1,1,0,0,0,0,1,1,0,0,1,0,1,0,1,1,0,0.0,-128.41924510428544,1
0,1,0,1,0,1,0,1,0,1,1,1,0,1,0,1,0,1,1,1,0,0,1,0,0,1,0,1,0,0,0,0,0,1,1,0,0,0,1,0,0,0,1,1,1,1,0,1,0,1,0,0,1,0,1,0,1,0,1,1,1,1,1,0,0.0,-128.41915342404673,1
1,0,1,0,0,1,1,1,0,0,0,1,1,1,1,0,0,1,0,1,0,0,0,1,0,1,0,1,0,0,1,0,1,1,1,0,0,1,0,1,0,0,1,1,1,1,0,1,0,1,1,0,1,0,0,0,0,0,0,1,0,1,1,1,0.0,-128.41903619516734,1
0,1,1,0,0,0,0,1,1,1,0,0,0,1,0,1,0,1,1,0,0,0,0,1,0,1,0,1,0,1,0,0,1,0,0,0,1,0,1,0,1,1,1,1,1,1,0,0,0,0,1,1,1,1,1,1,0,1,0,0,1,1,1,0,0.0,-128.41900378610984,1
0,0,0,0,1,1,0,1,0,0,1,1,1,1,0,1,0,1,1,0,1,0,1,0,0,0,0,1,0,1,1,0,0,1,1,0,1,0,0,1,1,1,1,1,0,1,0,1,0,1,1,0,1,1,1,0,1,0,0,0,0,0,1,0,0.0,-128.41785625884626,1
1,0,1,1,0,1,0,1,1,1,1,1,0,1,0,0,0,1,1,1,0,0,1,0,0,0,1,1,0,1,0,0,0,1,0,1,1,0,0,1,0,0,0,1,1,0,0,0,0,1,0,1,1,1,1,0,0,0,0,1,0,1,1,1,0.0,-128.41741998295817,1
1,1,0,0,0,0,0,1,1,1,1,1,0,0,1,0,0,1,1,0,0,1,1,0,1,1,0,1,1,1,1,0,1,1,0,1,1,0,0,0,0,1,0,1,1,1,0,0,0,0,0,0,1,0,1,0,0,0,0,1,0,1,1,1,0.015625,-128.41723410769447,1
1,1,1,0,1,0,0,1,0,1,1,1,0,1,0,0,0,1,1,1,0,1,1,1,1,0,0,0,0,0,1,0,1,0,1,0,1,0,0,1,1,1,0,0,0,1,0,0,1,1,0,0,0,0,0,1,1,1,1,0,0,1,1,0,0.0,-128.41701919604873,1
0,0,1,0,1,1,0,1,0,1,1,0,0,1,0,1,0,1,1,0,0,1,1,0,1,1,0,1,0,1,1,0,1,1,0,0,0,0,1,0,1,0,1,1,0,0,1,0,0,0,1,0,1,0,1,0,1,1,1,1,0,0,1,0,0.0,-128.41687152576253,1
1,0,1,0,0,0,0,0,1,0,1,1,1,1,0,0,0,1,1,1,1,1,1,1,1,0,0,1,1,0,1,1,0,0,0,1,0,0,0,1,0,0,0,0,1,0,0,0,0,0,1,0,1,0,1,0,1,1,0,1,1,1,1,1,0.015625,-128.41664269007182,1
1,0,1,0,1,1,0,1,0,1,1,1,0,0,1,1,0,1,1,0,1,0,1,0,1,1,1,1,0,0,0,0,0,1,1,0,0,1,0,0,1,0,1,0,1,1,0,0,0,1,0,1,0,0,1,0,1,0,0,1,0,1,1,0,0.015625,-128.41634746549224,1
1,1,0,0,1,1,0,1,1,0,1,0,0,0,0,1,0,1,0,1,1,1,0,1,1,0,0,1,0,1,1,0,1,0,1,0,1,0,0,1,0,0,0,1,0,1,0,0,1,1,0,0,1,0,1,1,1,0,1,0,0,0,1,1,0.0,-128.41607952859837,1
1,1,1,0,0,0,1,1,1,0,0,0,0,1,0,1,0,1,0,1,1,1,1,0,0,1,0,1,0,1,1,0,1,1,0,0,0,0,1,1,1,1,0,0,0,1,0,0,0,1,0,1,1,0,0,1,1,0,0,1,1,0,1,0,0.0,-128.41544935258304,1
1,1,1,0,0,0,0,1,1,1,1,1,0,1,1,0,0,1,1,0,1,0,1,1,0,1,0,1,0,1,1,1,0,0,0,0,0,1,0,0,1,0,0,0,1,0,1,1,0,1,0,0,0,1,1,0,1,1,0,0,1,0,1,0,0.0,-128.41514634847223,1
0,1,1,0,0,1,0,1,1,1,1,1,0,0,0,1,1,1,0,0,0,1,0,0,0,1,0,1,0,1,1,1,0,0,0,1,1,1,0,1,1,0,1,1,1,0,1,1,0,0,0,0,0,1,1,1,0,0,1,0,0,1,0,0,0.0,-128.41444307883472,1
0,0,1,0,1,0,1,1,0,1,1,0,0,1,0,0,1,0,0,0,0,1,1,1,1,1,0,1,0,1,1,0,1,1,0,1,1,0,0,0,1,0,1,1,0,1,0,1,1,0,1,0,1,0,1,0,1,0,0,0,0,1,1,0,0.0,-128.41429076115116,1
1,0,1,0,0,1,0,1,1,1,1,1,0,0,1,0,0,1,1,0,0,0,0,0,0,0,1,0,0,1,1,1,1,0,1,0,1,0,0,1,1,0,0,1,1,0,1,0,1,0,1,1,0,0,0,1,0,1,1,1,0,1,1,0,0.015625,-128.41421316758783,1
0,1,1,1,0,1,0,1,0,1,1,0,0,1,0,0,0,1,1,0,0,1,1,1,0,0,0,1,0,1,1,0,0,1,1,1,1,0,0,1,0,1,1,1,0,1,0,1,0,1,1,0,1,0,0,1,0,0,0,0,0,1,1,0,0.0,-128.41417767765006,1
1,0,1,0,1,0,0,1,1,1,0,1,1,1,0,0,0,1,0,1,1,0,1,0,0,1,1,1,0,0,1,1,1,1,0,0,1,1,1,1,0,0,0,0,1,0,0,0,0,0,1,0,1,1,0,1,1,0,0,0,0,0,1,1,0.0,-128.41406812710358,1
1,0,0,1,0,1,1,0,1,0,1,1,1,1,1,0,0,1,1,0,0,1,0,1,1,0,0,0,1,1,0,0,0,1,1,0,0,1,1,0,0,1,1,1,0,1,0,0,1,0,0,0,1,0,1,1,1,0,0,0,0,1,1,0,0.0,-128.41325770142515,1
0,1,1,1,1,1,0,1,1,1,1,1,0,0,1,1,0,1,1,0,0,1,1,0,0,0,1,0,0,0,0,0,0,1,0,1,1,0,1,0,1,0,1,1,0,1,0,0,1,0,1,0,0,1,1,0,1,1,0,0,0,0,1,0,0.0,-128.41325116779092,1
0,1,1,0,0,1,0,1,0,1,0,1,0,1,0,0,1,0,1,0,1,1,1,1,1,0,0,1,0,1,1,0,1,1,0,0,0,1,0,0,1,0,0,1,0,1,0,0,1,1,0,0,1,1,1,0,1,0,1,0,0,1,1,0,0.0,-128.41322478892525,1
1,0,0,0,0,1,0,1,1,1,1,1,1,1,1,0,1,1,1,1,0,1,0,0,1,0,1,1,0,1,0,0,0,0,0,1,1,1,0,1,1,0,0,1,0,0,0,1,0,1,1,0,1,1,1,0,1,0,0,0,0,0,0,0,0.015625,-128.4127722314463,1
0,1,1,0,0,1,0,1,0,0,1,1,0,1,1,0,0,1,1,0,1,0,0,1,1,0,1,1,0,1,0,0,1,1,0,1,1,1,1,1,1,1,0,1,0,0,1,0,1,0,0,0,0,0,1,0,1,1,0,0,0,0,1,0,0.015625,-128.41274017125568,1
1,1,0,0,0,1,0,1,1,1,0,1,0,0,0,0,0,1,1,0,1,0,1,0,1,1,0,1,1,1,1,0,1,1,0,1,0,1,0,1,0,0,1,1,0,1,0,0,0,1,0,0,1,1,0,0,1,1,0,0,0,1,1,0,0.0,-128.41272477675344,1
1,0,1,0,0,1,0,1,1,1,0,1,0,1,0,1,0,1,0,1,0,0,1,0,1,1,0,0,0,1,1,0,1,1,0,1,0,1,0,1,0,0,1,1,0,0,0,1,0,0,0,0,1,1,1,1,0,0,1,0,0,1,1,1,0.0,-128.41266692391955,1
1,1,1,0,0,1,0,0,1,0,0,1,0,1,1,0,0,1,1,0,1,0,1,0,1,1,0,1,0,1,1,1,1,1,1,0,0,1,1,1,0,0,0,0,0,1,0,0,0,1,0,0,0,1,0,0,1,1,0,0,0,1,1,1,0.0,-128.41241374062722,1
0,0,0,0,0,1,1,1,1,1,1,0,0,0,0,0,0,1,0,1,1,1,0,0,1,1,0,1,1,1,1,1,1,1,0,1,1,0,0,0,1,0,0,0,0,0,1,0,1,1,0,0,1,0,1,1,1,1,0,1,0,0,1,0,0.0,-128.41232789377926,1
1,0,1,0,0,1,0,1,1,0,1,1,0,1,1,0,0,1,0,0,0,1,0,1,0,1,1,1,0,0,0,1,1,0,1,0,1,0,1,0,1,1,0,1,1,0,0,0,0,0,0,0,0,1,0,1,0,1,0,1,1,1,1,1,0.0,-128.4109319841986,1
0,1,1,0,0,1,1,0,1,0,0,1,0,0,0,0,1,0,0,0,1,0,0,0,1,1,1,0,1,1,1,0,1,1,1,0,0,1,1,1,1,1,1,1,1,1,1,0,0,0,0,0,0,1,1,1,1,0,0,0,0,0,1,0,0.0,-128.41003358897785,1
0,0,0,1,0,1,0,1,0,0,1,1,0,1,1,1,0,1,1,0,0,0,0,1,0,1,1,1,0,1,1,0,1,1,0,1,0,0,0,1,0,1,1,0,0,1,0,0,0,1,0,0,1,1,0,1,0,1,1,0,1,1,1,0,0.015625,-128.40937662147175,1
0,0,1,0,0,1,0,0,0,1,1,1,1,1,0,0,0,1,1,1,0,1,1,0,0,1,0,0,0,1,1,1,0,1,0,0,1,1,0,1,1,0,0,1,0,1,1,1,0,0,0,0,1,0,0,1,1,1,0,0,0,1,1,1,0.0,-128.4089981481743,1
1,1,1,0,0,0,1,1,0,1,1,1,1,1,0,0,0,1,1,1,0,0,1,1,0,0,0,1,1,0,0,0,1,1,0,1,1,1,1,1,0,0,0,1,0,0,0,0,1,0,0,0,0,0,1,1,1,1,0,1,0,0,1,0,0.015625,-128.40790203288353,1
0,0,1,0,0,1,0,1,0,1,1,1,0,1,0,0,0,1,1,0,0,0,1,1,1,1,1,0,0,0,1,0,1,0,1,0,0,0,0,1,1,0,1,0,1,1,1,1,0,1,0,1,1,1,0,1,0,0,0,0,0,1,1,1,0.015625,-128.40773323507133,1
0,0,1,1,0,1,1,1,0,1,1,0,0,1,0,0,1,0,1,0,0,1,1,0,1,0,0,1,1,0,1,0,1,1,1,1,0,0,1,1,1,0,0,1,0,0,0,0,0,1,0,0,1,0,0,0,1,0,1,0,1,1,1,1,0.0,-128.40737460194566,1
0,1,0,0,0,1,0,0,0,1,0,1,0,0,1,0,1,1,0,1,1,0,1,1,0,1,1,1,1,1,1,0,1,1,1,1,0,0,0,1,1,0,0,1,0,1,0,0,0,1,0,1,1,0,1,0,0,0,0,0,0,1,1,1,0.0,-128.40719716805629,1
1,0,1,0,0,1,0,1,0,1,0,0,1,1,0,1,0,1,0,0,0,1,0,1,1,1,0,1,0,0,1,0,1,1,0,1,1,0,0,1,1,0,1,1,0,1,0,0,0,1,0,0,0,1,1,1,1,0,1,0,0,1,1,0,0.0,-128.40687644014537,1
0,1,1,0,1,1,0,1,1,1,1,0,1,1,0,1,0,1,1,1,0,1,1,1,0,1,0,1,0,1,0,0,0,1,1,0,0,0,0,1,0,0,1,1,1,1,1,0,0,0,1,1,0,0,0,0,1,0,0,0,0,0,1,0,0.0,-128.4066962261935,1
1,1,1,0,0,1,1,0,1,0,1,1,0,1,0,0,0,1,0,0,0,0,1,0,0,1,1,1,0,0,1,1,1,1,0,0,1,0,0,1,0,1,0,1,1,1,1,0,1,1,0,0,1,0,0,0,1,0,1,0,0,0,1,1,0.0,-128.40586859281223,1
0,0,1,0,1,1,0,1,1,1,1,0,0,0,1,0,1,0,0,0,0,1,0,1,0,1,1,1,0,1,1,1,1,1,0,1,1,1,0,0,1,0,0,1,1,1,0,1,0,0,0,0,1,1,1,0,0,0,0,0,0,1,1,0,0.0,-128.40583834794188,1
1,0,0,0,0,1,1,1,1,1,0,0,1,1,0,0,0,1,1,0,0,1,0,1,1,1,1,1,0,1,1,0,1,1,1,0,1,0,0,0,0,0,1,0,1,1,0,1,1,0,0,0,1,1,1,0,0,0,1,0,0,0,1,0,0.0,-128.4052685592956,1
1,0,1,0,1,0,0,0,0,1,1,1,1,1,0,0,1,1,0,0,1,0,1,1,1,0,0,0,0,1,0,1,1,1,0,0,1,1,1,1,0,0,1,1,1,0,0,0,1,1,0,0,1,1,0,1,0,0,0,0,0,1,1,0,0.0,-128.40526406604295,1
0,0,0,0,0,1,1,1,0,1,1,0,0,1,1,1,1,1,0,1,1,0,1,1,0,1,1,0,0,1,1,0,1,1,0,1,0,1,1,0,1,0,1,0,1,0,0,1,0,0,1,0,0,0,1,1,0,0,0,0,0,1,1,0,0.0,-128.40519729849163,1
1,1,1,0,0,1,0,1,1,1,1,1,0,1,1,1,0,1,0,0,0,0,0,1,0,0,1,1,0,1,0,0,0,1,1,1,0,0,1,1,0,0,0,1,1,1,0,0,0,1,1,0,0,0,1,1,0,1,1,0,0,0,1,0,0.0,-128.40418887926705,1
0,1,1,1,0,1,1,1,0,0,1,0,0,1,1,0,1,1,1,1,0,1,0,1,1,0,0,1,0,1,1,0,1,0,0,1,0,1,1,0,1,0,1,0,1,0,0,0,0,0,0,0,0,0,1,1,1,0,0,0,0,1,1,1,0.0,-128.40392473898618,1
0,0,1,0,0,0,1,1,1,0,1,1,0,1,0,1,0,1,1,0,0,1,0,1,0,1,0,1,0,0,1,0,1,1,0,0,0,1,1,1,1,0,0,1,1,0,0,0,1,0,1,1,1,0,1,0,1,1,1,0,0,0,1,0,0.0,-128.40376444611675,1
0,0,0,0,1,1,0,1,1,1,0,1,0,1,0,0,1,1,1,1,0,1,1,1,0,1,1,1,0,1,1,1,0,1,0,1,0,0,0,1,1,0,1,1,0,0,0,0,0,1,0,1,0,0,1,0,0,0,1,1,0,0,1,0,0.0,-128.403159080283,1
1,1,1,1,0,1,0,1,0,1,1,1,0,1,0,0,0,1,0,0,0,1,1,0,1,0,0,1,0,0,1,0,1,1,1,0,0,1,1,1,0,1,0,0,1,1,0,0,0,1,1,0,1,1,0,1,0,1,0,0,0,0,1,0,0.03125,-128.40287978261364,1
1,0,1,0,0,1,0,1,0,0,1,1,1,0,0,1,0,1,0,0,1,0,1,1,1,1,1,1,1,1,1,0,1,1,0,1,1,1,0,1,0,0,0,1,0,1,0,0,0,1,0,1,0,0,1,0,0,0,0,0,0,1,1,0,0.0,-128.4027604048552,1
1,1,0,1,1,1,0,1,1,0,0,1,0,0,0,1,1,1,0,0,0,1,1,0,0,1,0,1,0,1,1,0,0,1,0,0,1,1,0,0,1,0,0,1,1,1,0,0,1,0,0,1,0,0,1,1,1,1,0,1,0,0,1,0,0.0,-128.40100898811266,1
0,0,0,1,0,1,1,1,0,1,1,1,0,1,0,0,1,1,0,0,0,0,0,1,0,1,0,1,0,1,1,1,0,1,0,0,1,1,0,0,1,0,1,1,1,1,0,1,1,1,0,0,1,0,1,0,0,0,0,0,1,1,1,0,0.0,-128.40083340139765,1
1,0,1,1,1,0,0,1,1,1,1,1,0,1,0,0,0,1,1,0,0,0,1,0,0,0,0,1,1,1,0,0,1,1,1,0,1,0,0,1,0,0,0,1,0,1,1,1,0,0,1,0,1,0,1,0,0,0,1,0,1,1,1,0,0.015625,-128.4006291354014,1
1,1,1,0,0,1,0,1,0,1,1,1,0,0,1,1,0,1,1,1,0,1,1,1,0,0,1,1,0,0,0,0,1,0,1,0,0,0,0,1,0,0,1,1,0,1,1,1,0,0,0,1,1,0,1,1,1,0,0,0,0,0,1,0,0.0,-128.39947995847604,1
0,0,1,1,1,1,0,1,0,1,1,0,0,0,0,1,0,1,1,0,0,1,1,0,0,0,0,1,0,0,1,0,1,1,0,0,1,1,1,1,0,1,0,0,1,1,1,0,0,1,1,1,0,1,1,1,0,0,0,0,0,1,1,0,0.0,-128.39925388823465,1
1,0,0,0,1,1,1,1,0,1,1,1,0,0,0,0,0,1,0,1,0,0,0,0,1,1,1,1,0,1,0,0,1,1,0,1,1,1,1,0,0,1,0,1,1,1,1,0,0,0,0,0,0,1,1,1,0,0,0,1,0,1,1,0,0.015625,-128.39892067586902,1
1,0,0,1,0,1,1,0,1,1,1,0,1,1,0,0,0,1,1,0,1,1,0,1,0,1,0,1,0,0,1,1,0,1,0,0,0,1,1,0,0,0,0,1,1,1,0,0,1,0,0,0,1,1,0,1,1,0,0,1,0,1,1,0,0.0,-128.3985621901207,1
1,0,1,0,1,0,0,1,0,1,0,1,0,0,0,0,1,1,0,0,0,1,1,0,1,0,0,1,0,1,1,1,0,1,0,1,0,1,0,0,0,0,1,1,1,0,1,1,0,1,1,1,1,0,1,0,0,1,0,0,1,0,1,1,0.0,-128.39845311390224,1
0,0,0,1,0,1,1,1,0,0,1,0,0,1,0,0,1,1,0,0,1,0,0,0,1,0,0,1,1,1,1,0,0,1,0,1,1,0,0,1,1,0,1,1,0,1,0,0,0,1,1,0,0,0,1,1,0,1,1,1,0,1,1,1,0.0,-128.39826670584824,1
1,0,1,0,1,1,1,1,0,0,1,1,0,1,0,0,1,1,1,1,1,1,1,1,0,0,0,1,0,0,1,1,0,0,0,1,1,0,0,0,1,0,0,0,1,1,0,0,0,1,0,0,1,1,1,0,0,0,0,0,0,1,1,1,0.0,-128.39771558306813,1
1,0,0,0,0,1,0,0,0,1,0,1,1,1,1,0,1,1,1,0,1,1,1,1,0,1,0,1,0,1,1,0,0,1,1,1,0,0,0,1,0,0,1,1,0,1,0,0,1,1,0,0,1,0,1,1,0,0,0,1,0,0,1,0,0.0,-128.39747392082404,1
0,0,1,0,1,0,1,1,0,1,0,1,0,0,0,1,1,1,1,0,1,0,1,0,0,0,1,0,0,1,1,1,1,1,0,1,1,0,1,0,0,1,1,1,0,0,0,0,0,1,0,0,1,1,1,1,1,1,0,0,0,0,1,0,0.0,-128.39566585083196,1
1,0,1,0,0,1,0,1,0,1,0,1,0,1,1,1,1,1,0,0,0,1,1,1,1,0,0,1,0,1,1,0,1,1,1,0,1,0,0,1,1,0,0,1,0,0,0,1,0,1,1,0,0,0,1,0,1,0,0,0,0,1,1,0,0.0,-128.3953247697334,1
0,0,1,0,0,1,1,0,0,1,0,1,0,0,1,1,1,1,0,0,0,1,0,0,0,1,0,1,0,1,1,0,0,1,1,0,0,1,1,1,1,1,1,1,1,1,0,0,0,1,0,0,1,0,1,1,1,0,0,0,1,0,1,0,0.0,-128.39300564271764,1
1,0,0,0,0,0,0,1,1,1,1,1,0,1,0,1,0,1,0,1,0,1,0,1,1,1,1,1,0,1,0,0,1,0,0,1,0,0,0,0,1,0,0,0,1,1,1,0,0,1,1,0,1,1,1,0,0,1,1,0,0,1,1,0,0.015625,-128.3918030764791,1
0,1,1,1,0,1,1,1,0,0,1,0,0,1,0,1,1,1,0,0,0,1,1,1,0,1,1,0,0,0,0,0,1,1,0,0,1,1,1,1,1,0,0,1,1,0,1,0,0,1,0,0,0,0,1,1,0,1,0,0,1,0,1,0,0.015625,-128.39159970577043,1
0,1,1,0,1,0,1,0,0,1,0,0,0,1,0,0,1,1,0,0,1,1,1,0,0,1,0,1,1,1,0,1,1,1,1,1,1,0,0,0,1,0,0,1,0,0,1,1,0,0,0,1,1,1,0,1,0,0,0,0,0,1,1,1,0.0,-128.39132088566953,1
1,0,1,0,0,0,1,1,1,0,0,1,0,0,0,0,1,1,0,1,0,1,1,0,1,1,0,1,0,1,1,0,0,1,1,1,1,1,1,1,1,0,1,1,0,0,0,1,0,0,0,0,1,0,1,0,1,0,0,0,1,0,1,0,0.0,-128.38996242173562,1
1,0,1,0,0,1,1,1,0,1,1,1,1,0,1,0,1,1,0,0,0,0,0,1,0,0,0,1,0,1,1,0,1,1,0,0,1,1,0,0,0,0,1,1,1,1,0,1,0,1,0,0,1,1,0,0,0,1,0,1,0,1,1,0,0.015625,-128.3890038431009,1
1,0,0,0,1,0,1,1,0,1,1,1,0,1,0,1,1,1,0,0,0,1,0,1,1,0,1,0,1,1,1,0,1,1,0,1,0,1,0,0,1,0,0,1,0,0,0,0,0,1,0,0,1,1,0,1,0,0,0,0,1,1,1,1,0.0,-128.38825712109346,1
0,1,0,0,0,1,1,1,1,1,0,1,1,0,0,0,1,1,1,0,1,0,1,1,1,1,0,1,0,0,1,0,1,1,1,0,1,1,0,0,1,0,1,1,0,1,1,0,0,1,1,0,1,0,0,0,0,0,0,0,0,0,1,0,0.0,-128.3857614375978,1
0,0,0,0,0,0,0,1,1,1,1,1,0,1,0,0,1,1,0,1,1,0,0,1,0,1,1,0,0,1,1,0,1,1,0,1,1,1,1,1,0,0,0,0,0,0,1,0,1,0,1,1,0,0,1,1,1,0,0,0,0,1,1,1,0.0,-128.38490920681835,1
0,0,0,1,0,1,1,1,0,0,1,1,1,1,1,0,1,1,1,0,0,0,1,1,1,1,0,1,0,0,0,0,1,0,0,1,0,1,0,1,0,1,1,1,0,0,0,0,0,1,0,1,1,0,1,1,0,1,0,0,0,1,1,0,0.0,-128.3839548302072,1
1,0,1,0,0,0,0,1,0,1,1,1,0,1,0,0,1,1,1,0,0,1,0,1,0,1,1,0,0,1,1,0,1,1,1,1,0,0,0,1,1,0,1,1,0,1,0,0,1,1,0,1,1,0,0,0,1,0,0,0,0,1,1,0,0.0,-128.38310593081985,1
1,0,0,0,0,0,0,1,0,1,1,0,0,0,0,1,1,1,1,1,0,0,1,0,1,1,0,1,0,1,1,1,0,1,0,1,1,1,0,1,1,1,1,0,0,0,0,1,0,1,1,0,0,0,1,0,1,0,0,1,0,1,1,0,0.015625,-128.38245850811603,1
1,1,0,1,0,1,0,1,1,1,1,0,1,0,0,0,1,1,0,0,0,1,1,1,0,1,0,1,1,1,1,0,0,1,0,1,0,1,1,0,0,0,1,1,0,1,0,0,0,0,0,0,1,0,1,1,0,0,0,1,0,1,1,0,0.0,-128.38226929033897,1
1,0,1,1,1,0,0,1,0,1,0,1,1,1,0,0,1,1,0,1,0,0,0,1,0,0,0,1,0,0,1,0,1,1,0,0,1,1,1,0,0,1,0,1,0,0,1,0,1,1,0,0,1,1,0,0,0,1,1,1,0,1,1,0,0.0,-128.38207320390183,1
1,0,1,1,1,1,1,0,0,0,1,0,0,0,0,0,1,1,1,0,1,0,1,1,0,1,1,0,0,0,1,0,1,1,0,1,0,0,0,0,0,0,0,1,1,1,1,0,1,0,1,0,1,1,1,0,0,0,1,1,0,1,1,0,0.015625,-128.38119009586904,1
0,0,1,0,0,0,0,1,0,1,1,0,0,1,0,0,1,1,1,0,0,1,1,1,0,0,1,1,0,1,1,0,1,1,1,1,0,0,1,1,0,0,1,1,0,0,0,1,0,1,1,1,1,0,1,1,0,0,0,0,0,1,1,0,0.0,-128.38100205977042,1
0,0,1,1,0,1,1,1,1,0,0,1,1,0,0,1,0,1,1,1,0,0,1,0,0,1,0,0,0,0,0,1,1,1,1,0,0,1,0,1,0,1,0,1,0,1,0,1,0,1,1,0,1,1,1,1,0,0,0,0,0,1,1,0,0.0,-128.38061007007587,1
1,1,1,0,1,0,0,1,0,0,0,1,0,1,0,0,1,1,1,0,0,1,0,1,1,0,1,1,1,1,0,1,1,1,0,0,0,0,0,1,1,1,0,0,0,1,1,1,0,1,0,1,1,0,1,0,0,0,0,0,1,0,1,0,0.0,-128.37947168323655,1
0,1,0,0,0,1,0,1,0,1,1,1,0,1,1,0,0,0,1,0,0,0,1,0,0,0,0,0,1,1,1,0,0,1,0,1,0,0,0,1,1,0,1,1,0,0,1,1,0,1,1,0,1,0,1,1,1,0,1,1,0,1,0,1,0.0,-128.37831124126433,1
0,0,1,0,1,1,1,1,0,0,1,0,1,1,1,0,1,1,1,1,0,1,1,1,1,1,1,0,1,0,1,0,0,1,0,1,0,1,0,1,0,1,0,1,0,0,0,0,0,0,0,0,0,1,1,0,0,0,1,0,0,1,1,0,0.0,-128.37393947308374,1
0,0,1,0,0,0,0,0,1,1,0,0,0,0,0,0,1,1,0,0,1,1,0,0,1,1,0,1,0,1,1,0,1,1,0,0,1,1,0,1,1,1,1,1,0,1,0,1,1,1,1,0,1,1,1,0,0,0,1,0,0,1,1,0,0.015625,-128.37348639290047,1
0,1,1,0,0,1,1,1,0,1,1,1,0,1,0,0,1,1,1,0,0,0,0,0,1,1,1,0,0,1,1,0,0,0,1,1,1,1,0,1,1,0,0,1,1,1,1,1,0,0,0,0,1,0,1,1,0,0,0,0,0,0,1,0,0.0,-128.37333077782665,1
1,1,1,0,0,1,1,1,0,0,1,1,0,0,0,1,1,1,0,0,0,0,0,1,0,0,0,1,0,1,0,0,1,1,1,0,0,0,0,1,0,0,1,0,1,1,1,1,1,0,1,1,0,1,1,0,0,0,0,1,0,1,1,1,0.0,-128.37256054017303,1
0,0,1,0,1,1,1,1,0,0,1,0,1,1,0,0,1,1,0,0,0,1,0,0,1,1,1,1,0,0,1,0,0,1,0,0,1,0,0,1,0,0,1,1,1,1,1,0,1,0,1,0,1,1,1,0,0,0,0,1,0,1,1,0,0.0,-128.37053105640763,1
1,0,0,1,0,1,1,0,1,0,0,0,0,0,1,1,0,0,1,0,1,0,1,1,0,1,1,1,1,0,0,0,1,1,1,1,1,0,1,1,0,0,1,1,1,1,0,0,0,1,0,0,1,1,1,1,0,0,0,0,1,1,0,0,0.0,-128.36905739516553,1
1,0,1,1,0,1,1,1,0,0,1,0,1,0,0,1,1,1,1,0,1,0,0,0,0,1,0,1,0,0,0,1,1,1,0,0,0,0,0,1,1,0,1,1,0,1,0,0,0,1,0,1,1,1,0,1,1,1,0,0,0,0,1,1,0.0,-128.3681365870096,1
0,1,1,0,0,1,1,1,0,1,0,1,1,1,0,0,0,0,1,0,0,1,1,0,1,0,0,0,1,1,1,1,1,0,0,0,0,1,1,1,0,0,1,0,0,0,0,1,1,1,0,1,1,0,1,1,1,0,0,1,0,0,0,0,0.0,-128.3631677264853,1
1,1,0,0,1,1,1,0,0,1,1,1,0,1,1,1,0,1,1,0,1,1,0,0,1,1,0,0,1,1,1,1,1,1,0,1,1,0,0,0,1,0,0,1,1,0,0,1,0,0,0,0,0,0,0,0,0,0,0,1,1,1,0,1,0.015625,-128.36313174578427,1
0,0,0,0,0,0,0,1,0,0,1,1,1,1,0,0,0,0,1,1,0,1,1,1,1,1,0,0,0,1,1,0,1,1,0,1,1,0,0,0,1,1,0,1,0,1,0,0,0,0,0,0,1,1,1,1,1,1,0,0,1,1,0,1,0.0,-128.3625896774359,1
1,1,1,1,0,1,1,1,1,1,1,0,0,0,1,0,0,0,1,0,0,0,1,0,0,1,0,0,0,0,1,0,1,1,1,1,1,0,0,0,1,0,1,1,0,0,1,1,0,1,0,0,0,1,0,0,0,1,0,1,1,1,0,0,0.0,-128.36218739340046,1
0,1,1,0,0,0,0,1,0,1,1,1,0,1,0,1,1,1,1,0,1,1,1,0,1,1,1,1,0,1,1,0,1,1,0,1,0,1,0,1,0,0,0,1,0,0,0,0,0,0,1,0,0,1,1,1,0,0,0,0,0,1,1,0,0.0,-128.3616078197955,1
1,0,1,0,0,1,0,1,1,0,0,1,0,1,0,0,0,0,1,0,1,0,0,1,1,1,1,1,1,1,1,0,1,1,1,1,0,0,0,0,0,0,1,1,0,0,1,0,0,1,1,0,1,1,1,0,0,1,1,0,1,0,0,1,0.0,-128.35901987583813,1
0,0,0,0,0,1,0,1,0,0,0,1,1,1,0,1,0,0,1,0,1,1,1,1,0,1,1,1,0,1,1,1,0,1,0,1,0,0,1,0,1,1,0,0,1,1,0,0,1,0,0,1,0,0,1,0,1,1,0,1,0,0,0,1,0.0,-128.35888182211426,1
1,0,1,0,0,1,0,1,0,0,1,1,0,0,0,0,0,0,1,1,1,0,0,0,1,1,0,0,0,0,0,1,1,1,0,1,1,0,0,1,0,1,1,1,0,1,0,0,1,0,0,1,1,1,1,0,1,1,0,1,1,1,0,0,0.0,-128.35665776606976,1
0,1,1,0,1,1,1,1,0,1,0,1,0,1,1,1,0,1,1,1,0,1,1,1,1,1,0,0,0,1,1,0,1,1,0,0,1,1,0,1,0,0,0,0,1,0,0,1,0,0,0,0,1,0,1,1,0,0,1,0,0,1,0,0,0.015625,-128.35569469174732,1
1,0,1,0,1,1,0,1,1,0,1,1,0,1,1,0,0,1,0,0,0,1,1,0,1,0,0,1,0,1,1,0,0,1,0,0,1,0,1,1,0,1,1,1,1,0,0,0,0,0,1,0,1,0,1,1,1,0,0,0,1,0,0,0,0.0,-128.3549978891008,1
1,0,1,0,0,0,1,0,0,0,1,1,0,1,1,1,0,1,1,0,0,0,1,0,0,1,0,0,1,1,0,0,1,1,1,1,1,0,0,1,1,0,1,1,1,1,0,0,0,1,0,1,1,1,0,0,0,1,0,1,1,1,0,0,0.0,-128.35368339391957,1
0,1,0,0,1,1,0,1,0,1,0,1,0,1,0,1,0,1,1,1,0,1,1,1,0,1,0,1,0,1,0,1,0,1,0,0,1,1,0,0,0,0,1,0,1,1,0,1,0,1,1,1,0,0,0,0,0,1,0,0,1,1,0,0,0.0,-128.35332018762193,1
0,1,1,0,1,1,1,1,0,1,1,1,1,0,0,0,0,1,0,1,0,1,1,1,0,1,0,0,1,1,1,0,1,0,0,0,0,0,0,1,1,0,1,1,1,0,0,1,1,1,0,0,0,0,1,1,0,1,0,0,1,1,0,0,0.0,-128.35184177006633,1
0,1,0,0,0,1,0,1,0,1,1,1,0,1,0,0,0,1,1,1,1,1,1,1,0,0,1,0,0,0,0,0,1,1,0,0,0,0,1,1,0,0,1,1,1,1,0,0,0,1,1,0,1,0,1,0,0,1,0,1,1,1,0,0,0.0,-128.35176521053444,1
1,0,1,1,1,1,1,1,0,0,1,1,0,1,0,0,0,0,1,0,0,0,1,0,1,1,1,1,0,0,1,0,0,1,0,1,1,1,0,1,1,0,1,1,1,1,0,1,0,0,1,0,0,1,0,0,0,0,0,0,0,1,0,0,0.0,-128.35123736633756,1
0,1,1,1,0,1,1,1,1,1,1,1,0,0,0,1,0,0,1,0,0,0,0,1,0,1,0,1,1,1,1,0,1,1,1,0,0,1,0,0,1,1,1,0,0,0,0,0,0,1,0,0,0,1,0,1,1,0,0,1,1,0,0,0,0.0,-128.34999477478743,1
0,1,0,1,0,0,0,1,0,1,0,1,0,0,0,0,0,1,0,1,1,1,1,0,0,1,1,1,0,1,0,1,1,0,1,1,1,0,1,1,1,0,1,1,1,0,0,0,1,0,0,0,1,0,1,0,0,1,1,0,0,1,0,0,0.0,-128.34865245352952,1
1,0,0,1,0,0,0,1,0,0,1,0,1,1,0,1,0,1,0,1,1,0,1,1,0,0,0,1,0,1,1,1,1,1,0,0,1,1,0,0,1,0,1,0,1,1,1,1,0,0,1,0,1,0,1,1,1,0,0,0,1,1,0,0,0.0,-128.34794531371372,1
1,0,0,0,1,1,0,1,0,0,1,1,0,1,1,0,0,1,1,1,0,0,1,0,1,1,0,0,0,1,1,0,1,1,0,0,0,0,1,1,1,0,0,1,1,1,0,1,1,1,1,0,1,1,1,0,0,0,0,0,0,1,0,1,0.03125,-128.34740195076998,1
1,1,0,0,0,1,0,1,0,0,1,1,1,1,1,0,0,0,0,1,0,0,0,1,1,1,0,0,1,1,1,0,0,1,0,0,1,1,0,1,1,0,1,1,0,0,0,0,0,1,0,0,1,1,1,1,1,1,0,0,0,1,1,1,0.0,-128.3473928243625,1
1,0,1,0,0,1,1,1,0,1,0,1,0,1,1,0,0,1,1,1,1,0,0,0,0,0,1,1,0,0,1,1,1,1,0,0,1,0,1,1,0,0,1,1,1,0,0,0,1,1,1,0,1,1,0,1,0,0,0,0,0,1,0,1,0.0,-128.34718471036786,1
1,0,1,0,1,1,1,1,0,1,0,1,0,0,0,0,0,1,0,0,1,1,1,0,1,1,0,1,0,1,1,0,1,1,0,0,1,1,1,0,1,0,1,1,0,1,0,1,0,1,0,1,1,0,1,1,0,0,0,0,0,1,0,0,0.0,-128.34703476263712,1
1,1,1,1,0,1,1,1,0,0,1,1,0,1,0,1,0,1,1,0,0,0,0,1,0,0,0,0,1,1,1,0,1,0,0,0,1,1,0,0,1,0,1,1,1,0,1,1,0,1,1,0,1,1,0,1,0,1,0,0,0,1,0,0,0.0,-128.34686574474702,1
0,0,1,1,1,1,1,1,1,0,0,0,0,1,1,0,1,0,1,0,1,1,0,1,0,0,0,1,1,1,1,1,0,0,0,1,0,0,0,1,1,0,1,1,0,0,0,0,0,1,1,1,0,0,0,1,1,0,0,0,0,1,0,1,0.0,-128.34627044806223,1
0,0,1,1,1,0,1,1,0,0,1,1,0,0,1,0,0,1,0,1,0,1,0,1,1,0,0,1,0,0,1,0,1,1,0,0,0,0,1,1,1,0,1,1,1,0,0,0,0,1,0,0,0,1,1,1,1,1,0,0,0,1,0,1,0.0,-128.3460521846729,1
0,0,1,0,1,1,1,1,0,0,0,0,0,0,0,1,0,1,0,1,0,1,1,1,1,0,0,0,0,0,1,0,0,1,0,1,0,1,1,1,0,1,1,1,1,1,0,0,0,1,0,0,1,0,1,1,1,1,0,0,1,1,0,0,0.0,-128.3443991458464,1
0,0,1,0,1,1,0,1,1,1,0,1,0,1,1,0,0,1,1,1,0,1,1,0,0,0,0,1,1,0,1,0,0,0,1,1,1,1,0,1,1,0,0,0,1,0,0,1,1,1,0,0,1,0,1,0,0,0,0,1,0,1,0,0,0.0,-128.3416212862207,1
1,1,1,1,0,0,1,1,0,0,1,1,0,0,1,0,0,1,0,0,1,1,1,0,1,1,0,0,1,0,0,1,1,1,0,0,0,0,1,1,1,0,1,1,0,0,1,1,0,1,0,0,1,0,1,1,0,0,1,1,1,0,0,0,0.0,-128.341481814009,1
0,0,0,0,1,1,1,1,0,0,0,1,0,1,0,1,0,1,1,1,0,1,1,1,1,0,0,0,0,0,0,1,0,1,0,1,0,0,1,1,1,0,0,1,1,1,0,0,1,1,1,0,1,0,1,1,0,0,0,0,0,1,0,1,0.0,-128.34145566144554,1
0,0,1,1,1,1,0,1,0,1,1,1,1,1,0,1,0,1,0,1,1,1,1,1,0,0,1,0,0,1,1,0,1,1,0,1,0,1,1,1,1,0,0,0,1,0,0,1,1,0,1,0,1,0,0,1,0,0,0,0,0,0,0,0,0.015625,-128.33821285356854,1
1,0,1,1,0,1,1,0,0,0,0,1,1,1,0,0,0,1,0,0,0,0,0,1,0,1,1,1,1,0,0,0,1,1,1,1,1,0,1,0,1,0,1,1,1,1,0,0,1,1,1,0,0,0,1,1,0,1,0,0,0,0,0,0,0.0,-128.3377614931576,1
1,0,1,0,0,1,0,1,1,0,1,1,0,1,0,0,0,1,1,1,1,1,1,0,0,0,0,1,0,1,1,1,0,1,1,0,0,1,1,1,0,0,1,1,1,0,0,0,1,1,0,0,1,1,1,1,1,0,0,0,0,0,0,0,0.0,-128.33739909899276,1
0,0,1,0,0,0,1,1,0,1,1,0,0,1,1,0,0,1,0,0,1,0,1,1,1,0,1,0,0,0,1,0,0,1,1,1,1,1,1,0,1,1,1,1,0,1,0,1,0,1,1,0,1,1,1,0,0,0,0,0,1,1,0,0,0.0,-128.33712346988878,1
1,0,1,0,0,0,1,0,0,1,0,1,0,0,0,0,0,1,1,1,1,1,1,0,1,1,0,0,1,1,1,1,0,1,0,1,1,1,0,0,1,0,0,1,1,1,1,0,0,0,1,0,0,1,0,0,1,1,0,0,1,0,0,0,0.0,-128.33677233267696,1
1,0,0,1,0,1,0,1,0,1,1,1,0,1,0,0,0,1,0,0,0,1,1,1,0,1,0,1,0,1,1,0,1,1,0,1,0,0,1,1,0,1,1,1,0,0,0,1,0,0,1,0,1,0,1,0,1,1,0,0,0,1,0,0,0.0,-128.33602426022895,1
0,0,0,0,1,1,0,1,0,1,0,1,0,1,1,0,0,0,1,0,0,0,1,0,0,1,0,0,0,1,1,1,0,0,1,1,1,1,0,1,1,1,0,1,1,0,1,0,0,1,1,0,1,1,1,1,1,0,0,1,0,1,1,0,0.015625,-128.33596598025025,1
1,0,0,0,0,0,0,1,0,0,1,1,0,1,0,0,0,1,0,1,0,0,0,1,1,1,1,0,1,0,1,0,1,1,1,1,0,0,0,1,0,1,1,1,1,1,0,1,0,1,0,1,1,1,1,0,0,0,0,0,1,0,0,1,0.0,-128.33574537352956,1
1,0,0,0,0,0,0,1,0,1,0,1,0,1,0,1,0,0,0,1,0,1,0,1,1,0,0,0,0,0,1,1,1,1,0,0,1,1,1,1,1,0,1,1,1,1,0,0,0,0,0,0,1,1,0,0,1,1,0,0,1,1,1,1,0.015625,-128.33562184646945,1
0,0,1,0,0,0,0,1,0,0,1,1,0,0,1,0,0,1,1,1,0,1,1,1,1,1,0,0,1,1,1,0,1,1,1,1,0,1,1,1,1,0,0,1,0,0,0,0,0,1,1,0,0,0,1,0,1,1,0,0,0,1,0,0,0.0,-128.33561136166782,1
1,0,1,0,1,1,0,1,1,0,1,1,0,1,0,0,0,1,1,0,0,0,1,1,1,1,0,0,1,0,0,1,1,1,0,0,0,0,1,1,0,0,1,1,1,1,0,0,1,1,0,0,1,1,1,1,0,1,0,0,0,1,0,0,0.0,-128.33490647688728,1
1,0,1,0,0,0,1,1,0,1,1,1,1,0,0,0,1,0,1,1,0,0,1,1,1,1,1,0,0,1,1,1,1,0,0,0,1,1,0,0,1,1,1,1,0,0,0,0,0,1,1,1,0,0,1,1,0,0,0,0,0,1,0,1,0.015625,-128.3345347307167,1
0,1,1,0,0,1,0,1,0,1,1,0,0,1,1,0,0,0,1,0,0,1,1,0,1,0,0,0,0,1,1,0,1,1,0,1,0,1,0,1,1,1,1,1,1,0,1,0,0,1,0,0,1,0,1,0,0,0,1,0,0,0,1,1,0.015625,-128.33318060741254,1
1,1,0,1,0,1,1,0,0,1,1,1,0,0,0,0,0,0,1,0,1,0,0,1,0,0,0,1,0,1,1,0,0,1,0,1,1,0,1,1,0,1,1,1,1,1,1,0,1,0,0,0,1,0,1,0,1,1,0,1,0,0,1,1,0.0,-128.33298145874858,1
0,0,1,1,1,1,0,1,1,1,1,0,0,1,0,0,0,1,0,1,1,1,1,1,0,1,0,1,0,0,1,0,0,1,1,0,0,0,0,1,1,0,1,1,0,0,0,1,1,0,0,0,0,1,1,1,1,1,0,1,0,1,0,0,0.0,-128.33270929112595,1
0,1,1,0,0,1,0,0,0,1,1,1,0,1,0,0,0,1,1,0,1,1,1,1,1,0,0,1,1,0,0,0,1,1,1,0,1,1,1,1,1,1,1,0,0,1,0,0,1,1,1,0,0,1,1,1,0,0,0,0,0,0,0,0,0.0,-128.33246465188375,1
1,0,1,0,0,1,0,1,1,0,0,1,1,1,0,0,0,0,0,0,0,0,1,1,1,1,1,1,0,1,1,0,0,1,1,0,1,0,0,0,1,1,1,1,1,0,0,0,0,1,1,0,1,0,1,0,0,1,0,0,0,0,1,1,0.0,-128.33182395531048,1
0,0,0,1,1,0,0,0,0,0,1,0,1,1,0,0,0,1,1,0,0,1,1,1,1,1,0,1,0,0,1,1,0,1,0,1,1,0,1,1,0,1,0,0,1,0,1,0,0,1,1,0,1,1,1,1,1,1,0,0,0,0,0,0,0.0,-128.33101551120282,1
0,0,1,0,1,1,0,1,0,1,1,0,0,0,0,0,0,1,0,0,1,0,1,0,0,1,0,1,1,1,1,0,1,1,1,0,1,0,0,1,0,1,0,1,1,1,0,1,0,1,1,0,0,0,1,1,1,0,0,0,0,1,0,1,0.0,-128.33008364281739,1
0,0,0,0,0,1,0,1,0,0,0,1,0,1,1,0,0,1,1,1,0,0,1,1,0,1,0,0,0,1,1,1,1,1,0,1,1,0,1,0,0,0,1,1,1,1,0,0,0,1,0,1,1,0,1,1,1,0,0,0,0,1,1,0,0.015625,-128.32984966983224,1
0,0,1,1,1,1,1,1,1,0,1,0,0,1,0,1,0,1,1,0,0,1,1,1,1,0,0,0,0,0,1,0,1,1,0,1,0,0,0,0,0,1,1,1,0,0,0,0,0,1,1,0,0,1,1,1,1,1,0,0,0,1,0,0,0.0,-128.32832320199665,1
1,0,0,1,0,0,0,0,0,0,1,1,0,0,0,0,0,1,1,0,1,1,1,0,1,1,1,1,1,1,0,0,1,1,1,1,1,0,0,0,0,0,0,1,0,0,0,0,1,1,1,1,1,1,1,1,0,1,0,0,0,0,0,1,0.0,-128.32829559969292,1
0,0,0,0,0,1,0,1,1,0,1,1,0,1,0,1,0,1,0,1,1,0,1,0,0,1,1,0,1,0,0,0,0,0,0,0,1,0,1,1,1,1,1,0,0,1,1,0,1,1,0,0,1,0,0,1,1,1,1,0,1,1,0,0,0.015625,-128.32816734578586,1
0,0,0,0,0,1,0,1,1,1,1,0,0,1,1,0,0,0,0,1,0,1,0,0,0,1,0,0,1,1,1,0,0,1,0,0,1,1,1,1,1,0,0,1,1,1,0,0,1,1,1,0,1,0,1,1,0,0,0,1,0,1,1,0,0.0,-128.32771895315256,1
1,0,1,1,1,1,1,1,1,0,1,1,0,1,0,0,0,0,1,0,0,1,1,1,0,0,0,1,0,1,1,0,1,1,1,0,0,1,0,1,0,0,1,1,1,0,0,1,0,1,0,0,1,0,1,0,0,0,1,0,0,0,1,1,0.0,-128.32766038115557,1
1,0,1,0,0,1,0,0,0,1,0,1,1,1,0,1,0,1,1,0,1,1,0,0,1,0,0,1,1,0,1,0,1,1,1,0,0,1,0,0,0,0,1,1,1,0,0,1,0,0,1,0,1,1,1,1,0,0,0,0,0,1,0,1,0.0,-128.32722527667775,1
1,0,1,0,1,1,1,1,1,0,1,1,0,1,1,0,0,0,1,0,1,1,1,0,1,0,0,0,1,0,1,0,0,0,0,1,1,1,0,0,0,0,0,1,0,0,0,0,0,1,0,0,1,1,1,1,1,1,0,1,1,1,1,0,0.0,-128.3271170084549,1
0,0,0,1,0,0,0,1,0,1,1,0,1,1,0,1,0,1,1,0,0,1,0,1,0,0,1,0,1,1,1,1,1,1,1,0,0,0,1,0,1,0,0,1,1,0,0,1,1,1,1,0,0,1,1,1,1,0,0,0,1,1,0,0,0.0,-128.3267736650297,1
1,1,0,0,0,1,1,0,1,1,1,1,0,1,0,0,1,1,0,1,1,0,1,1,0,1,0,0,0,1,1,0,0,1,0,0,0,1,0,1,0,0,1,1,1,0,0,1,1,1,1,0,1,1,1,0,0,1,0,1,0,0,0,0,0.0,-128.3263851849837,1
0,1,0,0,0,0,0,1,0,1,1,0,0,1,0,0,0,1,1,0,0,0,0,1,0,1,0,0,0,1,1,1,1,1,1,1,0,1,0,1,1,1,0,1,1,1,1,1,0,1,0,0,1,0,0,1,1,1,0,0,0,1,0,0,0.0,-128.32514713798162,1
0,1,1,0,0,0,0,1,1,1,1,1,0,1,0,0,0,0,0,1,0,1,1,1,1,1,0,0,0,1,0,1,0,1,0,1,0,1,0,1,0,0,1,1,1,0,0,0,1,0,0,1,0,1,1,1,1,0,0,0,1,1,1,1,0.0,-128.32445479782962,1
0,0,0,0,1,1,0,1,0,1,1,0,1,1,0,0,0,0,1,0,0,1,1,0,0,1,0,0,0,1,1,1,0,1,0,0,1,0,0,1,0,0,1,1,1,1,1,1,0,0,0,0,1,0,1,1,1,1,0,1,0,1,1,0,0.0,-128.32417097430124,1
1,1,1,0,1,1,0,1,0,1,1,1,0,1,0,0,1,1,1,1,1,1,0,1,0,1,0,0,0,1,1,1,1,1,1,1,1,0,0,1,0,0,1,1,0,0,0,1,0,0,0,0,0,0,1,0,1,0,0,0,0,1,0,0,0.015625,-128.32398195812937,1
1,0,1,0,1,0,1,1,0,1,1,1,0,0,0,1,0,1,1,0,0,1,1,1,1,0,0,1,0,1,1,0,0,1,1,0,0,0,0,1,0,1,0,1,1,0,1,1,0,1,0,1,1,0,1,1,1,0,0,0,0,0,0,1,0.0,-128.3237399892591,1
1,1,1,0,1,1,1,1,0,0,1,0,1,1,1,0,0,0,1,0,0,0,1,1,0,0,1,0,0,0,1,1,1,1,1,0,1,1,0,0,0,0,0,0,0,0,1,1,0,1,0,1,1,1,1,0,1,0,1,1,0,0,1,0,0.015625,-128.32332439756897,1
1,0,1,0,1,1,1,0,0,1,1,1,0,1,0,0,0,0,1,1,1,1,0,0,1,1,0,1,0,0,1,0,1,1,0,0,0,0,0,1,1,0,1,1,1,0,1,0,0,1,1,0,0,1,1,1,0,1,0,0,0,1,1,0,0.0,-128.32267585145877,1
0,0,1,0,0,0,0,1,1,1,0,0,0,1,0,0,0,0,1,1,0,0,1,1,1,1,0,0,0,1,1,1,0,0,0,1,1,1,1,1,1,1,0,0,1,1,0,0,0,1,0,1,1,0,1,1,1,0,0,0,0,1,1,0,0.0,-128.32255973578884,1
0,1,0,0,0,1,1,1,1,1,1,1,0,1,1,0,0,0,0,1,0,1,1,0,0,1,1,0,1,1,0,0,1,0,0,1,0,0,0,0,1,1,1,1,0,0,1,0,0,0,0,1,0,0,1,1,1,1,0,0,0,1,1,0,0.0,-128.32240605099508,1
0,0,1,0,0,1,1,1,1,1,1,1,1,0,0,0,0,1,1,0,1,0,1,0,1,1,1,1,1,1,1,0,0,1,0,0,1,1,0,1,1,1,1,0,0,0,0,0,0,1,0,0,0,0,1,0,0,1,0,0,0,1,0,0,0.0,-128.32196996913575,1
0,0,0,1,1,1,0,1,1,1,1,1,0,0,1,0,1,1,1,1,0,0,1,1,1,0,0,1,0,0,1,0,1,1,0,0,1,0,0,0,0,1,1,0,1,0,0,1,1,1,1,0,1,1,1,1,0,0,0,0,1,0,0,0,0.0,-128.32168822689465,1
0,0,0,0,0,1,0,1,0,1,0,1,0,0,0,0,1,1,0,0,0,0,1,1,0,1,0,1,1,1,0,0,1,1,1,0,1,1,1,1,0,0,1,1,1,1,0,0,0,0,1,0,1,0,1,0,1,1,0,1,1,1,0,0,0.0,-128.32064195844544,1
0,0,0,0,0,1,1,0,0,1,1,1,1,0,0,0,0,0,0,1,1,1,1,1,1,1,0,0,0,0,1,1,1,1,1,1,0,1,0,1,1,0,0,1,0,0,0,0,0,1,0,1,1,1,0,0,0,1,0,1,0,0,1,1,0.015625,-128.32060397956016,1
0,0,1,0,1,0,0,1,1,1,0,1,0,0,1,0,1,1,0,0,0,1,1,0,1,1,0,1,1,1,0,1,1,1,1,0,1,0,1,0,1,0,1,1,1,0,0,1,0,0,1,0,1,0,0,1,1,0,0,0,1,1,0,0,0.0,-128.32042965142736,1
0,0,1,0,0,0,0,0,1,0,1,1,0,0,1,1,1,0,1,1,1,0,1,1,0,0,1,1,0,0,1,0,0,1,1,1,0,1,1,1,1,0,0,1,1,1,0,1,0,1,1,0,0,0,1,1,1,0,0,0,0,1,0,1,0.0,-128.31997021924215,1
1,0,1,0,0,1,0,1,1,0,0,1,0,1,0,1,1,1,1,0,1,0,1,1,0,0,0,0,1,0,1,0,1,1,1,0,1,0,1,1,1,0,0,0,1,0,0,1,0,0,1,0,1,0,0,0,0,1,0,1,0,1,0,1,0.015625,-128.31950869625018,1
0,0,0,0,1,1,0,1,0,1,1,1,0,1,0,0,0,1,1,1,0,0,1,1,1,0,0,1,0,1,1,0,0,1,0,0,0,0,0,0,1,0,1,1,1,0,0,0,0,1,1,0,1,1,1,0,0,0,0,1,1,1,1,1,0.0,-128.31950495037313,1
0,1,1,0,1,1,0,0,0,1,0,1,0,1,0,0,1,1,1,0,0,0,1,1,1,1,1,1,1,1,0,0,0,1,1,0,0,1,0,1,1,0,1,1,1,1,0,0,0,0,0,0,0,0,1,0,0,0,0,1,1,1,0,0,0.0,-128.31801795839147,1
1,0,1,0,1,1,0,0,0,1,1,1,0,0,0,0,1,1,1,1,0,1,0,0,0,1,0,0,0,1,1,0,1,1,0,1,1,1,0,1,1,1,0,1,1,0,0,0,1,1,1,1,1,1,1,0,0,0,0,0,0,1,0,0,0.0,-128.31801410142168,1
0,0,1,0,0,1,0,1,1,0,1,1,0,1,0,1,1,0,1,0,0,0,1,0,0,0,0,1,0,1,1,0,1,1,0,1,1,1,1,0,0,1,0,1,0,0,0,0,0,1,1,0,1,1,1,1,0,1,1,0,0,1,0,0,0.0,-128.3175477918591,1
1,0,1,0,0,0,0,1,0,0,0,1,1,1,0,0,0,0,0,0,0,1,0,1,1,0,1,1,0,1,1,1,1,1,0,0,1,1,0,1,1,1,1,1,0,1,1,0,0,1,1,1,1,0,1,0,1,0,0,0,0,0,1,1,0.015625,-128.3174632378355,1
0,0,1,0,0,1,1,1,1,0,1,1,1,0,1,0,0,1,1,0,0,0,1,1,0,1,0,1,0,1,0,0,0,1,1,0,0,1,0,1,1,1,0,1,1,1,0,1,0,1,0,0,0,0,1,1,1,1,0,0,1,1,0,0,0.0,-128.31706801868282,1
1,0,1,0,1,1,0,1,1,1,1,1,0,0,1,0,0,0,1,1,0,0,0,0,1,1,0,0,0,1,0,0,1,1,0,1,0,0,0,1,0,0,1,1,1,0,0,1,1,0,0,0,1,1,0,0,1,1,0,1,0,1,1,0,0.0,-128.3160737934775,1
1,0,0,0,1,1,1,1,0,0,1,1,1,0,1,1,0,0,1,0,1,1,0,1,0,1,0,1,0,1,1,0,0,1,1,1,0,0,0,1,0,1,0,1,1,1,0,0,0,1,0,0,1,0,0,0,1,1,0,1,0,0,1,1,0.0,-128.31524877012507,1
1,1,0,0,0,1,0,1,0,0,1,1,0,1,0,1,1,1,0,0,0,1,1,1,0,1,0,0,0,1,1,1,1,1,0,0,1,1,0,1,0,0,1,1,0,1,0,0,1,1,0,1,1,1,0,0,0,0,0,0,0,1,0,0,0.0,-128.31524519453714,1
1,1,1,1,0,1,0,1,0,1,1,0,0,0,0,1,0,0,1,0,1,1,1,1,1,1,0,1,1,1,1,1,1,1,0,0,0,0,0,1,1,0,0,1,1,0,0,0,1,0,1,1,0,1,0,0,0,0,0,0,0,1,1,0,0.0,-128.31511251228915,1
1,0,0,1,0,0,1,1,1,0,0,1,0,1,1,0,0,1,0,0,1,0,1,1,1,0,1,0,0,0,1,0,1,1,0,0,1,0,0,1,1,1,1,1,1,0,1,0,0,1,1,0,1,1,1,0,0,0,1,0,0,1,1,0,0.0,-128.3146612521106,1
0,1,0,1,0,1,1,1,0,1,0,1,1,1,0,1,0,0,1,0,0,1,0,0,1,1,1,1,1,0,1,0,1,1,1,0,0,0,1,1,0,0,1,0,1,0,0,1,0,1,0,1,1,0,0,1,0,0,0,0,0,1,1,1,0.0,-128.31439599329082,1
0,0,1,0,1,1,0,1,0,1,1,1,0,1,0,0,0,0,1,1,0,0,1,0,1,0,0,1,0,1,0,0,1,1,0,1,0,1,1,1,1,0,0,0,1,1,1,0,0,1,1,0,1,0,0,1,0,1,0,1,0,1,1,1,0.0,-128.31434622830918,1
0,1,1,0,0,1,0,1,1,1,0,1,0,1,1,1,0,1,0,1,1,0,1,1,1,0,1,0,1,0,1,0,0,1,0,0,0,0,0,0,1,0,1,1,1,1,0,0,0,1,0,0,1,0,1,0,0,0,0,1,0,1,1,0,0.0,-128.3142919559918,1
0,0,0,0,1,1,0,1,0,1,0,1,0,1,1,0,0,1,1,0,1,1,0,1,1,0,0,1,0,1,1,1,1,1,0,0,1,0,0,1,1,0,1,1,0,0,1,1,0,1,0,0,1,0,1,0,0,0,0,0,0,1,1,0,0.0,-128.31418144014455,1
1,0,0,1,0,1,0,0,0,1,1,0,0,1,0,0,0,1,1,0,1,1,0,1,0,1,0,0,1,1,1,0,0,1,1,1,0,0,0,0,1,0,1,1,1,1,0,0,0,1,0,0,1,0,1,1,1,0,0,1,0,1,1,0,0.015625,-128.31336632806546,1
0,1,1,0,0,1,0,1,1,1,1,1,0,1,0,0,0,1,1,0,0,1,0,0,0,0,0,0,0,1,1,0,1,1,1,1,0,0,1,0,0,1,0,1,0,0,1,1,0,0,1,0,0,1,1,1,1,0,1,1,0,0,0,1,0.0,-128.31284795698355,1
1,0,1,0,1,0,0,0,1,0,0,1,0,1,1,0,0,1,1,1,0,1,1,0,1,1,1,0,0,1,1,0,0,1,0,0,1,0,0,0,1,0,1,1,0,1,0,0,1,0,1,0,1,0,1,0,0,1,0,0,1,1,1,0,0.015625,-128.31189122078723,1
1,1,0,1,0,0,1,1,0,1,0,1,0,1,1,1,1,1,1,1,0,0,1,0,0,1,0,1,0,0,0,1,1,1,1,0,0,1,0,0,0,1,1,1,1,0,0,1,0,1,1,0,0,0,1,0,1,1,0,1,0,0,0,0,0.0,-128.31184784021042,1
0,0,1,0,0,0,0,1,1,0,1,1,0,1,0,0,1,1,0,1,1,0,1,1,0,1,0,1,1,1,1,1,1,1,1,0,0,0,0,0,0,1,1,1,0,0,0,0,1,1,1,0,1,0,1,1,0,0,0,1,1,1,0,0,0.0,-128.31103493809775,1
1,1,1,0,0,1,1,1,0,0,0,1,0,1,0,0,0,0,0,1,0,0,0,0,0,1,1,1,0,1,1,0,1,1,0,1,0,0,0,1,1,0,0,1,0,1,1,0,0,1,1,1,0,0,1,1,1,0,0,0,0,1,1,1,0.0,-128.31069773459933,1
1,0,1,0,1,1,0,0,0,1,0,1,0,1,0,0,0,1,0,0,1,0,1,0,1,0,1,1,0,0,1,0,1,1,0,1,1,0,1,1,0,0,0,1,1,0,0,0,0,1,0,0,1,0,1,1,1,0,0,1,0,1,1,1,0.0,-128.3102173466082,1
1,0,1,0,0,1,0,0,0,0,0,1,0,1,0,1,0,1,1,1,1,0,1,0,1,1,1,0,0,1,1,0,1,0,0,1,0,0,0,0,1,0,1,0,1,1,0,0,0,1,1,0,1,0,1,0,0,1,1,0,1,1,1,0,0.03125,-128.3095010765569,1
1,0,1,0,0,1,1,1,1,0,1,1,0,1,1,1,1,0,1,0,0,0,0,1,0,0,0,1,0,1,0,0,1,1,1,0,0,1,0,1,0,1,1,1,0,1,0,1,1,1,1,1,1,1,0,0,0,0,0,0,0,1,0,0,0.0,-128.30927077561418,1
1,0,1,0,0,1,1,0,0,1,0,0,0,1,1,0,1,1,1,0,1,0,1,1,0,1,0,1,0,1,0,0,1,1,1,0,1,0,1,1,0,1,1,0,0,1,1,0,0,1,0,0,1,1,1,0,0,0,0,1,0,0,0,0,0.0,-128.30878933105276,1
0,1,0,0,1,1,0,1,1,1,1,1,0,1,1,0,0,1,0,1,1,1,0,1,1,0,0,1,0,1,0,0,1,0,0,0,0,1,0,1,0,0,1,0,1,0,0,0,0,0,0,0,0,0,1,1,1,1,1,0,0,1,1,1,0.0,-128.30855258159608,1
0,1,0,0,0,1,0,1,0,1,1,1,0,1,0,0,0,1,0,1,0,0,1,1,1,1,0,0,0,0,1,0,1,1,1,0,1,1,0,0,0,0,0,1,1,1,0,0,0,1,1,1,0,0,1,0,1,0,1,1,0,1,1,0,0.0,-128.30819653073706,1
1,0,1,0,1,1,0,1,0,1,1,1,0,1,0,0,1,0,0,0,0,0,1,0,1,0,0,0,1,1,0,0,0,1,1,1,1,0,0,0,1,0,1,1,1,1,0,1,0,0,1,0,1,0,1,0,0,1,0,0,1,1,1,0,0.015625,-128.3079997719988,1
1,0,1,0,1,1,0,0,0,1,0,1,0,1,0,0,0,1,0,1,1,0,1,0,0,0,0,1,1,0,1,0,0,1,1,0,1,0,1,1,1,1,0,1,0,0,1,0,0,0,1,1,1,1,1,1,0,0,0,1,0,1,1,1,0.0,-128.30794450615736,1
0,1,0,0,1,1,1,0,0,1,1,1,1,1,0,1,0,1,1,1,1,1,0,1,1,0,0,1,0,1,1,0,0,1,0,0,1,0,0,0,1,0,0,1,1,1,0,0,0,1,0,0,1,0,1,0,0,0,0,0,0,1,1,0,0.015625,-128.3077825029857,1
1,0,1,1,1,1,1,1,1,1,1,1,1,1,0,0,0,1,0,0,0,0,0,0,0,1,0,0,0,1,1,1,0,1,1,0,1,0,1,0,1,0,0,0,1,0,0,0,0,1,0,1,0,0,1,0,1,1,1,1,0,1,1,0,0.0,-128.3076983147382,1
1,1,1,1,1,0,0,1,0,1,1,0,0,1,0,0,0,1,0,0,1,1,1,0,0,1,0,0,1,1,0,1,0,1,0,0,0,0,0,1,1,1,1,1,1,0,1,1,0,1,1,0,0,0,1,0,0,0,0,0,1,1,1,1,0.0,-128.3069161218221,1
1,0,1,0,1,1,0,1,0,1,1,1,0,1,0,0,0,1,0,0,0,1,1,1,1,1,0,0,0,1,0,1,0,1,0,0,1,1,0,0,1,1,0,0,1,0,0,0,0,1,1,0,1,1,0,0,0,1,0,1,1,0,1,0,0.0,-128.30675152264,1
0,0,1,0,1,0,1,0,0,1,1,1,1,0,0,0,0,1,1,1,0,0,1,0,0,1,0,1,0,0,0,1,0,1,1,1,1,1,1,1,0,1,0,1,1,1,0,1,0,0,1,0,0,1,1,1,1,0,0,0,0,0,0,0,0.0,-128.30628685119325,1
0,0,1,1,0,0,0,1,0,1,1,0,0,1,1,0,0,1,1,1,0,1,1,1,0,0,0,1,0,1,1,1,1,1,0,1,0,0,0,1,1,0,1,1,1,0,1,0,0,1,0,0,0,0,1,0,0,0,0,0,1,1,1,0,0.0,-128.3057273997892,1
0,0,1,0,0,1,0,1,0,1,1,1,0,1,0,0,0,1,0,1,1,0,1,1,0,1,1,1,0,1,0,0,0,1,0,0,1,0,0,0,1,1,1,1,0,0,0,0,0,1,1,1,1,0,1,1,1,0,0,0,0,1,1,0,0.0,-128.30564740242417,1
0,0,1,0,0,1,0,1,0,1,0,0,0,1,1,1,0,1,1,1,1,1,1,1,1,1,0,0,0,1,1,0,1,1,0,0,0,0,0,1,1,0,1,1,1,1,1,0,0,0,0,0,1,0,0,1,0,1,0,0,0,0,1,0,0.0,-128.30564215603727,1
1,1,1,0,0,1,0,1,0,1,1,1,1,0,0,0,0,1,1,1,0,1,0,0,0,1,0,1,0,1,1,0,1,1,1,0,0,0,1,1,0,1,0,1,0,1,0,1,1,0,0,0,1,0,1,0,0,0,0,0,0,1,0,1,0.0,-128.3053686148755,1
1,0,1,0,0,1,1,0,1,1,0,1,0,1,0,0,1,0,1,1,0,1,1,1,0,0,0,1,0,0,1,0,0,1,0,1,1,0,1,0,1,0,1,0,0,0,0,0,0,1,1,0,1,1,1,0,1,0,0,0,1,1,1,0,0.0,-128.3052534621645,1
1,0,0,0,1,1,0,1,0,1,1,1,0,1,0,0,0,1,0,1,0,1,0,1,1,1,0,0,1,0,1,0,1,1,0,1,0,0,0,1,1,0,0,1,0,1,0,0,0,1,1,1,1,0,1,0,1,1,0,1,0,0,1,1,0.0,-128.30508602155263,1
0,0,1,0,0,1,0,1,1,1,0,1,0,0,1,0,0,1,0,1,0,1,1,1,0,0,0,0,0,1,1,0,1,1,0,0,1,1,0,1,0,1,1,1,1,1,0,1,0,1,0,0,0,0,0,1,0,1,0,1,0,1,1,0,0.015625,-128.30479257978604,1
0,0,0,0,1,1,0,0,1,0,1,1,0,1,1,0,1,1,1,0,1,0,1,0,1,0,0,1,1,0,1,0,1,0,1,1,0,0,0,1,1,0,1,1,0,0,1,1,0,1,1,0,0,1,0,1,1,0,0,1,0,0,0,0,0.0,-128.30425602050968,1
0,0,0,0,0,1,0,1,1,1,0,1,0,0,1,0,0,1,1,1,0,0,1,1,1,0,0,0,0,1,1,0,1,1,0,1,0,1,0,1,1,1,0,1,0,0,0,0,0,0,1,0,1,0,1,0,1,1,1,1,0,0,1,1,0.0,-128.3039730925339,1
0,0,0,0,1,1,1,1,0,1,1,1,0,1,1,0,0,1,1,1,0,1,0,1,1,0,0,0,1,0,0,0,0,1,1,1,0,0,0,1,0,0,1,1,1,0,1,1,1,1,0,1,1,0,0,1,1,0,0,1,0,0,1,0,0.0,-128.30396357893602,1
1,0,0,0,0,1,0,1,1,1,0,1,0,0,1,1,0,1,0,0,0,0,1,1,0,1,0,1,0,1,1,0,1,1,0,1,1,1,1,0,1,0,1,0,0,1,0,1,1,0,1,1,1,0,1,0,0,0,0,1,0,0,1,1,0.0,-128.30384275133514,1
0,0,0,0,0,1,0,1,0,0,1,1,0,1,1,1,0,1,1,0,1,0,1,0,0,0,0,1,0,1,1,0,1,0,1,0,1,0,0,1,0,0,1,1,1,1,0,0,1,1,1,0,0,1,1,0,1,0,1,0,1,1,1,1,0.0,-128.30383215666185,1
1,1,1,0,1,1,0,0,0,1,1,1,1,1,0,1,0,1,1,0,0,0,1,0,1,0,0,0,0,1,1,0,1,1,1,1,0,0,0,1,0,0,0,0,1,0,0,0,0,1,1,1,1,0,1,0,0,1,0,0,0,1,1,0,0.0,-128.30367553016515,1
1,0,1,0,1,1,0,0,0,0,0,1,1,1,0,0,0,1,1,0,1,1,1,1,0,0,0,0,0,1,0,0,1,1,1,0,1,0,1,1,0,1,1,1,0,1,1,0,0,1,1,0,1,1,1,0,0,1,0,0,0,1,1,0,0.0,-128.3034363564517,1
0,0,0,1,0,0,0,1,0,0,1,1,0,1,0,1,0,1,1,1,0,0,0,1,1,0,1,0,1,1,1,0,1,1,0,0,0,0,1,1,0,0,1,1,0,0,0,0,0,1,1,1,0,1,1,0,1,1,0,1,1,1,1,1,0.0,-128.30333712887708,1
0,0,1,0,1,0,1,1,0,1,0,1,0,0,0,1,1,1,1,1,1,0,0,1,1,0,1,1,0,0,1,0,1,1,0,0,1,0,0,0,1,0,0,1,1,0,1,0,0,1,1,0,1,1,1,0,0,0,1,0,0,1,0,0,0.0,-128.303150038349,1
1,0,0,1,1,1,0,1,1,0,0,1,0,1,0,1,0,1,0,1,0,1,1,0,1,0,0,0,0,1,1,0,1,0,0,1,0,0,1,0,0,1,1,1,1,1,1,0,0,1,0,0,1,0,1,1,0,0,0,1,0,0,1,0,0.0,-128.3030706863634,1
0,0,0,0,0,0,1,1,1,1,1,1,0,1,1,0,0,1,1,0,0,1,1,1,0,1,0,1,0,1,0,0,1,1,0,1,0,0,0,0,0,0,1,1,1,0,0,1,0,1,1,1,1,0,1,0,1,1,0,0,1,1,1,0,0.015625,-128.30250311191335,1
1,1,1,0,1,1,1,1,0,0,1,1,0,1,0,0,0,1,0,1,0,1,1,0,1,0,0,1,1,0,1,0,1,1,0,1,0,1,0,0,0,0,1,1,1,0,0,0,0,0,1,1,0,1,1,0,0,0,0,0,0,1,1,0,0.0,-128.3023859243599,1
1,0,0,0,0,0,0,1,0,0,1,1,1,1,1,0,0,1,1,0,0,1,1,1,1,1,1,1,0,1,0,0,1,0,0,0,1,0,0,1,1,0,1,0,1,0,0,0,1,1,0,1,1,0,1,1,0,0,0,0,0,1,1,0,0.0,-128.30237024388896,1
0,0,1,0,1,1,1,1,0,0,1,0,0,1,0,0,0,1,1,1,0,1,1,0,0,0,1,0,1,1,1,0,1,1,0,0,0,0,0,0,1,0,1,1,1,0,1,0,0,1,1,0,0,1,1,1,1,0,0,0,0,1,1,0,0.0,-128.30225726931437,1
1,0,0,1,1,1,0,0,0,1,1,1,0,1,0,1,0,1,0,0,0,0,1,0,1,1,1,0,0,1,1,1,1,1,0,0,0,1,0,0,0,0,1,1,1,0,0,1,0,0,1,0,1,1,1,0,0,0,0,0,0,1,1,1,0.0,-128.3021097594289,1
1,0,0,0,0,1,1,1,0,1,1,1,0,0,1,0,0,1,1,0,0,1,0,1,1,1,0,0,1,1,0,1,0,1,1,0,1,0,0,0,1,1,1,0,1,1,1,0,1,1,0,1,0,0,1,1,1,0,0,0,0,0,1,0,0.0,-128.3015649452577,1
1,0,0,1,1,1,0,1,0,0,0,1,0,1,1,0,0,1,0,1,0,1,0,0,0,1,0,0,0,0,1,0,1,1,1,0,1,0,0,1,0,1,1,1,0,1,0,1,1,1,1,0,1,1,0,1,0,1,0,0,0,0,1,0,0.0,-128.30115207219743,1
1,0,1,0,0,0,0,1,1,0,0,1,1,0,1,0,0,1,1,1,1,0,1,1,0,1,0,0,0,1,1,0,0,1,1,0,0,1,0,1,0,0,0,0,1,0,0,0,0,1,1,0,0,0,1,1,0,0,1,1,1,1,1,1,0.0,-128.30089694082096,1
0,0,0,1,0,0,0,1,0,0,0,1,0,1,1,0,0,1,1,0,0,1,0,0,1,1,0,1,0,0,1,1,1,1,1,1,0,0,1,1,1,0,1,1,1,0,0,0,0,0,1,0,1,0,0,1,1,0,1,1,0,1,1,0,0.0,-128.3008117080733,1
0,0,0,0,1,1,1,0,0,1,1,1,0,0,1,0,0,1,1,1,0,0,0,1,1,1,0,1,0,1,1,0,1,1,1,0,0,0,1,1,0,1,1,1,0,0,0,0,0,0,0,0,0,0,1,1,1,1,0,0,0,1,1,1,0.0,-128.30064508591383,1
0,0,0,0,1,1,1,1,0,1,1,1,0,0,1,0,0,1,0,0,0,1,0,1,1,1,1,0,1,1,1,0,1,1,0,0,0,1,1,1,1,0,1,1,0,1,0,1,0,0,0,1,1,0,0,1,0,0,0,1,0,0,1,1,0.0,-128.30016631225502,1
0,0,0,0,0,1,0,1,0,1,1,0,0,0,0,0,0,1,0,0,1,0,1,1,1,1,1,0,0,1,1,0,0,1,1,0,1,0,0,0,1,1,0,1,1,1,1,0,0,0,0,1,1,0,1,0,1,1,1,1,0,1,1,0,0.0,-128.29997151123717,1
0,0,0,0,1,1,0,1,1,0,1,1,0,0,0,0,0,1,1,1,0,1,1,1,0,1,0,0,0,1,0,1,1,1,0,1,0,1,1,1,1,0,1,0,0,0,0,1,0,0,1,0,1,1,1,1,1,0,0,1,1,0,1,0,0.0,-128.29972731861025,1
1,1,1,0,0,1,0,1,0,0,0,1,1,0,1,0,0,1,1,1,1,1,1,0,1,1,0,1,1,1,1,0,0,1,0,0,1,0,0,1,0,0,0,1,1,1,0,0,0,0,0,0,0,0,0,0,0,1,1,1,0,0,1,1,0.0,-128.29945030618063,1
0,0,0,0,0,0,0,1,0,1,1,0,0,0,1,0,0,1,0,1,1,0,1,1,0,1,0,0,0,1,1,0,0,1,0,1,1,1,0,1,0,0,1,1,0,1,0,1,1,1,1,0,0,1,1,0,1,0,0,0,1,1,1,1,0.0,-128.29940962082864,1
1,0,1,0,0,1,0,1,1,1,1,1,0,1,1,1,0,1,0,1,0,0,1,1,1,0,0,0,0,1,0,0,1,1,1,1,1,0,0,1,1,0,0,0,1,0,0,1,0,0,1,0,1,1,0,1,1,1,0,0,0,0,1,0,0.0,-128.29916425704832,1
1,0,1,0,0,0,0,1,1,1,0,1,1,1,1,0,0,1,0,0,0,0,1,0,0,1,0,1,0,1,1,1,0,1,1,1,1,0,0,1,1,0,1,1,1,1,0,0,0,0,0,1,0,1,0,0,1,1,0,0,0,1,1,1,0.0,-128.29910873349203,1
1,1,1,0,1,1,1,0,1,1,0,1,0,1,0,1,0,1,0,0,1,1,1,0,0,0,0,0,1,0,1,0,0,0,1,0,1,0,0,1,1,0,0,1,0,1,0,0,1,1,0,0,1,0,1,1,1,0,0,0,0,1,1,0,0.0,-128.2989609303325,1
1,1,0,0,1,1,0,1,1,0,1,0,0,0,0,1,0,1,0,1,1,1,0,0,1,0,1,0,0,0,1,0,0,1,0,1,1,0,0,1,1,0,1,1,1,1,1,0,1,1,0,0,1,0,0,0,0,1,0,0,0,1,1,0,0.0,-128.29826344244879,1
1,0,1,0,0,1,1,1,1,1,0,1,0,1,0,0,0,1,1,0,1,1,1,1,0,0,0,0,0,1,1,0,1,1,1,0,0,0,0,1,0,0,0,0,1,1,0,0,0,0,0,0,1,0,1,0,1,1,0,1,0,1,1,1,0.0,-128.2981752403017,1
1,0,0,0,0,1,1,1,1,1,0,1,0,0,0,0,0,1,0,0,1,0,1,0,0,0,0,1,0,0,1,0,1,1,1,1,1,1,0,1,1,0,1,1,0,0,0,1,0,1,0,0,0,1,1,1,1,0,1,1,1,1,1,0,0.0,-128.29799057791578,1
0,0,0,0,0,1,0,1,1,0,1,1,0,0,1,0,0,1,0,1,1,1,1,0,1,1,1,1,0,0,1,0,1,1,0,0,0,0,1,1,1,1,1,0,1,0,0,0,0,1,0,0,1,1,1,1,0,0,1,1,0,1,1,0,0.0,-128.297691968775,1
1,0,1,0,0,1,0,1,0,1,0,0,1,1,0,0,0,1,0,1,0,1,1,0,0,1,0,1,1,0,1,0,0,1,1,1,1,0,0,1,1,0,1,1,0,0,0,1,0,1,1,0,0,0,1,1,0,1,0,1,0,1,1,1,0.0,-128.29739353911637,1
0,1,1,0,0,0,0,1,0,0,1,1,0,1,0,0,0,1,1,1,0,0,1,1,1,1,1,0,0,1,1,0,0,1,1,1,0,0,0,0,1,0,1,1,1,1,0,0,1,0,0,0,1,1,1,0,0,0,0,1,0,1,1,0,0.0,-128.29660483943908,1
0,0,1,0,0,0,1,1,0,1,0,0,0,1,0,0,1,1,1,0,1,1,1,0,1,1,1,1,0,1,0,0,1,1,1,1,0,1,0,0,1,0,0,0,1,1,0,0,1,1,1,1,1,0,1,0,0,1,0,1,0,0,0,1,0.0,-128.29635947536943,1
0,1,1,0,0,0,0,1,0,1,1,1,0,1,1,0,0,1,0,1,0,0,1,1,1,1,0,1,1,0,1,0,1,1,0,0,0,0,0,1,1,0,1,1,0,0,1,0,0,1,1,0,0,1,1,0,0,0,0,0,1,1,1,0,0.0,-128.29623088499906,1
1,0,0,1,0,1,1,1,1,1,1,0,0,1,1,0,0,1,1,0,0,1,1,0,1,1,0,0,0,1,1,0,1,1,0,0,0,1,0,0,1,0,0,0,1,0,0,0,0,0,1,0,1,1,1,1,0,1,1,0,0,0,1,0,0.0,-128.29591048392834,1
1,0,1,0,1,1,0,1,1,0,0,1,0,1,0,1,0,1,1,1,1,1,0,0,1,0,0,0,1,1,1,1,1,1,0,0,1,1,1,1,1,0,0,0,0,0,1,1,0,0,0,0,1,0,0,1,1,0,0,0,0,1,1,0,0.0,-128.29534091185155,1
1,0,1,0,1,1,1,1,0,0,1,1,0,1,0,0,1,0,1,0,1,0,1,0,1,0,0,1,1,1,1,1,1,1,0,1,0,0,0,1,0,0,1,1,0,0,0,1,0,1,1,0,0,0,1,1,0,0,0,0,1,1,1,0,0.0,-128.29493260778614,1
1,0,1,1,1,1,0,1,0,1,1,1,1,1,0,0,0,1,0,0,1,1,1,1,0,0,0,1,0,0,1,0,0,1,1,0,0,0,0,1,0,0,1,1,1,0,0,1,1,0,0,0,0,0,1,1,0,0,0,0,0,1,1,1,0.0,-128.29458445912883,1
1,0,0,0,0,1,1,1,1,1,0,0,0,1,0,0,0,1,0,1,1,1,1,1,0,0,1,0,0,0,1,0,0,1,0,1,1,1,0,1,0,0,0,1,0,0,0,1,1,1,1,1,0,0,1,1,0,1,0,0,0,1,1,0,0.0,-128.29440475774427,1
1,0,0,1,0,1,0,1,0,0,1,1,0,1,0,0,1,1,1,1,1,0,0,0,0,1,1,0,1,0,1,1,1,0,0,1,0,0,0,1,0,0,0,1,1,1,1,0,1,0,0,0,1,1,1,1,1,1,1,0,0,0,0,1,0.0,-128.29436444209298,1
1,0,1,0,1,1,0,1,0,0,1,1,1,1,0,0,0,1,1,0,1,1,0,0,1,1,1,0,0,1,1,0,1,1,1,0,0,0,0,0,1,0,1,1,0,1,0,0,0,1,0,1,1,0,0,0,0,0,0,1,0,1,1,0,0.0,-128.294307470229,1
0,0,0,1,0,1,0,1,0,1,1,0,0,1,0,1,0,1,0,1,0,0,1,1,1,1,0,0,0,0,1,1,1,1,0,1,0,1,0,1,0,1,1,1,0,0,0,0,0,1,1,1,1,1,1,0,0,0,1,0,0,0,1,0,0.0,-128.2940877319636,1
1,0,0,1,1,0,0,1,0,1,0,1,0,1,1,1,1,1,0,0,0,1,1,1,0,0,0,0,1,1,0,0,1,1,1,1,1,0,1,1,0,0,1,1,1,0,0,1,0,0,1,0,1,0,1,0,0,1,0,0,0,1,1,0,0.0,-128.29404466227555,1
1,0,0,0,0,1,0,1,1,0,1,1,0,1,0,1,0,1,1,1,0,1,1,1,1,1,0,1,0,0,1,0,0,1,0,1,0,1,0,0,1,1,1,0,0,0,0,0,0,1,1,1,1,0,1,1,0,0,0,1,0,1,1,0,0.0,-128.29402824194642,1
0,1,1,0,0,1,0,1,0,1,1,1,0,1,0,0,0,1,0,1,1,1,1,1,1,0,1,1,1,1,0,0,1,1,0,0,0,0,1,1,0,0,1,1,0,0,0,0,0,1,1,0,0,1,0,1,0,1,0,0,0,1,1,1,0.0,-128.29353539686826,1
1,0,0,0,1,1,1,1,0,0,0,0,1,0,1,1,0,1,0,1,0,1,0,1,1,1,0,1,1,1,1,0,1,1,1,0,0,0,1,0,1,0,0,0,1,1,1,0,0,0,0,0,1,1,1,1,0,0,0,1,0,0,1,1,0.0,-128.29334603620535,1
1,1,0,1,1,1,0,1,1,0,1,1,0,1,0,1,0,1,1,0,0,0,1,1,0,1,0,1,1,1,0,1,0,0,1,1,1,1,1,0,1,0,0,1,0,0,0,0,0,0,0,0,0,1,1,0,1,0,0,1,0,1,1,0,0.0,-128.29320173573558,1
0,0,0,0,1,0,0,1,0,1,1,1,0,0,0,1,0,1,1,1,0,1,1,1,0,1,0,1,0,1,1,1,1,0,1,0,1,0,0,1,0,0,1,1,0,0,0,1,0,1,1,0,1,0,1,0,1,0,0,0,0,1,1,0,0.0,-128.29318684143269,1
1,0,1,1,0,1,0,1,0,0,0,1,0,1,0,0,0,1,1,0,1,0,1,0,1,0,0,1,0,0,1,0,1,1,1,0,1,1,1,0,1,0,0,1,1,1,0,1,0,0,1,0,0,1,1,1,1,0,1,0,0,0,1,1,0.015625,-128.2927413823605,1
1,1,0,0,0,1,1,1,0,0,1,1,0,1,0,1,1,1,1,0,0,1,0,0,1,0,0,0,0,1,0,0,1,0,1,1,0,1,1,1,0,1,0,1,1,0,0,1,1,0,1,0,1,0,0,1,0,0,0,0,1,0,0,1,0.0,-128.29244974434334,1
1,1,1,0,1,0,0,1,0,0,0,0,0,1,0,0,0,1,0,1,0,1,1,1,1,1,0,1,0,1,1,0,1,0,0,0,1,0,1,0,0,0,1,1,0,1,1,1,0,1,0,0,0,1,0,1,1,0,0,1,0,1,1,0,0.015625,-128.29239612905548,1
0,0,1,0,1,0,0,0,0,1,1,0,1,1,0,0,0,1,0,0,1,1,0,0,0,0,0,1,0,1,1,0,1,0,1,0,1,0,1,1,1,0,1,1,1,1,1,0,1,0,1,0,1,1,1,1,1,0,0,1,0,1,1,0,0.0,-128.2922554134476,1
1,0,1,0,1,1,0,1,1,0,0,1,0,1,0,0,0,1,1,0,0,0,0,0,0,1,1,0,0,1,1,1,1,1,0,0,0,1,0,1,1,0,0,0,1,0,0,1,0,0,1,0,1,1,1,1,0,0,0,1,1,1,1,0,0.0,-128.29221846281592,1
1,1,1,0,0,1,1,1,0,0,1,1,0,0,1,0,0,1,1,0,0,1,0,0,1,1,0,1,0,1,1,0,1,1,1,0,1,1,0,0,1,1,1,1,0,1,0,0,0,0,0,0,1,1,1,0,0,0,1,0,1,0,1,0,0.015625,-128.29205584150552,1
0,0,1,0,0,1,0,1,0,1,1,0,1,0,1,0,0,1,0,0,1,1,1,0,1,1,0,1,0,1,1,0,1,1,0,0,1,0,0,1,0,0,0,1,1,0,0,1,0,1,0,0,1,1,1,1,0,1,0,1,0,1,1,1,0.0,-128.29129887964527,1
1,1,1,0,1,1,1,0,0,1,1,0,0,1,1,0,0,1,1,0,0,1,1,0,1,1,0,1,0,0,1,0,0,1,0,1,0,1,1,1,0,1,1,0,0,0,0,1,0,0,1,0,1,0,1,1,1,0,0,0,0,1,1,0,0.0,-128.29106622858066,1
0,0,1,0,1,1,1,1,1,0,1,0,0,1,0,0,0,1,0,1,0,1,1,0,1,1,0,1,0,1,1,0,0,1,0,0,0,1,0,1,1,0,0,1,1,0,1,0,0,1,1,0,1,1,1,0,1,0,0,1,1,0,1,0,0.0,-128.29097009534306,1
0,0,1,1,0,0,1,1,0,0,1,1,1,1,1,0,0,0,1,0,1,1,1,0,0,1,0,1,1,0,0,0,1,1,1,1,0,0,1,1,1,1,0,1,0,1,0,0,0,0,0,1,0,1,0,0,0,0,1,0,0,1,1,0,0.0,-128.29097004365485,1
1,0,1,0,0,0,0,1,1,1,0,0,0,1,0,0,0,1,1,0,0,0,1,0,1,1,0,0,0,0,1,0,0,1,1,1,0,0,1,1,1,0,1,1,1,0,0,1,1,0,1,1,0,1,1,1,1,1,0,0,0,1,1,1,0.0,-128.29057212020155,1
0,1,1,0,0,1,1,1,1,1,1,1,0,1,0,0,0,1,1,0,0,0,1,0,0,1,1,0,0,0,1,0,0,1,0,0,1,1,0,0,1,0,0,1,1,0,0,1,1,1,1,0,1,0,1,0,0,1,0,0,0,1,1,0,0.0,-128.28982913112722,1
1,0,0,0,1,1,0,1,0,1,1,0,0,1,0,1,1,1,1,0,0,1,1,1,1,0,0,1,0,1,1,0,0,1,0,0,1,0,0,1,1,0,1,1,1,0,0,0,0,1,1,0,1,0,1,1,0,1,0,1,0,0,1,0,0.0,-128.28957738518116,1
1,0,0,0,0,0,0,1,0,0,1,1,0,1,0,0,0,1,1,0,0,1,0,0,1,0,0,1,1,1,0,0,0,1,0,0,0,1,0,1,1,0,1,0,0,0,0,1,0,1,0,1,1,1,1,1,1,1,1,1,1,1,1,0,0.03125,-128.2895330797882,1
0,0,1,0,1,0,1,1,0,1,0,1,0,1,0,0,0,1,0,0,0,1,0,0,1,1,0,1,0,1,1,1,1,1,1,1,1,1,0,1,1,1,1,1,0,0,1,0,0,1,0,1,0,1,0,1,0,1,0,0,0,0,1,0,0.0,-128.28942555625227,1
0,1,1,0,1,1,0,1,0,1,1,1,0,1,0,1,0,1,1,0,0,1,1,0,1,0,0,0,0,1,0,0,0,1,0,0,0,1,0,1,1,0,0,1,1,0,1,0,1,1,0,1,0,1,1,0,0,1,0,0,0,1,1,0,0.0,-128.28912976498526,1
0,0,1,0,1,0,1,1,0,0,0,1,0,1,1,0,0,1,1,1,0,1,1,0,0,1,1,1,0,0,0,0,0,1,1,0,1,1,0,1,1,0,1,1,0,1,0,0,0,1,0,0,0,1,1,0,0,1,0,1,0,1,1,0,0.0,-128.2890447108411,1
0,0,1,0,0,1,0,1,0,1,0,0,0,0,0,1,0,1,0,0,1,0,1,1,0,0,0,1,1,1,1,1,0,1,1,0,1,1,0,1,1,0,0,1,0,0,1,0,1,1,1,0,0,1,1,1,1,1,0,0,0,1,1,1,0.0,-128.28858413658017,1
1,0,0,0,0,0,0,1,0,1,1,1,1,1,0,1,0,1,1,0,0,1,1,1,0,0,0,0,1,0,0,0,1,1,0,1,1,0,0,1,1,0,1,1,0,1,0,0,1,1,1,0,0,1,1,0,1,1,0,0,0,1,1,1,0.0,-128.288476872902,1
1,0,1,0,0,1,0,1,1,1,1,1,1,1,0,0,0,1,0,0,0,0,0,0,1,0,0,1,0,1,1,0,1,1,0,0,0,0,0,0,1,1,1,1,0,0,0,0,1,1,1,1,1,0,1,1,0,1,0,1,0,0,1,0,0.0,-128.28832604475429,1
1,0,1,1,0,1,1,1,0,1,0,0,0,0,0,0,0,1,0,1,1,1,1,1,1,1,0,1,0,1,1,0,0,1,0,1,0,1,0,1,0,0,1,1,0,1,0,1,0,0,1,0,1,0,0,1,1,0,0,0,1,1,1,0,0.0,-128.288220536576,1
1,0,1,0,1,0,0,1,1,1,1,0,0,1,0,1,0,1,0,0,0,0,0,1,1,0,0,0,0,1,1,1,0,1,0,1,1,1,0,1,1,1,1,1,0,1,0,1,0,1,1,0,0,0,1,1,1,0,0,0,0,1,1,0,0.0,-128.2881942465504,1
1,0,1,0,0,0,0,1,0,0,0,0,0,1,0,0,0,1,1,1,1,0,1,0,0,1,0,1,1,0,1,1,1,1,1,0,1,1,1,1,1,0,0,1,1,1,0,1,0,0,1,0,1,1,0,1,0,1,0,0,0,1,1,0,0.0,-128.28797295471642,1
0,0,1,1,1,1,0,1,1,1,1,0,0,1,0,0,0,1,1,1,0,0,0,0,0,1,0,1,1,1,1,0,0,0,1,0,1,1,0,1,0,1,1,0,1,1,0,1,0,0,1,0,1,0,1,0,1,0,0,0,0,1,1,1,0.0,-128.28793106859925,1
0,0,1,0,0,1,0,1,1,1,1,1,0,0,1,1,0,1,1,0,1,0,0,0,0,1,1,0,0,1,0,1,1,1,0,1,0,0,1,0,0,0,1,1,1,0,1,0,0,0,1,0,1,0,1,1,1,1,0,0,0,1,1,1,0.0,-128.2878285444874,1
1,0,1,0,0,1,0,0,1,0,1,1,0,1,0,0,0,1,1,0,0,0,0,1,1,1,0,0,1,1,1,0,0,1,1,1,1,0,0,0,1,1,1,0,0,1,0,1,0,1,1,0,0,1,0,1,0,0,0,0,0,1,1,1,0.0,-128.2876207738409,1
1,0,1,0,1,0,1,1,0,1,1,1,1,0,1,1,0,1,0,0,1,1,0,0,0,1,0,0,1,1,0,0,0,0,0,0,0,1,0,1,0,0,1,1,1,0,0,0,1,1,1,0,1,1,1,1,1,1,0,0,0,1,1,0,0.0,-128.2873719645644,1
1,1,1,0,1,1,1,1,0,1,1,0,0,1,0,1,0,1,0,1,0,0,0,0,1,0,0,1,0,0,0,1,1,1,1,1,0,0,1,0,0,0,1,0,1,0,0,1,1,0,0,0,1,0,0,1,0,1,0,1,0,1,1,0,0.0,-128.28733032669942,1
1,0,0,0,0,1,0,1,1,1,1,1,0,1,0,1,0,1,1,1,0,1,1,1,1,1,0,0,0,1,1,1,1,1,0,1,0,0,0,1,0,0,1,1,0,0,0,1,1,0,1,0,0,0,0,1,1,1,0,0,0,0,1,0,0.0,-128.28732038293458,1
0,0,1,0,1,1,0,1,0,1,0,1,0,1,1,0,1,1,1,0,1,1,0,0,1,1,0,0,0,0,1,0,1,1,0,0,1,0,1,1,1,0,1,1,1,0,1,1,0,1,0,0,1,0,1,0,1,0,0,0,0,1,1,0,0.0,-128.28724197458726,1
1,1,1,1,1,1,0,1,0,1,1,1,0,0,0,0,0,1,0,1,0,0,0,1,1,1,0,1,0,0,0,0,1,1,0,1,0,1,0,1,1,1,1,0,0,0,1,0,0,1,0,0,1,0,0,1,0,1,0,0,0,1,1,0,0.0,-128.28712362222421,1
1,0,1,1,0,1,1,1,0,0,1,1,0,1,0,1,0,1,1,1,1,0,0,0,0,1,0,1,0,0,1,0,0,1,1,0,0,0,0,1,0,0,1,0,0,1,0,0,0,1,0,0,1,0,1,0,1,1,0,1,1,0,1,1,0.0,-128.28676504331872,1
1,1,1,1,0,0,1,1,0,0,1,0,0,1,0,1,1,1,1,1,0,1,1,1,1,0,0,0,0,0,0,0,0,1,1,1,0,1,1,1,0,0,0,0,0,1,0,0,1,0,1,0,1,1,1,1,0,0,0,0,1,1,0,1,0.015625,-128.28656537363688,1
1,0,1,0,1,0,0,1,0,1,1,1,1,1,0,0,1,0,0,0,0,0,1,1,0,1,1,1,0,1,1,0,1,1,0,0,1,0,0,0,0,1,1,1,1,0,1,0,0,1,1,0,0,1,0,1,0,0,0,0,0,1,1,0,0.0,-128.28654580048914,1
1,0,0,0,0,1,0,1,0,1,1,1,0,0,0,0,0,1,0,0,1,1,1,0,0,0,0,1,0,1,1,0,0,1,0,1,0,1,1,1,1,0,1,1,0,1,1,0,1,0,0,0,1,1,1,1,1,0,1,0,1,1,1,0,0.0,-128.28647390006665,1
0,0,0,0,0,1,0,1,1,1,1,1,0,1,0,1,1,0,1,0,0,1,0,0,1,1,0,0,0,0,1,0,1,1,1,1,1,1,1,1,0,0,0,1,1,0,0,0,0,1,0,1,1,0,1,0,1,0,0,0,0,1,1,0,0.0,-128.2862821858356,1
0,0,1,0,0,0,1,1,0,1,1,0,1,0,0,1,0,1,0,1,1,0,1,1,1,0,1,0,0,1,0,0,0,1,0,1,0,0,0,0,1,0,1,1,1,1,0,1,1,1,0,1,1,0,0,1,1,0,0,0,0,0,1,1,0.0,-128.28612031520592,1
0,1,0,0,0,0,0,1,1,0,0,1,0,1,1,1,0,1,1,0,0,1,0,1,0,1,0,0,1,0,0,1,0,1,1,0,0,1,0,0,1,1,0,1,0,0,1,1,0,1,0,1,0,0,1,1,1,1,0,0,1,1,1,0,0.0,-128.28596609590002,1
0,0,0,0,0,1,0,1,1,1,1,1,0,0,1,1,0,1,0,1,1,0,1,0,0,1,1,1,1,0,1,0,1,0,1,0,0,1,0,0,1,1,1,1,1,1,0,1,0,1,1,0,1,0,0,0,1,1,0,0,0,0,1,0,0.0,-128.28515941998873,1
0,0,1,0,0,0,1,1,1,1,0,1,1,1,1,0,0,1,0,1,1,0,1,0,1,1,0,1,1,1,0,0,0,1,1,0,1,0,0,1,1,0,0,1,0,1,0,1,0,0,0,1,1,0,0,1,1,1,0,0,0,1,1,0,0.0,-128.2849743054413,1
0,1,1,0,0,1,0,1,1,1,1,1,0,1,0,0,0,1,1,1,1,1,1,0,1,0,1,0,0,1,1,0,0,1,1,0,0,0,0,0,0,0,0,1,0,1,0,0,1,1,0,1,1,0,0,0,1,0,0,0,0,1,1,1,0.0,-128.2849369781679,1
1,0,0,0,0,1,0,1,1,1,1,1,1,1,0,0,1,0,0,1,0,0,0,0,0,1,0,1,1,0,1,0,1,1,0,0,1,0,1,0,0,0,1,1,0,1,0,0,1,1,0,0,1,0,0,1,0,1,0,1,0,1,1,1,0.0,-128.28449380644963,1
1,1,1,1,0,1,0,1,0,1,1,1,0,0,0,0,0,1,1,1,1,1,1,1,0,1,0,1,0,0,1,0,1,1,0,0,1,0,1,0,0,0,0,1,0,1,0,0,0,0,1,0,0,1,1,1,0,1,0,0,0,0,1,0,0.0,-128.284426691075,1
0,1,1,0,0,0,0,1,0,0,1,1,0,0,0,1,0,1,1,0,1,0,1,1,0,1,0,0,0,1,1,0,1,1,1,1,0,1,0,0,0,1,1,1,0,1,0,1,0,1,1,0,1,0,1,0,1,0,0,0,0,1,1,0,0.0,-128.28413198156278,1
1,0,1,1,0,1,1,1,0,0,1,1,0,0,1,1,0,1,0,0,0,0,1,0,1,1,0,0,0,0,1,0,1,1,0,1,1,0,1,1,0,1,0,0,1,1,1,0,1,0,0,0,1,0,1,1,0,0,1,0,0,1,1,1,0.0,-128.284022821859,1
1,0,0,1,0,1,1,1,0,0,1,1,0,0,0,0,0,1,0,0,0,1,0,0,1,1,0,1,1,0,1,1,1,1,0,1,0,1,0,1,1,0,0,1,1,0,0,0,0,1,1,0,1,1,1,0,0,0,0,1,0,1,1,0,0.0,-128.2832384492824,1
0,0,1,0,1,0,0,1,1,1,1,0,0,1,1,1,1,1,1,0,0,1,0,0,1,1,1,1,0,1,0,0,0,1,0,0,1,1,0,0,0,1,1,1,0,1,1,1,0,1,0,1,1,0,1,1,1,0,0,0,0,0,0,0,0.0,-128.28299144795722,1
0,0,1,0,0,1,0,1,0,0,0,1,1,0,0,0,0,1,1,1,0,1,1,1,1,0,0,1,0,1,1,0,0,1,1,1,1,1,0,1,0,0,0,1,0,1,0,0,1,1,1,0,1,0,1,0,1,0,0,1,0,0,1,0,0.0,-128.28259188953683,1
0,0,1,0,0,1,1,1,0,0,1,0,1,1,0,0,0,1,1,0,1,1,1,1,0,0,0,1,0,1,1,0,0,1,1,1,1,0,1,1,1,1,0,0,0,0,0,0,0,0,1,0,0,1,1,1,0,1,0,0,0,1,1,0,0.0,-128.28254051127595,1
1,1,1,0,0,1,0,1,1,1,1,1,1,0,1,1,0,1,1,1,0,0,1,1,0,1,1,1,0,1,0,0,1,0,0,0,0,1,1,1,1,1,1,0,1,0,0,0,0,0,0,0,1,1,0,0,0,0,1,0,0,0,1,0,0.0,-128.28245645884928,1
0,0,1,0,0,1,0,1,1,1,0,1,0,1,0,0,0,1,0,1,0,0,1,1,0,1,0,1,0,0,1,1,0,1,0,0,0,1,1,0,0,1,1,0,0,0,1,1,0,1,1,0,1,1,1,0,0,0,1,0,1,1,1,0,0.0,-128.2823032201852,1
0,1,1,0,1,1,0,1,1,1,1,1,1,1,0,0,1,0,1,0,0,1,0,1,0,1,0,1,0,1,1,0,0,1,1,0,0,0,0,1,1,0,0,1,1,0,0,1,0,1,0,0,1,1,0,1,1,1,0,0,0,0,1,0,0.0,-128.28216467260745,1
1,0,1,1,1,0,0,1,0,1,1,0,0,0,0,0,0,1,1,0,1,1,1,1,1,0,0,1,0,0,0,1,1,1,1,1,0,1,0,1,0,1,0,0,1,0,0,0,0,1,0,1,0,0,0,1,0,0,1,0,0,1,1,1,0.0,-128.2811757177313,1
1,0,1,0,0,1,1,1,1,1,1,0,0,1,0,0,0,1,0,0,1,1,1,0,0,0,0,1,0,0,0,0,1,1,1,0,1,1,0,0,0,0,1,1,0,1,0,0,1,1,1,0,1,1,1,0,1,0,0,1,0,1,1,1,0.0,-128.2811538405878,1
1,1,1,0,0,1,1,0,1,1,1,1,0,0,0,1,0,1,1,1,0,0,1,1,1,1,0,0,0,1,1,0,0,1,1,0,0,0,1,1,0,0,0,1,0,0,0,0,0,1,1,0,0,1,1,1,0,0,0,0,0,1,1,0,0.015625,-128.28087887909658,1
1,0,1,1,0,1,0,1,1,1,1,1,0,1,1,1,0,1,0,0,0,0,0,1,0,1,0,1,0,0,1,0,1,1,0,0,1,1,0,1,0,0,0,1,1,1,0,1,0,1,0,0,0,0,1,0,1,0,0,0,0,1,1,0,0.0,-128.280234166738,1
1,1,0,0,0,1,0,1,1,1,1,1,0,1,0,1,0,1,1,0,0,1,0,0,0,0,0,1,0,0,1,0,1,1,1,0,1,0,1,1,0,0,1,0,0,1,0,0,1,0,0,1,0,1,1,0,1,1,0,0,0,1,1,0,0.015625,-128.28020624010733,1
0,0,1,0,1,1,1,1,0,1,1,1,1,1,0,0,1,1,0,0,0,1,1,1,0,0,0,0,1,1,1,0,1,0,0,1,1,0,0,1,1,0,0,0,1,1,0,0,0,0,0,1,1,0,1,0,0,0,1,1,0,1,1,1,0.0,-128.28018628152697,1
0,0,0,0,1,1,1,1,0,1,0,0,0,0,0,1,1,0,1,0,0,1,1,0,0,0,0,1,0,1,1,0,1,1,0,1,0,0,1,0,0,0,0,1,1,1,0,1,1,1,0,0,1,1,1,0,1,1,1,0,0,0,1,1,0.0,-128.28001815478143,1
1,1,0,0,0,0,0,1,0,1,0,1,1,1,0,1,1,1,1,0,1,0,1,1,0,0,1,0,1,1,1,0,0,0,1,0,1,0,0,1,0,0,1,0,1,1,0,0,0,1,1,0,1,1,1,0,0,1,0,0,1,1,1,0,0.015625,-128.2796836443995,1
1,0,1,1,1,0,1,1,0,0,1,1,1,1,0,0,0,1,1,0,1,0,1,0,1,1,0,1,0,1,0,0,1,1,0,1,1,0,1,1,0,1,0,1,0,0,1,0,0,0,1,0,0,0,1,1,0,0,0,0,1,1,1,0,0.0,-128.2793847287135,1
1,0,1,0,0,0,0,1,0,0,1,1,1,1,0,1,0,1,0,1,1,1,1,1,1,1,1,1,1,1,1,0,1,0,0,1,0,0,1,0,0,0,1,1,0,0,0,0,0,1,0,0,0,1,0,0,0,1,0,1,0,0,1,0,0.0,-128.27936465387796,1
0,1,0,0,0,1,0,1,0,1,0,1,1,1,0,1,1,1,1,1,0,0,1,0,1,0,1,0,1,1,1,0,0,1,1,1,1,1,1,0,1,0,0,1,0,0,0,0,1,0,0,1,1,0,1,0,0,0,0,1,1,0,1,0,0.0,-128.27926960485357,1
1,0,0,1,0,1,0,1,0,1,0,0,0,1,0,1,0,1,1,0,0,1,0,1,1,1,1,1,0,1,1,1,1,1,1,0,0,1,0,1,0,0,0,1,1,0,0,1,0,1,0,0,1,1,1,1,0,0,0,0,0,1,1,0,0.0,-128.2792100776601,1
0,0,1,1,0,0,0,1,0,1,1,1,0,1,0,1,0,1,0,1,0,0,1,0,0,0,0,0,0,0,0,1,1,1,1,1,1,1,0,0,1,0,0,1,1,1,1,1,0,1,1,0,1,1,1,0,0,0,1,0,0,0,1,0,0.0,-128.2790819916474,1
1,0,1,0,0,1,1,1,1,1,1,1,0,1,0,0,0,1,1,0,0,0,1,1,0,1,0,1,0,1,1,0,0,0,1,0,1,0,0,1,1,1,0,1,0,1,0,0,1,1,0,0,0,0,1,0,1,1,0,0,0,1,1,1,0.015625,-128.2790635192274,1
1,1,0,0,0,1,0,1,0,0,1,0,0,1,0,0,0,1,0,0,0,1,0,0,0,1,0,1,0,1,1,0,1,1,0,1,0,1,0,1,0,1,0,1,0,1,1,0,0,1,0,1,1,0,1,1,0,1,1,0,0,1,1,1,0.0,-128.27896151725213,1
1,0,1,0,0,0,1,1,0,0,1,0,0,1,1,1,0,1,1,0,1,1,1,1,0,1,0,1,0,1,1,1,1,1,0,0,0,0,0,1,1,0,0,1,0,0,0,1,1,0,1,0,0,1,1,1,1,1,0,0,0,0,1,0,0.0,-128.2789162889904,1
1,0,1,0,1,1,1,1,1,1,0,1,0,0,1,1,0,1,1,0,0,1,0,1,1,0,0,1,1,0,0,0,1,1,1,1,0,0,0,0,0,1,0,0,1,1,0,0,0,0,0,0,1,0,1,1,0,1,1,0,0,1,1,1,0.0,-128.2788376693798,1
1,0,1,0,0,1,1,1,0,1,1,1,0,1,0,0,1,1,1,0,0,0,1,1,1,0,0,1,0,1,0,0,0,1,1,0,0,1,1,1,0,0,0,0,0,1,1,0,0,1,0,0,0,1,1,0,1,1,0,0,0,1,0,1,0.0,-128.2787331429788,1
1,1,1,0,1,1,0,1,0,1,1,0,1,0,0,0,1,1,0,0,0,0,1,1,1,0,0,0,1,0,1,0,1,1,0,0,1,1,1,0,1,0,1,1,0,1,0,0,1,1,0,0,1,0,1,1,1,1,0,0,0,0,1,0,0.0,-128.27860423458824,1
1,0,1,0,0,0,0,0,1,1,1,1,1,1,0,0,0,1,0,0,0,1,1,0,0,1,0,1,0,1,0,1,1,1,1,0,1,0,0,0,0,0,1,1,0,1,0,1,0,1,1,0,1,0,0,0,1,1,1,1,0,0,1,0,0.0,-128.27859158831922,1
0,0,1,1,0,1,0,1,1,0,1,0,0,0,0,1,0,1,0,0,1,1,1,0,1,1,0,1,0,0,0,0,1,1,0,0,0,1,0,1,1,1,1,1,1,0,0,0,1,1,1,0,0,0,1,0,1,0,0,1,0,1,1,0,0.0,-128.27848586292654,1
0,0,1,0,1,0,0,0,0,1,1,1,0,0,1,0,0,1,1,0,0,0,0,0,1,0,1,1,0,1,0,1,1,1,1,0,0,0,0,1,1,1,1,1,0,0,0,1,1,1,0,0,1,1,1,1,0,1,0,0,0,1,1,0,0.0,-128.27846078205806,1
0,1,0,1,0,1,0,1,1,0,1,0,1,1,0,1,0,1,0,0,0,0,1,0,0,1,0,1,0,0,1,1,1,1,0,0,0,1,1,1,0,0,1,1,0,0,0,0,1,1,0,0,1,1,0,0,1,1,1,0,0,1,1,0,0.0,-128.27829629068944,1
0,0,1,0,0,0,0,1,0,1,1,0,1,1,1,0,0,1,0,0,0,1,0,1,1,1,0,1,0,1,1,0,0,1,1,1,0,0,0,1,1,1,1,0,0,0,0,1,0,1,0,0,1,1,0,1,0,1,0,0,0,1,1,1,0.015625,-128.27767771817963,1
1,0,0,0,0,0,0,1,0,0,1,1,1,1,0,0,0,1,1,0,1,1,0,1,1,0,0,1,0,1,1,1,1,0,1,1,1,1,0,1,1,1,0,0,0,0,1,0,1,0,0,0,1,1,1,0,1,0,0,0,0,1,1,1,0.0,-128.27761749601106,1
1,0,1,1,0,1,1,1,0,0,1,1,0,1,0,1,0,1,0,1,0,1,0,1,0,1,0,1,0,0,1,0,0,1,1,0,1,1,0,0,0,0,0,0,0,1,0,1,1,1,0,1,1,0,1,0,0,1,1,0,0,0,1,0,0.015625,-128.27750987151416,1
1,0,1,0,0,0,0,1,0,1,0,1,1,1,0,0,0,1,1,1,0,0,1,0,1,1,1,1,0,0,1,0,1,0,1,1,1,1,0,1,1,0,1,0,0,0,1,0,0,1,1,0,1,1,1,0,0,0,0,0,0,0,1,0,0.0,-128.27737908257427,1
1,0,1,0,0,1,0,0,0,1,1,1,0,0,0,1,0,1,1,1,0,1,1,1,0,0,0,1,0,0,1,0,1,1,0,1,0,1,0,1,1,1,1,0,0,1,0,1,0,0,1,0,0,0,1,1,0,0,0,0,0,1,1,1,0.0,-128.27718900196243,1
0,1,1,0,1,1,1,0,1,1,1,1,0,1,0,0,1,1,1,0,0,0,1,1,1,0,0,0,1,0,0,1,0,1,0,1,1,1,0,1,1,0,1,1,0,1,0,0,0,1,0,0,1,0,1,1,0,0,0,1,0,0,1,0,0.0,-128.27662305112645,1
1,1,1,1,1,1,0,0,1,0,1,1,0,1,0,0,1,1,0,0,1,1,0,0,0,1,0,1,0,1,1,0,1,1,1,1,0,1,0,1,1,0,1,0,0,0,0,0,0,1,1,0,1,0,0,0,0,0,0,1,0,1,1,1,0.0,-128.27653143328428,1
1,0,1,0,0,1,0,1,1,0,0,0,1,1,0,1,1,1,1,1,1,1,1,1,0,1,0,0,0,1,1,1,0,1,1,0,1,0,1,0,1,1,1,0,0,0,0,0,0,0,0,0,1,0,0,0,1,0,0,1,0,0,1,0,0.0,-128.27624871438525,1
1,0,1,0,1,0,1,0,0,0,0,1,0,1,0,0,1,1,1,0,0,0,1,0,1,0,1,0,0,0,1,0,0,1,1,1,1,0,1,1,1,0,1,0,0,0,0,0,0,0,1,0,1,1,0,1,1,1,0,1,0,1,1,1,0.0,-128.2761296765624,1
1,0,1,0,0,1,0,1,1,0,1,1,0,1,0,0,0,1,1,0,1,0,0,1,1,0,0,1,0,0,1,0,1,1,0,0,0,0,0,1,0,0,0,0,1,1,1,1,0,1,1,1,1,0,0,0,1,0,1,1,0,1,1,0,0.0,-128.27612565907137,1
1,1,1,0,1,1,0,1,1,0,1,0,0,1,0,0,0,1,1,0,0,1,0,1,1,0,1,0,0,1,0,0,0,1,0,1,1,1,0,1,1,1,0,0,0,1,1,0,1,0,1,0,1,1,1,0,0,1,0,0,0,1,1,0,0.015625,-128.27604254203501,1
1,1,1,0,1,1,1,1,1,0,1,1,0,0,1,0,0,1,0,1,0,1,0,1,0,1,0,0,0,0,0,0,0,1,1,1,0,0,1,1,0,1,0,0,0,1,0,1,0,1,0,0,1,1,1,0,0,1,0,0,0,1,1,0,0.0,-128.27490865397039,1
0,0,1,1,0,1,1,1,1,0,1,1,1,0,1,1,0,1,0,0,0,1,1,0,1,1,0,1,0,0,0,0,1,1,1,0,0,0,0,1,0,1,1,1,1,0,0,0,0,1,1,0,0,0,1,1,0,0,0,0,0,0,1,1,0.0,-128.2741453333685,1
1,0,1,0,0,1,1,1,0,0,1,0,0,0,0,0,0,1,1,0,0,1,1,0,0,0,0,1,0,1,1,0,0,1,1,1,0,0,1,1,1,1,1,1,0,1,0,0,1,0,0,0,1,1,0,1,0,1,0,1,0,1,1,0,0.0,-128.27356734137044,1
0,1,1,0,1,1,1,1,1,0,0,0,1,1,0,1,1,1,0,1,0,0,1,1,0,0,0,0,0,1,1,0,0,1,0,1,1,0,1,1,0,0,0,1,1,0,1,0,1,0,1,0,1,1,1,0,0,0,0,0,0,1,1,1,0.0,-128.2734100656556,1
1,0,1,0,1,1,0,1,1,1,1,1,0,0,0,0,1,1,1,0,1,1,1,1,0,0,0,1,1,1,0,1,0,1,0,1,1,0,0,0,0,0,1,0,1,0,0,0,0,0,0,0,0,1,1,0,0,1,0,0,1,1,1,0,0.0,-128.273314467984,1
0,0,0,0,0,0,1,1,0,1,0,1,0,1,0,0,1,1,1,1,0,1,0,1,0,0,0,1,1,1,1,0,1,1,0,0,1,0,1,1,1,1,1,0,0,0,1,0,0,0,1,0,1,0,0,1,0,0,1,0,1,1,1,0,0.0,-128.27328530992187,1
1,0,1,0,0,0,0,1,1,0,0,1,0,1,0,1,1,0,0,1,0,1,1,0,1,1,0,1,0,1,1,0,0,1,1,1,0,1,0,1,1,1,0,1,1,1,0,0,0,0,1,1,0,1,0,0,1,0,0,0,0,1,1,1,0.0,-128.2731907027347,1
1,0,1,0,0,1,0,1,0,1,1,0,1,0,0,0,0,1,1,0,1,0,1,1,1,0,1,1,1,0,0,0,1,1,0,1,1,1,0,1,0,0,0,1,1,1,0,1,0,1,0,0,1,0,0,1,0,1,1,0,0,1,1,0,0.0,-128.27279785528245,1
1,0,1,0,0,0,1,1,1,0,1,1,0,0,1,0,1,1,1,0,0,0,1,1,1,0,0,1,0,1,1,0,1,1,1,0,1,1,1,0,0,0,1,1,1,0,0,0,0,0,0,0,1,1,1,1,0,0,0,0,1,1,1,0,0.0,-128.2726523439159,1
0,0,1,0,0,0,1,1,0,0,1,1,1,0,0,0,0,1,1,1,0,1,0,0,1,1,0,1,0,1,1,0,1,1,0,1,1,0,0,0,1,0,1,1,0,1,0,1,0,1,0,0,0,1,1,1,1,0,0,0,0,1,1,0,0.0,-128.27176490894536,1
1,0,1,1,0,1,0,1,1,1,1,1,0,1,0,1,0,1,1,0,0,0,1,1,1,1,0,1,0,0,1,1,0,1,0,1,0,1,0,0,1,1,0,0,0,1,0,0,0,1,0,0,1,0,1,1,0,0,0,0,0,1,1,1,0.0,-128.27139147872333,1
0,0,1,0,0,0,0,1,0,0,1,1,1,1,0,1,0,1,0,1,0,1,1,0,0,1,0,1,0,0,1,0,1,1,0,0,0,1,1,0,1,0,1,1,1,1,1,1,1,1,0,0,1,1,1,0,0,0,0,0,0,0,1,0,0.0,-128.27108454371717,1
0,1,1,0,0,1,0,1,0,1,0,0,0,1,0,0,1,1,1,1,1,0,1,0,1,0,1,0,0,1,1,0,0,1,1,0,0,0,0,1,1,1,1,1,1,1,0,1,1,1,0,0,1,0,0,0,1,0,0,0,0,0,1,0,0.0,-128.27084662546466,1
0,0,1,0,0,0,0,1,0,1,1,1,1,1,1,0,0,1,0,1,0,0,0,0,1,1,0,1,0,1,0,1,1,0,0,1,0,1,1,0,1,0,1,0,0,0,1,1,0,0,1,0,1,1,1,1,1,0,0,0,0,1,1,0,0.0,-128.27059514583829,1
0,0,0,0,0,0,1,1,1,1,1,0,0,1,1,1,1,0,0,1,0,1,0,0,1,1,0,1,0,1,0,1,1,1,1,0,0,1,0,1,0,0,1,0,0,1,0,0,0,0,0,0,0,0,1,1,1,1,1,0,1,1,1,0,0.015625,-128.26965250878948,1
0,0,1,0,0,1,0,1,0,1,1,1,0,0,0,0,1,0,1,0,1,0,1,0,0,1,1,1,0,0,1,1,1,1,1,1,0,1,0,0,1,1,1,0,0,0,0,1,1,0,1,0,1,0,0,1,0,1,0,0,0,1,1,0,0.0,-128.26906673729087,1
0,0,1,0,0,1,1,1,0,1,0,1,0,1,0,1,1,1,1,1,0,1,1,1,1,0,0,0,1,1,0,0,1,1,0,0,1,1,1,1,0,0,0,1,1,1,0,0,0,0,1,0,1,0,1,1,1,0,0,0,0,0,1,0,0.015625,-128.2682229372325,1
1,0,0,0,0,1,0,1,1,1,1,1,0,0,1,0,1,1,1,0,1,0,0,0,0,0,1,1,0,1,1,0,1,1,0,0,1,1,1,1,0,0,1,1,1,1,0,0,0,0,0,0,1,0,1,0,0,0,0,1,0,1,1,0,0.015625,-128.26759615213024,1
1,0,0,0,0,1,0,1,1,1,0,1,0,0,0,0,1,1,0,1,0,0,1,0,1,1,1,0,0,1,1,0,0,0,0,0,1,1,1,1,1,0,1,1,1,1,1,1,1,1,0,0,1,0,1,0,1,0,0,0,0,1,1,0,0.015625,-128.26705875207043,1
0,0,1,0,1,0,0,1,0,1,1,1,0,1,0,1,1,1,0,1,0,1,1,0,0,1,1,0,0,1,1,1,1,1,0,1,1,1,1,1,0,0,1,0,0,0,0,0,0,0,0,0,0,1,1,1,0,1,0,0,1,1,1,0,0.0,-128.2667370328963,1
0,1,0,0,0,0,0,1,1,0,1,1,1,1,0,0,1,1,1,1,1,1,1,0,0,0,0,1,1,0,1,0,0,1,0,1,0,0,1,1,1,0,1,0,0,0,0,0,0,1,0,0,1,0,0,1,1,1,0,0,0,1,1,1,0.0,-128.2666296696961,1
1,0,1,0,1,1,0,1,1,0,1,0,1,0,0,0,1,1,1,1,1,1,0,1,0,1,0,0,0,0,1,1,1,0,0,0,1,1,0,1,1,0,1,1,0,0,1,0,0,0,0,1,0,0,1,0,1,0,0,0,0,0,1,1,0.0,-128.266565276431,1
1,0,1,0,0,0,0,1,1,0,1,1,0,1,0,1,1,1,0,0,0,0,1,1,1,0,0,0,0,1,0,0,0,1,0,1,0,0,1,0,1,0,1,0,1,0,0,1,1,1,0,1,1,1,1,1,0,0,0,1,0,1,1,0,0.0,-128.26618590234682,1
1,0,1,1,0,1,0,1,1,1,1,1,0,0,0,0,0,1,1,1,0,1,0,0,0,1,0,1,1,1,0,0,1,1,1,0,0,0,0,1,1,1,0,0,1,1,1,0,0,1,0,0,0,1,1,1,0,0,0,0,0,1,1,1,0.0,-128.26532792731402,1
1,0,1,0,1,0,0,1,1,0,1,0,0,1,0,0,1,1,0,0,1,1,1,1,1,1,0,1,0,0,1,0,1,1,1,1,1,0,0,0,0,1,0,1,1,0,0,0,0,1,0,0,1,1,1,1,0,1,0,0,0,0,1,1,0.0,-128.26486033766884,1
0,0,1,0,0,1,1,0,0,1,0,1,0,1,0,0,1,1,1,1,1,0,1,0,1,1,0,1,0,1,0,0,1,1,0,0,0,0,0,1,0,0,0,1,1,0,0,1,0,1,0,1,1,1,1,0,1,0,0,0,0,1,1,1,0.0,-128.2645750122652,1
0,1,1,0,0,1,1,0,1,0,0,1,0,0,0,1,1,1,1,0,0,1,1,1,0,1,1,0,0,0,1,0,1,1,1,0,0,0,0,1,1,1,1,0,0,0,0,0,0,1,1,0,1,0,1,1,0,1,0,0,0,1,1,0,0.0,-128.26327084028924,1
0,0,1,0,1,0,0,0,0,1,0,1,1,0,0,0,1,1,1,1,0,1,1,0,1,1,0,0,0,1,1,1,0,1,1,1,0,1,1,1,1,1,1,1,1,1,1,0,1,0,0,0,1,0,1,0,0,0,0,0,0,0,1,0,0.0,-128.26257755287713,1
1,0,1,0,1,0,1,1,1,0,1,0,0,1,0,0,1,1,1,1,0,0,1,0,0,1,0,0,0,0,0,0,0,1,1,1,1,1,1,1,0,0,1,1,1,1,0,1,0,0,1,1,1,0,0,1,1,0,0,0,0,1,1,0,0.015625,-128.26180006950455,1
1,0,1,0,0,1,0,1,1,0,1,0,1,0,0,0,1,1,0,1,1,1,0,1,0,1,1,1,0,1,1,0,1,1,0,0,1,0,0,0,0,0,1,1,1,0,1,0,0,0,1,0,1,0,1,0,0,0,1,0,0,1,1,0,0.0,-128.26166299769457,1
0,1,0,0,0,1,0,1,1,0,1,1,0,1,1,0,1,1,0,0,0,0,1,0,1,0,1,1,0,1,1,1,1,1,0,0,0,1,0,0,1,0,1,1,0,1,1,0,0,0,0,0,0,1,1,1,1,0,1,0,1,1,1,0,0.0,-128.2612822287289,1
0,1,0,0,0,0,1,1,0,0,0,1,0,1,1,0,1,1,1,0,0,0,0,0,0,1,0,1,0,1,0,1,1,1,0,1,0,1,0,1,1,0,1,0,0,0,1,1,0,1,1,0,1,1,1,1,0,0,0,0,1,1,1,0,0.0,-128.26008000622147,1
0,1,1,1,1,1,0,1,1,1,1,1,0,1,0,1,1,1,1,0,0,1,1,0,0,1,0,0,0,0,1,0,0,0,1,0,1,0,0,1,0,0,1,1,0,1,0,1,0,1,0,0,0,0,1,1,0,0,1,0,0,1,1,1,0.0,-128.25697321918798,1
1,0,1,0,0,1,0,1,0,0,0,1,0,1,0,0,1,1,1,0,1,1,1,0,1,1,0,1,1,1,1,0,1,1,0,1,1,1,0,0,0,0,0,1,0,1,0,1,0,0,1,1,1,1,0,0,1,1,0,0,0,0,1,0,0.0,-128.25665095098992,1
0,0,0,0,1,1,0,1,1,0,1,1,0,0,0,0,1,1,0,0,0,0,0,0,0,1,1,1,0,1,1,1,1,1,1,0,1,0,0,1,1,1,0,1,1,1,0,1,0,0,0,1,1,1,0,1,1,1,0,0,0,0,1,1,0.0,-128.25590882081502,1
0,0,1,1,0,1,1,1,0,1,1,0,0,1,0,0,1,1,1,0,0,0,1,0,1,0,1,1,0,1,0,0,0,0,0,1,0,0,0,1,1,0,1,1,1,1,0,1,0,1,0,1,0,0,1,1,0,1,0,1,0,1,1,1,0.0,-128.25479753029782,1
1,0,1,0,0,0,0,1,1,0,1,0,0,1,0,0,1,1,0,1,1,1,1,0,0,0,1,0,0,1,0,0,0,1,0,0,0,1,0,0,1,1,1,1,1,1,0,1,1,0,0,0,1,1,1,1,0,0,0,1,0,1,1,0,0.0,-128.25292923012955,1
0,1,1,0,1,1,1,1,0,1,1,1,0,1,0,1,1,1,1,0,0,0,0,1,0,0,0,1,1,1,0,0,0,0,1,1,0,0,0,1,1,0,0,0,0,0,0,0,0,1,1,0,1,1,1,1,0,0,0,1,0,1,1,0,0.0,-128.25158956484648,1
1,0,1,0,0,0,0,1,1,1,1,0,1,1,0,0,0,1,1,0,0,1,0,1,0,1,1,1,1,1,0,0,1,1,1,0,0,1,0,1,0,1,0,1,0,0,0,0,0,1,0,0,0,1,0,1,1,0,0,1,0,1,1,0,0.0,-128.2513081551125,1
0,1,1,0,1,1,0,1,1,1,0,1,1,1,0,1,1,1,1,0,1,1,0,0,1,1,0,1,1,0,1,0,1,0,0,0,0,0,0,0,1,0,0,0,1,1,1,0,0,0,1,0,1,0,1,1,1,0,0,0,0,1,1,0,0.0,-128.24803027845005,1
1,0,0,0,1,1,1,1,0,0,1,0,0,0,0,1,1,1,1,1,1,0,0,0,1,1,1,1,0,1,0,0,0,1,0,1,0,0,1,1,0,1,1,0,1,1,0,0,0,0,1,0,0,1,1,1,1,1,0,0,0,1,1,0,0.0,-128.24789769034075,1
0,1,1,1,0,0,1,1,1,0,1,1,1,1,0,0,1,1,0,0,0,0,1,0,1,0,1,1,0,0,1,0,0,1,0,0,0,0,1,1,0,0,0,1,1,0,0,0,0,1,0,0,1,1,0,1,1,0,1,1,1,0,1,0,0.0,-128.24738976784994,1
0,0,1,0,0,0,1,1,1,1,0,1,1,1,0,0,1,1,0,0,1,1,1,0,1,1,0,0,0,0,1,0,0,1,1,1,0,1,0,1,0,0,0,1,0,0,0,0,0,1,1,0,1,0,0,1,1,1,1,0,0,0,1,1,0.0,-128.2460584900406,1
1,1,1,0,0,1,0,1,1,1,0,1,0,0,0,1,1,1,1,1,0,1,1,0,0,1,1,0,1,0,1,0,0,1,0,1,0,0,0,1,0,1,0,1,0,1,0,0,1,1,0,0,0,0,1,0,1,1,0,1,0,1,1,0,0.0,-128.24252607565012,1
1,1,0,1,0,0,1,1,0,1,0,1,0,0,1,1,1,1,1,0,1,0,0,0,1,1,1,1,1,0,1,0,1,1,0,1,0,1,1,1,0,0,0,1,0,1,0,0,0,1,0,0,0,1,1,1,0,0,0,0,0,1,1,0,0.0,-128.24025778211686,1
1,1,1,1,0,0,0,1,1,1,1,1,1,1,0,0,1,1,0,0,0,1,0,0,0,1,0,1,0,0,1,0,0,0,1,0,1,0,0,0,0,1,0,1,0,1,1,0,1,0,1,1,1,0,0,1,0,0,0,0,1,0,1,1,0.0,-128.23417230431522,1
1,1,1,0,1,1,0,1,0,0,0,0,0,1,0,0,0,0,0,0,1,0,1,0,1,1,0,1,0,0,1,0,0,1,1,0,1,0,0,1,1,0,0,1,1,0,0,0,1,1,1,1,1,1,0,0,0,0,0,1,1,1,0,1,0.0,-128.00524969429847,1
1,1,1,0,1,1,0,1,0,1,1,0,0,1,0,0,0,0,0,1,1,1,1,0,1,1,0,1,0,1,1,0,0,1,0,1,1,1,0,0,0,0,0,1,1,0,0,1,1,0,1,0,1,0,1,0,1,1,1,0,0,1,0,1,0.0,-127.99814940852517,1
0,0,1,0,0,0,0,1,1,1,0,0,0,0,1,1,0,0,1,1,1,1,0,1,1,1,0,0,1,1,1,0,1,1,0,0,0,0,1,0,1,0,0,1,0,0,0,0,0,1,1,0,1,0,1,1,1,0,0,1,1,1,0,0,0.0,-127.98949126452816,1
1,0,1,0,0,0,0,1,0,0,1,0,0,1,1,1,0,0,1,0,0,1,0,1,0,1,1,1,0,0,1,1,1,1,1,0,1,1,0,1,1,0,0,1,1,0,0,1,1,1,1,1,1,0,1,0,0,1,0,0,1,0,0,1,0.0,-127.9860467211424,1
1,0,0,0,0,0,0,1,0,1,1,0,0,1,0,1,0,0,0,0,1,1,1,0,1,1,0,1,0,0,0,1,1,1,1,1,1,0,0,1,1,1,1,1,1,1,0,1,0,1,0,0,1,0,0,0,1,1,1,1,1,1,0,0,0.0,-127.9848421792156,1
1,0,1,1,1,0,0,1,1,1,0,0,0,1,0,0,0,1,0,1,0,1,0,1,1,0,0,1,1,1,1,0,1,1,0,1,1,1,0,0,1,0,1,1,1,0,0,1,1,0,1,1,1,0,1,0,0,0,0,1,0,1,0,0,0.0,-127.98158317926641,1
0,1,1,0,0,1,0,1,0,1,0,1,0,1,0,1,0,1,1,0,1,0,1,1,1,1,0,1,0,1,0,1,0,1,0,1,1,1,0,1,1,1,1,0,1,1,0,0,0,1,0,1,1,0,0,0,0,1,0,0,0,1,0,1,0.0,-127.97464802480803,1
1,0,1,0,0,1,1,1,1,1,0,1,0,1,0,1,0,0,0,0,0,1,1,1,1,0,1,0,0,0,1,0,0,1,1,0,0,0,1,0,0,1,0,1,1,1,0,0,0,1,0,1,0,0,1,1,0,1,1,0,0,1,0,0,0.0,-127.97363450762539,1
0,1,1,1,1,1,0,1,1,0,1,1,1,1,1,0,0,1,1,1,0,1,1,0,0,1,0,1,0,1,0,0,0,1,0,0,1,0,0,1,0,0,1,1,1,1,0,0,0,0,1,0,1,0,1,1,0,0,0,1,0,1,0,1,0.0,-127.9723348481001,1
1,1,1,0,0,0,0,1,1,0,0,1,1,1,0,0,0,1,0,1,0,1,0,1,1,1,0,1,1,1,1,1,1,1,0,1,0,0,0,1,1,1,1,1,1,0,0,0,0,1,0,0,0,0,1,1,1,0,0,0,1,0,0,1,0.0,-127.9721832482418,1
1,0,1,0,1,0,1,1,0,1,1,1,0,1,1,0,0,1,0,1,0,0,0,1,1,0,1,0,0,1,0,0,0,1,0,1,1,0,0,1,1,0,1,0,0,0,0,0,0,0,1,1,1,1,0,1,0,1,1,0,0,1,0,0,0.0,-127.97182830283892,1
1,0,0,0,0,1,0,0,1,0,1,1,0,0,1,1,0,1,1,1,1,1,1,1,0,1,1,1,0,1,0,0,0,1,0,0,1,0,1,1,1,0,1,0,0,0,0,1,0,1,0,0,1,0,0,0,0,0,0,1,1,0,0,1,0.0,-127.97057175858306,1
1,0,1,0,1,1,0,1,0,0,1,1,0,1,0,0,0,1,0,0,0,1,1,0,1,1,0,0,1,1,0,0,0,1,0,1,1,0,0,1,1,0,1,1,0,0,0,1,0,0,0,0,1,1,1,0,0,1,0,1,0,1,0,1,0.0,-127.96858560601177,1
1,0,1,0,0,0,1,1,0,1,1,1,0,0,0,1,0,0,1,1,0,1,1,1,1,1,1,1,0,1,1,1,1,1,1,1,0,0,0,1,1,0,1,0,0,0,1,0,1,1,0,0,0,0,1,1,0,1,0,0,0,1,0,0,0.0,-127.96771834843503,1
0,0,1,0,0,1,1,1,0,0,0,1,1,1,0,0,0,1,1,0,0,1,1,1,1,0,1,0,0,1,1,0,0,0,1,1,1,1,0,1,1,1,1,0,1,0,0,0,0,0,0,1,1,1,1,0,0,1,0,0,0,0,0,0,0.0,-127.96756434166116,1
0,0,1,1,1,1,1,1,1,0,0,1,0,1,1,0,0,1,1,0,0,1,1,0,0,1,0,1,0,1,1,0,1,1,0,0,0,1,0,1,1,0,1,1,1,1,0,1,0,0,1,0,1,0,1,1,0,0,1,0,0,1,0,0,0.0,-127.9669564120303,1
1,0,0,1,0,1,0,0,1,1,0,0,0,1,1,1,0,1,0,1,1,0,0,0,1,0,0,0,0,0,1,0,0,1,1,1,1,1,0,0,0,1,0,1,1,1,0,1,0,1,0,0,1,1,1,0,0,1,0,1,1,0,0,0,0.0,-127.96615158694235,1
1,0,1,0,0,1,0,1,0,0,1,0,0,1,0,0,0,1,1,0,1,1,1,1,0,1,0,1,1,1,1,0,0,0,1,1,0,1,1,0,1,0,1,1,1,1,0,0,1,0,1,1,1,0,1,1,0,1,0,0,0,1,0,0,0.015625,-127.96608213321772,1
1,1,1,0,0,0,1,1,1,0,0,0,1,1,0,1,0,1,0,1,1,1,1,1,0,1,0,0,0,1,0,1,0,1,1,0,1,1,0,0,1,0,0,1,1,1,0,0,0,1,0,0,1,1,1,1,0,0,1,0,1,1,0,0,0.0,-127.9656458386385,1
1,1,1,0,0,1,1,1,0,1,0,1,1,1,0,1,0,1,0,1,1,1,0,1,0,1,0,0,0,1,1,1,1,1,1,0,0,1,0,0,1,0,1,1,0,0,0,0,0,0,1,0,0,0,0,1,0,0,0,0,0,1,0,0,0.0,-127.96515829176171,1
0,1,0,0,0,1,0,1,0,1,0,0,0,1,1,1,0,1,0,0,1,1,0,0,1,1,0,1,0,0,0,0,1,1,0,0,0,0,0,0,1,1,1,1,1,0,1,1,0,1,1,1,1,0,1,1,0,1,0,0,0,1,0,0,0.0,-127.96485305694725,1
1,0,1,0,0,0,0,1,0,1,1,0,0,1,0,0,0,0,0,0,1,0,0,0,1,1,0,0,0,1,1,1,1,1,1,1,1,0,0,0,1,0,1,1,1,0,0,0,0,1,1,1,1,1,1,1,1,1,1,0,0,1,1,1,0.0,-127.96478170782706,1
0,1,0,1,0,1,0,1,0,1,1,1,0,0,1,1,1,0,1,1,1,1,1,1,0,1,1,1,0,1,1,0,1,1,0,0,1,1,0,0,1,0,1,0,0,1,0,1,0,1,0,0,0,1,1,0,0,0,0,0,0,1,0,1,0.015625,-127.96352196876217,1
1,0,0,0,0,1,0,1,0,1,1,1,0,1,0,0,0,0,1,1,0,1,1,1,1,0,0,0,1,1,1,0,1,1,0,0,1,1,0,0,0,0,1,1,0,0,0,0,1,1,0,0,1,0,1,0,1,1,0,0,0,1,1,0,0.0,-127.96292043158304,1
1,0,1,0,1,1,0,1,0,1,1,1,0,1,0,0,0,1,1,0,0,0,1,0,0,0,1,0,0,1,1,0,1,1,0,1,0,0,1,0,0,0,1,1,1,0,1,1,1,0,0,0,1,0,1,0,0,0,1,1,0,1,0,0,0.0,-127.96274307301772,1
0,0,1,1,1,1,0,1,0,0,0,1,0,1,0,0,0,0,0,1,0,1,1,1,1,1,0,1,0,1,1,0,1,1,0,0,1,1,0,1,0,0,1,1,0,1,0,0,0,1,1,0,1,0,1,1,1,0,1,1,0,1,1,0,0.0,-127.96082373279066,1
1,1,1,1,1,1,1,1,0,1,1,1,0,1,0,1,0,1,1,0,1,1,0,1,0,0,0,1,0,1,0,0,1,1,1,0,0,0,1,1,0,0,0,1,1,0,0,1,0,1,1,0,0,0,1,1,0,0,0,0,1,1,0,0,0.0,-127.96009875650873,1
0,0,1,0,1,1,0,1,0,1,1,1,0,1,0,0,0,1,0,1,0,0,1,1,1,1,1,0,0,1,1,1,1,1,1,0,1,0,0,0,0,0,0,1,1,0,1,1,0,1,1,0,0,1,0,0,0,0,0,1,0,0,0,0,0.0,-127.959779498768,1
1,0,1,0,0,1,0,1,0,0,0,1,0,0,0,0,0,1,0,0,0,0,0,1,1,0,0,1,0,1,1,0,1,1,0,1,0,0,1,1,1,1,1,0,1,0,1,1,0,1,1,0,1,1,1,0,0,0,0,1,0,1,0,1,0.0,-127.9596907378589,1
0,0,0,0,1,1,0,1,0,1,1,1,0,0,1,1,0,0,0,0,0,0,1,1,1,0,0,1,1,1,1,1,1,0,1,0,1,0,0,0,0,1,1,1,1,1,0,0,0,1,1,0,0,0,1,1,1,1,1,1,0,1,1,0,0.015625,-127.95947716008666,1
0,1,0,0,1,0,1,1,0,0,1,1,0,1,1,1,0,0,1,0,0,1,0,0,0,0,0,0,0,1,1,0,1,1,0,1,1,0,1,1,0,0,0,0,1,0,0,0,1,1,1,1,0,0,1,1,1,0,0,1,0,1,1,0,0.0,-127.95946762732089,1
1,1,0,0,0,1,0,1,0,0,0,1,0,0,1,0,0,0,0,0,0,1,0,1,0,0,0,1,0,1,1,1,1,0,0,1,1,1,0,1,0,0,1,1,1,0,1,0,1,1,1,0,1,0,0,1,0,0,1,0,0,1,1,1,0.0,-127.95921944248052,1
0,0,0,0,0,1,0,1,1,0,1,1,1,1,0,0,0,1,1,1,0,1,1,0,0,1,0,0,1,1,1,0,1,1,0,0,1,0,0,1,1,1,1,1,0,1,0,1,0,1,0,0,1,0,0,0,0,1,1,0,0,0,0,0,0.0,-127.95911315809745,1
1,0,0,0,0,1,0,1,0,1,1,0,0,1,0,0,0,1,0,0,0,1,1,1,1,1,1,0,0,1,1,0,1,1,1,1,0,0,0,0,0,1,1,1,1,1,0,0,0,0,0,1,0,1,0,0,1,1,0,1,0,1,0,0,0.0,-127.95899486974183,1
0,0,1,1,0,1,0,1,0,0,1,1,0,0,0,0,0,1,1,0,1,1,1,1,0,1,0,1,0,0,0,0,1,1,1,0,1,0,0,0,1,0,1,0,1,1,0,0,1,1,1,0,1,1,1,0,1,0,0,0,0,1,0,0,0.0,-127.95812340986288,1
0,1,1,0,0,1,0,1,0,1,1,1,0,1,0,0,0,1,0,0,1,1,1,1,1,1,0,1,0,1,0,0,1,1,1,0,0,1,0,0,0,0,1,1,0,0,0,1,0,1,0,0,1,0,0,1,0,1,0,0,1,1,0,0,0.0,-127.95801389459426,1
0,1,0,1,1,1,1,1,0,1,1,1,1,1,0,1,0,1,1,0,0,1,1,0,1,0,1,1,0,1,1,0,0,1,0,0,1,1,0,1,1,1,1,0,0,0,0,1,0,0,1,0,0,0,1,1,0,1,0,0,0,1,0,0,0.015625,-127.95765820068368,1
0,0,1,0,1,1,0,0,0,0,1,1,0,1,0,0,0,0,0,1,0,0,0,0,0,1,1,0,0,1,1,0,1,1,1,0,1,1,0,1,0,0,1,1,1,1,0,0,1,1,1,1,1,0,0,1,0,0,0,0,0,1,1,1,0.0,-127.95760333498814,1
1,1,0,0,0,0,1,1,1,1,1,1,0,1,0,0,1,0,0,0,0,0,1,1,1,1,0,0,0,1,1,0,1,0,1,1,0,0,1,1,1,1,0,0,1,1,0,0,1,0,1,0,1,0,0,0,1,1,1,0,1,1,0,1,0.0,-127.9575835059502,1
1,0,1,0,0,1,1,1,1,1,1,1,0,1,1,1,0,1,1,0,1,0,1,1,1,1,1,1,0,0,1,0,0,1,1,0,0,0,0,0,1,1,1,0,0,0,0,1,0,1,0,1,1,0,1,0,0,0,0,0,1,1,0,0,0.015625,-127.95733732949233,1
1,0,1,0,0,1,0,1,1,1,0,1,0,1,0,1,0,1,1,0,0,1,1,1,1,1,0,1,0,1,1,1,0,0,0,0,1,1,0,0,1,0,1,0,1,1,0,1,1,0,1,0,1,0,1,1,1,0,0,0,0,1,0,0,0.0,-127.95732134810677,1
1,0,1,0,0,1,0,0,0,1,0,1,0,1,0,1,0,1,1,0,1,1,0,1,1,1,0,1,0,1,0,0,0,1,0,0,1,1,1,1,1,0,0,1,1,1,0,0,1,0,0,0,1,0,1,0,0,0,0,0,0,1,0,1,0.0,-127.9569958201371,1
1,0,0,1,0,1,0,1,0,0,0,1,1,0,0,1,0,1,1,1,0,1,0,1,1,0,0,0,0,1,1,1,0,1,0,1,1,1,0,1,0,1,1,0,0,1,0,0,0,1,0,0,1,1,1,1,0,1,0,0,0,0,0,0,0.0,-127.95673989238179,1
0,0,0,0,1,0,1,0,0,1,1,1,0,0,0,1,0,0,0,1,1,0,1,1,0,0,1,0,0,1,1,0,0,1,0,1,0,1,0,1,1,1,1,1,0,0,0,1,0,1,0,1,1,0,0,1,0,1,0,0,1,1,1,0,0.0,-127.95631058892113,1
1,0,0,1,0,1,0,1,1,0,1,0,0,1,0,0,0,1,1,0,0,0,1,0,0,0,0,1,0,0,1,0,1,1,0,1,1,0,0,1,0,1,1,0,1,0,0,1,1,0,1,0,1,1,1,1,0,1,0,1,0,1,0,0,0.0,-127.95570923684564,1
1,0,1,0,1,1,0,1,0,1,1,0,1,0,0,0,0,1,1,1,0,0,1,0,1,1,0,1,1,1,1,1,0,1,0,0,0,0,0,1,0,0,1,0,1,0,1,0,1,0,0,0,0,0,1,1,1,1,0,0,1,0,0,0,0.0,-127.95456918449334,1
1,1,1,0,0,1,0,1,1,0,1,1,0,0,0,0,0,1,1,0,0,1,0,0,1,1,0,0,1,0,0,1,0,1,0,0,1,1,1,1,0,1,1,1,1,1,1,0,1,0,0,1,1,0,1,1,1,0,0,0,1,1,0,0,0.015625,-127.95300490721328,1
0,0,0,0,1,1,0,1,0,1,0,0,1,1,0,0,0,0,0,1,1,1,0,1,0,0,0,1,0,1,1,0,1,1,1,1,1,0,0,0,1,0,0,1,0,1,0,0,1,1,1,0,1,0,1,0,0,0,1,1,0,1,1,0,0.0,-127.95231680617938,1
1,0,1,0,1,1,1,1,0,1,1,0,0,0,1,1,0,0,1,1,0,0,0,1,0,1,1,0,0,1,0,1,0,1,0,0,0,0,1,0,1,0,1,0,1,0,0,0,0,1,1,1,0,1,1,1,1,0,0,0,0,0,1,0,0.015625,-127.95144655127791,1
1,0,1,0,1,0,0,1,0,0,0,1,1,1,0,0,0,0,0,0,0,1,0,1,0,1,1,0,0,1,1,0,0,1,1,1,1,0,0,1,1,1,1,1,0,0,0,1,0,0,1,1,0,0,0,1,0,1,0,0,1,1,1,0,0.015625,-127.9501142573747,1
1,1,1,0,1,0,0,1,0,0,0,1,0,1,0,0,0,1,1,0,1,1,1,1,1,1,1,0,0,0,1,1,1,1,0,0,0,0,0,1,1,1,1,0,1,0,0,0,0,1,1,1,1,0,1,0,0,0,0,1,1,0,1,1,0.0,-127.94906688991063,1
1,0,0,0,0,1,0,1,1,1,1,0,0,0,1,0,0,1,0,0,0,0,1,0,1,0,0,1,0,0,1,1,1,1,0,0,1,0,0,1,1,1,0,0,1,1,0,1,1,1,0,0,0,1,1,1,0,0,0,1,1,1,0,0,0.0,-127.94862959769358,1
1,0,1,1,0,1,0,1,1,1,1,1,0,1,1,0,0,1,1,0,0,0,1,0,1,1,1,1,0,0,1,0,0,1,0,1,0,1,0,1,1,0,0,1,1,1,0,0,0,1,1,1,0,0,0,1,1,0,0,0,0,1,0,1,0.0,-127.94758104900748,1
1,0,0,0,0,0,0,1,0,1,1,1,0,0,0,1,0,0,0,1,1,0,1,1,1,1,0,1,0,1,1,1,0,1,0,1,1,0,0,1,1,0,1,1,1,1,0,0,0,0,1,0,1,1,0,0,0,0,0,0,0,1,1,0,0.0,-127.9461113161153,1
1,0,1,0,0,0,1,1,1,0,1,1,0,0,1,0,0,0,1,1,1,0,1,0,0,0,0,0,0,1,0,0,0,1,0,1,1,0,0,1,0,0,0,1,1,1,0,1,1,1,0,1,1,0,1,1,0,0,0,0,1,0,1,1,0.046875,-127.94479640832331,1
1,0,0,0,0,1,1,1,1,1,1,1,0,0,1,1,0,1,0,0,1,1,0,1,1,0,0,0,0,1,1,1,0,1,0,0,0,1,1,1,0,0,0,1,0,1,1,1,1,1,1,0,1,0,1,0,0,0,1,1,0,0,0,1,0.0,-127.94419945511277,1
0,0,1,0,0,1,0,1,1,1,1,1,1,0,1,1,0,1,1,1,1,0,1,0,0,0,0,1,0,1,1,1,0,1,1,0,1,1,1,1,1,0,0,1,0,1,1,0,0,1,0,0,0,0,0,1,0,1,0,1,0,1,0,0,0.0,-127.94413029131132,1
0,0,1,0,0,0,1,1,0,1,1,0,0,1,1,0,0,1,1,1,1,0,1,0,0,1,0,0,0,1,1,0,1,1,0,0,0,1,1,1,1,1,0,1,0,1,0,1,1,0,0,0,0,0,0,1,0,1,0,0,0,1,0,1,0.0,-127.94385787978153,1
1,0,1,0,1,1,0,1,0,1,0,0,0,0,0,1,0,0,1,0,1,0,0,1,1,1,0,1,1,0,1,1,1,1,1,1,0,0,0,0,1,0,1,0,1,1,0,1,0,0,1,1,1,1,1,1,1,0,0,0,0,1,1,0,0.0,-127.94283940394482,1
1,0,0,0,0,1,0,1,0,1,0,0,1,1,0,0,1,0,0,1,0,1,1,1,0,0,0,1,0,1,1,1,0,1,0,0,1,1,0,1,1,0,1,0,1,0,0,0,0,0,1,1,1,1,1,1,1,1,1,0,0,1,1,1,0.0,-127.94248388967762,1
1,0,1,0,0,1,0,0,1,0,1,1,0,1,0,0,0,0,1,0,0,0,0,1,1,0,0,1,0,0,1,0,1,1,1,1,0,0,1,1,1,1,1,0,1,1,0,0,1,1,1,1,1,1,1,0,0,1,0,1,0,1,1,0,0.0,-127.94214295693746,1
1,0,1,0,0,1,1,1,0,0,0,1,1,1,1,0,0,1,1,0,0,1,0,1,1,1,0,1,0,1,0,0,0,0,1,0,0,1,0,1,1,0,1,1,0,1,1,0,0,1,0,1,0,0,0,1,0,0,1,0,0,1,0,0,0.0,-127.94203906198616,1
1,0,1,0,0,1,0,1,0,0,1,0,0,0,0,0,0,0,0,0,1,1,0,0,1,0,0,0,1,1,1,0,0,1,1,1,0,0,1,1,1,1,1,1,1,0,1,1,0,0,1,0,0,0,1,1,1,0,0,1,0,0,1,1,0.015625,-127.94188988420964,1
0,0,1,0,1,0,1,1,0,1,1,1,0,1,0,0,0,0,1,0,0,0,1,1,1,1,0,1,0,1,1,0,1,0,1,0,0,1,0,1,1,0,0,1,1,1,0,0,0,1,1,0,0,0,1,1,1,1,0,0,1,1,1,1,0.0,-127.94002528368722,1
1,0,0,0,0,1,0,1,1,1,0,1,0,1,0,0,0,1,1,1,1,1,1,1,0,0,0,0,0,1,1,1,1,1,0,1,1,1,0,1,1,1,0,1,1,0,0,0,0,1,0,0,1,1,1,1,1,0,0,0,0,0,1,0,0.0,-127.93984253487235,1
1,0,0,0,1,1,0,1,1,0,0,1,0,1,0,1,0,1,1,1,0,1,1,1,0,0,0,1,0,1,0,0,1,1,0,0,1,0,0,1,0,1,1,1,1,0,1,0,0,1,0,1,1,0,0,1,0,1,0,1,0,1,1,1,0.0,-127.93957634888145,1
1,0,1,1,0,1,0,1,0,0,1,1,0,1,0,0,0,1,1,0,1,1,0,1,0,1,0,0,0,1,1,1,1,1,1,0,1,0,0,1,1,1,1,1,1,0,0,0,0,1,0,0,0,1,1,0,1,0,0,0,1,1,1,0,0.03125,-127.93953220266656,1
1,1,0,0,0,1,1,1,0,1,1,1,0,0,0,1,0,0,1,1,1,1,0,0,0,1,0,0,0,0,1,0,1,1,0,0,0,1,1,0,1,0,1,1,0,0,1,0,1,0,0,0,0,0,1,1,0,0,0,1,0,1,1,1,0.015625,-127.93941494294353,1
0,0,1,0,0,1,0,1,0,1,1,1,1,1,0,0,0,1,0,0,0,1,1,1,1,0,1,1,0,1,0,1,0,1,1,0,0,0,1,0,0,0,1,1,1,1,1,0,0,1,0,0,1,1,0,0,0,0,1,0,0,1,0,0,0.0,-127.93902380016199,1
0,0,1,0,0,1,0,1,1,1,1,1,1,1,1,0,0,0,1,0,1,1,1,1,0,1,1,0,0,1,1,0,1,1,0,1,0,1,1,1,1,0,0,1,0,0,0,0,1,1,0,0,1,0,0,1,0,1,0,0,0,1,1,0,0.0,-127.93815990225949,1
1,0,0,0,1,1,1,1,1,1,1,1,0,1,1,0,1,0,1,0,0,0,1,0,1,0,0,0,1,1,1,0,1,1,0,1,0,0,0,1,1,1,1,1,1,0,0,0,0,1,1,1,0,1,1,0,0,0,0,0,0,0,1,1,0.015625,-127.93763611811488,1
1,1,1,1,1,0,0,1,1,1,1,0,0,1,0,1,1,0,0,0,0,1,1,1,0,1,0,1,1,1,0,0,1,1,1,0,1,0,1,1,0,1,0,1,0,1,0,1,1,0,1,0,0,0,1,1,0,0,0,1,0,0,0,0,0.0,-127.93761257354689,1
1,0,1,0,0,0,0,1,0,0,0,1,0,1,0,0,0,0,1,0,0,1,0,0,1,1,0,0,0,1,1,0,0,1,1,1,1,1,1,1,1,1,1,0,0,0,0,1,0,1,1,0,0,1,1,1,0,0,0,1,0,1,1,0,0.015625,-127.93757295312234,1
1,1,0,0,0,1,0,1,0,1,1,1,0,0,0,0,0,0,0,1,0,1,0,0,0,0,1,0,0,0,1,0,1,1,0,1,1,0,0,0,0,1,1,1,0,1,1,1,1,1,0,0,1,0,1,1,1,1,0,1,0,0,1,0,0.0,-127.93670336257625,1
0,0,1,0,1,1,0,1,0,1,0,0,0,1,0,0,0,1,1,0,1,1,1,1,0,1,1,0,1,1,1,0,1,1,1,1,1,0,0,1,1,0,0,0,1,1,1,0,0,1,0,1,1,0,1,0,1,0,0,1,0,0,1,0,0.0,-127.93627099177465,1
0,1,0,0,0,1,1,1,1,0,0,1,0,1,0,1,0,1,1,1,1,0,1,1,1,1,0,0,0,1,1,0,0,1,1,0,1,1,0,1,1,0,0,1,1,0,0,1,0,1,0,0,0,0,1,1,0,0,1,1,0,1,1,0,0.0,-127.93586514221974,1
1,0,1,0,0,1,0,1,1,1,1,1,1,0,1,1,0,0,1,0,0,1,0,1,0,1,0,1,0,1,1,0,1,1,0,1,1,0,0,0,1,0,1,1,0,1,1,0,0,1,1,0,0,0,1,1,1,0,0,0,1,0,1,0,0.0,-127.93502311059527,1
1,0,0,0,1,0,0,1,1,0,1,1,0,0,0,0,0,1,1,0,1,0,1,1,0,1,0,0,0,1,1,1,0,1,1,1,1,1,1,1,1,0,1,0,0,1,0,0,1,1,0,1,1,0,1,0,0,1,0,1,0,1,1,0,0.03125,-127.93462989508456,1
0,1,1,0,1,1,0,1,0,0,1,0,0,0,1,0,0,1,0,1,1,1,1,0,1,1,0,0,1,1,1,0,0,1,0,1,0,1,0,0,0,1,1,1,1,0,0,0,1,0,0,1,0,0,0,1,0,1,0,0,0,1,1,0,0.015625,-127.93461293496829,1
0,1,1,1,1,1,0,1,1,1,1,0,1,1,0,1,1,1,1,0,0,1,1,1,0,1,0,0,0,0,0,0,0,0,0,0,1,0,1,1,1,0,1,1,0,0,0,0,0,1,0,1,0,0,1,0,0,0,0,1,0,1,0,0,0.0,-127.93426888750435,1
0,0,1,0,1,1,0,1,0,1,0,1,0,1,1,0,0,1,1,0,0,0,1,1,1,0,0,1,0,1,0,0,0,1,0,0,0,0,0,1,1,0,0,0,1,0,0,1,0,1,0,1,1,0,0,1,1,1,0,0,1,1,1,1,0.0,-127.93379459512852,1
1,0,1,0,1,0,1,1,0,1,1,1,0,1,0,0,0,1,1,0,0,0,0,0,1,1,1,0,1,1,1,0,0,1,1,1,0,1,0,1,0,0,0,1,0,0,0,0,1,0,1,0,0,1,0,1,1,1,0,0,0,1,0,0,0.0,-127.93226588685728,1
1,1,1,0,0,0,0,1,0,1,1,1,0,1,1,0,0,1,1,1,0,0,1,1,1,0,0,1,0,1,1,0,1,1,0,0,1,0,0,0,0,0,0,1,1,0,0,1,1,1,0,1,0,1,1,0,1,1,0,0,0,1,1,1,0.0,-127.93171690323368,1
1,0,0,0,0,1,1,0,1,1,1,1,0,0,0,0,0,1,1,0,1,0,1,1,0,1,0,0,0,0,1,1,0,1,0,0,1,1,0,1,1,0,1,1,0,0,0,0,0,1,0,0,1,0,1,1,1,1,1,0,0,0,1,0,0.0,-127.9313981033797,1
0,1,1,0,0,1,0,0,1,0,1,1,0,1,1,1,0,1,0,1,0,1,0,0,1,1,0,0,0,1,1,0,0,1,0,0,0,0,0,0,1,0,1,1,0,0,0,0,0,1,1,0,1,0,1,1,1,1,0,0,0,1,1,1,0.0,-127.93128883935954,1
1,0,1,0,0,1,0,1,0,0,1,1,0,0,1,0,0,1,1,1,0,0,1,1,1,1,0,1,0,1,1,0,0,1,0,1,1,0,0,1,0,0,1,1,1,0,1,0,0,1,0,0,0,0,1,0,0,1,0,0,1,0,1,0,0.015625,-127.93072676998663,1
1,1,0,0,1,1,0,1,1,0,1,1,0,0,1,0,0,1,1,1,1,1,1,1,0,0,0,1,1,0,1,1,1,0,0,1,0,1,1,0,0,1,1,0,1,0,0,1,0,1,1,0,0,0,0,1,0,1,0,0,0,1,1,0,0.0,-127.93004398614664,1
0,1,1,0,0,0,1,1,0,1,1,1,0,1,0,0,0,1,0,0,0,1,1,1,1,0,0,1,0,1,1,0,0,1,1,1,1,0,1,1,1,1,0,0,1,0,0,0,0,1,1,1,0,0,1,1,0,1,0,0,1,1,1,0,0.0,-127.93000596123514,1
0,1,1,1,1,1,0,1,1,0,0,1,0,1,0,1,0,1,0,0,0,0,1,1,0,0,0,0,1,0,0,0,0,1,0,1,1,0,0,1,0,1,1,0,1,0,1,1,0,1,1,0,0,0,0,0,1,1,1,0,1,0,1,0,0.0,-127.92959706225695,1
1,0,0,0,0,0,0,1,0,0,0,1,0,1,0,0,0,1,1,1,0,0,1,1,1,1,0,0,0,1,1,1,1,0,1,0,0,1,0,1,0,1,1,0,1,0,0,0,1,1,1,0,1,0,0,1,0,1,0,0,1,1,1,0,0.0,-127.92930095466156,1
0,0,1,0,1,1,0,1,0,0,1,1,0,0,0,1,0,0,1,1,1,1,0,1,1,0,0,0,0,1,1,0,1,1,1,0,0,1,0,1,1,0,0,0,0,1,1,1,0,0,0,0,0,0,1,1,1,0,0,0,0,1,1,1,0.0,-127.92717073589998,1
1,1,0,0,1,1,0,1,0,1,1,1,0,1,0,0,0,1,0,0,1,1,0,0,0,1,1,1,0,1,1,0,0,1,0,0,0,1,0,0,1,0,1,1,1,0,0,0,0,1,1,0,0,1,1,0,0,0,1,0,0,1,1,0,0.0,-127.9266685055004,1
1,1,1,0,0,1,0,1,0,0,0,1,1,0,0,1,0,1,1,0,0,0,1,1,1,1,0,0,0,1,1,1,0,0,0,1,1,1,0,1,0,0,0,1,1,0,0,0,0,1,1,1,1,1,1,1,1,0,1,0,1,0,1,0,0.0,-127.92659295449974,1
1,0,1,0,0,1,0,1,0,1,1,1,1,1,0,1,0,1,0,0,1,1,1,1,1,1,0,0,1,0,1,0,1,1,0,0,1,0,0,1,0,0,1,1,1,1,0,0,0,0,0,0,1,0,1,1,1,0,0,1,0,1,1,0,0.015625,-127.92592944332148,1
1,1,0,0,1,1,0,1,0,0,0,1,0,1,0,0,0,1,0,1,0,0,1,0,0,1,0,1,0,1,1,0,0,1,1,1,1,0,1,0,0,1,0,1,0,1,0,1,0,1,0,0,1,0,1,0,0,1,0,1,0,1,1,0,0.0,-127.92564983268863,1
1,1,1,0,0,1,0,1,0,0,1,1,0,1,0,1,0,1,1,1,0,0,1,0,1,0,1,1,0,1,1,0,0,1,0,1,1,0,1,1,0,0,1,0,1,0,0,1,1,1,0,1,0,0,1,1,1,0,0,0,0,1,1,0,0.0,-127.92551250385344,1
1,0,0,0,0,1,1,1,1,1,1,1,0,0,0,0,0,1,1,1,0,1,1,1,0,1,1,1,0,0,1,0,1,1,0,0,1,0,0,1,1,0,0,1,1,0,0,0,0,1,0,1,1,0,1,0,1,1,1,0,0,1,1,0,0.0,-127.92465657021654,1
0,0,0,0,1,1,1,1,1,1,1,1,0,1,0,0,0,1,0,1,0,1,1,1,1,0,0,1,1,1,0,0,1,1,1,1,0,1,1,1,1,0,1,1,0,0,0,0,0,1,0,1,0,1,1,0,1,0,0,0,0,0,1,0,0.0,-127.9244661122398,1
0,0,1,1,1,1,0,1,0,1,0,1,0,1,0,0,0,1,0,1,0,1,0,0,0,1,0,0,0,0,1,0,1,1,0,0,1,1,0,1,0,0,1,1,0,0,1,0,1,0,1,0,0,0,0,1,1,1,0,1,1,1,1,0,0.0,-127.92404261201055,1
0,0,0,0,0,1,1,1,0,0,0,1,0,1,0,0,0,1,1,1,1,0,1,1,1,1,1,1,0,1,1,0,0,1,1,1,1,1,1,1,1,0,1,1,0,1,0,1,0,0,1,0,1,0,0,1,0,1,0,0,0,0,1,0,0.0,-127.92315353489718,1
0,0,1,1,0,1,1,1,0,1,1,1,0,1,0,0,0,1,1,0,1,0,1,0,1,1,0,0,0,0,0,0,1,1,1,1,1,0,0,0,1,0,1,1,1,1,0,1,0,1,1,0,1,0,0,1,0,1,0,1,0,1,1,0,0.0,-127.92304518634728,1
1,0,1,0,1,1,0,1,0,1,1,1,0,1,1,0,0,1,1,0,0,0,1,0,1,1,1,0,0,1,0,1,0,1,1,0,1,0,0,0,1,0,1,1,1,1,1,0,0,0,0,0,0,0,0,0,1,0,1,0,0,0,1,0,0.0,-127.92284809723729,1
0,0,1,0,0,1,0,1,0,1,1,0,0,1,0,1,0,1,0,0,0,1,0,1,0,0,0,1,0,0,1,0,1,1,0,1,1,0,0,0,0,1,1,1,1,0,0,0,0,1,1,1,1,0,0,1,1,1,0,0,0,1,1,1,0.0,-127.92282775518726,1
1,1,1,1,0,0,0,0,0,1,0,0,0,0,1,1,1,1,1,1,1,1,1,1,1,0,0,0,1,1,1,0,1,1,0,0,1,0,0,1,0,0,1,1,1,0,0,0,0,1,1,1,0,1,1,0,1,0,0,0,0,1,1,0,0.015625,-127.92271914275449,1
1,1,1,0,1,1,0,1,0,1,0,1,0,1,0,0,0,1,1,0,1,0,1,1,1,0,0,1,0,1,0,0,0,1,1,0,0,1,1,1,1,0,0,1,0,0,0,0,1,1,1,0,0,1,0,1,0,1,0,1,1,1,1,0,0.0,-127.92252161392162,1
1,0,0,0,0,0,0,1,1,1,1,1,0,1,1,0,1,1,1,0,0,1,1,1,1,1,0,1,0,1,1,1,1,0,1,0,0,1,1,0,1,1,1,0,0,1,0,1,0,1,0,0,1,0,0,0,1,0,0,0,0,1,0,1,0.0,-127.92248032397183,1
0,1,1,0,0,1,1,1,0,1,1,1,0,0,0,0,0,1,1,0,1,1,1,1,1,1,0,1,0,1,1,0,1,0,1,0,1,1,1,1,0,0,1,1,1,0,0,0,1,1,1,0,0,0,1,0,0,0,0,0,0,1,1,0,0.0,-127.92247329725942,1
1,0,0,0,0,1,0,1,1,0,1,1,0,1,0,0,0,1,0,0,0,0,1,1,1,1,1,1,0,0,1,0,0,1,1,0,1,1,0,1,1,0,1,0,1,1,0,0,0,1,1,0,1,1,1,1,0,1,0,0,1,1,1,0,0.0,-127.92226320143644,1
1,1,1,0,1,1,0,1,1,1,1,1,0,0,0,1,0,1,0,1,0,1,1,1,0,0,1,1,0,1,1,1,0,1,0,0,1,0,1,1,0,1,0,1,1,0,0,0,0,0,1,0,1,0,0,0,0,1,0,0,0,1,1,1,0.0,-127.922063893549,1
1,0,1,0,1,1,0,1,1,1,1,0,0,0,0,1,0,1,0,0,1,0,1,1,1,0,0,0,0,1,1,0,0,1,0,1,1,0,0,0,1,0,1,1,0,1,0,1,1,1,1,0,1,1,1,0,0,0,1,0,0,1,1,1,0.0,-127.92197847940619,1
1,1,1,0,1,1,1,1,1,0,0,0,0,1,0,0,0,1,0,0,1,0,0,0,0,1,0,0,0,1,1,0,0,1,1,1,0,1,1,1,0,0,1,0,0,1,0,0,0,1,0,1,1,1,1,0,1,1,0,0,0,0,1,0,0.0,-127.92175614690119,1
0,0,0,0,1,0,0,1,0,1,1,1,1,1,0,0,1,1,0,0,1,0,1,0,0,1,0,1,0,1,0,0,0,1,1,1,0,0,0,1,1,1,1,1,0,1,0,1,0,1,1,0,1,0,1,0,0,0,0,0,1,1,0,0,0.0,-127.92158817429168,1
1,0,1,0,1,1,0,1,1,0,0,1,0,1,1,0,0,1,1,0,0,0,1,0,0,1,0,0,1,1,0,0,1,1,1,0,0,0,1,1,1,0,0,1,1,0,0,1,0,1,1,0,0,1,1,0,0,0,0,0,0,1,1,0,0.0,-127.92109523906569,1
1,0,0,1,1,1,0,1,0,0,1,1,0,0,0,0,0,1,0,0,1,0,1,0,1,0,0,1,1,1,1,0,0,1,0,0,0,0,0,1,1,0,1,1,0,1,1,0,0,1,1,0,0,0,0,0,1,1,1,0,0,1,1,1,0.0,-127.92037005876259,1
0,1,1,0,1,1,0,1,1,1,0,0,0,0,1,0,0,1,1,0,0,0,0,0,0,0,0,1,0,1,1,1,1,1,1,0,1,1,0,0,1,1,1,1,0,1,1,0,0,1,1,0,1,1,1,0,1,1,0,0,0,1,1,0,0.0,-127.92028559384417,1
0,0,0,0,1,1,0,1,0,1,1,1,0,0,1,1,0,1,1,0,1,0,0,1,0,1,0,0,0,1,1,0,1,1,0,1,0,0,0,0,0,0,1,0,0,1,1,0,0,1,1,0,1,0,1,1,0,0,1,1,0,1,1,0,0.0,-127.92026817011745,1
1,0,0,0,0,1,0,1,0,1,0,0,0,1,1,0,0,1,1,1,1,1,0,0,1,1,0,1,0,1,1,1,1,1,0,0,1,0,1,1,0,0,0,1,1,1,0,1,1,1,0,0,1,1,0,0,1,1,0,0,0,1,1,0,0.0,-127.91988417824442,1
0,0,1,1,1,1,0,0,0,1,0,1,0,1,0,0,0,1,1,0,0,0,1,1,0,1,0,0,1,0,1,1,1,1,1,0,0,1,0,0,0,0,0,1,0,1,1,0,0,1,0,1,1,0,1,0,0,0,1,0,0,1,1,1,0.0,-127.91966516798882,1
0,0,1,0,0,0,0,1,1,1,1,1,0,1,1,0,1,0,1,0,0,1,1,1,0,0,0,1,0,0,1,0,1,1,0,0,1,0,1,0,0,0,1,1,1,0,0,1,1,0,0,0,1,0,1,0,0,0,1,0,1,1,1,0,0.0,-127.91958696709625,1
1,1,1,0,0,1,0,1,0,1,0,1,0,1,0,1,0,1,1,0,0,0,1,0,1,0,1,0,0,1,1,1,1,1,0,1,0,1,1,0,1,1,1,1,0,0,0,0,0,1,0,0,0,0,0,0,0,1,0,0,0,1,1,0,0.015625,-127.91945693917536,1
1,0,1,0,0,1,0,1,0,1,1,0,0,1,0,0,0,1,1,1,0,0,1,1,1,0,0,0,0,0,0,1,1,1,1,1,0,0,0,1,1,0,1,1,1,1,1,1,0,1,1,0,0,0,1,0,0,1,0,0,1,1,1,1,0.0,-127.91943879418164,1
0,0,1,0,0,0,1,1,0,1,1,1,0,1,1,0,0,1,0,0,0,0,0,0,0,1,0,1,1,1,1,0,1,1,1,0,1,1,0,1,1,1,1,1,1,0,1,0,0,0,0,0,1,1,1,1,1,0,1,0,0,1,1,0,0.0,-127.91931107080754,1
1,0,1,0,0,1,0,1,0,1,0,1,1,1,1,1,0,1,1,0,1,1,1,0,0,1,0,0,0,1,0,1,1,0,1,1,1,1,0,0,1,0,0,1,1,1,1,0,0,1,0,0,1,0,1,0,0,0,0,1,0,1,1,0,0.0,-127.91894903107448,1
0,1,1,0,0,1,0,1,0,1,0,1,0,1,1,1,0,1,1,0,1,1,0,1,1,0,0,0,1,0,1,0,1,1,0,0,1,0,1,1,1,1,0,1,0,1,1,0,0,0,0,0,1,1,1,1,0,0,0,0,0,1,1,1,0.0,-127.91886192743144,1
1,0,1,1,1,1,0,1,1,0,1,1,0,1,1,1,0,1,0,1,0,0,0,0,1,1,0,0,1,1,1,0,1,1,0,1,0,1,0,0,0,0,1,0,0,1,1,0,1,0,1,1,1,0,1,0,0,0,0,1,0,1,1,0,0.015625,-127.91874701801271,1
0,0,1,1,0,0,0,1,0,0,1,0,0,0,1,1,0,1,0,0,1,1,1,1,0,1,0,1,0,0,1,1,1,1,0,0,1,0,0,0,1,1,0,0,1,0,0,1,1,1,0,0,1,0,1,0,0,1,0,1,0,0,1,1,0.0,-127.9187092529219,1
0,0,1,0,1,1,0,1,0,1,1,1,0,0,0,1,0,1,1,1,0,0,1,0,0,1,0,0,0,1,1,1,0,0,1,0,0,1,0,1,1,0,1,0,0,0,1,0,0,1,1,1,1,1,1,1,1,0,0,1,0,1,1,1,0.0,-127.91859094401008,1
1,1,1,0,0,1,1,1,0,0,1,1,0,1,0,1,0,1,1,1,0,0,1,1,1,1,0,1,0,1,1,0,0,1,0,1,0,1,0,1,1,0,0,0,1,1,0,0,0,1,0,0,1,0,1,0,1,0,1,0,0,0,1,1,0.0,-127.91848543353407,1
0,0,1,0,1,1,1,1,1,1,0,1,1,0,0,1,0,1,0,1,1,0,1,1,0,1,1,1,0,1,1,1,1,0,0,1,1,0,1,1,1,0,1,1,0,1,0,0,0,0,1,1,0,0,1,0,0,0,0,0,0,0,1,0,0.0,-127.91779390331044,1
0,0,1,1,1,1,1,1,1,0,1,1,0,1,0,0,0,1,1,0,1,1,1,1,0,1,0,1,0,0,1,0,0,1,0,0,1,0,0,0,1,1,0,1,1,1,1,1,0,1,0,1,1,0,1,0,0,0,0,0,0,1,1,0,0.015625,-127.9171512070694,1
1,0,1,0,0,0,1,1,0,0,0,1,1,1,1,0,1,1,0,0,1,0,1,1,1,1,0,1,0,0,0,0,1,0,0,1,1,1,0,1,0,1,1,1,0,0,1,1,0,0,1,0,1,0,0,0,0,0,0,1,0,1,0,0,0.0,-127.9171375663952,1
0,0,1,0,0,0,0,1,0,0,1,1,0,0,1,0,0,1,1,1,1,0,1,0,1,1,0,1,0,1,0,1,1,1,1,0,1,1,0,0,1,0,0,1,1,1,1,0,0,1,1,1,1,1,1,0,0,0,0,1,0,0,1,1,0.0,-127.91709785157195,1
1,0,0,0,0,1,0,1,0,0,1,0,1,1,0,0,0,1,1,0,1,0,1,0,0,1,0,1,0,1,1,0,1,1,0,1,1,0,0,1,0,0,1,1,0,1,0,1,0,1,1,0,1,1,0,1,0,1,0,1,1,1,1,1,0.0,-127.91704955384293,1
1,0,1,0,1,1,1,1,1,0,1,1,0,1,0,1,0,1,1,1,0,1,1,1,1,0,1,1,0,1,0,0,1,1,1,0,0,0,0,1,0,1,1,1,1,0,0,0,0,1,0,1,0,0,1,1,0,0,0,0,0,0,1,0,0.0,-127.91677968802006,1
0,0,1,0,0,1,1,1,0,0,1,1,0,1,0,1,0,1,1,1,0,0,1,0,1,1,0,1,0,1,1,0,0,1,1,1,1,0,0,0,1,0,1,0,0,0,1,1,0,1,1,1,0,0,1,1,1,1,0,0,0,1,1,0,0.0,-127.91666270162557,1
0,0,1,0,1,1,0,1,1,1,1,1,1,1,0,0,1,1,1,1,1,0,1,1,1,0,1,0,1,0,0,0,1,1,1,0,1,0,0,1,0,1,0,1,0,0,0,0,0,0,0,0,0,1,1,0,0,0,1,0,0,0,0,0,0.0,-127.91638091135201,1
0,0,1,0,0,1,1,1,1,0,1,1,0,1,1,1,0,1,1,0,1,0,0,0,0,1,0,1,0,1,1,1,1,1,1,0,1,1,1,0,1,0,0,0,1,0,0,0,1,0,0,0,0,1,0,0,1,1,0,1,1,1,1,0,0.0,-127.91632888668295,1
1,1,1,0,1,0,1,1,0,0,1,1,0,1,0,0,1,1,0,0,0,1,1,0,0,1,1,1,0,1,1,1,1,1,0,0,0,0,0,1,0,1,0,1,1,1,0,1,0,0,1,0,1,1,0,1,0,1,0,0,1,1,0,0,0.0,-127.91632184054541,1
1,0,1,0,1,1,0,1,0,1,0,1,0,1,1,1,0,1,0,0,0,1,1,0,1,1,0,1,0,1,0,0,0,1,1,1,1,0,0,1,0,0,0,1,1,1,0,0,1,0,1,1,0,1,1,0,1,0,0,1,0,1,1,0,0.0,-127.91603446095277,1
1,1,1,1,0,1,0,1,0,1,0,1,1,1,0,0,0,1,1,0,0,0,1,0,0,1,1,1,0,1,1,0,1,0,1,0,0,1,0,1,1,0,0,1,1,0,0,0,0,1,1,1,0,1,1,0,1,0,0,0,0,1,1,1,0.0,-127.9152833177861,1
1,0,1,0,0,1,0,0,0,0,1,1,1,1,0,0,0,1,1,0,1,1,1,1,0,1,0,1,0,0,1,0,0,1,0,0,1,0,0,1,0,1,0,1,1,0,1,0,1,1,1,1,1,1,1,1,1,0,0,0,0,1,1,0,0.0,-127.91479516554628,1
0,0,1,0,0,0,1,1,1,1,0,1,0,1,0,0,0,1,1,1,1,1,1,1,0,0,0,1,0,0,1,0,0,1,0,0,0,1,0,1,1,0,1,1,1,1,0,0,0,0,1,0,1,0,0,1,1,0,0,0,0,1,1,0,0.0,-127.91457288835208,1
1,0,1,1,0,0,0,1,1,0,1,1,0,0,0,0,0,1,1,0,0,0,1,0,1,0,0,0,1,1,1,0,0,1,0,0,1,1,1,1,0,1,1,0,1,0,0,0,1,0,1,0,0,1,1,0,0,0,0,1,0,1,1,1,0.0,-127.91435272731525,1
1,0,1,0,0,1,1,1,1,1,1,1,0,1,0,0,0,1,0,1,0,1,1,1,0,0,0,1,0,1,1,0,1,1,0,1,1,1,0,0,1,0,0,1,0,0,0,0,0,0,0,0,1,1,0,0,1,1,0,0,0,0,1,0,0.03125,-127.91422848977969,1
1,0,0,0,1,0,0,0,0,0,1,1,0,0,1,1,1,0,1,1,1,0,0,0,1,1,0,0,1,1,0,1,1,1,1,0,1,0,0,0,0,0,0,1,1,1,1,0,1,1,0,0,0,1,1,0,1,0,0,0,0,0,1,1,0.0,-127.91397599785505,1
1,0,1,0,0,1,0,1,0,1,0,1,0,1,0,1,0,1,1,0,0,1,0,1,1,0,0,1,0,0,1,1,1,1,0,0,1,1,0,0,1,1,0,0,1,0,1,0,0,1,1,0,1,0,0,0,0,0,0,1,0,0,1,1,0.0,-127.91363789222669,1
0,0,0,0,1,0,0,1,0,1,0,1,0,0,1,1,1,1,0,1,0,1,1,1,0,1,0,1,0,1,1,1,0,1,0,0,1,0,1,1,1,0,1,1,1,0,0,0,1,1,1,0,1,1,1,1,0,0,0,0,0,1,1,0,0.0,-127.91358368272142,1
1,1,1,0,0,0,1,1,0,1,1,1,0,1,0,0,0,1,1,1,0,0,1,1,1,1,1,1,0,1,1,0,1,1,1,1,0,0,0,0,0,0,1,0,0,0,0,0,0,1,1,0,0,1,0,1,1,0,0,1,1,1,1,0,0.015625,-127.9135720250944,1
0,0,0,1,0,0,1,1,1,0,1,0,0,1,0,0,0,1,0,0,1,0,1,1,1,0,0,1,0,0,0,0,0,1,0,0,1,0,0,1,1,1,1,1,1,1,0,1,0,0,0,1,0,1,1,1,0,1,0,0,0,1,1,1,0.015625,-127.91320397518686,1
0,0,0,1,1,1,0,1,1,1,1,0,0,1,0,0,0,1,1,1,0,1,0,1,1,1,0,1,1,1,1,1,0,0,1,0,0,0,0,0,0,1,1,1,1,1,1,0,0,1,1,0,1,0,0,0,1,1,0,0,0,1,1,0,0.015625,-127.9130477737148,1
0,0,1,0,1,1,1,1,1,0,0,1,0,0,1,1,0,1,1,0,0,0,0,1,1,1,1,1,0,1,0,0,1,1,0,1,1,0,0,1,1,1,0,1,0,1,0,0,0,1,0,1,1,0,0,0,0,1,0,0,1,1,1,1,0.0,-127.9123833969908,1
1,0,0,0,0,1,1,1,1,0,1,1,0,1,1,0,1,0,0,0,0,1,1,1,1,1,0,1,0,1,1,0,1,1,0,0,0,1,1,0,0,0,0,1,1,0,0,0,0,1,0,0,0,1,1,1,0,1,0,0,0,0,1,0,0.0,-127.91237505591438,1
1,0,0,0,0,1,0,1,0,0,0,1,0,0,0,1,0,1,1,0,0,1,1,0,0,1,0,0,0,0,1,1,1,1,1,1,1,0,0,1,1,0,0,1,1,1,0,0,1,1,0,0,1,1,0,1,0,1,0,0,0,1,1,0,0.015625,-127.91223184968904,1
0,0,0,0,1,1,0,1,1,0,1,0,0,0,1,0,0,1,0,1,0,1,1,0,1,0,1,1,0,1,1,0,1,1,0,1,1,0,0,1,0,1,1,1,0,1,0,0,1,0,0,1,1,1,0,0,0,0,1,0,0,0,1,0,0.0,-127.9122179095587,1
1,1,1,1,1,0,0,1,0,1,1,1,0,0,0,0,0,1,1,0,1,0,0,0,1,1,0,1,0,0,1,0,1,1,0,0,0,1,0,1,1,0,0,0,1,0,0,0,0,1,0,0,0,0,1,1,1,1,1,0,0,1,1,0,0.0,-127.91194213892872,1
1,0,1,0,1,1,0,1,1,0,1,0,0,1,0,0,0,1,1,0,1,1,0,1,0,0,0,1,0,0,1,0,0,1,0,1,0,1,1,1,1,1,1,0,1,0,1,1,0,0,1,0,0,1,1,0,1,0,0,1,0,1,1,1,0.0,-127.9116155506575,1
1,0,1,1,0,1,0,1,0,0,1,1,1,0,1,0,0,1,1,0,0,1,1,0,0,0,0,1,0,1,1,0,1,1,0,0,1,1,0,1,1,0,1,0,0,1,1,0,1,1,1,0,1,1,1,0,1,0,0,0,0,1,1,0,0.0,-127.91158612955692,1
1,0,1,0,0,1,0,1,0,1,1,1,0,1,0,0,1,1,1,0,1,1,0,0,0,1,1,1,0,0,1,1,1,1,0,1,1,1,1,1,1,0,0,1,0,0,0,1,1,0,0,0,1,1,1,1,0,1,0,0,0,0,0,0,0.0,-127.9115593331056,1
0,0,0,1,0,1,1,1,0,1,1,1,0,0,1,0,0,1,0,0,0,1,1,1,1,1,0,0,0,0,0,1,1,1,0,0,0,1,0,0,0,1,0,1,1,1,0,1,1,1,0,0,1,0,1,1,1,1,0,1,0,1,1,1,0.0,-127.91152348605479,1
1,0,1,0,0,0,0,1,0,1,0,0,0,1,0,0,0,1,1,0,0,0,1,1,1,1,0,1,0,0,1,1,0,1,0,0,1,1,0,1,0,1,0,1,1,1,0,0,0,1,0,1,0,0,1,1,1,0,0,0,1,1,1,0,0.015625,-127.91152200947778,1
0,1,1,0,1,1,0,1,1,1,0,1,1,0,0,0,0,1,0,1,1,0,0,1,1,0,0,1,1,1,1,1,1,1,0,0,0,0,0,1,0,0,0,1,0,1,0,0,0,0,1,0,1,0,1,0,1,0,0,1,0,0,1,0,0.0,-127.911275411468,1
1,1,1,0,1,1,0,1,0,0,0,1,0,0,0,0,0,1,0,1,1,0,0,0,1,1,0,1,0,0,0,0,1,1,1,0,0,0,0,1,1,1,1,1,1,1,1,1,1,0,1,1,0,0,1,0,0,0,0,0,0,0,1,0,0.015625,-127.91111143869989,1
0,0,1,0,1,1,1,1,1,1,0,1,0,0,0,1,0,1,1,1,0,0,1,1,0,1,0,1,1,1,1,0,1,1,0,1,1,1,0,1,0,0,0,0,0,0,0,1,0,1,0,0,0,1,1,0,0,1,1,0,1,1,1,0,0.0,-127.91090795748863,1
1,0,1,0,0,1,1,1,0,1,1,1,0,1,0,0,0,1,0,0,0,0,1,0,1,1,0,1,0,1,1,0,1,1,1,1,0,0,0,1,1,0,0,1,1,1,0,0,0,1,0,0,1,1,1,0,1,1,0,0,0,1,1,1,0.0,-127.91073543854898,1
0,0,1,0,0,0,1,1,1,1,1,1,0,0,1,1,1,0,1,1,0,0,1,1,1,0,0,0,0,1,1,0,0,0,1,0,0,1,0,1,0,0,1,0,0,0,0,0,0,1,0,0,1,0,1,1,1,1,0,0,1,1,1,0,0.015625,-127.91060515738646,1
1,0,1,0,0,0,1,1,1,1,1,0,0,1,1,1,1,0,1,0,0,0,0,0,0,0,0,1,0,1,1,0,1,1,1,1,0,0,0,1,1,0,0,1,1,0,1,0,0,1,0,1,1,0,1,1,1,0,0,0,1,1,1,1,0.015625,-127.91060136606089,1
0,0,1,0,0,1,0,1,0,1,0,0,0,0,1,0,1,1,1,1,0,1,1,1,0,1,0,1,0,1,0,1,1,1,1,1,0,0,0,0,0,1,0,1,0,1,0,0,0,0,1,0,0,1,1,1,1,0,0,0,0,1,0,1,0.0,-127.90984589124675,1
0,0,1,0,0,0,0,1,0,1,1,1,0,1,0,0,0,1,1,0,0,0,1,0,1,1,0,1,1,1,0,0,1,1,1,0,1,1,1,1,1,0,1,1,0,1,0,1,0,1,1,0,1,0,1,0,1,0,0,1,0,1,1,0,0.015625,-127.90927064777438,1
0,0,1,0,0,0,1,1,0,0,1,0,1,1,0,0,0,1,1,0,0,0,1,1,0,0,0,1,0,1,0,1,0,1,0,0,1,1,1,1,1,0,1,1,1,1,0,1,0,0,1,0,0,0,0,0,1,1,0,1,0,1,1,0,0.0,-127.90882087240938,1
0,0,1,0,1,0,0,1,1,1,0,1,0,1,0,0,0,1,1,0,1,1,0,1,0,1,0,1,1,0,1,0,0,1,1,1,1,1,0,0,1,1,0,1,1,0,0,1,0,0,0,0,0,1,0,0,0,1,0,0,0,0,1,1,0.0,-127.90802554572421,1
0,1,0,1,0,0,0,1,1,0,1,1,0,0,0,0,1,1,1,0,1,1,1,1,1,1,0,1,0,0,0,0,1,0,1,0,0,0,0,0,1,1,1,0,0,1,0,1,0,1,1,0,1,1,0,0,1,0,0,0,0,1,0,1,0.0,-127.90802255737265,1
0,0,0,0,0,1,0,1,1,1,0,1,0,0,1,0,0,1,1,0,0,0,1,0,1,1,0,1,1,1,1,0,1,1,1,1,0,1,0,0,0,0,1,1,0,1,0,0,0,1,0,0,1,1,1,0,1,0,1,0,0,0,1,0,0.015625,-127.90792924533048,1
1,0,0,0,0,1,0,1,1,0,1,1,1,1,0,0,0,1,1,1,1,1,0,1,0,1,0,1,0,1,1,0,1,1,1,0,0,0,0,0,0,1,1,0,0,1,0,0,0,1,1,0,1,0,1,0,0,0,0,0,0,1,1,0,0.015625,-127.90737685304177,1
0,0,0,0,0,1,1,1,0,1,1,0,0,1,1,0,1,1,1,1,1,0,1,1,0,1,0,1,1,1,0,0,0,1,0,1,1,0,0,0,1,1,0,1,1,0,1,0,0,1,0,1,1,0,1,1,0,0,0,1,0,1,1,0,0.0,-127.9072861271855,1
1,0,0,0,0,1,0,1,1,0,1,1,0,0,0,0,0,1,1,1,1,1,1,0,0,1,0,0,0,0,0,1,0,1,1,0,0,0,0,1,0,1,1,1,0,0,1,1,1,1,1,1,0,1,1,1,0,1,1,0,1,0,1,1,0.0,-127.90580138798117,1
0,0,1,0,0,1,0,1,0,1,1,1,0,1,0,0,0,1,1,0,0,1,1,1,0,1,0,1,0,1,0,1,1,1,1,0,1,1,1,0,0,0,1,1,0,1,0,0,0,1,0,0,0,1,1,1,0,0,0,0,0,0,1,0,0.015625,-127.90450273304307,1
1,0,1,1,0,1,0,1,0,0,1,1,0,0,0,0,1,0,1,0,0,1,1,1,0,1,0,1,0,1,1,0,1,1,0,1,1,0,0,1,0,1,0,0,0,0,0,0,1,1,1,0,1,0,0,1,0,0,0,0,0,1,1,1,0.0,-127.90419409059686,1
1,0,1,0,0,1,0,1,1,0,0,1,0,1,0,0,0,1,1,0,0,0,1,1,1,1,1,1,0,0,1,1,1,1,0,1,0,0,0,0,0,1,0,1,1,0,0,0,0,1,1,0,0,0,0,1,1,0,0,0,0,1,1,1,0.0,-127.9039319325037,1
1,0,0,0,0,1,0,1,0,1,1,1,0,1,0,0,0,1,1,0,0,0,1,1,0,1,0,1,0,1,0,0,0,1,0,1,1,1,1,0,0,0,0,1,1,1,0,1,0,0,1,0,0,1,1,1,1,0,0,0,0,1,1,0,0.0,-127.90388606267324,1
1,0,0,0,0,0,0,1,1,1,0,1,0,1,0,0,1,1,1,0,1,0,1,1,0,0,0,1,0,0,1,1,1,1,0,0,1,0,0,1,0,0,1,1,1,1,0,0,0,1,0,0,1,0,1,0,1,1,0,0,1,0,1,0,0.03125,-127.90357837163187,1
1,0,1,1,0,0,0,1,0,1,1,0,0,1,1,0,1,1,1,0,1,1,1,1,0,0,0,0,1,1,0,0,1,1,0,1,1,0,0,0,1,1,1,1,1,1,0,1,0,0,1,0,0,0,1,1,0,1,0,0,0,1,1,0,0.0,-127.90354242295686,1
0,0,0,0,0,1,0,1,0,1,1,0,1,1,0,0,0,1,1,0,0,1,1,0,1,1,0,0,1,1,1,0,1,1,0,1,0,1,0,1,1,1,0,1,1,1,0,0,0,0,0,0,1,1,0,0,0,1,0,0,0,0,1,1,0.0,-127.90351676663235,1
0,0,0,0,0,0,0,1,0,1,0,1,0,0,1,0,1,1,1,0,1,0,0,1,0,1,1,1,1,0,1,0,1,1,1,1,1,0,0,1,1,1,1,1,1,1,0,0,0,1,0,0,1,0,1,0,1,1,0,0,1,1,1,0,0.0,-127.90338581660129,1
1,0,1,0,0,0,1,1,0,0,0,0,0,1,1,1,0,1,1,0,0,0,1,1,0,1,1,1,0,1,1,1,0,0,0,1,0,1,0,0,1,1,1,1,0,1,0,1,0,1,1,0,0,1,1,1,0,1,0,0,1,1,1,0,0.0,-127.90329497556539,1
0,0,1,1,0,1,0,1,0,1,1,0,0,1,0,0,0,1,0,1,1,0,1,0,0,1,0,1,0,1,1,0,0,1,1,0,1,1,0,1,1,1,0,1,0,1,0,1,1,1,0,0,0,0,1,0,0,0,1,0,0,0,1,0,0.0,-127.90323681187846,1
1,0,0,0,1,1,0,1,1,0,1,0,1,0,1,0,0,1,1,0,0,1,0,1,0,1,0,1,1,0,0,1,1,0,0,1,0,1,0,1,0,0,1,1,1,0,1,0,0,1,0,0,1,1,1,0,1,0,0,0,0,0,1,0,0.0,-127.90317479257578,1
1,0,1,0,1,1,0,0,0,1,1,0,0,1,1,1,1,1,1,1,1,1,0,1,0,1,0,1,0,1,1,0,1,1,0,1,1,1,1,0,0,0,0,1,1,0,0,0,0,0,1,1,0,1,0,0,1,1,0,0,0,0,1,0,0.0,-127.902969985748,1
1,0,1,0,0,0,0,1,0,1,1,1,0,0,0,0,0,1,1,0,1,1,1,0,1,1,1,0,0,1,1,1,1,1,0,0,0,1,1,1,1,1,0,0,1,0,1,0,0,1,1,0,1,1,0,1,0,1,0,0,0,1,1,0,0.0,-127.90241455049511,1
1,0,0,0,0,1,0,1,1,0,1,1,0,1,0,0,1,1,1,1,1,1,0,1,0,0,0,1,0,1,1,1,1,1,1,1,1,1,0,0,0,0,1,1,1,0,1,0,0,0,1,0,1,0,1,0,1,0,0,0,0,1,1,0,0.0,-127.90228335735148,1
1,0,1,0,0,1,0,1,1,1,1,0,1,1,0,0,0,1,1,0,1,0,0,1,1,1,1,0,0,1,1,0,0,0,0,1,1,1,0,1,0,0,0,0,1,0,1,0,0,1,1,0,1,0,0,0,1,0,0,0,0,1,1,0,0.0,-127.9014143513303,1
0,1,0,0,0,0,0,1,0,0,1,1,1,0,0,0,0,1,1,0,1,1,0,1,1,0,0,0,0,0,1,1,1,1,0,0,0,0,0,1,0,0,0,1,1,1,0,1,1,1,1,0,1,1,0,1,1,0,0,0,1,1,1,0,0.0,-127.90122186891536,1
1,0,1,0,1,0,1,1,0,0,1,0,1,1,0,0,0,1,1,1,0,1,1,1,1,0,1,1,1,1,1,0,1,0,1,1,1,1,1,0,0,0,0,0,1,1,0,1,0,0,1,0,0,1,1,0,0,0,0,0,0,1,1,0,0.0,-127.89986110297627,1
1,1,1,0,0,0,1,1,0,0,1,0,0,0,1,0,0,1,1,1,0,0,0,1,0,1,0,1,0,1,0,0,1,1,0,1,1,0,0,1,0,0,0,1,0,1,0,1,1,0,0,0,1,1,1,0,0,1,0,0,1,1,1,0,0.0,-127.8993588516404,1
1,1,1,0,0,1,0,0,1,1,1,1,0,1,0,1,1,1,0,0,1,0,1,0,0,0,0,1,1,1,0,0,0,1,1,0,1,0,1,0,1,1,1,1,1,0,0,0,0,0,1,0,0,0,0,0,0,0,0,1,0,1,1,0,0.015625,-127.89907750206535,1
0,0,0,0,0,1,1,1,0,1,0,1,0,0,0,1,1,1,0,1,0,0,1,1,0,0,0,0,0,1,0,0,1,1,1,0,0,1,0,1,1,0,1,0,0,1,0,0,0,1,0,1,1,0,1,1,1,1,0,1,0,1,1,0,0.0,-127.89803665405962,1
1,0,1,0,1,0,0,1,0,0,1,1,0,1,1,0,1,1,1,0,1,0,1,0,1,1,0,1,0,1,0,0,0,1,1,0,1,0,0,1,0,1,1,1,1,0,0,0,0,1,0,0,1,0,0,1,0,0,0,0,0,1,1,0,0.015625,-127.89763238309008,1
1,1,0,0,1,0,0,1,0,1,0,0,0,1,0,1,1,1,0,1,0,0,0,0,1,1,0,1,0,1,0,1,1,1,1,1,0,0,1,0,1,0,1,1,1,0,1,0,0,1,1,0,0,1,1,1,1,1,0,0,0,0,1,1,0.0,-127.89716982022395,1
1,1,1,0,0,1,0,1,0,0,0,1,1,0,0,0,1,1,1,1,1,0,1,1,1,1,1,0,0,0,0,0,1,1,0,0,1,1,0,0,1,0,1,1,0,0,0,0,1,1,0,0,1,0,0,0,1,0,0,0,0,1,1,0,0.0,-127.89694039013037,1
0,1,0,0,1,0,0,1,1,1,0,0,0,1,1,0,1,1,1,0,1,1,1,0,0,1,0,1,0,1,0,1,1,1,0,0,0,0,1,0,1,0,0,1,1,0,0,1,0,0,0,0,1,0,0,1,1,0,0,1,0,1,1,0,0.0,-127.89573769003084,1
1,0,1,0,0,1,0,1,1,0,0,1,1,1,1,0,0,1,1,1,0,1,1,0,1,0,1,1,0,0,1,1,0,1,0,0,0,0,0,1,0,1,0,1,1,0,0,0,1,0,0,0,0,1,0,0,1,0,1,0,0,1,1,0,0.015625,-127.8956365784579,1
1,1,1,0,0,1,1,1,0,0,1,0,0,1,0,0,0,1,1,1,0,0,1,1,1,1,1,1,0,1,0,0,0,0,0,0,0,1,1,1,0,0,0,1,0,1,0,0,1,0,1,1,1,1,1,1,1,1,0,0,0,1,1,0,0.0,-127.89533978028933,1
1,1,1,1,1,1,1,1,0,0,1,1,0,1,0,1,1,1,0,0,1,0,1,1,1,0,0,1,1,1,0,0,0,1,1,0,0,0,0,0,0,0,1,1,0,1,0,0,0,1,1,0,1,0,1,1,0,0,1,0,0,1,1,0,0.0,-127.8943456094303,1
1,0,1,0,1,1,0,0,1,1,1,0,0,1,0,0,1,1,1,0,1,0,0,0,0,0,0,1,0,1,1,0,1,0,1,0,0,0,1,1,0,0,1,0,1,0,0,0,0,0,1,1,1,1,1,1,0,0,0,0,1,1,1,0,0.0,-127.89366658875562,1
1,1,1,1,0,1,1,1,1,1,1,0,1,1,0,1,0,1,1,0,0,0,1,0,1,0,0,1,1,0,1,0,0,1,1,1,0,0,0,0,1,0,1,1,0,1,1,0,0,0,0,0,0,1,0,0,1,1,0,1,0,1,1,0,0.0,-127.89221078826506,1
0,1,1,0,0,0,0,1,0,1,0,0,1,1,0,0,1,1,1,0,0,1,1,1,0,0,0,0,1,1,1,0,0,1,1,0,0,1,0,1,0,0,1,1,1,0,0,1,0,1,0,0,1,1,1,1,0,0,0,0,0,1,1,0,0.0,-127.89059626900006,1
1,0,0,0,0,0,0,1,1,1,1,1,0,1,0,1,1,1,1,1,1,1,0,1,0,0,0,1,0,1,1,1,1,1,1,0,1,0,0,0,0,0,0,1,1,0,1,0,1,1,1,1,0,0,1,0,1,0,0,0,0,1,1,0,0.0,-127.8892012270104,1
1,0,0,0,0,1,0,0,0,0,1,0,0,1,0,1,1,1,1,1,0,0,1,1,0,1,0,1,0,1,0,1,0,1,0,1,1,1,0,1,0,0,1,1,0,1,1,0,0,1,1,1,0,1,1,1,0,1,1,0,1,0,1,0,0.0,-127.88890636396567,1
1,0,0,0,0,1,0,1,1,0,0,0,0,1,0,1,1,1,0,1,0,0,0,1,0,1,0,0,1,0,1,1,1,1,0,0,0,0,0,1,0,0,1,1,1,1,1,0,0,1,0,0,1,1,1,0,1,0,0,1,0,1,1,0,0.0,-127.88838932403583,1
1,1,0,0,0,1,1,1,1,1,1,1,0,0,1,1,1,1,1,0,1,0,0,0,0,1,0,1,0,1,0,0,1,1,1,0,1,0,0,0,1,0,1,0,0,1,0,0,0,1,1,0,1,1,1,0,1,1,0,0,0,1,1,0,0.0,-127.88765633909483,1
1,1,1,0,0,1,0,1,1,0,1,0,0,0,0,0,0,1,0,0,0,1,0,1,0,1,0,1,0,1,1,0,1,0,0,1,0,1,0,0,1,0,0,1,0,1,0,1,1,1,1,0,0,1,1,0,0,0,1,1,0,1,1,0,0.0,-127.88677023704109,1
1,0,1,1,0,1,1,1,0,0,1,1,1,1,0,0,0,1,1,0,0,0,0,0,0,1,0,1,0,0,1,1,0,0,1,1,0,0,0,0,0,1,0,1,1,0,0,1,1,1,0,0,1,1,1,0,1,0,0,0,0,1,1,0,0.0,-127.88641286086623,1
1,0,1,0,0,1,1,1,0,0,1,0,0,1,0,0,1,1,1,0,0,0,0,0,0,1,0,0,0,1,1,0,1,1,0,1,0,0,0,1,1,0,1,1,0,1,0,0,0,1,0,0,1,0,1,1,1,1,0,0,0,1,1,1,0.0,-127.88639974262765,1
0,0,1,0,1,1,0,1,0,0,0,1,0,1,0,1,1,1,1,1,0,1,0,1,0,0,0,1,0,0,0,1,1,1,1,1,1,1,0,0,0,1,0,0,1,1,0,0,0,1,0,0,1,1,1,1,1,1,0,1,0,1,1,0,0.0,-127.88456324415552,1
0,0,0,0,0,0,0,1,1,0,1,1,0,1,0,0,1,1,1,0,0,1,0,0,0,0,1,0,0,1,0,1,1,1,0,0,0,1,1,1,1,1,1,0,1,0,0,0,1,1,1,0,1,0,1,1,1,1,0,0,0,0,1,0,0.0,-127.88370784333856,1
0,0,1,0,0,1,0,1,0,1,0,1,0,1,0,0,1,1,1,0,1,0,1,1,1,0,0,1,1,1,0,0,0,1,0,1,0,0,1,1,1,0,0,1,0,1,0,0,0,1,0,0,1,0,1,1,1,1,0,0,0,0,1,0,0.0,-127.88328280876506,1
0,0,1,0,0,1,1,1,0,0,0,1,1,1,0,0,1,1,1,1,1,1,1,1,1,1,1,1,1,1,1,0,0,0,0,0,0,0,0,0,1,0,1,1,0,1,0,1,0,1,0,0,1,1,1,0,0,0,1,0,1,0,1,0,0.03125,-127.88299712916142,1
1,0,1,1,1,1,0,1,1,0,1,0,0,0,0,1,1,1,1,0,1,1,1,0,0,1,0,1,1,1,1,0,0,1,1,0,0,0,1,0,1,0,0,1,0,0,0,0,0,1,0,1,1,1,0,1,0,1,0,1,0,1,1,0,0.0,-127.88261567630386,1
0,0,1,0,0,0,1,1,1,1,1,1,0,1,0,1,1,1,0,0,0,0,1,0,0,1,0,1,1,1,1,1,0,1,0,0,1,1,0,1,1,0,1,1,1,1,0,1,0,1,0,0,0,0,0,0,0,1,0,1,0,1,1,1,0.015625,-127.88235242594726,1
1,0,1,0,0,1,0,0,0,1,1,1,0,0,0,0,1,1,1,0,1,1,1,1,0,0,1,1,0,0,1,0,1,1,0,1,1,0,0,0,0,0,0,1,1,1,0,0,1,0,1,0,1,0,1,0,0,1,0,0,0,1,1,0,0.015625,-127.88174817276489,1
0,0,1,0,0,0,1,1,0,1,0,1,0,1,0,0,1,1,1,0,1,0,1,1,1,1,1,1,1,1,0,0,1,1,0,1,1,1,0,1,1,1,1,0,0,1,1,0,0,0,1,0,1,0,1,0,0,1,0,0,0,0,1,0,0.0,-127.88001341334831,1
0,1,0,0,0,1,1,1,0,0,0,1,0,0,1,1,1,1,1,1,0,1,1,0,1,1,1,1,0,1,0,0,1,1,1,1,0,0,0,0,0,0,1,1,0,0,1,1,0,1,1,0,1,1,1,0,0,1,0,1,0,0,1,0,0.0,-127.87979362526215,1
1,0,1,1,0,0,1,1,0,0,1,0,0,1,0,1,1,1,0,0,1,1,1,0,1,1,1,1,0,0,1,0,0,1,1,0,1,1,0,1,0,1,1,1,1,0,0,1,0,1,0,0,1,0,0,1,0,1,0,0,0,1,1,0,0.0,-127.87803135071067,1
1,0,1,0,0,1,0,1,0,1,0,1,1,0,1,1,1,1,1,0,0,1,1,1,0,1,0,1,1,1,0,0,1,1,1,0,1,0,0,1,1,0,0,1,0,1,0,1,0,0,1,0,0,0,1,0,1,0,0,1,0,0,1,1,0.0,-127.87793625814456,1
1,1,1,0,0,0,1,1,1,0,1,1,0,1,1,1,1,1,1,0,0,0,1,0,1,0,0,1,0,0,1,0,1,1,0,0,1,0,0,0,1,0,0,1,0,0,0,0,0,0,1,0,0,1,1,1,0,0,0,0,0,1,1,1,0.0,-127.87716797366454,1
0,0,1,0,0,1,1,1,1,1,0,0,0,0,0,1,1,1,0,0,1,0,1,0,0,0,1,1,0,1,1,0,1,0,1,0,1,0,0,0,1,0,0,0,1,1,0,1,0,1,0,0,1,0,1,1,0,1,0,1,0,1,1,0,0.0,-127.87646323319079,1
0,0,0,0,1,0,0,1,1,0,0,1,0,1,0,1,1,1,1,1,0,0,1,0,0,1,0,1,1,1,1,0,0,1,1,0,0,1,0,0,0,0,0,1,1,1,0,1,0,0,1,0,1,0,0,1,1,1,0,0,0,1,1,0,0.0,-127.87633628685279,1
0,0,0,0,0,1,0,1,1,1,1,1,0,0,1,0,1,1,1,0,0,0,0,1,1,1,1,1,0,0,1,0,0,1,0,1,1,1,0,1,1,0,1,1,0,1,0,0,1,0,0,0,1,1,1,1,1,0,0,0,0,1,1,1,0.0,-127.87603189086013,1
1,0,1,0,0,1,1,1,0,1,0,0,0,1,0,1,1,1,0,0,0,0,1,0,1,1,0,1,0,0,0,1,0,1,1,1,1,0,1,1,1,0,0,1,1,1,0,1,0,1,0,0,1,1,1,0,1,1,0,0,0,1,1,0,0.0,-127.8747909303707,1
1,1,1,0,1,1,1,1,0,1,0,1,1,0,0,0,1,1,1,1,1,0,0,0,1,1,0,1,0,0,0,0,1,1,0,0,1,0,0,0,0,1,1,1,0,0,1,1,0,1,0,0,0,1,1,0,0,0,0,0,0,0,1,0,0.015625,-127.87411134455581,1
1,0,0,0,0,0,0,1,0,1,1,1,0,1,0,1,1,1,1,0,0,1,1,0,1,1,1,1,0,1,1,1,0,0,0,1,0,0,0,1,0,0,1,0,1,0,0,0,0,1,0,0,1,1,1,1,0,0,0,1,0,0,1,0,0.0,-127.87392506162801,1
0,0,1,1,1,1,1,1,1,0,1,1,1,1,0,0,0,1,0,0,0,1,0,1,1,1,0,1,0,0,1,0,1,0,0,0,0,0,0,1,0,1,0,1,0,1,1,1,0,0,0,0,1,1,0,0,1,0,0,0,0,1,1,0,0.0,-127.8725311556083,1
1,0,1,0,0,1,1,1,1,1,1,0,0,1,0,0,1,1,0,0,0,1,1,0,0,1,0,0,0,1,1,0,0,1,1,0,0,0,1,1,0,1,0,1,1,0,1,1,0,0,0,1,1,1,0,0,0,1,0,0,0,0,1,0,0.0,-127.8688710317654,1
0,0,1,0,0,1,0,1,0,1,0,0,1,1,0,0,1,1,1,0,1,1,0,0,0,0,1,1,0,0,1,0,1,1,1,0,0,1,0,0,0,1,1,1,0,0,1,0,0,1,0,1,1,1,1,0,1,0,0,0,0,1,1,0,0.0,-127.86814381516214,1
1,0,1,0,1,1,0,1,1,0,1,1,1,0,1,0,1,1,1,0,1,1,0,1,1,0,1,1,0,1,0,0,1,1,1,1,0,0,0,1,0,0,0,1,0,1,0,0,0,1,0,0,1,1,0,0,1,1,0,0,0,1,1,0,0.015625,-127.86415840611201,1
0,1,0,0,1,1,0,1,0,1,1,1,0,1,0,0,0,0,1,0,1,1,1,1,1,0,0,1,0,1,1,1,0,1,1,1,1,0,0,1,1,0,0,0,0,0,0,0,1,1,1,0,0,1,1,0,1,1,1,1,1,0,0,1,0.0,-127.37741068425484,1
1,0,1,0,0,1,1,1,0,0,1,0,0,0,0,0,0,0,1,1,1,0,1,1,1,0,0,0,0,0,1,0,1,1,1,1,1,0,0,1,0,0,0,1,1,0,0,0,0,1,1,1,1,1,1,1,0,0,0,0,0,1,0,0,0.0,-127.3648075193908,1
0,1,1,1,0,1,0,1,1,1,1,0,0,1,0,1,0,0,1,0,1,1,1,1,1,1,0,1,0,0,1,0,0,1,1,1,0,1,1,1,1,1,1,0,1,0,0,0,0,1,0,0,0,1,1,1,0,1,0,0,0,1,0,0,0.015625,-127.35390319482158,1
1,0,0,1,0,0,0,1,0,0,1,1,1,1,0,0,0,0,1,0,0,0,1,1,0,1,1,1,1,1,1,0,0,0,1,0,1,0,0,1,1,0,1,1,1,1,0,0,0,0,0,0,0,1,0,1,0,1,1,1,0,0,0,0,0.0,-127.35348017834977,1
1,0,0,0,1,1,0,1,0,0,1,1,0,1,0,0,0,1,1,1,1,1,0,0,1,1,0,0,1,1,1,1,0,1,0,1,1,0,1,0,0,0,1,1,1,1,1,1,0,1,0,1,1,1,1,0,0,0,0,0,0,1,0,1,0.0,-127.35149038962231,1
0,0,1,0,0,1,0,1,1,0,1,0,1,0,0,0,0,0,1,0,1,0,1,1,1,1,0,1,0,1,1,1,1,1,0,0,1,1,0,1,1,0,0,0,1,0,0,0,1,0,0,0,0,1,1,0,0,0,0,1,1,1,0,0,0.0,-127.3492083124828,1
0,1,0,0,0,1,0,1,0,1,1,1,0,0,1,1,0,1,0,1,0,0,1,0,1,1,0,1,0,0,1,1,0,1,1,0,0,0,0,0,1,0,1,0,1,0,0,0,0,1,1,1,1,0,1,0,0,1,1,0,0,1,0,0,0.0,-127.34710074006817,1
1,1,0,0,1,1,0,1,1,1,1,1,0,0,0,1,0,0,1,1,0,0,1,0,1,0,1,1,0,1,0,0,0,1,0,0,0,1,0,1,1,0,0,1,1,0,0,0,1,1,0,0,0,1,0,1,0,1,0,0,0,1,0,0,0.0,-127.34317368794373,1
1,1,0,1,0,0,1,1,0,0,1,0,0,1,1,1,1,0,0,0,0,0,0,1,0,1,0,1,0,1,0,1,1,1,0,1,1,0,0,0,1,0,0,0,1,1,0,0,0,1,0,1,1,0,1,0,1,1,0,1,0,0,0,0,0.0,-127.34109207729334,1
0,0,1,0,0,1,1,1,0,0,0,1,0,0,1,1,0,1,1,0,1,1,1,1,1,1,0,1,0,1,1,0,0,1,1,1,1,1,0,1,1,0,0,1,1,0,0,1,1,1,0,0,0,0,1,1,0,0,0,1,1,1,0,0,0.0,-127.34009498059544,1
1,0,1,0,0,1,0,1,1,1,1,1,1,0,1,0,0,0,1,0,1,1,0,0,0,1,0,1,0,0,0,1,1,1,0,0,0,1,0,0,1,0,1,1,1,1,0,0,0,1,0,0,1,1,1,0,0,0,0,0,0,1,0,0,0.0,-127.33998964351964,1
0,1,0,0,0,0,0,1,0,1,0,0,1,1,0,0,0,1,1,0,0,1,1,0,0,0,0,1,1,0,1,0,1,0,0,1,1,1,1,1,1,1,1,1,1,0,0,0,0,1,1,0,1,0,0,0,1,1,0,0,0,1,0,0,0.0,-127.33940872545149,1
0,0,0,1,0,1,0,1,0,1,1,1,1,1,1,0,0,1,1,0,0,0,0,1,0,0,0,1,0,1,1,0,1,1,1,0,1,0,1,1,0,0,0,1,1,0,0,0,0,1,1,0,1,1,1,0,0,0,0,0,0,0,0,1,0.015625,-127.33830985389311,1
1,0,1,0,0,1,0,1,0,0,1,1,0,1,0,1,0,1,1,0,1,0,1,1,0,0,0,1,0,1,1,0,1,1,1,1,1,0,1,1,0,0,0,1,1,1,1,0,0,0,1,1,1,0,1,1,1,0,0,0,0,1,0,1,0.0,-127.33706909777632,1
1,0,0,0,0,1,0,1,0,1,1,1,0,1,0,0,1,0,1,1,0,0,0,0,1,0,0,0,0,0,0,0,0,0,1,1,1,0,0,1,1,0,1,0,1,0,1,0,1,0,1,1,1,0,1,1,0,1,1,1,0,1,0,0,0.0,-127.33640672013938,1
0,0,1,0,1,1,1,1,0,1,0,1,0,1,1,1,0,0,1,1,0,0,0,1,0,0,0,0,1,0,0,0,1,1,1,0,0,1,0,0,1,0,1,1,1,0,0,0,0,1,1,1,0,0,1,1,0,0,0,0,0,1,1,0,0.0,-127.33562128931885,1
0,1,1,0,1,1,1,1,0,1,1,0,0,1,0,1,0,0,0,1,1,1,1,0,1,1,0,0,0,1,1,0,0,0,0,1,1,0,1,0,1,1,0,0,1,1,0,0,0,1,0,0,1,0,1,1,1,0,0,1,1,1,1,1,0.0,-127.33518942998867,1
0,0,1,0,1,0,0,0,1,1,0,0,1,1,1,0,0,0,0,1,1,1,0,1,0,0,1,0,0,1,1,0,1,1,0,0,1,0,0,1,1,0,0,1,0,0,0,0,1,1,0,0,1,0,0,0,1,1,0,0,1,1,1,1,0.0,-127.33395479231669,1
1,0,1,0,1,0,0,0,0,0,0,1,1,1,0,0,0,0,0,1,1,1,1,0,1,0,0,1,0,1,1,1,1,1,1,0,1,1,0,1,1,0,0,1,1,1,0,0,0,0,0,0,1,1,1,1,1,1,0,0,1,1,1,1,0.0,-127.33381210029776,1
1,0,0,1,1,0,0,1,0,1,1,0,0,1,0,0,0,1,0,0,0,0,1,1,1,1,0,1,0,1,0,0,1,1,0,1,0,0,1,1,1,0,1,1,1,0,0,1,0,0,1,0,0,1,1,1,0,1,0,0,0,0,0,0,0.0,-127.33377380074991,1
1,1,1,0,0,1,1,1,1,1,0,1,0,1,0,1,0,1,0,1,0,0,1,0,0,1,0,0,1,1,1,1,0,0,1,0,0,1,0,0,0,0,1,1,1,1,0,1,1,1,0,0,0,1,1,0,0,1,1,1,0,1,0,1,0.0,-127.3319751878393,1
1,0,0,1,0,1,0,1,0,1,1,1,1,1,0,0,0,0,1,1,1,0,1,0,0,0,0,0,0,1,1,1,1,1,1,1,1,1,0,0,0,0,0,1,1,0,0,1,0,0,1,1,1,1,1,1,1,1,0,0,0,1,1,0,0.0,-127.33111544873873,1
1,0,1,0,0,0,0,1,0,1,1,1,1,1,1,0,0,0,1,0,0,1,1,0,1,1,0,0,0,1,1,1,1,1,1,0,1,1,1,1,0,0,1,0,1,0,0,0,0,1,0,0,1,1,1,1,0,0,0,1,1,1,1,0,0.0,-127.32977710189766,1
1,1,0,1,0,1,0,1,1,1,1,1,0,1,1,0,0,0,1,1,0,1,0,1,0,0,0,0,0,1,1,1,1,1,0,0,0,1,0,1,0,1,1,0,0,1,0,1,0,1,0,0,1,0,1,1,0,1,0,0,1,1,1,1,0.0,-127.32924231733216,1
1,1,1,1,0,1,0,1,0,1,0,1,0,1,0,0,0,0,1,0,1,0,1,1,0,0,0,0,0,1,1,1,1,1,1,1,0,1,1,1,0,0,1,0,0,1,0,0,1,1,1,0,1,1,0,1,0,1,0,0,1,1,1,0,0.0,-127.32864037388967,1
1,0,1,0,0,1,0,0,1,1,1,1,0,1,1,1,0,0,1,1,1,0,0,1,0,0,1,1,0,1,0,1,0,1,0,0,1,1,0,1,1,0,1,1,1,1,0,0,0,1,1,0,1,0,1,1,1,0,0,0,0,1,1,0,0.0,-127.32819526992219,1
1,0,0,0,1,0,0,1,1,0,1,0,1,1,0,0,0,1,1,0,1,0,1,1,1,1,0,1,0,1,1,0,0,0,0,0,1,0,0,1,0,0,1,1,0,1,0,0,0,0,0,0,1,1,1,1,1,0,0,0,1,1,0,0,0.0,-127.3266692382702,1
0,0,1,0,0,1,1,1,1,0,0,1,0,1,0,0,1,0,1,0,0,1,1,1,0,1,1,1,0,1,1,0,1,0,0,0,0,1,1,1,0,0,1,0,1,0,0,0,1,0,0,0,1,0,1,0,0,1,0,0,1,1,0,0,0.0,-127.32563958376895,1
1,1,1,0,1,1,0,1,0,0,1,1,0,0,0,1,0,0,1,1,0,0,1,1,1,1,0,0,1,0,1,0,1,0,0,0,1,0,1,0,1,1,0,1,1,1,0,0,1,1,1,0,1,1,1,0,1,0,0,0,0,1,1,1,0.015625,-127.32518706049524,1
1,0,1,1,0,1,1,1,1,1,1,0,0,1,0,1,1,0,0,0,0,0,1,0,0,1,0,0,0,0,0,0,1,1,0,1,1,1,0,1,1,0,1,1,1,0,0,0,0,1,0,0,0,1,1,1,0,0,0,0,0,1,0,0,0.0,-127.32488145324872,1
0,0,0,0,1,1,0,1,0,1,1,0,0,0,0,1,0,0,1,0,1,0,0,1,1,0,0,0,0,0,0,1,1,1,0,0,1,1,0,1,0,1,1,1,1,0,0,0,0,1,0,1,1,1,0,1,0,1,1,1,0,0,1,0,0.0,-127.32363082448215,1
1,0,1,0,1,1,0,1,0,1,1,1,0,1,0,0,0,0,0,0,0,1,1,0,0,1,0,1,1,0,0,0,1,1,1,0,1,1,0,1,0,0,1,1,1,0,0,0,0,0,0,0,1,0,1,0,1,0,0,1,0,1,1,0,0.015625,-127.32190005293185,1
1,0,1,0,0,0,0,1,1,1,1,0,1,0,0,0,0,1,1,1,0,1,0,0,1,1,0,1,1,1,1,1,1,1,0,0,1,0,0,1,1,1,1,1,0,0,0,0,0,0,0,0,1,0,1,0,0,1,0,0,0,0,0,0,0.0,-127.31806704206572,1
0,0,0,0,0,1,0,1,0,1,1,0,1,1,0,0,0,0,0,0,0,0,1,1,1,0,0,0,0,1,1,0,1,1,0,1,0,1,0,1,1,1,1,0,1,1,0,1,0,1,1,0,1,0,1,0,0,0,1,0,0,1,1,0,0.0,-127.31783716353937,1
1,0,1,0,0,1,1,1,1,0,1,1,0,1,0,1,0,0,0,1,0,0,1,0,1,0,1,1,0,1,1,0,0,1,0,1,0,1,0,0,0,1,1,1,1,0,0,0,0,0,1,1,1,1,1,0,1,0,1,0,1,1,1,1,0.0,-127.31663174758353,1
1,0,1,0,1,1,0,1,1,1,1,1,0,0,1,0,0,0,1,0,0,0,1,1,1,1,0,0,0,1,1,0,1,1,0,1,1,0,0,1,0,0,0,1,0,0,0,0,0,0,0,0,1,1,1,0,1,0,0,0,0,1,1,0,0.0,-127.31638321878464,1
1,0,1,0,0,1,0,1,1,1,1,1,0,1,0,0,0,0,1,0,0,1,1,1,0,0,0,0,1,1,0,0,1,1,0,1,0,0,0,0,0,1,0,1,1,0,0,0,0,1,0,0,0,0,1,1,1,1,0,1,0,0,1,1,0.0,-127.31432195319388,1
1,0,1,1,0,1,0,1,0,1,1,1,0,1,0,1,0,0,0,0,1,1,0,1,0,1,0,0,0,0,1,0,0,1,0,1,1,0,0,0,1,0,0,1,0,0,1,0,1,0,0,0,0,0,1,1,0,1,0,1,1,1,1,0,0.0,-127.31275834757083,1
0,0,0,0,0,1,0,1,0,0,1,0,0,1,1,0,0,1,1,0,1,0,1,0,0,0,0,1,1,1,1,1,0,1,0,1,1,0,0,0,1,0,1,1,1,0,0,0,0,1,1,0,0,1,0,1,1,1,0,0,0,0,1,1,0.015625,-127.31201173699354,1
1,0,1,1,1,1,1,1,0,1,0,0,0,1,0,1,0,0,1,0,0,1,1,0,1,1,0,1,0,1,1,1,0,1,1,0,1,1,0,1,1,0,0,1,0,0,0,1,0,1,0,0,1,1,0,1,1,0,0,1,0,1,1,0,0.0,-127.31095270096856,1
0,1,0,0,0,1,0,1,0,0,1,1,0,1,0,0,1,1,0,1,0,0,1,1,0,1,0,0,0,1,0,0,0,1,0,0,1,1,0,1,0,0,0,1,1,0,1,0,1,1,1,0,0,1,1,1,1,0,1,0,0,1,0,0,0.03125,-127.30789151354836,1
1,0,1,0,1,0,0,1,0,1,1,1,0,1,0,1,0,1,1,1,0,1,1,1,0,1,0,0,1,1,1,0,0,1,0,1,1,0,0,0,1,0,0,1,0,0,0,1,0,1,1,1,1,0,0,1,1,1,0,0,1,1,1,0,0.0,-127.30662613190793,1
0,0,0,0,0,1,0,0,1,0,1,0,0,1,0,1,1,1,1,1,0,0,1,1,0,0,0,1,0,1,0,0,1,1,1,0,0,0,0,0,1,0,1,0,1,0,0,1,0,1,1,0,1,1,1,1,1,0,1,0,0,1,0,0,0.0,-127.306393632402,1
1,0,1,0,0,0,0,1,1,1,1,1,1,1,0,1,0,1,0,0,0,0,1,0,0,0,0,1,0,0,1,1,1,0,0,1,1,1,0,1,0,0,1,0,1,1,0,1,0,0,0,0,1,1,0,1,0,1,0,0,0,1,0,0,0.0,-127.3046256234517,1
1,0,0,0,0,1,0,1,0,0,0,1,0,1,0,0,0,1,1,1,1,0,1,1,1,1,0,1,1,1,1,0,0,1,1,1,1,1,1,1,0,0,1,1,1,1,0,1,0,0,0,0,1,1,1,0,0,0,1,0,0,1,1,0,0.0,-127.30416944685146,1
1,1,1,1,0,1,0,0,0,0,1,1,0,1,0,0,0,1,1,1,1,1,1,1,1,1,0,1,0,1,1,1,0,1,1,0,1,0,0,0,0,0,1,1,0,1,0,0,0,0,1,0,1,1,1,0,0,1,1,0,0,1,1,0,0.0,-127.3034839824353,1
1,0,1,1,0,1,1,1,0,0,1,1,0,0,0,0,1,1,0,1,1,1,1,0,0,1,1,0,0,0,0,0,0,1,0,1,1,0,0,0,1,0,0,1,1,0,0,0,0,1,1,0,0,1,1,0,0,1,0,0,0,1,0,1,0.0,-127.30285833325381,1
1,0,1,0,0,1,0,1,0,1,0,0,0,0,1,0,0,1,1,1,1,0,1,0,0,1,0,0,0,1,1,1,1,1,0,1,0,1,0,0,0,0,1,1,1,0,1,0,0,1,1,0,0,0,1,0,0,0,0,1,0,1,1,0,0.0,-127.30253347221388,1
0,0,1,1,0,1,1,1,1,0,1,1,0,1,1,0,0,1,1,0,0,1,1,1,0,1,0,0,1,0,1,0,1,1,1,0,0,1,1,1,1,0,1,1,0,0,0,0,0,1,0,0,1,0,1,1,0,0,0,1,0,1,1,1,0.0,-127.30226260364287,1
0,0,1,0,1,1,0,0,1,0,0,1,0,1,0,0,0,1,0,1,0,1,1,1,1,1,1,0,0,0,1,0,0,1,0,0,1,0,1,0,1,0,1,1,0,1,0,0,1,0,1,1,0,0,0,0,0,0,1,0,0,1,1,1,0.0,-127.30212080593444,1
1,0,0,0,0,1,1,1,0,0,1,1,0,1,0,0,0,0,1,0,1,1,1,0,0,1,0,0,0,0,1,0,0,1,0,1,0,1,0,1,1,0,1,0,0,1,1,1,0,0,0,0,1,1,1,1,1,0,0,0,0,1,1,0,0.0,-127.30129919912478,1
1,0,1,0,1,1,0,1,1,1,1,1,0,1,0,0,0,1,1,1,0,0,1,0,0,0,0,1,0,1,1,0,0,1,1,1,1,1,0,1,1,0,1,0,1,1,0,0,0,1,0,0,1,1,1,1,0,0,0,1,0,1,1,0,0.0,-127.30126066544062,1
0,0,1,0,0,1,0,0,0,1,0,1,0,1,1,0,0,1,0,0,1,0,1,1,1,1,0,1,0,0,1,0,1,0,1,0,1,0,0,0,1,1,1,1,1,0,0,1,1,0,1,0,0,1,1,0,0,0,0,0,0,0,1,1,0.015625,-127.30113680452575,1
0,1,1,0,0,1,0,1,1,1,1,1,1,1,1,0,0,1,1,0,0,1,1,0,1,0,0,1,0,1,1,0,1,1,0,1,0,0,0,1,0,1,1,1,1,0,0,0,0,1,0,1,1,0,1,1,0,0,0,0,1,1,1,0,0.0,-127.3003331138764,1
1,1,0,0,0,1,1,1,1,0,1,0,0,0,0,1,0,0,1,0,0,0,1,1,1,1,1,1,0,1,0,0,1,1,0,0,0,1,0,1,0,1,1,1,1,1,1,1,0,1,0,0,0,0,1,0,0,1,0,1,1,1,1,1,0.0,-127.30024810431993,1
1,0,1,0,0,1,0,1,1,1,1,1,0,1,0,1,0,1,1,0,1,1,0,1,1,1,1,0,1,1,0,0,0,1,1,1,0,0,0,1,1,1,0,0,0,1,0,1,1,0,1,0,0,1,1,1,0,1,0,1,0,0,0,0,0.0,-127.29864939946503,1
1,0,0,0,1,0,0,1,0,1,0,1,0,1,0,0,0,1,1,0,0,0,1,0,1,0,0,0,0,1,1,0,1,1,1,1,1,0,0,0,0,1,1,0,0,1,1,0,0,0,1,1,1,0,1,1,1,0,0,0,0,1,1,0,0.015625,-127.29845172579279,1
1,1,1,0,0,0,0,1,0,1,1,1,0,1,0,1,1,1,0,0,0,0,0,1,0,1,0,0,0,0,1,0,0,1,0,0,0,0,0,1,1,0,0,1,1,0,0,1,1,1,1,0,1,0,1,1,1,0,0,1,0,1,0,0,0.0,-127.2982103572914,1
1,1,0,0,1,1,0,1,1,1,0,0,0,1,0,1,1,0,0,1,0,0,1,0,1,0,0,1,1,1,0,0,1,1,1,0,0,0,1,1,0,0,1,1,1,0,0,1,0,1,1,0,1,1,0,1,0,1,1,0,0,1,1,1,0.0,-127.29820619985546,1
1,0,1,1,0,1,1,1,0,0,1,1,0,1,0,0,0,1,1,1,1,0,1,0,1,1,0,1,0,1,1,0,1,0,1,0,0,0,0,0,0,0,1,1,1,0,0,0,1,1,0,0,1,1,1,1,0,1,0,1,0,1,1,1,0.0,-127.29756434091527,1
1,1,0,0,1,0,1,1,1,1,1,0,0,1,0,1,0,1,0,0,0,1,1,1,1,0,0,1,0,1,1,0,1,1,0,1,0,0,1,1,1,0,1,1,0,0,1,0,0,1,0,0,1,0,1,1,0,1,0,1,0,1,1,0,0.0,-127.29739853575995,1
1,0,0,0,0,1,0,1,1,1,0,0,0,1,0,0,1,1,1,1,0,1,0,0,1,1,0,1,0,1,1,0,0,1,0,1,0,1,1,0,0,0,0,1,1,0,0,1,0,0,0,1,1,0,0,0,0,1,0,1,0,1,0,1,0.0,-127.29681390368432,1
1,0,0,0,1,1,0,1,1,0,0,1,0,1,0,0,0,1,1,1,1,1,0,1,0,0,1,1,1,1,1,0,0,1,0,0,1,0,0,1,0,1,0,1,1,1,0,0,0,0,0,1,0,0,1,0,0,0,0,0,0,1,1,0,0.0,-127.29651554647745,1
1,0,1,0,0,1,0,1,0,1,1,1,0,1,0,0,1,0,0,1,0,1,1,1,1,1,0,1,1,1,1,0,0,1,1,0,1,0,1,0,0,1,1,1,1,1,0,0,1,0,0,0,1,1,1,0,1,0,0,0,1,0,1,0,0.0,-127.2963962113634,1
1,0,0,0,0,1,1,1,0,1,1,1,0,1,0,0,1,1,0,0,1,0,0,1,1,0,1,1,0,1,1,0,1,1,1,0,1,0,0,1,0,1,1,1,0,1,1,0,0,1,1,0,0,1,1,1,1,0,1,0,0,1,0,0,0.015625,-127.29572392817926,1
1,0,0,0,0,1,0,1,0,1,1,0,0,1,0,0,0,1,1,1,1,1,1,1,0,1,0,1,0,1,1,1,1,0,0,1,0,0,0,1,0,0,1,1,0,0,0,1,0,0,0,1,1,1,1,1,1,1,1,0,0,1,1,1,0.0,-127.29518685078563,1
1,0,0,0,1,0,0,0,0,1,1,1,0,0,0,1,0,1,0,1,1,1,1,1,0,0,0,1,1,0,0,0,0,1,0,0,1,0,1,0,0,0,1,1,0,1,0,0,0,1,1,1,1,1,1,1,0,0,0,0,0,1,1,0,0.015625,-127.29493183795417,1
1,0,0,0,0,1,0,1,1,1,1,1,0,1,0,0,0,1,0,1,1,1,1,0,1,1,0,1,0,1,0,0,1,1,1,0,1,0,0,1,1,0,0,1,1,1,0,0,1,0,1,1,0,0,1,1,0,0,0,1,0,1,1,1,0.0,-127.29409494544026,1
0,0,0,1,1,1,0,1,0,0,0,1,1,0,1,0,1,1,0,1,1,0,1,0,1,1,0,1,1,1,1,1,0,1,0,1,0,0,0,1,1,0,1,1,1,0,0,0,1,1,1,1,1,0,0,0,1,1,0,1,0,0,1,0,0.0,-127.29386172478047,1
0,1,1,0,1,0,0,1,0,0,0,1,0,1,0,1,0,1,1,1,1,0,0,1,0,0,0,1,0,1,1,0,1,1,1,1,0,1,1,1,1,1,0,1,1,1,0,1,0,0,1,0,0,0,1,0,1,0,0,1,0,1,1,1,0.0,-127.29382198835484,1
1,1,0,0,0,0,0,1,1,0,1,1,0,1,0,0,0,1,1,1,0,1,1,1,0,0,0,0,0,0,1,1,1,1,1,1,0,1,1,0,1,0,0,1,1,0,0,0,0,0,0,0,1,1,1,0,0,0,0,0,0,1,1,0,0.0,-127.29370163073185,1
1,0,1,0,0,0,0,1,1,0,1,1,0,1,0,1,1,1,1,1,0,0,0,1,0,1,0,0,0,1,1,1,1,1,0,1,1,1,1,1,1,0,0,1,0,1,0,0,1,0,1,1,0,1,1,1,0,1,0,0,0,1,0,0,0.015625,-127.29303235885007,1
0,0,1,0,1,0,1,1,0,1,1,0,0,1,0,0,0,1,1,1,0,1,1,0,0,0,0,1,0,0,1,0,1,1,0,1,1,1,0,0,0,0,1,1,1,0,0,0,0,1,0,0,0,1,1,0,0,1,0,0,0,1,1,1,0.0,-127.29250363683842,1
0,1,0,0,0,1,0,0,1,1,1,1,0,1,0,0,0,1,1,0,1,1,1,1,1,1,1,1,0,1,1,0,0,1,1,0,0,1,0,1,1,0,0,1,1,1,0,0,1,0,1,1,1,0,0,0,0,0,0,1,0,1,1,1,0.015625,-127.29171707297783,1
1,0,1,0,1,1,0,1,0,0,0,1,0,1,0,0,1,0,1,1,1,0,0,1,0,1,0,0,0,0,0,1,1,1,0,0,0,1,1,1,0,0,1,1,1,1,0,0,0,0,1,0,1,1,0,0,1,0,0,0,0,1,1,0,0.0,-127.29132445782908,1
0,0,1,1,0,1,0,0,0,0,1,1,0,1,0,0,0,1,1,0,0,1,1,0,1,1,0,1,0,1,1,1,0,1,1,1,0,1,0,1,1,1,1,1,0,0,0,0,1,1,0,1,1,1,1,1,0,0,0,0,1,1,1,0,0.0,-127.29109068319181,1
1,0,1,0,0,0,0,1,1,1,1,1,0,1,0,0,0,1,1,0,0,0,1,1,1,1,0,0,0,0,1,1,1,1,0,0,0,1,0,0,1,1,1,1,1,1,0,0,0,1,0,0,1,1,1,1,0,1,0,1,0,1,1,1,0.0,-127.29009999831717,1
0,0,1,0,0,1,0,0,0,1,0,1,1,0,1,1,1,0,1,1,1,0,0,1,0,1,0,1,0,1,0,1,0,1,0,0,1,0,0,1,0,0,0,1,0,0,0,0,0,1,0,0,1,0,0,0,1,1,0,1,1,1,1,1,0.0,-127.29005587510761,1
0,1,0,0,1,1,0,1,0,1,0,0,1,1,0,0,0,1,0,0,0,0,1,0,0,1,1,1,1,1,1,0,0,1,0,0,1,0,0,0,0,0,0,1,1,0,1,1,1,1,1,0,1,0,0,1,0,1,0,0,0,1,1,0,0.0,-127.28994352281929,1
1,1,1,0,1,0,0,1,0,0,0,1,0,1,0,0,0,1,0,1,0,0,0,1,1,0,1,1,0,1,1,0,0,1,0,1,1,1,0,1,1,0,0,1,0,1,1,1,0,0,1,0,1,1,1,1,0,1,0,0,1,1,1,1,0.0,-127.28990434928602,1
0,0,1,0,0,0,1,0,0,1,1,0,0,1,0,0,0,1,0,0,0,0,1,1,0,1,1,1,0,1,1,0,1,1,0,1,1,0,0,1,0,0,1,1,1,0,0,1,0,1,0,0,0,1,0,0,0,0,1,1,1,1,1,0,0.0,-127.28907678443468,1
0,0,1,0,0,1,1,1,0,1,1,1,1,0,1,1,0,1,1,1,1,0,1,0,1,0,0,0,0,0,1,0,1,1,0,0,0,1,0,0,1,0,0,1,1,1,0,1,1,1,0,1,1,0,1,1,1,1,0,0,0,0,1,1,0.0,-127.28904604011643,1
1,0,1,0,0,1,0,1,1,1,1,0,1,1,0,1,0,1,0,1,0,1,1,0,1,1,0,0,0,0,1,0,0,1,0,0,1,1,0,0,1,0,1,1,1,1,0,1,0,1,1,1,1,1,0,1,0,1,0,1,0,0,1,0,0.0,-127.28889126894583,1
1,1,1,0,1,0,1,1,0,1,1,1,0,1,0,1,0,1,1,0,0,0,1,1,1,1,0,1,0,1,1,0,1,1,1,0,0,0,0,1,1,1,0,1,1,1,0,0,0,1,0,0,1,0,0,0,1,0,0,1,0,1,1,0,0.0,-127.28818150341428,1
0,1,1,0,1,1,1,0,0,0,0,1,0,1,0,0,1,1,1,1,1,1,0,1,0,1,0,0,1,1,0,0,1,1,0,0,1,0,0,1,1,1,0,1,0,1,0,0,0,1,0,1,1,0,0,1,0,1,1,0,1,1,1,1,0.0,-127.2881242986868,1
1,0,1,1,1,1,1,0,0,1,1,1,1,0,1,1,0,1,1,0,1,1,1,1,0,1,0,0,0,0,1,0,1,0,1,1,0,0,0,1,0,0,0,1,1,1,0,0,1,1,0,0,1,0,1,1,1,0,0,0,0,1,1,0,0.0,-127.28792974305298,1
0,0,1,0,1,0,1,1,1,1,0,0,0,1,0,0,1,0,0,0,0,1,0,0,1,0,0,0,0,0,1,0,0,1,1,0,0,0,0,1,1,0,1,1,0,1,0,0,0,1,1,1,1,0,1,1,1,0,0,0,1,1,1,1,0.0,-127.28724204891998,1
0,0,0,0,0,1,0,1,0,1,0,1,0,0,0,0,0,1,1,0,1,1,1,1,1,0,0,0,0,1,1,1,0,1,1,1,1,1,1,1,1,1,0,0,0,1,0,1,0,0,0,0,0,0,1,0,1,0,0,0,0,0,1,1,0.0,-127.28721633232789,1
0,0,1,0,1,0,0,1,0,1,1,1,0,1,0,0,0,1,1,0,0,1,1,1,1,1,0,0,0,0,1,1,1,1,0,1,1,1,0,0,1,1,0,0,0,0,0,0,0,1,0,0,0,0,1,1,0,1,0,0,0,1,1,0,0.0,-127.2871384118918,1
0,1,1,1,0,1,0,1,0,0,0,0,0,1,0,0,1,1,0,0,0,1,1,1,1,1,0,0,0,1,1,1,1,1,1,1,0,0,0,0,1,0,1,1,1,1,1,0,0,1,0,0,1,0,1,0,1,0,0,1,1,1,1,1,0.0,-127.28667496563361,1
0,1,1,0,0,1,0,1,1,0,1,1,0,1,0,0,0,1,0,0,0,1,1,1,0,1,0,0,0,1,1,0,1,1,0,1,0,0,0,0,0,1,0,1,0,0,0,0,0,1,1,0,1,0,1,1,1,0,1,0,0,1,1,0,0.0,-127.28659139979953,1
1,0,1,0,1,1,1,1,1,1,0,1,1,1,0,0,0,1,1,0,1,0,1,0,0,0,1,1,1,1,1,0,0,0,0,1,1,1,0,1,0,1,1,0,1,1,1,0,0,0,1,0,1,0,1,0,0,1,0,0,0,1,1,0,0.015625,-127.28649608561261,1
1,0,1,0,0,0,1,0,0,1,1,1,0,1,0,1,0,0,0,0,0,0,0,0,1,1,0,1,0,0,0,0,1,1,1,1,0,0,0,1,1,1,1,0,0,1,0,1,0,1,0,0,1,1,1,0,0,0,0,1,0,1,1,1,0.0,-127.28561152211371,1
0,1,0,0,0,1,0,1,1,1,1,1,0,0,1,0,0,1,1,0,1,1,0,0,0,0,0,1,0,1,1,1,0,1,1,1,0,0,0,0,1,1,1,1,0,1,1,0,0,1,1,0,0,1,1,1,1,0,0,0,1,1,1,1,0.0,-127.28542426475846,1
1,0,1,0,1,1,1,1,0,1,1,0,0,1,0,1,0,1,1,0,0,1,0,1,1,1,0,0,1,1,0,0,0,1,1,0,1,0,0,0,1,0,0,1,1,1,1,0,1,1,1,1,0,1,1,0,1,0,0,0,0,1,1,0,0.015625,-127.28530853379948,1
1,1,1,0,0,1,1,1,1,1,1,0,0,1,0,0,0,1,0,0,1,1,0,1,1,1,1,1,1,1,1,0,0,0,0,0,1,1,0,0,0,1,1,1,1,1,1,0,0,0,0,0,1,0,1,0,1,0,0,0,0,1,1,1,0.0,-127.28513959805494,1
0,0,1,1,0,1,0,1,1,1,0,1,0,1,0,0,0,1,1,0,1,0,1,0,1,0,0,1,0,0,1,0,1,1,0,0,1,1,0,1,0,0,1,1,1,1,1,0,0,0,0,0,1,0,0,1,0,0,0,1,0,0,1,0,0.0,-127.28510330263987,1
0,1,1,0,0,0,1,1,0,0,1,1,0,1,0,1,0,1,1,0,1,0,1,0,1,0,0,1,0,1,1,0,1,1,0,0,0,0,0,0,1,1,1,1,0,0,0,1,0,1,1,0,0,0,0,0,0,1,0,0,1,1,1,0,0.0,-127.28444811159049,1
0,0,0,0,1,1,1,1,1,0,1,1,0,1,0,0,1,0,1,1,0,0,0,1,1,1,1,1,0,0,1,0,1,1,0,0,0,0,1,1,0,0,1,0,1,1,1,0,0,0,1,1,1,1,1,0,0,1,1,1,0,0,1,1,0.0,-127.28433659850643,1
1,1,1,0,0,1,1,1,0,1,1,0,0,1,1,0,0,1,0,0,1,0,1,0,0,1,0,1,0,0,1,0,1,1,0,0,0,0,0,1,0,0,0,1,1,0,0,0,1,1,0,0,0,1,1,1,0,1,0,0,0,1,1,0,0.0,-127.28412661005638,1
0,0,0,0,0,0,0,0,1,0,1,1,1,0,0,0,0,1,1,1,0,0,1,0,0,0,0,0,1,1,1,0,1,1,1,1,0,1,0,1,1,0,1,1,0,1,0,0,0,1,0,1,0,1,1,1,0,1,0,0,0,1,1,0,0.0,-127.28379936112366,1
1,0,0,0,0,1,0,1,0,1,1,1,0,0,0,0,0,1,0,1,0,1,1,1,1,0,1,1,0,1,1,0,0,1,1,1,0,1,0,0,0,1,1,1,0,0,0,0,0,1,0,1,0,1,1,0,0,0,0,0,0,0,1,1,0.0,-127.2837664149342,1
0,1,1,0,1,0,1,0,0,1,0,1,0,1,1,0,0,1,0,0,0,0,0,0,1,0,1,1,1,0,1,0,1,0,1,1,0,1,0,0,1,0,0,1,1,1,1,0,0,0,1,0,1,0,1,0,0,0,0,0,0,1,1,1,0.0,-127.28269463061548,1
1,0,0,1,0,0,1,1,0,1,1,1,1,0,0,0,0,1,1,0,1,1,0,0,0,0,1,1,0,0,1,0,1,1,0,0,1,0,0,0,0,1,1,0,1,1,0,0,0,0,1,1,1,0,1,0,0,1,0,1,0,0,1,0,0.015625,-127.28204771356951,1
0,1,1,0,0,0,0,1,1,1,1,1,0,1,0,0,0,1,0,0,0,1,1,0,0,1,0,1,0,1,0,0,0,1,0,1,0,0,0,1,1,0,1,1,0,0,1,0,0,0,0,0,1,0,1,0,1,1,0,1,1,1,1,0,0.0,-127.28083477393733,1
0,0,1,0,1,1,1,1,0,1,1,1,0,1,0,1,1,0,0,0,1,0,1,1,1,0,0,0,0,0,1,0,0,1,1,0,0,0,1,1,0,0,0,1,1,1,0,0,1,0,0,0,1,0,1,1,0,0,0,0,0,1,1,0,0.0,-127.28082565445357,1
1,0,1,0,0,1,0,1,1,0,0,1,0,1,0,1,1,0,1,1,0,1,0,0,1,1,0,1,1,0,1,0,1,1,0,0,1,1,0,1,0,0,0,1,0,1,0,0,0,1,0,1,1,0,1,1,1,0,1,0,1,1,1,1,0.0,-127.28009233531111,1
1,0,1,0,0,1,1,1,0,0,1,1,1,1,0,0,0,1,0,0,0,1,0,1,1,1,1,1,0,1,1,1,1,1,0,1,0,0,0,0,1,0,0,0,0,0,0,1,0,1,1,1,1,1,1,0,0,1,0,1,1,1,1,0,0.0,-127.27990798901027,1
0,1,1,0,0,1,0,1,1,1,0,0,0,1,0,0,1,1,0,1,0,0,1,0,0,0,1,1,0,1,1,0,1,1,1,0,0,0,0,1,0,0,0,1,0,1,1,1,0,1,0,0,1,1,0,0,0,1,0,0,1,1,0,0,0.0,-127.27981368412902,1
1,0,1,0,0,0,0,1,0,1,0,0,0,1,1,1,0,1,1,0,1,1,1,1,1,1,0,1,0,1,0,0,1,1,1,1,1,1,1,0,1,1,0,1,0,0,1,1,0,1,0,0,1,1,0,0,0,0,0,0,0,1,1,1,0.0,-127.27966091080538,1
0,0,0,0,0,1,0,1,0,1,1,1,1,1,0,1,0,1,0,1,0,0,0,1,0,0,0,1,0,1,1,1,1,1,0,1,1,0,0,0,1,0,0,1,0,1,0,0,1,1,0,0,0,1,1,0,0,1,0,0,0,1,1,0,0.0,-127.27817936497256,1
1,0,1,0,0,1,0,1,0,0,1,1,0,1,1,0,1,1,1,0,0,1,0,1,0,0,0,0,0,1,1,0,1,1,0,1,0,0,0,0,1,0,1,1,1,0,1,0,0,1,0,0,1,0,0,0,0,1,0,1,0,1,1,0,0.0,-127.27799800048149,1
1,0,0,0,0,1,0,1,0,1,0,0,1,0,0,0,1,1,1,1,1,1,0,0,0,1,0,1,0,0,1,0,1,1,0,0,0,0,1,1,0,0,0,1,0,1,1,1,0,0,0,0,1,0,1,1,1,1,0,0,1,1,0,0,0.0,-127.27798803675606,1
1,0,0,0,0,0,0,1,0,0,0,1,0,1,0,0,0,1,1,1,1,1,0,1,1,0,0,0,0,1,1,1,0,0,0,0,1,1,0,1,0,1,0,1,0,1,0,1,1,1,0,0,0,1,1,1,0,0,0,0,0,1,1,1,0.0,-127.27790985849776,1
0,0,1,0,0,0,1,1,0,1,0,0,0,0,1,0,1,1,1,1,0,0,0,1,1,0,0,1,0,1,1,1,1,1,0,1,1,1,0,1,1,1,1,0,1,1,0,0,0,1,1,1,1,0,1,1,0,0,0,0,0,1,1,1,0.015625,-127.27638522059439,1
1,1,1,0,0,0,0,1,1,1,1,1,0,1,0,1,1,0,1,0,0,1,1,0,1,1,1,1,1,0,0,0,0,1,1,0,1,1,0,1,1,0,1,1,1,1,0,0,0,0,0,0,0,0,1,0,1,0,0,1,0,1,1,1,0.0,-127.27557232927234,1
1,0,1,1,0,1,0,0,0,1,1,1,0,1,0,0,1,1,1,1,1,0,1,1,1,1,0,1,0,0,1,0,0,1,1,0,1,1,0,1,1,1,1,1,0,0,0,1,0,1,0,1,1,0,1,0,0,0,0,0,0,1,1,0,0.0,-127.27537991890438,1
1,0,0,0,1,1,0,1,0,1,1,1,0,1,0,0,1,1,1,0,0,0,1,0,0,1,1,1,0,1,1,1,1,1,0,0,1,1,1,1,1,0,1,1,1,1,0,1,0,1,0,0,1,0,0,0,0,1,0,1,0,0,1,0,0.0,-127.27435619889215,1
1,1,1,0,0,0,0,1,0,1,1,0,0,1,0,1,1,1,0,1,1,0,1,1,1,0,0,1,1,1,1,0,1,1,1,0,1,0,0,0,0,0,0,1,1,0,1,0,0,1,1,0,0,0,0,1,1,0,0,1,1,1,1,1,0.0,-127.27422525070648,1
1,1,1,0,1,1,0,1,0,1,1,0,1,1,0,1,0,1,1,1,1,0,0,1,1,1,0,1,1,0,0,1,1,1,1,1,0,1,0,0,0,0,0,1,1,1,1,0,0,0,0,0,0,0,1,0,1,0,0,0,0,1,1,1,0.015625,-127.27396861647955,1
0,1,1,0,0,1,0,0,1,0,0,1,0,1,0,1,0,1,1,0,0,1,0,0,1,1,0,1,1,0,0,0,1,1,0,0,0,1,0,1,0,1,1,0,1,0,1,0,0,1,1,0,0,0,1,1,0,0,0,0,0,1,1,1,0.015625,-127.27366241244405,1
0,1,1,0,1,1,1,1,0,1,1,0,0,1,0,0,0,1,1,0,1,0,1,0,1,1,1,1,0,1,0,0,0,1,0,1,0,1,1,1,1,0,1,1,0,1,1,0,1,1,0,0,0,1,0,0,1,1,0,0,0,1,1,0,0.0,-127.27296927056221,1
1,0,0,0,0,1,1,1,1,0,1,1,0,0,0,1,0,1,1,0,0,0,0,1,1,0,1,1,1,1,0,0,0,1,0,0,0,1,0,1,0,0,1,1,1,0,0,1,0,1,1,0,1,0,1,0,0,0,0,0,0,1,1,0,0.0,-127.27259092471263,1
0,1,1,0,0,1,0,1,1,1,1,1,1,1,0,0,0,1,0,0,1,0,1,1,0,1,0,1,0,0,1,0,0,1,1,1,1,0,0,1,0,0,0,1,0,0,1,0,0,0,1,0,1,1,1,0,0,0,0,0,0,0,1,0,0.0,-127.27108866631038,1
0,0,1,0,0,0,0,1,1,1,1,1,0,0,1,1,0,1,1,0,1,1,0,1,0,1,1,1,0,0,1,0,1,1,0,1,1,1,1,1,1,0,1,1,0,1,0,0,0,0,1,0,0,1,1,1,0,1,0,0,0,1,1,0,0.0,-127.27079413552164,1
1,0,0,1,0,1,0,1,0,0,1,0,0,1,1,0,1,1,1,1,0,1,0,0,1,0,0,1,0,0,1,0,0,1,1,0,1,0,0,0,0,0,1,1,1,0,0,0,1,0,1,0,0,0,1,1,1,0,0,0,0,1,1,1,0.0,-127.27059554414113,1
1,0,0,0,0,1,1,1,1,1,0,1,0,1,0,1,1,1,1,0,1,1,1,0,1,1,0,1,1,1,1,1,1,1,0,0,0,0,0,1,0,0,1,1,1,0,0,0,0,0,0,0,1,0,1,1,1,1,0,1,0,0,1,0,0.0,-127.27036694710088,1
0,1,1,1,1,1,0,1,1,1,1,1,0,1,0,0,0,1,1,0,1,0,0,0,0,0,0,0,0,1,1,0,1,1,0,0,0,0,0,1,0,0,0,1,0,1,1,1,1,0,0,0,0,0,0,1,1,1,0,0,0,1,1,0,0.0,-127.27016373327025,1
0,0,1,1,0,0,1,1,0,1,1,0,0,1,0,0,0,1,1,1,0,0,0,0,1,1,1,0,0,0,1,0,0,1,0,0,0,1,0,1,0,0,1,1,0,0,0,1,1,0,1,0,0,0,1,1,0,1,0,1,1,1,1,0,0.0,-127.26861519201329,1
0,0,1,0,1,0,1,1,1,1,1,0,0,1,0,1,1,1,0,0,1,1,0,1,0,0,0,0,0,1,1,0,1,0,0,1,1,0,0,0,1,0,0,0,1,0,1,0,0,1,0,0,1,0,1,0,0,0,0,1,1,0,1,1,0.0,-127.26847663574944,1
1,0,1,0,1,0,0,0,0,1,0,1,0,0,0,0,0,1,1,0,0,0,0,0,1,1,1,0,0,1,1,0,0,1,1,1,0,1,0,1,0,0,0,1,0,1,1,1,0,1,0,1,1,0,1,1,0,0,0,0,0,1,1,1,0.0,-127.26819256100183,1
1,0,1,1,0,1,1,1,1,1,1,0,0,1,0,0,1,1,1,1,1,0,1,1,1,1,0,0,1,1,1,0,1,1,1,0,0,1,0,1,0,0,1,1,0,0,0,1,0,1,0,1,0,0,1,0,0,0,0,1,0,0,1,0,0.0,-127.2675608595872,1
1,0,0,1,0,1,0,1,0,1,1,1,0,1,0,1,0,1,1,0,0,0,1,0,1,1,1,1,0,0,0,1,0,1,0,0,0,0,0,0,1,0,0,0,1,1,0,0,0,1,1,0,1,1,1,1,0,0,0,0,0,1,1,0,0.0,-127.26671687999611,1
1,1,0,0,0,1,0,1,0,1,0,1,0,1,0,0,1,1,1,1,0,0,1,1,1,1,0,1,1,1,1,1,0,1,1,1,0,0,0,1,1,0,0,0,1,1,0,1,0,0,0,0,0,1,1,1,1,0,1,0,0,0,1,1,0.0,-127.26487896856557,1
0,0,1,0,0,1,1,1,1,1,1,1,0,1,0,1,0,1,1,0,0,1,0,1,0,0,0,0,0,0,0,0,0,1,1,0,0,1,1,0,0,0,0,1,1,1,0,1,0,1,0,0,1,0,1,0,1,0,0,1,0,1,1,0,0.015625,-127.264807339862,1
1,0,1,0,0,0,0,1,0,0,0,1,0,1,0,0,1,1,0,0,0,0,1,0,0,0,1,1,0,1,1,0,0,1,1,0,0,0,0,1,1,1,1,1,0,0,0,0,0,1,1,1,1,0,1,1,1,0,1,0,0,1,1,0,0.0,-127.26284807579346,1
1,1,0,0,1,1,0,1,0,1,0,0,0,1,0,1,1,1,0,0,1,0,1,1,1,0,0,1,1,1,0,1,1,0,1,1,0,0,0,1,0,0,0,1,1,1,1,1,0,0,0,0,1,0,1,1,0,1,0,1,0,1,1,1,0.0,-127.26279211794414,1
1,0,1,0,0,1,0,1,1,0,1,1,0,1,1,1,1,1,0,1,0,1,1,1,0,1,0,1,0,1,0,0,0,1,0,0,0,1,0,1,1,0,1,0,1,1,0,0,0,1,1,0,0,1,1,1,1,1,0,0,0,1,1,0,0.0,-127.26093010723639,1
1,0,0,0,0,1,0,1,1,1,0,1,0,1,0,1,1,1,1,1,0,1,0,0,1,1,0,1,0,1,1,0,1,1,1,1,1,0,0,1,0,0,1,1,1,0,0,1,0,1,0,0,0,1,0,1,0,0,1,1,0,1,1,0,0.015625,-127.2599954132506,1
0,0,1,0,0,0,1,1,0,0,0,1,0,0,1,0,1,1,0,0,0,1,0,1,1,0,0,1,1,1,1,0,1,1,1,0,0,0,1,0,0,0,1,1,1,1,0,1,0,1,0,0,1,0,1,1,0,0,0,0,0,1,1,0,0.0,-127.25892692716536,1
1,1,1,0,0,1,0,1,1,1,0,1,1,1,0,1,1,1,1,0,0,0,1,1,1,1,0,1,0,0,1,0,0,1,0,0,0,0,1,0,1,0,1,1,1,1,1,1,0,1,0,1,1,0,1,1,0,0,0,0,0,0,1,0,0.0,-127.25816413392621,1
1,1,0,0,1,1,0,1,0,0,0,0,1,0,0,0,1,1,1,0,0,1,0,0,1,0,0,1,0,1,0,1,1,0,1,1,1,0,0,1,0,0,0,1,0,1,0,0,0,1,0,1,1,0,1,0,0,0,0,1,1,1,1,0,0.0,-127.25563552042621,1
1,0,0,0,0,1,1,1,0,1,1,1,0,0,0,0,1,1,1,0,0,1,1,0,1,0,0,1,0,1,1,0,1,1,0,0,0,0,0,1,0,0,1,1,0,0,0,1,0,1,0,1,0,0,1,1,0,1,0,0,0,1,1,0,0.0,-127.25287938903911,1
1,1,1,0,0,1,0,0,0,0,0,1,1,1,0,1,1,1,1,0,0,1,1,1,1,0,0,1,0,1,0,0,0,1,1,1,0,0,0,0,0,1,0,1,1,0,0,0,1,0,1,0,1,0,1,0,0,0,0,0,0,1,1,0,0.0,-127.2527367657199,1
1,0,1,0,0,1,0,1,0,0,1,1,1,1,0,0,1,1,0,1,1,0,1,0,1,0,1,1,1,0,1,0,1,1,0,1,1,0,1,1,0,0,0,1,1,1,1,1,1,0,0,0,0,0,1,0,0,0,1,0,1,1,1,0,0.015625,-127.2485949358828,1
1,0,0,1,0,1,1,1,1,0,1,1,0,1,0,1,1,1,1,1,0,1,0,0,1,1,0,1,0,1,1,0,1,1,0,1,1,1,0,1,1,0,0,1,0,0,1,0,0,1,1,0,0,1,0,1,0,0,0,1,0,0,1,0,0.0,-127.24489139806158,1
1,0,1,0,1,0,1,1,0,0,1,1,0,1,1,1,1,1,1,0,0,0,0,0,1,1,1,1,1,1,0,0,0,1,1,0,1,1,1,1,0,1,0,1,0,0,1,0,0,0,0,0,0,0,1,1,0,0,0,1,1,1,1,1,0.0,-127.24421745749552,1
0,0,1,0,1,1,0,1,1,1,1,1,0,0,0,1,1,1,1,1,1,1,1,1,1,1,0,0,0,1,0,0,0,1,0,0,0,0,0,1,0,1,0,0,1,1,0,0,0,0,1,0,0,0,1,0,0,0,0,0,0,1,1,0,0.0,-127.24356114629386,1
1,0,1,1,1,0,0,1,1,1,1,0,0,0,0,1,1,0,1,1,1,0,0,0,1,1,1,1,0,0,0,1,1,0,0,1,0,1,1,1,0,1,0,1,0,0,0,0,0,0,0,0,0,1,1,0,0,1,0,0,0,0,1,0,0.015625,-127.24127691751535,1
0,0,1,1,0,0,0,1,1,1,1,1,1,0,0,0,1,1,1,0,0,0,1,1,0,0,1,1,0,0,1,1,1,1,1,1,1,0,1,1,1,0,0,1,0,0,1,0,0,0,1,1,1,1,1,1,1,0,0,0,0,0,1,0,0.0,-127.24089327425077,1
1,0,0,1,0,0,1,1,1,0,1,1,0,1,0,0,1,1,0,0,1,1,0,0,0,1,1,1,0,1,1,0,0,1,1,0,1,0,0,1,0,1,0,0,0,1,0,0,0,0,0,0,0,1,1,0,0,0,0,0,1,1,1,1,0.0,-127.23599040978458,1
1,0,1,0,1,0,1,1,0,0,1,1,0,1,1,0,0,1,0,1,1,1,1,1,0,1,0,0,0,1,1,0,0,1,1,1,1,1,1,1,1,1,0,1,1,1,0,0,0,1,0,0,1,0,0,1,0,1,0,0,1,1,0,0,0.0,-126.4796734744175,1
0,1,0,1,0,1,0,1,0,1,1,0,1,0,1,1,1,0,0,1,0,0,1,1,1,0,0,1,0,1,1,1,1,0,0,0,1,0,0,0,1,1,1,1,1,0,1,1,0,1,1,0,1,0,1,1,0,1,0,1,1,1,0,0,0.0,-126.47387260939516,1
1,1,0,1,0,1,1,1,0,1,1,1,0,1,0,1,0,1,1,1,0,0,1,1,1,0,0,0,0,1,1,1,1,1,1,0,0,1,1,0,0,0,1,0,1,0,0,1,1,1,1,0,1,1,0,0,0,0,0,1,1,1,0,0,0.0,-126.47219418024889,1
0,0,1,0,0,1,1,1,0,0,1,1,0,1,0,0,0,0,0,0,1,1,1,0,1,0,0,1,0,1,1,1,1,1,1,1,0,1,0,1,0,1,1,1,1,0,1,0,0,0,0,0,0,0,1,0,0,0,0,0,0,1,0,0,0.015625,-126.47083060890738,1
0,1,0,1,0,1,0,1,0,0,1,1,0,0,1,0,0,1,1,1,0,0,1,0,0,1,0,0,0,1,0,0,1,1,0,1,0,0,0,0,0,1,0,1,1,0,0,0,0,0,1,1,1,0,1,1,1,1,0,0,1,0,0,1,0.0,-126.47043527901312,1
0,1,1,0,0,1,0,1,0,1,1,1,0,1,0,0,0,0,0,0,1,1,1,0,1,0,0,1,0,1,0,0,1,1,0,0,1,1,1,0,0,1,0,0,1,1,1,0,0,0,1,1,0,0,1,1,0,0,0,0,0,1,0,0,0.0,-126.47034046357814,1
0,1,0,1,1,0,0,1,0,1,1,1,0,1,0,0,0,0,0,0,1,0,0,0,1,1,1,1,1,1,0,0,1,1,1,0,0,0,0,1,1,0,1,1,0,1,0,1,0,0,1,0,1,0,0,1,1,0,0,0,0,0,0,0,0.0,-126.46940670370567,1
0,1,1,1,1,1,1,1,0,0,1,0,0,1,1,1,0,0,1,0,0,1,1,1,0,0,0,0,1,1,0,1,1,1,1,1,1,1,0,0,0,1,1,1,1,0,0,0,1,0,0,0,0,0,1,1,1,1,0,0,1,1,1,0,0.0,-126.46499730961531,1
1,0,0,0,1,0,0,1,1,0,1,1,1,1,1,0,0,1,0,0,0,1,0,1,0,1,0,1,0,0,1,0,1,1,1,1,1,1,1,1,0,1,1,0,0,0,0,1,0,0,1,1,1,1,1,1,1,1,0,1,0,1,0,0,0.0,-126.45581774777892,1
0,0,0,1,0,1,0,1,1,0,1,0,0,1,0,0,0,1,0,0,1,0,0,1,0,1,1,1,0,0,1,0,1,1,1,0,1,1,1,1,1,0,1,1,1,0,0,0,0,1,0,0,0,1,0,1,0,0,0,0,0,1,0,0,0.0,-126.45372664859586,1
1,0,0,0,1,1,0,1,0,1,1,1,0,0,0,0,0,1,0,0,1,1,1,0,1,0,0,1,0,1,1,0,0,1,0,0,1,1,1,0,0,0,1,1,0,1,0,1,0,0,0,0,0,1,1,0,1,1,0,0,0,1,0,0,0.0,-126.44979834797935,1
0,0,1,0,0,1,0,1,0,0,1,1,0,1,0,0,0,1,1,0,1,1,0,0,1,0,0,0,0,0,0,0,1,1,1,1,0,1,0,1,0,1,1,0,1,0,0,0,0,1,0,1,1,1,0,1,0,1,0,0,1,1,0,0,0.0,-126.44922713203029,1
1,0,0,0,1,0,1,0,0,1,1,1,0,1,0,1,0,1,1,1,1,1,0,1,1,0,0,0,0,1,0,0,1,1,0,1,1,0,0,1,1,0,1,1,1,0,0,0,1,0,1,1,1,0,1,1,1,0,1,1,1,0,1,0,0.0,-126.44798376844034,1
0,1,1,0,0,1,0,1,0,0,0,0,0,1,1,1,0,1,1,1,1,1,1,1,1,0,0,1,0,1,1,0,1,1,0,1,1,0,0,0,1,0,1,1,1,1,0,0,1,1,0,0,1,0,1,0,1,0,1,1,1,0,1,0,0.0,-126.44793731901044,1
1,1,0,0,0,1,0,1,1,0,0,0,0,0,0,0,0,0,0,0,1,0,1,0,1,0,0,1,0,0,1,1,0,1,1,1,1,0,0,0,0,0,1,1,1,0,1,0,0,1,1,1,1,1,0,0,0,1,0,0,0,1,1,1,0.0,-126.44778811800651,1
1,0,1,0,0,1,0,1,1,0,0,0,0,1,0,0,0,1,1,1,0,0,0,0,1,1,0,0,0,0,1,0,1,1,1,0,0,1,0,1,0,0,0,1,1,0,0,0,1,0,1,1,1,0,1,1,1,0,1,0,0,1,0,0,0.0,-126.44619814808645,1
0,0,1,0,0,1,0,0,0,1,1,0,0,0,1,0,0,0,1,1,1,1,1,0,0,1,1,0,0,1,1,0,0,1,0,1,0,1,1,1,1,0,0,0,0,0,0,0,0,1,1,0,1,0,1,0,0,1,0,1,0,1,1,0,0.0,-126.43825004325085,1
0,0,1,0,1,1,1,1,0,1,1,1,0,0,0,1,0,1,1,1,0,1,0,1,1,1,0,1,0,1,1,1,1,1,1,0,0,0,1,1,0,0,1,0,1,1,1,1,1,0,0,0,0,1,1,1,0,1,0,0,1,0,0,0,0.015625,-126.43807715014324,1
0,1,1,0,1,1,1,1,1,1,0,1,0,1,1,0,1,1,1,0,0,0,0,0,0,1,1,1,0,0,1,1,1,1,1,1,1,1,0,0,1,0,1,1,1,1,0,0,0,0,1,0,1,0,1,1,0,0,0,0,0,1,0,1,0.0,-126.43769048260313,1
1,1,1,0,0,1,0,1,1,1,0,1,0,1,0,1,0,1,1,0,1,0,1,0,0,0,1,1,0,1,1,0,1,1,1,0,1,0,1,0,1,0,1,1,1,0,0,0,0,1,1,0,1,1,1,0,0,0,0,1,1,1,1,0,0.0,-126.43473702112428,1
0,0,1,1,1,1,1,1,0,1,1,1,1,0,1,0,0,0,1,0,0,0,1,1,0,1,0,0,0,0,1,0,1,0,0,0,0,0,0,1,1,0,1,1,1,1,0,0,0,0,0,0,0,1,1,1,0,0,0,0,0,1,1,0,0.0,-126.43427917796865,1
0,0,1,0,0,1,0,1,1,0,1,1,0,1,0,1,0,1,1,1,0,0,0,1,1,1,1,1,1,1,0,1,1,1,1,1,0,1,0,1,0,1,1,1,0,0,0,1,0,1,0,1,1,1,0,1,1,0,0,0,0,0,0,1,0.0,-126.43371151826707,1
1,0,0,0,0,0,0,0,0,1,1,1,0,1,0,0,0,1,0,0,1,0,1,0,1,1,0,0,1,1,1,0,0,1,0,0,0,0,0,1,1,0,1,1,1,0,1,1,0,0,0,0,1,0,1,0,1,1,0,1,1,0,1,0,0.0,-126.4282079067681,1
1,1,1,0,1,0,1,1,0,0,1,1,0,0,1,1,0,1,1,0,0,1,1,1,0,0,0,0,0,0,0,1,0,1,1,0,1,0,0,1,0,1,1,1,1,0,1,1,1,1,0,1,1,0,1,1,1,1,0,0,1,0,1,0,0.0,-126.42802686850362,1
0,0,1,0,0,1,0,0,1,0,0,0,0,0,1,0,0,1,1,0,0,0,1,0,0,1,0,1,1,1,0,0,1,1,0,0,1,0,0,1,1,0,1,1,1,0,0,1,0,0,0,0,1,0,1,0,1,1,0,1,1,1,1,0,0.0,-126.42708016295231,1
0,1,1,0,0,0,0,1,0,0,1,0,0,0,1,1,0,0,0,0,0,0,0,1,0,1,0,1,0,1,1,1,0,1,1,1,0,1,1,1,1,0,0,1,1,0,0,1,0,1,1,0,0,0,0,1,1,0,0,0,0,1,1,0,0.015625,-126.42458663639728,1
0,0,1,1,0,0,1,1,0,1,1,1,0,0,1,0,0,1,0,0,1,0,1,1,0,1,0,0,0,0,1,0,1,1,0,1,1,0,0,1,0,0,1,0,1,0,0,0,1,1,1,0,0,0,1,0,0,0,0,0,0,1,1,1,0.0,-126.42357394771912,1
1,0,1,0,0,1,1,0,0,0,1,1,0,0,0,0,0,1,1,0,1,1,1,1,0,1,1,0,0,1,1,0,1,1,0,1,0,0,1,0,1,1,1,1,1,0,1,0,1,0,1,1,1,1,1,1,0,0,0,0,0,1,1,1,0.0,-126.42337021413127,1
1,1,1,0,0,1,0,1,0,1,1,0,0,0,1,1,0,1,1,0,1,1,1,1,1,0,0,0,0,0,0,0,1,1,0,0,1,0,0,1,1,1,1,0,1,0,1,1,0,1,1,0,1,1,0,1,1,1,1,1,0,0,1,0,0.0,-126.42304460620673,1
1,0,1,0,1,1,0,1,1,1,1,1,0,1,0,1,1,0,0,1,0,0,1,1,0,0,0,1,0,1,1,1,1,1,0,1,0,1,1,1,0,0,1,1,1,0,0,0,0,1,0,1,0,1,1,0,1,1,0,0,0,1,1,0,0.0,-126.42260986356828,1
0,0,1,1,1,1,1,1,0,1,1,0,0,1,1,1,0,1,1,0,0,0,1,0,0,0,0,0,0,0,1,0,0,1,0,0,1,0,0,1,1,0,1,0,1,1,1,0,0,0,0,0,0,0,1,1,0,0,0,1,1,0,1,0,0.0,-126.42192265896347,1
1,0,0,0,0,0,0,1,0,0,0,1,1,1,0,1,0,1,0,1,0,0,1,1,0,0,0,1,1,1,1,0,0,1,0,0,1,0,1,0,1,1,0,1,1,0,0,0,0,0,0,0,0,1,0,1,0,1,0,1,1,1,1,0,0.0,-126.42089765368092,1
1,0,0,0,1,0,0,1,0,1,1,1,0,1,0,0,0,1,1,0,1,0,1,1,0,0,0,0,0,1,1,1,1,0,1,0,0,1,0,0,1,0,1,1,0,1,0,0,0,1,1,0,1,0,0,0,1,0,0,0,0,1,1,0,0.0,-126.4207304519388,1
1,0,1,0,1,1,0,1,1,0,0,1,1,0,0,0,1,0,1,1,0,1,0,1,1,0,1,0,0,1,1,1,0,1,0,0,1,1,0,1,1,1,1,1,1,0,1,1,0,0,1,0,1,0,1,1,0,0,0,0,1,1,1,0,0.0,-126.42072853805197,1
1,0,1,0,1,1,1,1,0,0,1,0,0,1,1,0,1,0,1,0,1,0,1,1,1,0,1,1,0,0,1,0,1,1,1,0,1,0,0,0,1,1,0,1,0,0,1,0,0,1,1,0,1,0,1,1,0,1,0,1,0,1,1,1,0.0,-126.41942650467794,1
1,0,1,0,0,1,0,1,0,1,1,0,0,1,0,0,1,0,1,0,0,1,0,1,1,0,0,1,0,1,1,0,1,1,1,1,1,1,0,0,1,1,0,1,1,0,0,0,1,1,1,0,1,0,1,0,1,1,0,0,1,1,1,1,0.0,-126.41894470812676,1
1,0,1,0,1,1,1,1,1,1,1,0,0,1,0,1,0,1,1,0,1,0,1,1,1,0,0,1,0,1,0,0,1,1,1,0,1,0,1,1,0,1,1,0,1,0,0,1,0,0,1,1,1,0,0,1,0,1,0,0,0,1,1,0,0.015625,-126.41890916169561,1
1,0,1,0,1,1,1,1,0,0,1,1,0,0,0,0,0,0,1,0,0,1,0,0,0,0,0,1,1,0,1,0,1,1,1,1,0,0,0,1,1,0,0,1,1,1,0,0,0,1,1,0,0,1,0,0,0,0,0,0,0,1,1,1,0.0,-126.4179120704396,1
1,0,1,1,0,1,1,1,0,1,1,1,1,1,0,0,0,0,1,0,0,0,1,0,1,0,0,1,0,0,1,1,1,1,1,0,1,1,1,1,0,1,1,1,0,1,1,0,0,1,1,0,0,1,1,1,0,0,0,0,0,1,1,0,0.0,-126.41735912070502,1
0,0,1,0,1,1,0,0,1,1,1,1,0,1,1,0,0,1,1,0,0,1,1,0,1,1,1,1,1,1,1,1,0,1,1,1,0,0,0,1,0,1,1,1,1,0,1,0,0,0,1,1,1,0,1,0,0,0,0,0,0,1,1,0,0.0,-126.41578670420765,1
0,0,1,1,0,1,0,1,1,1,1,1,0,1,0,0,0,0,1,0,1,1,0,0,1,0,0,0,0,0,0,1,0,1,1,0,1,0,1,0,1,1,1,1,0,1,1,0,1,1,0,0,0,1,0,0,0,0,0,0,0,0,1,0,0.0,-126.41482215641919,1
0,1,1,0,0,1,1,1,0,1,1,1,0,0,0,0,0,1,0,1,1,0,0,0,0,1,0,1,0,1,0,1,0,1,1,0,1,0,0,0,1,0,1,1,1,1,0,0,0,1,1,0,0,0,0,0,1,1,0,0,0,0,1,0,0.0,-126.41389282360558,1
1,0,0,0,1,1,0,1,1,0,1,1,1,0,0,0,0,1,0,0,0,1,1,1,0,0,0,0,0,1,0,0,1,1,1,0,1,0,1,0,0,0,0,0,1,1,0,1,1,0,0,0,1,0,1,0,0,1,0,1,0,1,1,0,0.0,-126.40936105023367,1
0,0,0,0,1,1,0,1,1,0,0,0,0,1,0,1,0,1,1,0,0,1,0,1,0,1,0,0,0,1,1,1,1,1,0,1,0,0,0,0,0,0,0,1,1,1,1,0,0,1,1,1,1,0,0,0,0,1,1,0,0,0,1,0,0.0,-126.40892773464931,1
1,0,1,0,1,1,1,1,1,0,1,1,1,1,0,1,0,1,1,0,0,1,0,0,0,1,0,1,0,1,1,0,1,0,1,0,1,0,1,1,0,1,1,0,1,1,0,1,0,1,0,1,0,0,1,0,0,1,0,1,1,0,1,0,0.0,-126.40669153766035,1
1,0,1,1,0,1,1,1,0,0,1,1,1,1,0,0,0,1,1,1,0,0,1,1,1,1,0,0,0,0,1,0,1,1,0,1,0,0,0,0,0,0,1,1,0,1,1,0,1,1,1,0,1,1,0,0,1,1,0,1,1,1,1,0,0.0,-126.40660722299148,1
1,0,0,1,0,0,1,0,1,1,1,1,0,1,1,0,1,0,1,1,1,0,1,0,0,0,0,0,0,0,1,1,1,1,1,0,0,1,0,1,0,0,0,0,1,1,0,0,1,1,0,0,0,0,1,0,0,0,0,0,0,1,1,0,0.0,-126.40522065260738,1
1,1,1,1,1,0,0,1,0,1,0,0,0,1,0,0,0,1,1,0,0,0,0,0,1,1,1,1,0,0,0,0,1,1,0,0,0,0,0,0,1,0,0,1,0,0,0,0,0,1,1,0,1,0,1,1,0,1,0,0,1,1,1,1,0.015625,-126.40369316025523,1
1,1,1,1,0,0,0,1,1,1,0,0,0,1,0,0,0,1,0,1,1,1,1,0,1,0,0,1,0,1,1,0,0,0,0,0,0,1,0,1,0,0,0,1,1,0,0,1,0,0,1,0,0,0,0,0,0,0,1,0,1,1,1,1,0.0,-126.40354131969193,1
1,1,1,1,0,1,0,1,0,1,1,1,1,0,0,0,0,1,1,0,0,0,0,1,0,1,1,1,0,0,1,0,0,1,1,0,0,1,0,1,1,1,1,1,1,0,1,1,0,1,1,0,1,0,1,1,0,1,0,1,0,0,1,0,0.0,-126.40244363984783,1
1,0,1,1,0,0,0,1,0,1,1,0,1,0,1,1,0,1,0,1,0,1,1,1,1,1,1,0,0,1,0,1,0,0,1,0,0,0,0,1,1,0,1,1,1,1,0,1,1,0,0,0,1,1,1,0,1,0,0,1,0,1,1,1,0.0,-126.4011109061855,1
0,0,1,1,1,0,1,1,1,0,1,1,0,1,0,0,0,1,0,0,0,1,1,1,0,1,0,1,1,1,1,0,1,1,0,1,0,1,0,1,1,1,1,1,0,1,0,1,1,1,1,1,0,1,0,0,0,1,0,0,0,0,1,0,0.0,-126.40104551138393,1
0,0,1,0,0,0,1,1,0,1,0,0,0,0,0,1,0,0,1,0,0,0,0,0,1,1,0,1,1,1,1,0,1,1,1,0,0,0,0,1,1,1,0,1,0,1,0,1,1,1,0,0,0,0,1,0,1,0,0,0,0,1,1,1,0.0,-126.40066405446325,1
1,0,1,0,1,1,1,1,0,0,1,1,0,1,0,1,1,1,1,0,1,1,1,1,0,1,0,0,0,1,0,1,0,1,1,0,1,1,1,1,0,0,1,0,1,0,0,1,0,1,0,1,1,1,1,0,0,0,0,0,0,1,1,0,0.03125,-126.39957951102997,1
0,0,0,0,1,1,1,1,0,0,0,1,0,1,0,0,1,1,1,0,1,1,1,0,1,1,0,1,0,1,1,0,1,1,0,1,0,1,1,0,0,0,1,1,1,1,1,0,0,1,1,0,0,0,1,0,1,1,0,1,1,1,1,0,0.0,-126.39715664042899,1
1,1,1,0,1,0,1,1,0,1,1,1,0,0,0,1,0,1,1,1,1,0,1,1,0,1,0,1,0,0,0,1,1,1,0,0,0,0,0,0,0,0,0,0,0,1,0,0,0,1,0,1,1,0,0,0,0,1,0,0,0,1,1,0,0.0,-126.39617118733803,1
1,0,1,0,0,1,0,1,1,0,1,1,1,1,0,0,0,1,0,0,0,1,0,1,0,0,0,1,0,0,1,0,1,1,0,0,1,0,0,1,0,0,1,1,1,1,0,1,1,0,1,0,0,0,1,0,0,0,0,0,0,1,1,0,0.0,-126.39616511411108,1
1,0,0,0,0,1,1,1,1,0,0,0,1,1,0,0,0,1,0,1,0,0,1,0,1,0,0,1,1,0,1,0,1,1,1,0,0,0,0,1,0,0,1,1,0,1,0,0,0,1,1,0,0,1,1,1,0,0,0,0,0,1,1,0,0.0,-126.3946471545284,1
0,0,1,0,1,1,0,1,0,1,1,0,1,1,1,1,0,1,1,0,1,1,0,1,0,1,0,1,0,1,1,1,1,1,0,1,0,0,0,1,0,1,1,1,0,1,1,1,0,1,1,0,1,1,0,0,0,0,0,0,0,1,1,0,0.0,-126.39320290936246,1
1,0,1,0,0,1,0,1,0,0,0,1,0,1,0,0,1,1,1,0,1,1,1,1,0,1,0,1,0,0,1,1,1,1,1,0,1,0,0,1,1,1,1,1,0,0,0,1,1,0,1,1,1,1,1,0,1,0,0,0,0,1,1,0,0.0,-126.39196484704411,1
0,0,0,0,0,1,1,1,1,0,0,1,1,0,0,0,1,1,1,0,1,0,0,0,0,0,1,0,0,1,1,0,1,1,0,0,1,1,1,0,0,0,1,0,1,1,0,0,0,1,0,1,1,0,1,0,0,0,0,0,1,1,1,0,0.03125,-126.39187035827466,1
1,0,1,0,1,0,1,1,1,1,0,1,0,1,0,0,1,1,0,0,0,0,1,1,0,0,1,1,0,1,1,0,1,1,0,1,1,1,0,1,1,0,1,1,0,1,0,0,0,1,0,0,1,1,1,1,0,0,1,0,1,1,1,0,0.0,-126.39145510223153,1
0,0,1,0,0,1,0,1,0,1,1,1,0,0,0,1,0,1,0,1,1,0,0,0,0,1,0,1,1,1,0,0,1,1,0,0,0,1,0,0,0,1,0,1,1,0,1,1,0,1,1,1,0,0,1,0,1,0,0,0,0,0,1,0,0.0,-126.38939950208926,1
0,0,0,1,0,0,1,0,1,0,1,0,1,1,0,1,0,1,0,0,1,0,1,1,1,0,1,0,0,0,0,0,1,1,0,1,1,1,0,1,0,0,0,1,0,0,1,0,1,0,0,0,0,1,1,1,1,1,0,0,0,0,1,0,0.0,-126.38549438567105,1
1,0,1,0,1,1,1,1,0,0,0,0,1,0,1,1,1,1,1,0,0,1,1,1,0,1,1,0,1,0,1,0,1,1,0,1,0,0,1,0,0,0,1,0,1,1,1,0,0,0,1,0,1,1,0,1,1,1,0,1,1,0,1,0,0.0,-126.38512706402045,1
1,0,1,1,0,1,0,1,1,0,1,1,1,1,0,1,1,1,0,0,1,1,0,1,1,0,0,0,1,1,0,0,0,1,0,0,1,0,1,0,0,1,1,1,1,1,1,0,0,1,1,0,1,1,1,0,0,0,0,0,1,1,1,0,0.0,-126.38421993248352,1
1,0,0,0,1,0,0,0,1,0,1,0,0,1,0,1,1,1,0,0,1,0,0,1,0,0,0,1,0,0,0,0,1,1,0,0,0,0,0,0,1,1,1,1,1,0,1,0,0,1,1,0,1,1,0,0,1,0,1,0,1,1,1,0,0.015625,-126.38339132316433,1
1,1,1,0,0,1,0,1,1,1,1,0,0,0,1,1,1,1,1,1,1,1,1,1,1,0,0,0,0,1,1,0,0,1,1,0,0,1,0,1,1,1,1,1,0,1,0,1,0,0,1,0,0,0,0,0,1,1,0,1,0,0,1,0,0.015625,-126.38292868687964,1
0,0,1,0,0,1,0,0,1,0,1,1,0,0,0,0,0,1,0,1,0,1,1,0,0,1,0,0,0,0,1,0,1,1,0,1,0,1,0,1,1,1,0,1,0,1,1,1,1,0,0,0,0,1,1,0,0,0,0,0,0,1,1,1,0.0,-126.37759918676568,1
1,0,1,0,0,0,0,1,1,1,1,1,0,1,0,1,1,1,1,1,0,0,0,0,0,0,0,1,0,1,1,1,0,1,1,0,1,1,1,1,0,1,1,1,1,1,1,1,0,0,0,0,0,0,1,1,1,0,0,0,1,1,1,0,0.0,-126.3688532277009,1
1,1,0,0,0,1,0,1,0,1,1,0,0,0,0,0,1,1,0,0,0,1,1,0,1,0,1,0,0,1,0,0,0,1,1,0,0,0,1,1,0,0,1,1,0,1,1,0,0,0,1,0,1,1,1,0,0,1,0,0,0,1,1,0,0.0,-126.36441805769849,1
0,0,1,0,1,1,0,1,0,0,0,0,0,1,1,0,0,0,0,0,0,1,1,1,1,0,0,0,0,1,1,0,0,1,0,0,1,1,0,0,1,0,0,0,1,1,0,0,0,1,1,1,0,0,1,1,1,0,1,0,0,0,1,1,0.0,-125.33386683234376,1
1,1,1,0,0,1,0,1,0,0,1,1,0,1,0,0,0,1,0,0,1,0,1,0,0,1,0,1,0,1,1,0,0,1,0,0,1,0,0,1,1,0,0,0,1,1,0,0,0,0,1,0,1,0,1,0,1,0,0,1,0,1,0,0,0.0,-125.33219382883227,1
0,1,0,0,0,1,0,1,0,0,0,1,1,1,1,0,0,1,1,1,0,1,0,0,0,1,1,1,0,0,1,0,0,1,0,0,1,0,1,1,1,0,0,1,1,1,0,1,0,0,0,1,0,0,1,0,0,1,0,0,0,0,0,0,0.0,-125.32409155066729,1
1,0,1,0,0,1,0,1,0,1,0,1,0,0,0,1,0,1,1,1,0,1,1,0,0,0,0,0,0,1,1,1,0,1,1,1,1,0,1,1,0,0,0,0,1,0,0,1,0,0,1,0,1,0,1,0,0,0,0,0,0,1,0,0,0.0,-125.32389303443183,1
1,1,1,1,0,1,0,0,0,0,1,1,0,1,0,1,0,0,1,0,0,0,1,1,0,1,0,0,0,1,1,0,1,1,0,0,1,0,1,1,0,1,1,0,0,1,0,1,1,1,1,1,1,1,1,1,1,1,0,0,0,1,1,1,0.0,-125.32289924435906,1
0,0,1,0,1,0,1,1,1,1,1,1,1,0,0,1,0,1,1,1,0,1,0,0,0,0,1,0,0,1,0,0,0,0,0,1,1,1,1,1,1,0,1,0,1,0,0,1,0,1,1,0,1,1,1,1,1,1,0,1,1,1,0,1,0.015625,-125.32252114317376,1
1,0,1,0,1,1,0,1,1,1,1,1,0,1,1,1,0,0,1,0,1,1,1,1,0,1,1,0,0,0,1,0,0,1,1,0,1,1,0,1,0,0,1,1,0,0,0,1,0,1,1,1,1,0,1,1,0,1,0,0,0,1,1,0,0.0,-125.3216732514658,1
0,0,1,0,0,1,0,1,1,1,0,0,0,1,0,0,0,1,0,0,0,0,1,1,0,1,0,1,0,1,0,0,0,1,0,0,0,0,0,1,1,0,1,1,1,1,1,0,0,1,1,0,0,1,1,0,1,0,1,0,0,1,0,0,0.0,-125.31317662829304,1
1,1,1,0,1,1,0,1,1,1,1,0,0,1,0,0,0,1,1,1,0,1,1,0,1,0,1,0,0,1,0,0,0,1,0,1,0,0,0,0,0,0,1,0,0,0,1,1,0,0,1,0,0,0,1,1,0,0,0,1,0,0,0,0,0.0,-125.31207932937691,1
0,1,1,0,1,0,0,1,0,0,1,1,0,1,1,0,0,1,0,1,1,0,1,1,0,1,1,0,0,1,1,0,1,1,1,1,1,1,0,1,0,0,1,1,0,0,0,1,1,1,1,0,1,0,1,1,0,1,0,0,1,1,1,0,0.0,-125.31161394732288,1
1,1,1,0,1,1,0,1,0,1,1,1,0,1,0,1,0,0,0,1,1,1,1,0,1,1,0,1,0,1,1,0,1,1,0,1,1,1,0,1,1,1,0,1,0,1,0,0,1,1,0,0,0,0,1,0,1,0,1,0,0,1,1,0,0.0,-125.31114463121713,1
1,0,0,0,0,1,0,1,1,1,1,1,0,1,0,0,1,1,1,1,0,1,1,1,1,0,0,1,0,1,1,0,1,1,1,1,0,0,0,0,1,1,0,1,1,0,0,1,0,1,1,1,1,0,0,1,1,1,0,0,0,1,0,1,0.0,-125.3058440436958,1
1,0,0,0,0,0,1,1,0,1,1,0,0,0,0,0,0,0,0,1,0,1,1,1,0,1,1,1,1,1,1,0,0,1,0,0,1,0,0,0,0,0,1,1,0,0,0,0,0,1,0,1,0,1,0,1,0,1,1,0,0,1,1,0,0.0,-125.30545412163454,1
1,1,1,0,0,1,0,1,0,1,1,0,0,1,0,1,0,0,1,0,0,0,1,1,1,1,0,0,0,0,0,0,1,1,0,1,0,0,0,1,0,0,1,1,0,0,0,0,0,1,0,0,1,0,0,0,1,0,1,1,0,0,1,1,0.0,-125.30402058452344,1
0,1,0,0,0,1,0,1,1,0,1,1,0,0,1,0,0,0,1,0,0,0,0,1,0,1,0,1,0,0,1,1,1,1,1,1,0,0,0,0,1,0,0,1,0,1,0,0,0,1,0,0,1,0,1,0,1,0,0,1,0,1,1,0,0.0,-125.29794297931161,1
0,1,1,0,0,1,0,1,0,0,1,1,0,1,0,0,0,1,1,0,0,1,1,0,1,1,1,1,0,1,1,1,0,1,1,0,1,1,1,0,1,1,1,1,1,0,0,0,1,0,1,0,1,0,1,0,1,1,0,1,0,1,1,0,0.0,-125.29576151903899,1
1,1,0,0,1,1,1,1,1,1,1,0,0,1,0,0,0,1,1,1,0,0,1,1,0,1,1,0,0,1,1,0,1,0,1,0,1,0,0,1,0,1,0,1,1,1,0,0,0,1,1,1,1,1,1,0,1,0,0,1,0,1,1,0,0.0,-125.29569383093326,1
1,0,1,1,1,0,0,1,0,0,1,1,0,1,0,0,0,1,0,0,1,1,1,1,1,0,0,1,0,0,0,0,1,1,1,1,1,0,0,1,1,1,1,0,1,1,1,0,0,1,0,1,1,1,1,1,1,0,0,1,0,1,1,0,0.0,-125.29476149856285,1
1,1,1,1,0,1,1,1,0,1,0,0,0,1,0,0,0,1,0,0,1,1,0,1,0,1,1,0,0,0,1,0,1,0,0,0,1,0,0,0,1,0,0,1,1,0,0,0,0,1,1,0,1,0,0,1,0,0,0,0,0,1,1,0,0.0,-125.29198694126681,1
0,0,0,0,0,0,0,1,0,1,0,1,1,1,0,0,0,0,1,0,0,1,0,1,0,1,0,1,0,0,1,0,0,1,0,1,0,1,1,1,1,0,1,1,0,1,0,0,1,0,1,0,1,0,1,0,0,1,0,0,0,1,1,0,0.0,-125.29130628320127,1
0,0,1,0,1,1,0,1,0,1,1,1,0,0,1,1,0,1,1,1,1,1,1,1,0,0,0,1,1,1,1,0,0,1,0,1,1,1,1,1,1,0,0,1,0,1,1,0,0,0,0,1,1,1,0,0,1,1,0,0,1,0,1,0,0.0,-125.29106054961375,1
1,1,0,0,0,0,1,1,0,0,1,1,0,1,0,0,0,1,0,1,0,1,1,0,0,1,0,1,0,1,1,0,0,0,1,0,0,0,0,1,0,0,1,1,0,0,0,0,0,1,1,0,1,0,0,0,1,0,0,1,1,1,1,0,0.0,-125.28348734374248,1
1,0,0,0,0,0,1,1,0,0,0,0,0,0,1,0,1,0,0,0,0,1,0,0,1,0,0,0,0,1,1,0,1,1,0,1,1,0,0,1,1,1,1,1,0,1,0,0,0,1,1,0,0,1,1,0,0,0,1,1,0,1,1,0,0.0,-125.28115816591924,1
0,0,1,0,0,1,0,1,0,0,1,0,0,1,0,1,1,1,1,0,1,1,1,0,1,1,0,0,1,1,0,0,0,1,1,0,1,1,1,0,0,0,0,1,0,0,1,0,0,0,1,0,1,0,1,0,0,0,0,0,0,1,0,0,0.0,-125.2800458953161,1
0,0,1,0,0,0,1,1,1,0,1,0,0,0,0,0,0,1,0,1,1,1,1,1,0,0,0,0,1,1,1,0,0,1,0,1,1,0,0,1,0,0,1,1,0,1,1,0,0,0,0,0,1,0,1,1,1,0,0,0,0,0,1,0,0.0,-125.27712652137608,1
1,0,1,0,0,1,0,1,0,0,1,1,0,0,1,0,0,1,0,1,1,1,0,0,0,1,0,1,0,0,1,0,1,0,1,0,0,0,1,0,1,1,1,1,1,1,0,0,0,0,1,0,0,0,1,0,0,1,0,0,0,0,1,0,0.0,-125.27673931695374,1
1,0,0,0,0,1,1,1,1,1,0,1,0,0,0,1,0,1,0,0,0,0,0,1,0,1,0,1,0,0,0,0,0,1,1,0,1,0,0,1,1,0,1,1,0,1,0,0,0,1,0,1,1,0,1,1,0,1,0,0,0,0,1,0,0.0,-125.27486130874317,1
0,0,1,0,0,1,1,1,0,0,1,1,0,1,0,1,0,1,1,0,1,0,0,0,1,1,0,1,0,1,0,0,1,1,0,0,0,1,0,1,0,0,1,0,1,0,0,0,0,1,0,0,1,0,1,0,0,0,0,0,1,1,1,0,0.0,-125.274095442564,1
0,1,0,0,0,1,1,1,1,0,0,1,0,1,0,0,0,1,0,0,1,1,0,0,1,0,0,0,1,1,1,0,1,1,0,0,0,0,0,1,0,1,0,0,0,0,1,1,0,1,0,0,0,0,1,0,1,1,0,1,0,1,1,0,0.0,-125.27403172274494,1
0,1,1,0,0,1,0,0,1,0,1,1,0,0,0,1,0,1,1,0,1,1,1,1,0,0,0,0,0,1,0,0,0,1,1,0,0,0,1,0,0,1,1,1,0,0,0,1,1,1,0,0,0,0,1,1,0,1,0,0,0,0,1,0,0.015625,-125.27355260320823,1
0,0,0,0,0,0,0,1,1,1,0,1,0,1,0,0,0,1,0,1,1,1,1,1,1,0,1,1,0,1,0,0,1,1,1,0,1,0,0,0,0,0,0,1,0,1,0,0,1,0,1,0,1,0,0,0,0,0,0,0,1,1,1,0,0.015625,-125.271040616981,1
1,0,1,0,0,1,0,1,0,1,0,1,0,0,0,0,0,1,1,0,0,0,0,0,1,1,0,0,1,0,1,0,1,1,1,1,0,1,0,1,0,0,1,0,1,0,0,1,0,1,0,0,0,1,1,1,0,0,0,0,0,1,1,0,0.0,-125.26870857828459,1
1,0,1,1,0,1,1,1,0,0,1,0,0,1,0,1,1,0,1,0,1,1,1,1,0,0,0,1,0,1,0,0,0,1,0,0,1,0,0,1,0,0,0,0,0,0,0,0,0,1,1,0,0,1,1,1,0,0,0,0,0,0,1,1,0.0,-125.266215887045,1
1,0,1,0,0,1,0,1,0,0,1,1,0,0,0,0,0,1,1,0,1,0,0,1,1,0,0,1,0,1,0,1,1,1,0,1,0,1,0,1,0,0,0,0,1,0,1,0,0,1,0,0,1,1,1,0,0,1,0,0,0,0,1,0,0.0,-125.26364822758066,1
1,1,1,1,0,1,0,0,0,0,1,1,1,0,1,0,1,1,1,1,1,1,1,0,1,1,0,1,0,0,1,0,0,1,1,1,1,0,1,1,0,1,1,1,1,1,1,1,0,0,0,0,1,0,0,0,0,0,1,0,0,1,1,0,0.0,-125.25535291097447,1
1,1,0,0,0,1,1,1,0,0,1,0,0,1,0,1,1,0,0,1,1,0,0,0,1,0,1,1,1,1,1,0,0,1,0,0,0,1,0,1,1,0,0,0,0,1,1,0,0,0,0,0,0,1,1,1,0,0,0,0,0,0,1,0,0.0,-125.25454682158494,1
1,1,1,1,0,1,0,0,1,0,0,1,0,1,0,1,0,1,1,0,0,0,0,1,0,1,0,1,0,1,1,0,1,1,0,0,0,0,0,1,0,1,0,0,1,1,0,1,0,0,0,0,0,0,1,0,1,0,0,0,0,1,0,0,0.015625,-123.92901356706567,1
0,1,0,0,0,1,0,1,0,0,1,0,0,1,0,0,0,0,1,0,0,1,1,0,0,1,0,0,0,0,0,1,0,0,0,1,0,1,0,1,1,1,1,1,1,0,0,0,0,0,1,0,1,0,1,1,1,0,0,0,0,1,1,1,0.0,-123.92884738326904,1
1,1,1,0,1,1,1,1,1,0,0,0,0,1,1,1,0,1,1,0,1,0,1,1,1,0,1,0,0,1,0,0,1,1,0,0,1,0,1,0,1,1,1,1,1,1,1,0,1,0,1,0,1,0,1,1,0,0,1,0,0,1,1,0,0.015625,-123.92528252775477,1
1,1,1,0,1,1,0,1,0,1,0,1,0,1,0,1,0,1,1,0,0,1,0,0,1,1,0,0,1,1,1,0,1,1,0,0,1,0,0,1,1,1,1,0,0,1,0,0,1,0,1,1,1,1,1,1,0,1,1,1,0,1,1,0,0.0,-123.91793832025772,1
0,0,0,0,0,1,0,1,0,1,0,1,0,1,0,0,0,1,1,0,0,1,0,1,0,0,1,0,0,1,1,0,1,1,1,0,1,1,0,1,0,0,0,0,1,0,0,1,0,0,0,1,1,0,1,1,1,0,0,0,0,0,1,0,0.0,-123.90812795787646,1
1,0,1,0,1,0,1,0,0,1,1,1,1,1,0,1,0,1,1,0,0,1,1,0,1,1,0,1,0,1,1,1,0,1,1,1,1,0,0,0,1,0,0,1,0,0,0,1,1,1,1,0,1,0,1,1,1,1,1,0,0,1,1,0,0.0,-123.89770488234788,1
0,0,1,0,1,1,1,1,1,1,1,1,0,1,0,1,0,1,1,1,1,1,1,0,0,0,1,1,1,1,0,0,1,1,0,0,0,1,0,1,1,0,0,0,1,1,1,0,0,1,1,0,0,1,1,0,1,1,0,0,0,1,1,1,0.0,-123.88918912323373,1
0,0,1,1,0,1,1,1,1,0,1,1,0,0,1,1,0,1,0,0,1,1,1,1,1,1,0,1,1,0,1,0,0,1,1,1,0,0,0,1,1,1,0,1,0,1,0,0,1,0,1,1,1,1,1,1,1,0,1,0,0,0,1,0,0.0,-123.88587426272736,1
0,0,1,0,0,1,0,1,0,0,1,1,0,0,0,1,1,1,0,0,0,0,0,1,1,0,0,1,0,1,0,0,0,1,0,0,1,1,0,1,0,1,1,1,0,1,0,1,0,0,1,0,0,0,1,0,1,1,0,0,0,0,1,0,0.0,-123.84885701892411,1
1,0,1,0,1,1,0,1,1,0,1,1,0,1,0,0,0,1,0,0,0,1,1,1,1,1,0,1,0,1,1,0,1,1,0,1,1,0,0,1,1,1,0,1,0,1,1,0,1,1,1,1,1,0,0,0,1,0,1,1,0,1,1,1,0.0,-122.27471828699339,1
0,0,1,0,0,0,1,1,0,1,1,1,0,0,1,0,0,1,0,0,0,1,0,0,0,1,0,0,0,1,0,0,1,0,0,0,0,0,0,1,1,1,1,0,1,0,1,0,0,1,0,0,0,0,1,1,1,0,0,0,1,1,1,0,0.0,-122.26225821478488,1
0,0,1,0,0,0,0,1,0,0,1,1,0,1,0,0,0,1,1,1,0,0,1,0,0,1,0,1,0,0,0,0,1,1,0,1,0,0,0,1,1,1,0,1,1,1,0,0,0,0,0,0,1,0,1,0,0,0,0,1,0,1,1,0,0.015625,-122.25024045352626,1
1,0,0,0,0,1,0,0,0,0,1,1,0,0,1,0,0,1,0,0,1,0,1,1,0,1,0,1,0,1,0,0,0,0,0,0,1,1,0,1,0,0,1,0,0,0,0,0,0,0,1,0,1,0,1,1,0,1,0,0,1,1,1,0,0.0,-120.40039674343191,1
