
#parameters    
param n, integer, > 0; /* number of assets */    
param B, >= 0;      
param mu{i in 1..n};                          
param sigma{i in 1..n, j in 1..n};    
param q;    
                                              
#variables                                    
var y{i in 1..n, j in 1..n}, binary;    
var x{i in 1..n}, binary;                     
    
#capacity constraint    
s.t. card0: sum{i in 1..n} x[i] = B ;    
#constraints to link x and y                   
s.t. card1{i in 1..n,j in 1..n}: y[i,j] <= x[i] ;    
s.t. card2{i in 1..n,j in 1..n}: y[i,j] <= x[j] ;    
s.t. card3{i in 1..n,j in 1..n}: y[i,j] >= x[i]+x[j]-1 ;    
    
#objective function    
minimize obj: sum{i in 1..n, j in 1..n} y[i,j] * sigma[i,j] * q - sum{i in 1..n} mu[i]*x[i];    

solve;
printf: "{ ""solution"": [%d", x[1] > "results/N64_B0.5_industry_correlated_classical/IPL_linearized_N64q40.00B32_solution.json";
printf{i in 2..n}: ",%d", x[i] >> "results/N64_B0.5_industry_correlated_classical/IPL_linearized_N64q40.00B32_solution.json";
printf: "]}" >> "results/N64_B0.5_industry_correlated_classical/IPL_linearized_N64q40.00B32_solution.json";

#data:
data;

param n := 64;
param q := 40;
param B := 32;
param mu :=
1 0.0019869319749943382
2 0.00496619514551215
3 -0.003185577493875713
4 0.002087286854557753
5 0.006180538910750509
6 0.003962724587566238
7 -0.0004670100789599659
8 -0.0027999631458458752
9 -0.0031021292838228896
10 -0.0004008715924564684
11 -0.003693757359155897
12 0.0019717754138941384
13 -0.0031477757897214157
14 0.004246256609442532
15 0.0062233959777948655
16 -0.0027549324925804555
17 -0.02817106565198864
18 -0.025372355446965155
19 -0.0009920552813279
20 0.0037160534304857317
21 0.003928397843664558
22 -0.0002841764101048083
23 0.0041832978934239
24 0.004545773502088267
25 -0.0005584280765717924
26 -0.001364114005699036
27 -0.003087472067143759
28 -0.005255273733632332
29 0.0018431018942905528
30 0.004702226069820461
31 0.0047780847758397355
32 0.0008527401305088153
33 0.0017197265526666934
34 0.00390896323089165
35 -8.921376483395083e-05
36 0.0001284581138507718
37 0.007504196037048351
38 -0.0006794070199531067
39 0.0014125387536220752
40 -0.0005974804940231948
41 0.0051449794066130644
42 -0.0015058734844921478
43 0.00879158292598911
44 0.0011993327629061625
45 0.007542814921345261
46 -0.004900289926904143
47 -0.0035743581881105416
48 -0.0029554087498819066
49 -0.00125696364777176
50 0.0024856638907211465
51 0.0006185950897361449
52 0.004412388240841208
53 0.0033640561324092045
54 -0.0029363458524185432
55 0.002652505505672309
56 0.0004935972948424464
57 0.0016714038880011387
58 0.0018478838998237628
59 0.0009701599300816254
60 0.0021901286700046294
61 0.004165235382611254
62 0.0006812802233749214
63 -0.04166523911662343
64 0.002354520751951323;
param sigma : 1 2 3 4 5 6 7 8 9 10 11 12 13 14 15 16 17 18 19 20 21 22 23 24 25 26 27 28 29 30 31 32 33 34 35 36 37 38 39 40 41 42 43 44 45 46 47 48 49 50 51 52 53 54 55 56 57 58 59 60 61 62 63 64 :=
1 0.00020952575196951008 -5.7334165291876917e-05 0.00017587991202027472 -4.9963699149825046e-05 9.351602380932966e-05 7.981008237827464e-05 5.274860743054161e-05 0.0002085126932007932 0.0002060941753709267 -6.072248568755683e-05 -4.140709092459637e-05 -4.902464107990308e-05 0.00011834846370890079 -8.297328393650733e-05 0.00012953611801251976 4.699762221807616e-05 -0.00015637509414280018 -0.0001405470964601446 3.6043603817901014e-05 -8.028841411786579e-06 -2.379001598330699e-05 0.00018224194079496781 -9.297512660208832e-05 4.274627460527259e-05 1.3746193873247106e-05 0.00015979088145036364 0.00012957530561410002 2.31003448491735e-06 0.0001235565973642411 -8.022683627141183e-05 -8.550059796012071e-05 0.00012701795311118822 0.0002612316904216903 -2.4175855331907072e-05 2.0710132389121306e-05 0.00020311575646136417 3.150201653567468e-05 0.00011219024098273277 0.00011515299725806333 2.2077169882251887e-05 0.00016619846202640048 0.00020810189634724331 0.00022789337991307822 0.0001139109850671413 8.162677782262111e-05 3.836780015023411e-05 0.0001338238117785007 9.449483325265975e-05 0.00014198613532904203 -2.0382402634469516e-06 9.570240295588794e-05 0.00018004839906022774 -0.00013336376342417804 -4.482609746891524e-05 0.0001489114399910367 5.976817442959612e-05 9.127877645861049e-05 9.045684706927493e-05 7.064928986155958e-06 -4.1596914660142066e-05 -8.037892468024077e-05 -8.35946623933959e-05 -0.0001416724788063719 6.243836642495918e-06
2 -5.7334165291876917e-05 0.00021136287575019606 4.735547790774274e-05 0.0001285637202858528 -4.9081340567751165e-05 5.460429994624626e-05 0.0001071088838621576 5.304314607409425e-05 8.465545885922845e-05 3.0335101649949817e-05 4.830233361929577e-05 0.00012294001833825261 6.589068430425869e-05 0.00015400004057822717 0.00013579689756610357 5.490747964475227e-05 0.00011294296457707586 0.00017000792778583765 8.834889309386297e-05 8.671345403600555e-05 4.766780108666797e-05 -6.537795597048435e-05 0.00011866339379211698 0.00010314017536469541 0.00021409204819518537 2.9453286200334632e-05 3.7746628072786834e-05 2.0205830675625145e-05 3.771512421834744e-05 0.00015433519426525638 0.00016429316189071666 -4.1320476353666504e-05 6.466827922112519e-06 3.683511090101058e-05 -4.242875279262389e-05 -7.164038038820207e-05 -1.0176444497680839e-05 2.0679621953313675e-06 -1.3011667215662087e-05 -6.117651966846547e-05 -4.839430071062338e-06 -6.582562077309298e-06 0.00019853721717009485 1.5017446125127778e-05 4.051081915810504e-06 3.6631915292916216e-05 -2.6821372738317827e-05 -0.00010326217726303367 -3.196308362635659e-05 5.249550020763672e-05 0.00013919196809454468 3.693968104983874e-06 0.0002135019592411543 8.477447967593006e-05 -6.163501104863774e-05 -4.055707827580756e-05 -7.434783785927823e-05 -1.5452686501647098e-05 8.015472059944649e-06 7.02617564033253e-05 7.843152571115702e-05 0.00018301561435329816 0.00013069758777972974 -2.2436142367267108e-05
3 0.00017587991202027472 4.735547790774274e-05 0.0005298438129601772 -5.185011783577021e-06 -5.225895530919112e-07 0.00012083084280503107 0.0002445872372957699 0.00036456585754753745 0.0004915871402115464 -8.771267253544335e-05 3.193790600623701e-05 9.764618015069241e-05 0.0005645899273036063 -0.00010171462044257845 0.00036398488895719846 0.0001783822650585443 5.2681680423382635e-05 0.0001288923226959905 0.00025502981113663273 -2.0082185390990122e-05 -3.1242978240389894e-05 0.0002495109855515325 -5.875303506299981e-05 0.00012241037077597355 0.00020437926785690902 0.0003070828839668172 0.0003462694629518482 5.916191772493282e-05 0.00038920692440688704 4.008880202166964e-05 3.81941635217783e-05 9.038800995502948e-05 0.0005091529350622517 3.748226379454077e-05 -6.685869143126312e-05 0.00024036116101072932 -7.0273085558605375e-06 0.0003337454398026443 0.0002314971218630553 4.206052220770888e-06 0.0002666872336671991 0.00034329458222976024 0.0006815711945185995 0.0001901154007544785 6.427371200400038e-05 0.00018580070336234023 0.000379638218966283 0.00028009767621719323 0.00038841992813119075 6.339002591076137e-05 0.0004386601440150065 0.0003293844773349264 -5.11693218181147e-05 3.8250148100607015e-05 0.00019086445684389586 0.00012494873019526425 0.00013003409602682805 0.00015698805775863644 2.9698012008265346e-05 8.449268869418784e-05 -0.00012508442952229658 0.00010069396262161388 0.0001642346680504984 -3.441625232428028e-05
4 -4.9963699149825046e-05 0.0001285637202858528 -5.185011783577021e-06 0.00020992579641120822 3.783434150352207e-05 5.010089982666202e-05 0.00011685264001517245 9.376984031912208e-05 3.73632494072484e-05 9.019255164023667e-06 8.515996207015124e-05 9.907258795371779e-05 2.614143721646398e-05 0.0002135823257855222 0.00012695493712325885 6.566830356219626e-05 -0.00029812801195985454 -0.00028577376740493877 0.00011254062002828193 0.0001617345207920238 3.767498869595107e-05 1.2713894314561074e-05 0.00017255605903812398 0.00010910565344391571 7.2464236720475e-05 4.596875323362541e-05 5.281328157052262e-05 1.6965975741111306e-05 1.746007607108737e-05 0.00014288900663181968 0.00015471463947045036 -1.4452633893984476e-05 7.940661278310874e-07 8.10913687747648e-05 2.405579086283484e-05 -1.4727210095216287e-05 3.347036398413728e-05 1.887105322463042e-05 -1.0911862660064101e-06 -8.61333697372816e-05 -4.2851057876603765e-05 9.823451537011187e-06 8.064427541668567e-05 4.092899619059288e-05 4.853715524976672e-05 5.136553203080552e-05 3.473922409118119e-05 -1.0768498369582159e-05 2.01087606548447e-06 4.8590284392402254e-05 0.00014559115886112926 3.0317444897755285e-05 0.00015822192501372355 7.667707432851345e-05 1.5804986566763464e-05 1.0406724577431688e-05 -4.703134113545217e-05 1.7222256815002487e-05 3.4581755436328286e-05 0.00013143622938265154 0.00013886658148493406 8.620465781567712e-05 -0.00023668312491079098 2.5933305827448636e-05
5 9.351602380932966e-05 -4.9081340567751165e-05 -5.225895530919112e-07 3.783434150352207e-05 0.0001461072041513274 6.85634522378724e-05 1.3170532890950995e-05 0.00012097858625764655 4.0513510760981364e-05 5.408430027442231e-06 2.576468657142134e-06 -2.5411039555716366e-05 -3.639935530675885e-05 5.1440280813393625e-05 6.402017803303016e-05 1.714902147999821e-05 -0.0004438597306872655 -0.0004970349630394978 -1.6080244660452845e-05 8.667146715251663e-05 1.4129919662775116e-05 4.471320439181198e-05 -8.199478577103286e-06 -9.32704481573162e-06 -5.140465562323188e-05 2.7018841453269585e-05 6.521471139418251e-05 8.743033489158821e-06 -1.816937540289367e-05 -4.7988279464985653e-05 -4.891984923257448e-05 6.539174441229904e-05 9.329276672037224e-05 3.6165607240765914e-05 3.8999201243426326e-05 0.0001258357551725453 4.49526465455748e-05 1.2435963142175315e-05 1.6089586962785113e-06 1.8695554772297308e-05 5.1300081437579214e-05 6.707307014123081e-05 1.1535960725413625e-06 4.437634460823513e-05 8.732038553385636e-05 2.63826767037373e-07 4.5789696122764756e-05 2.8325171640001573e-05 3.331913340711586e-05 1.4828132387169613e-05 -3.227368084401368e-05 7.943522797700686e-05 -6.407885342355437e-05 7.4920798391689975e-06 8.19441980020819e-05 -1.062281038633105e-05 -2.1511157778482138e-05 4.3463534074571515e-05 2.997699643156665e-05 -1.58378866578228e-05 2.566847623182062e-05 -8.01091970692154e-05 -0.00040473063377299075 3.9416646114122915e-05
6 7.981008237827464e-05 5.460429994624626e-05 0.00012083084280503107 5.010089982666202e-05 6.85634522378724e-05 0.0004501163946536061 -1.795173507436893e-05 0.0002481300844174547 0.00035653218314354087 -7.368077028437732e-05 -2.955645813058673e-06 0.00010156333439529205 0.00028121774377485887 0.00014945040020880395 0.0002112898745817234 0.00011248460405781855 9.062079211075962e-05 6.873288059179407e-05 0.00010037491400103245 0.00011840511837019147 0.00010406681094535578 0.0001980656305515845 6.652292044756002e-05 0.00022178300455704525 0.00037931254654652655 5.5541045601565156e-05 0.0002740709189917493 0.00016106847467050602 0.0001599423747738856 1.1458146402151903e-05 1.0550699855742068e-05 0.00011229375080784801 0.0003111087087156793 4.9714830540123125e-05 7.965273890001744e-05 0.0003189904267274271 9.908099766988168e-05 0.00011227087522411105 7.14155683401301e-05 0.00011030989528791487 0.0002289964483417756 0.00014023012421718954 0.00021776842853290878 0.00013177064613657753 0.00020637355625229017 0.00017005072446183925 0.0001297339242583113 8.225270200103696e-05 8.43466784791683e-05 3.269325932015393e-05 0.00014941341841962934 0.00011412335759661132 3.573022728766473e-05 6.132690702671458e-05 0.00014872923472694386 0.0001330704409638229 0.0001649792753830661 8.495712566460918e-05 2.009414844702449e-05 5.228928499308287e-05 0.00011595957490886023 -4.840787930661587e-06 0.000582325643717046 1.590257045859825e-05
7 5.274860743054161e-05 0.0001071088838621576 0.0002445872372957699 0.00011685264001517245 1.3170532890950995e-05 -1.795173507436893e-05 0.0004068141624468038 0.00022950616875356582 0.000372269776383716 -5.253501762467124e-05 4.151642467096833e-05 0.00012266514506419884 0.00036068288995477765 5.84191219541295e-06 0.00032364410872666845 0.00011955629966489785 -0.0005667855290050555 -0.0005814363218682993 0.00015391452448424166 7.291792086100345e-05 1.6863580152309962e-05 0.0002637967116605792 7.016042656626509e-05 0.00013830232590429528 0.00016187495610047852 0.0003713360800298695 0.00013576853640281993 -0.00011294621847191275 0.00022192655708732874 0.00013756263535459073 0.0001357797063378611 4.825427659192851e-05 0.00031503407990932867 3.574488561329961e-05 -5.6208316186585745e-05 6.270078070005166e-05 -2.7529660142748752e-06 0.00018012937787926416 0.00010757714784888567 3.235120426744398e-05 0.00017740919800920835 0.00023903436500893841 0.0005231427049667691 0.00013634944732309742 2.4803589109308457e-05 4.691587177834631e-06 0.00022056426961705847 0.00012235738189148162 0.00018015442993989746 7.363397548244243e-05 0.00034799817867538533 0.00021397387561523405 5.999100308297259e-05 8.936387499561004e-05 0.0001145042429037618 1.978590380749364e-05 -2.2322182683287274e-05 3.6254229472119965e-05 5.4107593204229135e-05 6.17711166228099e-05 1.482154205901503e-05 0.00023652387947540574 -0.0006516282989993196 1.1863747489706725e-05
8 0.0002085126932007932 5.304314607409425e-05 0.00036456585754753745 9.376984031912208e-05 0.00012097858625764655 0.0002481300844174547 0.00022950616875356582 0.000790294825899649 0.000637078058099741 -0.00011171150224664308 -5.670400953087687e-05 6.0529741912587656e-05 0.000547594260899565 0.00010204266468348646 0.0004039879476511187 0.00015061328023495947 -0.0005810510587796864 -0.0006073112405277039 0.00028383741264281917 0.00015936453341624913 -5.535781906369197e-05 0.0002520702057218505 2.356929522949278e-05 0.00027500547387947026 0.0003685416339670163 0.00031198122454341806 0.00045802725649851764 -2.388102453832844e-05 0.00041510256191331247 -9.440340635508728e-06 -2.759504055323157e-06 0.0001356831370847634 0.0007391202129264035 9.569672949211648e-05 -3.0658686831057554e-05 0.0004593502784045114 8.409040160483746e-05 0.0003621981991398357 0.00029828011126761876 0.00022774702829458216 0.00044563369154599405 0.0003986277702564651 0.0005610878229227436 0.00031488481470873307 0.0002027526807056998 0.00017709086577218823 0.00041578077707426256 0.00017044839507672577 0.000437024025705095 3.134512151678411e-05 0.00046912148811462036 0.0002874392750492736 -2.038229691506837e-05 0.00012948585196287816 0.00031316952865783774 0.00010192720928364098 0.00010505002066261911 0.00010032561050342795 1.675673436101072e-05 0.00010347650531830557 5.602734747031677e-06 0.0001871920304090003 -0.0003673385764185487 -1.541346036854224e-05
9 0.0002060941753709267 8.465545885922845e-05 0.0004915871402115464 3.73632494072484e-05 4.0513510760981364e-05 0.00035653218314354087 0.000372269776383716 0.000637078058099741 0.0012970218475748157 -0.0002474405687626571 -3.7701376202041724e-05 3.793587297179261e-05 0.0008322926376300213 -3.606210619107773e-05 0.0004473496931347858 0.0002090075187184711 0.00014070780280319654 9.253252192119999e-05 0.00033424327047532233 0.0001381413201318764 -7.127047204151819e-05 0.0004384021038965226 -4.039618918157092e-05 0.0001809042164215508 0.00017389451084666362 0.0005047787117353421 0.0007033079641970122 0.00010915714933775173 0.00070936079653231 0.00016620219262787346 0.00015709065716348344 0.00020001953651258104 0.0008935722267088003 0.00010201867456055009 -4.9644550128876265e-05 0.00057717356722674 9.996559062635003e-05 0.0004517083242516104 0.0003282001911842612 0.00024662685773281127 0.0006047837954205838 0.0005691043161247396 0.0006827312313285506 0.0004146853002926517 0.00016441542420413564 0.00033088461768778627 0.0005201787982614887 0.00028069645622293935 0.0004911843237272507 8.305210154565789e-05 0.0007563849920733251 0.0003860157851031876 -0.0001198366126582925 6.599123906814311e-06 0.0003275917083949063 0.0002251557523831211 0.0002784969352278767 0.00011489558949040041 4.759401886406521e-05 6.517119187538403e-05 -2.3315331600969827e-05 0.0002710380311196781 0.0002965202958482046 -9.54721439856899e-06
10 -6.072248568755683e-05 3.0335101649949817e-05 -8.771267253544335e-05 9.019255164023667e-06 5.408430027442231e-06 -7.368077028437732e-05 -5.253501762467124e-05 -0.00011171150224664308 -0.0002474405687626571 0.0001709515338355733 6.353345497787761e-05 2.089426025243549e-05 -0.00016326809117809437 4.987375656968253e-05 -3.308316160494028e-05 -4.277561758640251e-05 8.469269374847428e-05 0.00010305982724645175 -6.18567966374098e-05 8.21087642761741e-06 1.9791679290158317e-05 -0.0001727893755232079 6.151531519371367e-06 -0.00011144696107130924 -2.6429017726526187e-05 -8.297032093449877e-05 -9.65637031204648e-05 5.6241194729498835e-05 -6.569944231711927e-05 2.5071250621376617e-06 4.176370560654239e-06 -6.191161785531147e-05 -0.0001582596054756402 -1.0912532218336085e-05 -2.2776465940660617e-05 -0.00012660991168229603 -3.603903898401936e-05 -7.334049767763494e-05 -5.321515884796812e-05 -3.760859530577363e-05 -9.688322235451738e-05 -0.00015442845589501097 -3.772386907785266e-05 -9.476428280524061e-05 -4.655743230084922e-05 -6.275002703265325e-05 -9.542133501817696e-05 -0.00016630923543463965 -8.585448740057697e-05 1.8360680542645532e-05 -0.00011979285809874888 -9.040152005499739e-05 6.681780743600347e-05 2.0672057944476126e-05 -0.00014744302232012603 -5.756273055861066e-05 -9.831733216999867e-05 -9.565893703946043e-06 2.264770268382433e-05 4.280948020738861e-06 1.8945203823187046e-05 4.23282193591655e-05 -1.9810099735708914e-05 -3.899562147547078e-06
11 -4.140709092459637e-05 4.830233361929577e-05 3.193790600623701e-05 8.515996207015124e-05 2.576468657142134e-06 -2.955645813058673e-06 4.151642467096833e-05 -5.670400953087687e-05 -3.7701376202041724e-05 6.353345497787761e-05 0.0001223051442794432 7.049944659952836e-05 6.842228956429147e-05 7.459807188951803e-05 4.604200557740743e-05 5.889345522571385e-05 0.0001682559177087621 0.0001986663187663061 7.978735645340239e-05 4.7615931628985766e-05 3.000457905322655e-05 1.2926055813328514e-05 6.661535626763871e-05 -3.6069344269271067e-05 2.0024638678561626e-05 2.274950850151334e-05 1.1619893736946082e-05 0.00013614494678744246 5.992881943792422e-06 7.69732025851137e-05 8.334628217540298e-05 -3.350732428510395e-05 -1.631234727726608e-05 3.1707284139235123e-05 2.9318100425341792e-05 -4.791903856210816e-05 -2.1064160781614033e-05 6.119231000296364e-06 2.1646219906188896e-05 -0.00011992658594068736 -2.022524160203972e-05 -1.472542892398183e-05 5.1131746587703425e-05 -6.042560903183598e-06 -1.2049156735658243e-05 7.263227626972145e-05 4.0679219471685794e-05 1.9579583622237916e-05 8.946025227526552e-06 2.674292960357303e-05 7.754517724452242e-05 1.6206481141113117e-05 7.101496746453227e-05 -1.6520649817874248e-05 -3.6498743968080604e-05 5.309908852788538e-05 1.0437476936255065e-05 6.519911611796554e-05 3.560073037350723e-05 9.216735507924724e-05 4.870351762003315e-05 5.1496600490711656e-05 0.00021551673357670528 2.1210871180445672e-07
12 -4.902464107990308e-05 0.00012294001833825261 9.764618015069241e-05 9.907258795371779e-05 -2.5411039555716366e-05 0.00010156333439529205 0.00012266514506419884 6.0529741912587656e-05 3.793587297179261e-05 2.089426025243549e-05 7.049944659952836e-05 0.00019856656558558375 0.00023427051666903714 0.00013239956570059875 0.00014149434613409728 7.819455485672368e-05 -8.88479710739724e-05 -9.361513539490262e-05 0.00011425321933319415 3.6380157446180694e-05 9.605260876704718e-05 9.630304780320264e-05 0.0001088371956727133 8.931571703855547e-05 0.0003263923999603586 3.446193852885594e-05 2.7445557618715754e-05 4.633946807462725e-05 -1.5669634314166756e-05 8.78624774313455e-05 9.19612369132787e-05 -2.5519386646652426e-05 0.00010540585058938515 3.4264759597508105e-05 3.111128933982491e-05 6.9633144026187544e-06 -1.624656181676886e-05 3.762100223857292e-05 3.4594097095584436e-06 -4.631275185362041e-05 4.982888721058895e-05 2.5048789544687135e-05 0.00015327007689968026 7.204020309764305e-06 3.8739500818867866e-05 3.9883097619483065e-05 5.9183287086411094e-05 4.1863763604553675e-05 9.970281741325016e-06 3.756535378198226e-05 0.00010469598080425632 3.423204463360644e-05 0.00015319564952138493 9.403264727478215e-05 6.433784532411404e-07 1.7901492528968026e-05 -2.3240987885072622e-05 4.2254549562988364e-05 8.985040594027381e-06 7.896884124550774e-05 6.741569492302274e-05 0.00019553127756905388 6.745571367146258e-05 -1.93327023023979e-05
13 0.00011834846370890079 6.589068430425869e-05 0.0005645899273036063 2.614143721646398e-05 -3.639935530675885e-05 0.00028121774377485887 0.00036068288995477765 0.000547594260899565 0.0008322926376300213 -0.00016326809117809437 6.842228956429147e-05 0.00023427051666903714 0.0011444070768633144 6.650088229078709e-05 0.0004643904123328802 0.00024789068299786775 -7.914172745258247e-05 -9.145049133214492e-05 0.00040681509788976735 7.156369841328584e-05 -5.173847595485869e-07 0.0005753115844834151 8.1658659316554e-06 0.00020964130742120527 0.0005837533197994503 0.00039758805978524044 0.0004892526735191949 7.940524193900453e-05 0.00045761259521473404 0.00010720754268636621 0.0001044864301477461 0.00010967541345826381 0.0008698120234163376 7.766615028839197e-05 4.885751401616339e-07 0.0004407726690585 3.850806087574685e-05 0.0004296901627863225 0.00030899235938625097 0.00010843352467384583 0.0006127954446023022 0.000492713619370689 0.0006555469125620147 0.0003088019037615865 0.00015681129608983364 0.00019605689968572559 0.0005484472759356421 0.0004349635559906845 0.00045596016510183416 -2.572611838825973e-06 0.0006885049870328884 0.00042541364460233557 1.1108865658218059e-05 -1.1117301383087236e-05 0.00026717561848312173 0.0002588351911307898 0.00025083076875992167 0.0001575837664169022 1.2778739370898252e-05 0.0001304900388130759 -2.477029353126301e-05 0.00031495786999458927 0.00022579385507006338 -8.29568972004676e-05
14 -8.297328393650733e-05 0.00015400004057822717 -0.00010171462044257845 0.0002135823257855222 5.1440280813393625e-05 0.00014945040020880395 5.84191219541295e-06 0.00010204266468348646 -3.606210619107773e-05 4.987375656968253e-05 7.459807188951803e-05 0.00013239956570059875 6.650088229078709e-05 0.0004778999258916376 0.00013889325943255255 1.1615223657293468e-06 -0.0005241342456211678 -0.0004904290873509789 7.41054455387463e-05 0.0002619120863112273 2.9889983338756943e-05 2.8065180503573615e-05 0.0001926663987951428 9.128834019333411e-05 0.0001537039090130905 -0.00010750136895921512 9.944467501383884e-05 -4.744881124205884e-05 -7.327232734355348e-05 0.00011038144592290502 0.0001270426620226806 -1.3175533016335852e-05 -3.5031251177997554e-05 9.93801630601367e-05 7.810417347523024e-05 4.853420348865549e-05 8.647556612154275e-05 -3.997583070277325e-05 -8.049511778552516e-05 5.2306785680407464e-06 -1.1986706778462569e-05 -6.582472365658646e-05 -2.4091050222946285e-05 -1.944897182741767e-05 0.00013377533222124746 1.8155126149809912e-05 -7.411079228277984e-05 -0.00015730234428099106 -9.848151579149392e-05 5.897874498558423e-06 6.515242209803316e-05 2.6286922819101044e-05 0.0001935117939766555 -3.169994709869407e-06 -5.410574831405415e-05 -6.245995491170093e-05 -0.0001382922834485241 -7.023200150758684e-05 -4.286676327700069e-06 9.098356766398601e-05 0.0001780378115654797 4.104891580885714e-05 -0.000446750098982533 4.7464465059777035e-06
15 0.00012953611801251976 0.00013579689756610357 0.00036398488895719846 0.00012695493712325885 6.402017803303016e-05 0.0002112898745817234 0.00032364410872666845 0.0004039879476511187 0.0004473496931347858 -3.308316160494028e-05 4.604200557740743e-05 0.00014149434613409728 0.0004643904123328802 0.00013889325943255255 0.0005282935115897603 0.00015187732782863224 -0.0006619336677896075 -0.0006193511701849942 0.0002225132900145495 0.00016185189248981615 1.5161399986548002e-05 0.0002767048808231097 7.400386339699892e-05 0.000258980405668952 0.0002884656867345774 0.0003414675154118115 0.0002920486631658643 -6.677866888251199e-05 0.0003300527878795705 9.122762181857615e-05 9.98939766692011e-05 9.349571632568572e-05 0.00043751248564849937 5.269686879501134e-05 -5.009786058039116e-05 0.00023431485407973104 5.733806801057002e-05 0.0002500702901196365 0.0001617144450725232 4.4801547117225284e-05 0.0003136533648312429 0.0002840324728900215 0.0008191035885751329 0.0002069511223397745 0.00016450083871296127 0.00011158062473913826 0.00027666125611557833 0.00010081176312835252 0.00026648368321047585 8.44081149346107e-05 0.0003814741894634951 0.0003113248002304577 7.59777972561355e-05 0.00010757075281541838 0.000168196004188699 3.444067477699992e-05 -4.196315020954826e-06 6.289031940824537e-05 6.609959556986853e-05 8.947689403877449e-05 4.004293883224357e-05 0.00010405364952854967 -0.0005581349766616448 7.473190871737547e-06
16 4.699762221807616e-05 5.490747964475227e-05 0.0001783822650585443 6.566830356219626e-05 1.714902147999821e-05 0.00011248460405781855 0.00011955629966489785 0.00015061328023495947 0.0002090075187184711 -4.277561758640251e-05 5.889345522571385e-05 7.819455485672368e-05 0.00024789068299786775 1.1615223657293468e-06 0.00015187732782863224 0.00013193577201734297 0.00014128545788366135 0.00015521191828520717 0.0001255914781484391 3.627232870797546e-05 4.559886514673677e-05 0.00012671340746650488 4.7375042012473313e-05 0.00011076210394995447 0.00023191832053886125 0.00014521594456722218 0.00013582205643436265 0.00010451448818975366 0.00011994465695461894 5.488213018608925e-05 5.608502277253641e-05 2.9577560686226958e-05 0.00021648378461341643 3.580148154131553e-05 -6.379561994739956e-07 7.160504699171906e-05 -6.575125231015539e-06 0.00011069253705655072 9.884788220276644e-05 -5.3410763694449156e-05 0.0001057687470675232 0.00013518767745476345 0.00024792696353628416 8.307367863530179e-05 4.0058890158446786e-05 0.0001128862684148119 0.0001636778264626478 0.0001470042416694386 0.00012831496031263202 3.593745386758195e-05 0.00020736103409544623 0.00011691379054464149 5.808546725005197e-05 3.061124596822285e-05 9.452536439178332e-05 8.541212336448464e-05 8.542413296703983e-05 9.901052592534977e-05 3.045258210275637e-05 8.147385866557922e-05 2.735350804745348e-05 8.902623754275883e-05 0.0003382214847793783 -3.2686773618567307e-06
17 -0.00015637509414280018 0.00011294296457707586 5.2681680423382635e-05 -0.00029812801195985454 -0.0004438597306872655 9.062079211075962e-05 -0.0005667855290050555 -0.0005810510587796864 0.00014070780280319654 8.469269374847428e-05 0.0001682559177087621 -8.88479710739724e-05 -7.914172745258247e-05 -0.0005241342456211678 -0.0006619336677896075 0.00014128545788366135 0.005412189466872491 0.005582483578594521 5.176958038869723e-06 -0.0005107013431987312 8.18786728882817e-05 -0.0005916937662285692 -0.0002032663016254572 -0.0003772633983384884 0.0003086937380248917 -0.0002791284143784198 1.4537099424340287e-05 0.0011405430038025728 0.00020033678555118016 0.00012468368020690523 0.00010550348426971214 -0.00018661402293093787 -0.00016584577480066996 -7.842509244570262e-05 -6.206492764150061e-05 -0.00032292543553068444 -0.00024353228628895657 -0.00012645589027237268 0.00022289642419593536 -0.00041332672049804354 -0.0002804190552343096 -0.00030050118847084787 -0.0006185222319765226 -0.00026314002857823866 -0.0003837835683286276 0.0005397091736456971 -9.49582372025266e-05 -3.310721674144308e-05 -0.00011841546882346723 -5.9329391120788366e-05 7.50110201370846e-05 -0.00048578838275426136 0.0001299959812263684 -0.00030671903778163074 -0.0003902482106557542 0.0004415323145446672 0.000633169317486919 0.0002465709084405062 -8.686441179988514e-05 0.00014348305849470213 -0.00011128833305198859 0.0002710999827606631 0.0056468469947302214 -0.0002048664509095143
18 -0.0001405470964601446 0.00017000792778583765 0.0001288923226959905 -0.00028577376740493877 -0.0004970349630394978 6.873288059179407e-05 -0.0005814363218682993 -0.0006073112405277039 9.253252192119999e-05 0.00010305982724645175 0.0001986663187663061 -9.361513539490262e-05 -9.145049133214492e-05 -0.0004904290873509789 -0.0006193511701849942 0.00015521191828520717 0.005582483578594521 0.005910047772862706 5.5280985310420655e-05 -0.0005029538676672482 3.71429728022935e-05 -0.0005740562731335695 -0.0001934581358370692 -0.0003384781447968173 0.0002730053143033241 -0.00023852234641210797 5.8138224129580866e-05 0.0011473693366687145 0.00026821946407122024 0.00014862295091585965 0.0001370100708774632 -0.00018951726826072906 -0.00022607658962744167 -0.00010724748954578906 -6.924867195589898e-05 -0.0003709287616246127 -0.00025940679276916114 -8.960340349184657e-05 0.0002519962205605341 -0.00043578239997306276 -0.00032455692934051924 -0.0002893966149609801 -0.00041254398383528274 -0.0002561850885692121 -0.0004080815269218925 0.0005945772420845238 -0.00011099675672264566 -0.00010423875032297269 -8.323654507920161e-05 -4.123873744167916e-05 0.00017130277744952573 -0.0004407990905826871 0.00015050824381401267 -0.0003742515322631423 -0.000416273277297227 0.0004491330187514353 0.0006346884755643417 0.0002600695895881752 -9.43612125594085e-05 0.00017422128505317655 -0.00016495390627837623 0.00022069098386368326 0.005853592667512893 -0.0002179509546133299
19 3.6043603817901014e-05 8.834889309386297e-05 0.00025502981113663273 0.00011254062002828193 -1.6080244660452845e-05 0.00010037491400103245 0.00015391452448424166 0.00028383741264281917 0.00033424327047532233 -6.18567966374098e-05 7.978735645340239e-05 0.00011425321933319415 0.00040681509788976735 7.41054455387463e-05 0.0002225132900145495 0.0001255914781484391 5.176958038869723e-06 5.5280985310420655e-05 0.0003048373630705137 7.173173422939851e-05 -2.670408799142586e-05 0.0001760380741859808 7.606846701439034e-05 0.00011475212298364528 0.00010161511639333026 0.0001762739644077908 0.00021388674615323367 0.0001460355155302025 0.00022262474227006208 0.00011012424351258022 0.0001270701969430821 1.475637689857712e-05 0.00035086061979404615 7.074579127033445e-05 3.378992758001233e-05 0.00021186683844021906 2.087075652387655e-05 0.0002025955257095804 0.00018971425133210517 -5.870224474668353e-06 0.00023555400638448494 0.0002350614028043819 0.00033205767660156 0.00020758178569523032 7.196390959577475e-05 0.00022375656558796367 0.00025807719439026295 0.00015195226863410068 0.00025640507768003447 3.119177453732209e-05 0.000358075864239737 0.0001527732781616966 2.4318461153501666e-05 4.010761955869121e-05 0.00015191386815814595 0.00016046324852174085 0.00012108887899562161 0.0001151267994635131 1.592713732927065e-05 0.00016702506148041834 1.2913359194346248e-05 0.0001265442627344658 0.0001887922102331084 -2.920581053297263e-05
20 -8.028841411786579e-06 8.671345403600555e-05 -2.0082185390990122e-05 0.0001617345207920238 8.667146715251663e-05 0.00011840511837019147 7.291792086100345e-05 0.00015936453341624913 0.0001381413201318764 8.21087642761741e-06 4.7615931628985766e-05 3.6380157446180694e-05 7.156369841328584e-05 0.0002619120863112273 0.00016185189248981615 3.627232870797546e-05 -0.0005107013431987312 -0.0005029538676672482 7.173173422939851e-05 0.00023051872677576766 6.260142196988938e-07 4.724958316569394e-05 0.00012560879194586 9.494957996488515e-05 8.126828337821191e-06 3.145232361881747e-05 0.00015224712006436394 -2.791396778389751e-05 7.408622185727346e-05 0.00010005917806588749 0.0001102049513234823 3.482958461449213e-05 7.462805450588055e-05 8.945603700060632e-05 1.9406561758111288e-05 0.00010027228404435416 8.512554276093062e-05 4.413244716869598e-05 -9.060465559998984e-06 4.841735604103205e-05 6.898940066420827e-05 5.1572542545214105e-05 9.900294216529226e-05 8.149525644435266e-05 0.00010936521587165975 2.071661090359342e-05 3.478537426480867e-05 -4.794188360212521e-05 1.698852151806369e-05 3.075484652065623e-05 0.000142185129431172 9.898086096912894e-05 8.710190232936728e-05 3.527906525650642e-05 3.538526129490958e-05 -5.529406370020705e-06 -5.389247387032114e-05 -1.3750256448799009e-05 4.047303026713744e-05 7.389737430529344e-05 0.00013350017190099216 -6.598728949244601e-06 -0.00043918863340458277 3.451428093321652e-05
21 -2.379001598330699e-05 4.766780108666797e-05 -3.1242978240389894e-05 3.767498869595107e-05 1.4129919662775116e-05 0.00010406681094535578 1.6863580152309962e-05 -5.535781906369197e-05 -7.127047204151819e-05 1.9791679290158317e-05 3.000457905322655e-05 9.605260876704718e-05 -5.173847595485869e-07 2.9889983338756943e-05 1.5161399986548002e-05 4.559886514673677e-05 8.18786728882817e-05 3.71429728022935e-05 -2.670408799142586e-05 6.260142196988938e-07 0.0001204517500368837 2.0019388529553395e-05 6.428732483033729e-05 5.68737170958195e-05 0.00024213340286686732 -2.7505269915268093e-05 -6.45825987436868e-05 6.911836888899243e-05 -0.00010014897409394748 1.903660481701059e-05 1.5867268305762762e-05 -2.1246987087974105e-06 -1.9451766541457398e-05 5.722977802132799e-06 3.5661683192621714e-05 -3.945326237910415e-05 -1.039646139380445e-05 -5.540046467597172e-05 -4.427630132215381e-05 -4.216949406999307e-05 -2.805592686073398e-05 -4.304644472051829e-05 -3.504426089198372e-05 -4.269368932228671e-05 2.5517603151281083e-05 -1.2468745712657268e-05 -3.865974462509309e-05 1.647569591485845e-05 -9.297290100451021e-05 2.022694811411682e-05 -7.416296724657115e-05 -3.3404503967774e-05 9.673860849146706e-05 8.09331135242086e-05 -1.105691853183295e-05 6.978833239423764e-06 4.209662776700516e-06 3.77330546553105e-05 1.8033097319385825e-05 1.4220740936693699e-05 7.882861057628385e-05 6.881239165260038e-05 0.0002495171350963069 1.1193345159507646e-05
22 0.00018224194079496781 -6.537795597048435e-05 0.0002495109855515325 1.2713894314561074e-05 4.471320439181198e-05 0.0001980656305515845 0.0002637967116605792 0.0002520702057218505 0.0004384021038965226 -0.0001727893755232079 1.2926055813328514e-05 9.630304780320264e-05 0.0005753115844834151 2.8065180503573615e-05 0.0002767048808231097 0.00012671340746650488 -0.0005916937662285692 -0.0005740562731335695 0.0001760380741859808 4.724958316569394e-05 2.0019388529553395e-05 0.0006965982465511073 2.0528643160608488e-05 0.0002012965707742233 0.00024033529252691702 0.0003834667140346694 0.0002307059320936568 -6.27110943423184e-05 0.00020830508882351486 -1.8701332092462958e-05 -2.5674170369581258e-05 0.0001889789213376548 0.0004834704133930803 -3.436589479532872e-05 0.00015161635678154428 0.00033322880462359277 6.308910034366948e-05 0.000229754311382162 0.00018540789354442146 0.00012705963652088212 0.00037320379403873576 0.0003786843491200164 0.0004150365865320819 0.00021508914736469717 0.0001512354375404568 8.302575771204621e-05 0.00028134943088240194 0.00026385161443125105 0.0002074878925363016 -1.0149195811380804e-05 0.000341557090102532 0.00031996980125812606 -0.00013917999768788705 -9.419365342955447e-05 0.0002817129654144024 0.00019770138028728625 0.00021091825776766346 0.00012198711268840204 2.0649730772599387e-05 2.0358204437595268e-05 -1.9031219787995134e-05 2.5489313533849595e-05 -0.0003225560004602111 2.1884688347288385e-05
23 -9.297512660208832e-05 0.00011866339379211698 -5.875303506299981e-05 0.00017255605903812398 -8.199478577103286e-06 6.652292044756002e-05 7.016042656626509e-05 2.356929522949278e-05 -4.039618918157092e-05 6.151531519371367e-06 6.661535626763871e-05 0.0001088371956727133 8.1658659316554e-06 0.0001926663987951428 7.400386339699892e-05 4.7375042012473313e-05 -0.0002032663016254572 -0.0001934581358370692 7.606846701439034e-05 0.00012560879194586 6.428732483033729e-05 2.0528643160608488e-05 0.00019303559660260763 0.0001314486249985115 0.00013413270648929078 -2.644318244333443e-05 9.331576200326651e-06 -2.99497994120888e-07 -2.17693499301323e-05 0.0001146045520440382 0.00012685300858241965 -3.08209053919488e-05 -5.731444340704333e-05 5.8840612541719996e-05 4.452856149633972e-05 -6.296406920660205e-05 1.5447528695365143e-05 -7.5336720436039505e-06 -1.9228916105746716e-05 -2.68574557270684e-05 -5.2514621322330864e-05 -4.323958214433647e-05 1.967884552254276e-05 1.021860508913887e-05 2.9903062346575488e-05 5.127924852690628e-05 -2.3240850902076082e-05 -2.9241348075866202e-05 -5.469939770703466e-05 4.086201392421319e-05 5.854589239317127e-05 -2.7132431630274122e-05 0.00017235000124521881 0.00012366486190792389 1.6835836856606493e-06 -5.76068157015827e-06 -4.961027776276198e-05 2.555132752602053e-06 3.591219360127775e-05 0.00011825400442781079 0.0001493305630539927 9.246467948714771e-05 -5.349283062692301e-05 3.1723424400092056e-05
24 4.274627460527259e-05 0.00010314017536469541 0.00012241037077597355 0.00010910565344391571 -9.32704481573162e-06 0.00022178300455704525 0.00013830232590429528 0.00027500547387947026 0.0001809042164215508 -0.00011144696107130924 -3.6069344269271067e-05 8.931571703855547e-05 0.00020964130742120527 9.128834019333411e-05 0.000258980405668952 0.00011076210394995447 -0.0003772633983384884 -0.0003384781447968173 0.00011475212298364528 9.494957996488515e-05 5.68737170958195e-05 0.0002012965707742233 0.0001314486249985115 0.00039170267646535136 0.0004270426508024431 0.0001873641672981777 9.41325161690887e-05 -0.00010812453887883702 0.00012770454177809005 4.518535462788632e-05 5.102898044284843e-05 6.0871388124307494e-05 0.00019681823757549253 2.8282576471528305e-06 -1.8084396118140213e-05 9.615180674903298e-05 5.785220160191401e-05 0.00011277708771057742 8.218026837678904e-05 3.627529672767953e-05 0.00013571918217460265 0.00013300986814213846 0.00041322079430482905 0.00013301990797963894 0.00012197950391321143 2.0004393070808917e-05 0.0001154008273460803 9.427959351073976e-05 9.478475282489122e-05 2.0397707480622543e-05 0.00021506124393980597 0.00011627900527595792 0.000143953844709318 0.00011815573792054078 0.00015429604418053242 5.785551741374971e-05 7.603295988455213e-05 8.94664836882297e-06 7.547058747794408e-06 7.774564532604742e-05 0.00010626607976190224 3.380707276950046e-05 -5.700209746404751e-05 1.1038505103527989e-05
25 1.3746193873247106e-05 0.00021409204819518537 0.00020437926785690902 7.2464236720475e-05 -5.140465562323188e-05 0.00037931254654652655 0.00016187495610047852 0.0003685416339670163 0.00017389451084666362 -2.6429017726526187e-05 2.0024638678561626e-05 0.0003263923999603586 0.0005837533197994503 0.0001537039090130905 0.0002884656867345774 0.00023191832053886125 0.0003086937380248917 0.0002730053143033241 0.00010161511639333026 8.126828337821191e-06 0.00024213340286686732 0.00024033529252691702 0.00013413270648929078 0.0004270426508024431 0.0013587595355875229 0.00015171542589017506 8.572345910129693e-05 1.90790871792831e-05 -1.758358553003846e-05 6.154754471608943e-06 -3.778502110690998e-06 3.874199299212799e-06 0.0004152639980332912 -3.248109209199169e-05 -3.562211881632566e-05 1.6731574012267582e-06 -6.101579450685001e-05 7.171073845687211e-05 8.851504246385339e-05 -0.0001061090186489198 0.0002424131419609696 6.505894166319475e-05 0.0004192049241819683 -9.621427151116808e-06 0.0001107496828135361 -1.9138239722546113e-05 0.0001561046019200117 0.00014324291735217764 2.8431067266529612e-05 -4.564105398506208e-06 0.0002205265790852221 6.260594182077876e-05 0.00041254492481932446 0.00012268987654925556 5.116125540005265e-05 1.7881835857763263e-05 6.533801795484031e-05 6.182817792269125e-05 -3.11797193888246e-05 4.198213510183883e-05 0.0001382571646144996 0.0004520872699100599 0.0008423620574612284 -8.842241913886907e-05
