0,1,2,3,4,5,6,7,8,9,10,11,12,13,14,15,16,17,18,19,20,21,22,23,24,25,26,27,28,29,30,31,32,33,34,35,36,37,38,39,40,41,42,43,44,45,46,47,48,49,50,51,52,53,54,55,56,57,58,59,60,61,62,63,chain_break_fraction,energy,num_occurrences
1,0,1,1,1,1,0,0,1,0,1,1,1,1,0,0,1,1,0,1,0,0,1,1,1,0,1,0,0,1,0,0,1,0,0,1,1,0,1,1,0,0,0,0,0,0,0,1,1,0,1,1,0,1,1,0,0,0,1,1,0,0,0,1,0.5625,-216.5613642336427,1
1,0,0,1,1,1,0,0,1,0,1,1,1,1,0,1,1,1,0,1,0,0,1,1,1,0,1,0,0,1,0,0,1,0,0,1,1,0,1,1,0,0,0,0,0,0,1,1,1,0,1,1,0,1,1,0,1,0,0,1,0,0,0,0,0.546875,-216.55320924372438,1
1,1,1,0,1,0,1,1,1,1,0,0,1,0,0,0,0,0,1,0,1,1,0,0,1,1,0,1,1,0,1,1,0,1,1,0,0,1,0,0,0,0,1,1,1,1,1,0,0,1,0,0,0,0,0,1,0,1,0,0,1,0,1,1,0.484375,-216.5445035918986,1
1,1,1,0,0,0,1,1,1,1,1,0,1,0,0,0,0,0,0,0,1,1,0,0,1,1,0,1,1,0,1,1,0,1,1,0,0,1,0,0,0,1,1,0,1,1,1,0,0,1,0,0,1,0,0,1,0,1,0,0,1,0,1,1,0.546875,-216.53962732193898,1
1,1,1,0,0,0,1,1,0,1,0,0,1,0,0,0,0,0,0,0,1,1,0,0,1,1,0,1,1,0,1,1,0,1,1,0,0,1,0,0,1,0,1,1,1,1,1,0,0,1,0,0,1,0,0,1,0,1,0,0,1,1,1,1,0.578125,-216.53879697036874,1
1,0,1,0,0,0,1,1,1,1,0,0,0,0,0,0,0,0,0,0,1,1,0,0,1,1,0,1,1,0,1,1,0,1,1,0,0,1,0,0,1,1,1,1,1,1,1,0,0,1,0,0,1,0,0,1,0,1,0,0,1,1,1,1,0.484375,-216.53857166701766,1
1,1,1,0,0,0,1,0,0,1,0,0,0,0,0,0,0,0,0,0,1,1,0,0,1,1,1,1,1,0,1,1,0,1,1,0,0,1,0,0,1,0,1,1,1,1,1,0,0,1,0,0,1,0,0,1,1,1,0,0,1,1,1,1,0.546875,-216.5382789797628,1
0,1,1,0,0,0,1,1,1,1,0,0,1,0,0,0,0,0,1,0,1,1,1,0,1,1,0,1,1,0,0,1,0,1,1,0,0,1,0,0,1,1,1,0,1,1,0,0,0,1,0,0,1,0,0,1,0,1,0,0,1,1,1,1,0.53125,-216.53810531264594,1
1,0,1,0,1,0,1,1,0,1,0,0,0,0,0,0,0,0,0,0,1,1,1,0,1,1,1,1,1,0,1,1,0,1,1,0,0,1,0,0,0,0,1,1,1,1,0,0,1,1,0,0,1,0,0,1,1,1,0,0,1,0,1,1,0.5,-216.53775191708613,1
1,0,1,0,0,0,1,1,0,1,0,0,0,0,0,0,0,0,0,0,1,1,1,0,1,1,1,1,1,0,0,1,0,1,1,0,0,1,0,0,1,1,1,1,1,1,1,0,0,1,0,0,0,0,0,1,1,1,0,0,1,1,1,1,0.546875,-216.53648692094268,1
1,0,1,0,0,0,1,1,0,1,0,0,1,0,0,0,0,0,1,0,1,1,1,0,1,1,0,1,1,0,0,1,0,1,1,0,0,1,0,0,0,1,1,1,1,1,1,0,0,1,0,0,1,0,0,1,1,1,0,0,1,0,1,1,0.53125,-216.53616861279718,1
1,1,1,0,0,0,1,1,0,1,0,0,1,0,0,0,0,0,0,0,1,1,0,0,1,1,1,1,1,0,1,1,0,1,1,0,0,1,0,0,0,0,1,1,1,1,1,0,0,1,0,0,1,0,0,1,1,1,0,0,1,0,1,1,0.53125,-216.53596095883108,1
1,1,1,0,0,0,1,1,1,1,0,0,0,0,0,0,0,0,0,0,1,1,0,0,1,1,1,1,1,0,1,1,0,1,1,0,0,1,0,0,1,1,1,0,1,1,0,0,0,1,0,0,1,0,0,1,0,1,0,0,1,1,1,1,0.484375,-216.5354683103356,1
1,0,1,0,0,0,1,1,0,1,0,0,1,0,0,0,0,0,0,0,1,1,0,0,1,1,0,1,1,0,1,1,0,1,1,0,0,1,0,0,1,1,1,0,1,1,1,0,0,1,0,0,1,0,0,1,1,1,0,0,1,1,1,1,0.5,-216.53524681112887,1
1,1,1,0,0,0,1,1,0,1,1,0,0,0,0,0,0,0,0,0,1,1,1,0,1,1,0,1,1,0,0,1,0,1,1,0,0,1,0,0,1,1,1,1,1,1,1,0,0,1,0,0,0,0,0,1,0,1,0,0,1,1,1,1,0.515625,-216.53494204577564,1
1,1,1,0,0,0,1,1,0,1,0,0,0,0,0,0,0,0,1,0,1,1,1,0,1,1,0,1,1,0,1,1,0,1,1,0,0,1,0,0,1,0,1,1,1,1,1,0,0,1,0,0,0,0,0,1,0,1,0,0,1,1,1,1,0.546875,-216.53380011748297,1
1,1,1,0,0,0,1,1,1,1,0,0,0,0,0,0,0,0,0,0,1,1,0,0,1,1,0,1,1,0,1,1,0,1,1,0,0,1,0,0,1,1,1,0,1,1,1,0,0,1,0,0,1,0,0,1,1,1,0,0,1,0,1,1,0.515625,-216.5336619357546,1
1,0,1,0,1,0,1,1,0,1,0,0,0,0,0,0,0,0,0,0,1,1,0,0,1,1,1,1,1,0,1,1,0,1,1,0,0,1,0,0,1,1,1,0,1,1,1,0,0,1,0,0,1,0,0,1,0,1,0,0,1,1,1,1,0.5,-216.53342635827985,1
1,1,1,0,0,0,1,1,1,1,0,0,1,0,0,0,0,0,0,0,1,1,0,0,1,1,0,1,1,0,1,1,0,1,1,0,0,1,0,0,1,1,1,1,1,1,1,0,0,1,0,0,0,0,0,1,0,1,0,0,1,0,1,1,0.53125,-216.5332358225391,1
1,0,1,0,0,0,1,1,0,1,0,0,0,0,0,0,0,0,1,0,1,1,1,0,1,1,1,1,1,0,1,1,0,1,1,0,0,1,0,0,0,1,1,0,1,1,1,0,0,1,0,0,1,0,0,1,0,1,0,0,1,1,1,1,0.5,-216.53256367469217,1
1,0,1,0,0,0,1,1,0,1,1,0,1,0,0,0,0,0,1,0,1,0,0,0,1,1,1,1,1,0,0,1,0,1,1,0,0,1,0,0,1,1,1,1,1,1,1,0,0,1,0,0,0,0,0,1,1,1,0,0,1,0,1,1,0.53125,-216.5314580638924,1
0,1,1,0,0,0,1,1,0,1,1,1,0,0,0,0,0,0,0,0,1,1,1,0,1,1,0,1,1,0,1,1,0,1,1,0,0,1,0,0,1,0,1,1,1,1,1,0,0,1,0,0,1,0,0,1,0,1,0,0,1,0,1,1,0.546875,-216.53132130077933,1
1,1,1,0,0,0,1,1,0,1,0,0,0,0,0,0,0,0,1,0,1,1,1,0,1,1,0,1,1,0,1,1,0,1,1,0,0,1,0,0,0,1,1,0,1,1,1,0,0,1,0,0,0,0,0,1,1,1,0,0,1,1,1,1,0.5,-216.53056533369352,1
1,0,1,0,1,0,1,1,0,1,0,0,0,0,0,0,0,0,0,0,1,1,1,0,1,1,1,1,1,0,1,1,0,1,1,0,0,1,0,0,1,1,1,0,1,1,1,0,0,1,0,0,0,0,0,1,0,1,0,0,1,1,1,1,0.5625,-216.53056023729965,1
0,1,1,0,1,0,1,1,1,1,0,0,0,0,0,0,0,0,0,0,1,1,0,0,1,1,1,1,1,0,1,1,0,1,1,0,0,1,0,0,0,1,1,1,1,1,0,0,0,1,0,0,1,0,0,1,0,1,0,0,1,1,1,1,0.46875,-216.53038744078148,1
1,1,1,0,0,0,1,1,1,1,0,0,1,0,0,0,0,0,1,0,1,0,0,0,1,1,1,1,1,0,1,1,0,1,1,0,0,1,0,0,1,1,1,0,1,1,1,0,0,1,0,0,0,0,0,1,0,1,0,0,1,0,1,1,0.59375,-216.5303223913657,1
1,0,1,0,0,0,1,1,0,1,0,0,0,0,0,0,0,0,0,0,1,1,1,0,1,1,1,1,1,0,1,1,0,1,1,0,0,1,0,0,1,1,1,0,1,1,1,0,0,1,0,0,1,0,0,1,0,1,0,0,1,1,1,1,0.53125,-216.53021841437135,1
1,0,1,0,0,0,1,1,1,1,0,0,0,0,1,0,0,0,0,0,1,1,0,0,1,1,0,1,1,0,1,1,0,1,1,0,0,1,0,0,1,1,1,1,1,1,1,0,0,1,0,0,0,0,0,1,0,1,0,0,1,1,1,1,0.515625,-216.53009395019131,1
1,0,1,0,0,0,1,1,0,1,0,0,1,0,0,0,0,0,1,0,1,1,0,0,1,1,1,1,1,0,1,1,0,1,1,0,0,1,0,0,1,1,1,0,1,1,1,0,0,1,0,0,1,0,0,1,0,1,0,0,1,0,1,1,0.53125,-216.53008609938635,1
0,0,1,0,1,0,1,0,1,1,0,0,0,0,0,0,0,0,0,0,1,1,1,0,1,1,1,1,1,0,1,1,0,1,1,0,0,1,0,0,1,1,1,0,1,1,1,0,0,1,0,0,1,0,0,1,1,1,0,0,1,0,1,1,0.546875,-216.5300106412802,1
1,0,1,0,0,0,1,1,0,1,0,0,1,0,1,0,0,0,1,0,1,1,0,0,1,1,0,1,1,0,0,1,0,1,1,0,0,1,0,0,0,1,1,1,1,1,1,0,0,1,0,0,1,0,0,1,1,1,0,0,1,0,1,1,0.546875,-216.529925388181,1
0,0,1,0,0,0,1,1,0,1,0,0,1,0,0,0,0,0,1,0,1,1,1,0,1,1,0,1,1,0,1,1,0,1,1,0,0,1,0,0,0,1,1,1,1,1,1,1,0,1,0,0,0,0,0,1,0,1,0,0,1,1,1,1,0.53125,-216.52948435824365,1
1,1,1,0,0,0,1,1,0,1,0,0,1,0,0,0,0,0,1,0,1,1,0,0,0,1,1,1,1,0,1,1,0,1,1,0,0,1,0,0,0,1,1,1,1,1,0,0,0,1,0,0,1,0,0,1,0,1,0,0,1,1,1,1,0.53125,-216.52916280124902,1
1,0,1,0,0,0,1,1,0,1,1,0,0,0,0,0,0,0,1,0,1,1,0,0,1,1,1,1,1,0,1,1,0,1,1,0,0,1,0,0,1,1,1,0,1,1,1,0,0,1,0,0,1,0,0,1,0,1,0,0,1,0,1,1,0.546875,-216.52867756706408,1
1,1,1,0,0,0,1,1,0,1,1,0,1,0,0,0,0,0,0,0,1,1,0,0,1,1,1,1,1,0,1,1,0,1,1,0,0,1,0,0,1,1,1,0,1,1,1,0,0,1,0,0,0,0,0,1,0,1,0,0,1,0,1,1,0.53125,-216.528395820723,1
1,1,1,0,0,0,1,1,0,1,1,0,1,0,0,0,0,0,1,0,1,1,1,0,1,1,0,1,1,0,1,1,0,1,1,0,0,1,0,0,0,1,1,0,1,1,1,0,0,1,0,0,0,0,0,1,0,1,0,0,1,0,1,1,0.515625,-216.5282909920932,1
1,0,1,0,1,0,1,1,0,1,0,0,0,0,0,0,0,0,1,0,1,1,0,0,1,1,1,1,1,0,1,1,0,1,1,0,0,1,0,0,0,1,1,1,1,1,1,0,0,1,0,0,1,0,0,1,0,1,0,0,1,0,1,1,0.5,-216.528225701934,1
1,1,1,0,1,0,1,1,0,1,0,0,0,0,0,0,0,0,0,0,1,0,0,0,1,1,1,1,1,0,0,1,0,1,1,0,0,1,0,0,1,1,1,1,1,1,0,0,0,1,0,0,1,0,0,1,1,1,0,0,1,1,1,1,0.578125,-216.52815224274684,1
0,0,1,0,1,0,1,1,0,1,0,0,0,0,0,0,0,0,1,0,1,1,0,0,1,1,1,1,1,0,1,1,0,1,1,0,0,1,0,0,0,1,1,1,1,1,1,0,0,1,0,0,1,0,0,1,0,1,0,0,1,1,1,1,0.53125,-216.5279737370928,1
1,0,1,0,0,0,1,1,0,1,0,0,0,0,0,0,0,0,1,0,1,1,1,0,1,1,0,1,1,0,1,1,0,1,1,0,0,1,0,0,1,1,1,1,1,1,1,0,0,1,0,0,0,0,0,1,0,1,0,0,1,1,1,1,0.53125,-216.52740016998774,1
1,0,1,0,0,0,1,1,0,1,0,0,0,0,0,0,0,0,0,0,1,1,1,0,0,1,0,1,1,0,1,1,0,1,1,0,0,1,0,0,1,1,1,1,1,1,1,0,0,1,0,0,1,0,0,1,1,1,0,0,1,1,1,1,0.546875,-216.5273497534625,1
1,1,1,0,0,0,1,1,0,1,0,0,1,0,0,0,0,0,0,0,1,1,1,0,1,1,0,1,1,0,1,1,0,1,1,0,0,1,0,0,0,1,1,0,1,1,1,0,0,1,0,0,1,0,0,1,1,1,0,0,1,0,1,1,0.53125,-216.5273441588439,1
1,0,1,0,0,0,1,1,1,1,0,0,0,0,0,0,0,0,0,0,1,1,1,0,1,1,1,1,1,0,1,1,0,1,1,0,0,1,0,0,1,1,1,1,1,1,0,0,0,1,0,0,1,0,0,1,0,1,0,0,1,0,1,1,0.515625,-216.52730235556902,1
1,1,1,0,0,0,1,1,0,1,0,0,0,0,0,0,0,0,0,0,1,1,1,0,1,1,1,1,1,0,1,1,0,1,1,0,0,1,0,0,0,1,1,1,1,1,1,0,0,1,0,0,0,0,0,1,0,1,1,0,1,0,1,1,0.53125,-216.52726525606118,1
1,0,1,0,0,0,1,1,0,1,0,0,1,0,0,0,0,0,0,0,1,0,1,0,1,1,1,1,1,0,1,1,0,1,1,0,0,1,0,0,0,1,1,1,1,1,1,0,0,1,0,0,0,0,0,1,1,1,0,0,1,1,1,1,0.609375,-216.527127780931,1
0,0,1,0,0,0,1,1,0,1,1,0,0,0,0,0,0,0,1,0,1,1,1,0,1,1,0,1,1,0,0,1,0,1,1,0,0,1,0,0,1,1,1,1,1,1,1,0,0,1,0,0,1,0,0,1,1,1,0,0,1,0,1,1,0.546875,-216.52702107351968,1
1,0,1,0,0,0,1,1,1,1,0,0,1,0,1,0,0,0,0,0,1,1,0,0,1,1,1,1,1,0,1,1,0,1,1,0,0,1,0,0,1,1,1,0,1,1,0,0,0,1,0,0,1,0,0,1,0,1,0,0,1,0,1,1,0.53125,-216.52637226309818,1
0,1,1,0,0,0,1,1,0,1,0,0,0,0,0,0,1,0,0,0,1,1,1,0,1,1,1,1,1,0,1,1,0,1,1,0,0,1,0,0,1,0,1,1,1,1,1,0,0,1,0,0,1,0,0,1,0,1,0,0,1,0,1,1,0.53125,-216.52584340077834,1
1,1,1,0,1,0,1,1,0,1,0,0,0,0,0,0,0,0,0,0,1,0,0,0,1,1,1,1,1,0,1,1,0,1,1,0,0,1,0,0,1,1,1,0,1,1,1,0,0,1,0,0,1,0,0,1,0,1,0,0,1,1,1,1,0.484375,-216.52570523064097,1
0,0,1,0,0,0,1,1,0,1,1,0,0,0,0,0,0,0,1,0,1,1,1,0,1,1,0,1,1,0,1,1,0,1,1,0,0,1,0,0,0,1,1,1,1,1,1,0,0,1,0,0,0,0,0,1,1,1,0,0,1,1,1,1,0.53125,-216.5256034910711,1
1,0,1,0,0,0,1,1,0,1,0,0,0,0,0,0,0,0,1,0,1,1,0,0,1,1,1,1,1,0,1,1,0,1,1,0,0,1,0,0,1,1,1,1,1,1,1,0,0,1,0,0,0,0,0,1,1,1,0,0,1,0,1,1,0.546875,-216.52548181790974,1
0,0,1,0,1,0,1,1,0,1,0,0,0,0,0,0,0,0,0,0,1,1,0,0,1,1,1,1,1,0,1,1,0,1,1,0,0,1,0,0,1,1,1,1,1,1,1,0,0,1,0,0,1,0,0,1,0,1,0,0,1,1,1,1,0.515625,-216.5253562727506,1
1,1,1,0,0,0,1,1,0,1,0,0,1,0,0,0,0,0,0,0,1,1,0,0,1,1,1,1,1,0,1,1,0,1,1,0,0,1,0,0,1,1,1,1,1,1,1,0,0,1,0,0,0,0,0,1,0,1,0,0,1,0,1,1,0.515625,-216.52490000905163,1
1,0,1,0,0,0,1,1,0,1,0,0,0,0,0,0,0,0,0,0,1,0,1,0,1,1,1,1,1,0,1,1,0,1,1,0,0,1,0,0,0,1,1,1,1,1,1,0,0,1,0,0,1,0,0,1,1,1,0,0,1,1,1,1,0.5,-216.52479446264405,1
1,0,1,0,0,0,1,1,0,1,0,0,1,0,0,0,0,0,0,0,1,1,1,0,1,1,1,1,1,0,1,1,0,1,1,0,0,1,0,0,1,1,1,1,1,1,1,0,0,1,0,0,0,0,0,1,0,1,0,0,1,0,1,1,0.578125,-216.5247451176494,1
1,0,1,0,0,0,1,1,0,1,0,0,1,0,0,0,0,0,0,0,1,1,1,0,1,1,1,1,1,0,1,1,0,1,1,0,0,1,0,0,1,1,1,1,1,1,1,0,0,1,0,0,0,0,0,1,0,1,0,0,1,0,1,1,0.53125,-216.5247451176494,1
1,0,1,0,0,0,1,1,0,1,0,0,0,0,0,0,0,0,1,0,1,0,1,0,1,1,1,1,1,0,1,1,0,1,1,0,0,1,0,0,1,1,1,0,1,1,1,0,0,1,0,0,1,0,0,1,0,1,0,0,1,1,1,1,0.53125,-216.52471376297382,1
1,0,1,0,0,0,1,1,1,1,0,0,0,0,1,0,0,0,0,0,1,1,0,0,1,1,0,1,1,0,1,1,0,1,1,0,0,1,0,0,1,1,1,1,1,1,1,0,0,1,0,0,0,0,0,1,1,1,0,0,1,0,1,1,0.546875,-216.5245187198961,1
1,0,1,0,1,0,1,1,0,1,0,0,0,0,1,0,0,0,0,0,1,1,0,0,1,1,0,1,1,0,1,1,0,1,1,0,0,1,0,0,0,1,1,1,1,1,1,0,0,1,0,0,1,0,0,1,0,1,0,0,1,1,1,1,0.5625,-216.52444163743354,1
1,1,1,0,0,0,1,1,0,1,0,0,0,0,0,0,0,0,1,0,1,1,1,0,1,1,1,1,1,0,1,1,0,1,1,0,0,1,0,0,0,1,1,1,1,1,0,0,0,1,0,0,0,0,0,1,0,1,0,0,1,1,1,1,0.53125,-216.52437116759083,1
1,0,1,0,0,0,1,1,1,1,0,0,0,0,1,0,0,0,0,0,1,0,0,0,1,1,0,1,1,0,1,1,0,1,1,0,0,1,0,0,1,1,1,1,1,1,1,0,0,1,0,0,0,0,0,1,1,1,0,0,1,1,1,1,0.546875,-216.52435125874015,1
1,0,1,0,0,0,1,1,0,1,0,0,1,0,0,0,0,0,0,0,1,1,0,0,1,1,1,1,1,0,1,1,0,1,1,0,0,1,0,0,1,1,1,1,1,1,0,0,0,1,0,0,1,0,0,1,1,1,0,0,1,0,1,1,0.546875,-216.52389764100948,1
0,1,1,0,0,0,1,1,0,1,1,0,0,0,0,0,1,0,0,0,1,1,0,0,1,1,0,1,1,0,1,1,0,1,1,0,0,1,0,0,1,1,1,0,1,1,1,0,0,1,0,0,1,0,0,1,1,1,0,0,1,0,1,1,0.53125,-216.52329765262905,1
1,1,1,0,0,0,1,1,0,1,0,0,0,0,1,0,0,0,1,0,1,1,1,0,1,1,0,1,1,0,0,1,0,1,1,0,0,1,0,0,0,1,1,1,1,1,1,0,0,1,0,0,1,0,0,1,0,1,0,0,1,1,1,0,0.5,-216.52325402397602,1
1,1,1,0,0,0,1,1,0,1,0,0,0,0,0,0,0,0,0,0,1,1,0,0,1,1,1,1,1,0,1,1,0,1,1,0,0,1,0,0,1,1,1,1,1,1,1,0,0,1,0,0,1,0,0,1,0,1,0,0,1,0,1,1,0.515625,-216.52303966173093,1
0,0,1,0,0,0,1,1,0,1,1,0,0,0,0,0,0,0,1,0,1,1,1,0,1,1,0,1,1,0,1,1,0,1,1,0,0,1,0,0,1,1,1,1,1,1,1,0,0,1,0,0,0,0,0,1,0,1,0,0,1,1,1,1,0.546875,-216.5228351475479,1
0,1,1,0,0,0,1,1,0,1,1,0,1,0,0,0,0,0,1,0,1,1,1,0,1,1,0,1,1,0,1,1,0,1,1,0,0,1,0,0,0,1,1,0,1,1,1,0,0,1,0,0,0,0,0,1,1,1,0,0,1,0,1,1,0.5,-216.52265603441745,1
0,0,1,0,0,0,1,1,0,1,1,0,1,0,0,0,0,0,0,0,1,1,1,0,1,1,1,1,1,0,1,1,0,1,1,0,0,1,0,0,0,1,1,1,1,1,1,0,0,1,0,0,1,0,0,1,0,1,0,0,1,0,1,1,0.546875,-216.52259014924783,1
1,0,1,0,0,0,1,1,0,1,0,0,0,0,0,0,0,0,0,0,1,1,1,0,1,1,1,1,1,0,1,1,0,1,1,0,0,1,0,0,1,1,1,1,1,1,1,0,0,1,0,0,1,0,0,1,0,1,0,0,1,0,1,1,0.515625,-216.52250960146353,1
0,1,1,0,1,0,1,1,0,1,1,0,0,0,0,0,0,0,1,0,1,1,1,0,1,1,0,1,1,0,1,1,0,1,1,0,0,1,0,0,0,1,1,0,1,1,0,0,0,1,0,0,1,0,0,1,0,1,0,0,1,1,1,1,0.5,-216.52246011715206,1
1,1,1,0,0,0,1,1,0,1,0,0,0,0,0,0,0,0,0,0,1,0,1,0,1,1,0,1,1,0,1,1,0,1,1,0,0,1,0,0,0,1,1,1,1,1,1,0,0,1,0,0,1,0,0,1,1,1,0,0,1,1,1,1,0.5,-216.52242153805193,1
0,1,1,0,0,0,1,1,1,1,0,0,1,0,0,0,0,0,0,0,1,0,1,0,1,1,1,1,1,0,1,1,0,1,1,0,0,1,0,0,1,1,1,0,1,1,1,0,0,1,0,0,1,0,0,1,0,1,0,0,1,0,1,1,0.5,-216.5223676532589,1
1,1,1,0,0,0,1,1,0,1,0,0,0,0,1,0,0,0,0,0,1,1,0,0,1,1,1,1,1,0,1,1,0,1,1,0,0,1,0,0,1,0,1,1,1,1,1,0,0,1,0,0,1,0,0,1,0,1,0,0,1,0,1,1,0.515625,-216.52227303323804,1
1,0,1,0,0,0,1,1,0,1,0,0,0,0,1,1,0,0,1,0,1,1,0,0,1,1,0,1,1,0,1,1,0,1,1,0,0,1,0,0,0,1,1,1,1,1,1,0,0,1,0,0,0,0,0,1,0,1,0,0,1,1,1,1,0.53125,-216.5222281818769,1
0,1,1,0,1,0,1,1,0,1,0,0,0,0,0,0,0,0,0,0,1,1,1,0,1,1,1,1,1,0,1,1,0,1,1,0,0,1,0,0,1,1,1,0,1,1,1,0,0,1,0,0,0,0,0,1,0,1,0,0,1,1,1,1,0.546875,-216.52216310105462,1
1,1,1,0,0,0,1,1,0,1,0,0,1,0,0,0,0,0,0,0,1,1,1,0,1,1,0,1,1,0,1,1,0,1,1,0,0,1,0,0,1,1,1,1,1,1,1,0,0,1,0,0,0,0,0,1,0,1,0,0,1,0,1,1,0.578125,-216.5221224365205,1
1,0,1,0,1,0,1,1,0,1,1,0,0,0,0,0,0,0,0,0,1,1,0,0,1,1,1,1,1,0,1,1,0,1,1,0,0,1,0,0,1,1,1,1,1,1,1,0,0,1,0,0,0,0,0,1,1,1,0,0,1,0,1,0,0.5625,-216.52184688423702,1
1,0,1,0,0,0,1,1,0,1,0,0,1,0,0,1,0,0,0,0,1,0,0,0,1,1,0,1,1,0,1,1,0,1,1,0,0,1,0,0,1,1,1,1,1,1,0,0,0,1,0,0,1,0,0,1,1,1,0,0,1,1,1,1,0.53125,-216.52184309272045,1
1,0,1,0,0,0,1,1,0,1,0,0,0,0,1,0,0,0,1,0,1,1,0,0,1,1,0,1,1,0,1,1,0,1,1,0,0,1,0,0,1,1,1,1,1,1,1,0,0,1,0,0,0,0,0,1,0,1,0,0,1,1,1,1,0.5,-216.52182886377543,1
1,0,1,0,0,0,1,1,0,1,0,0,0,0,0,0,0,0,1,0,1,0,1,0,1,1,0,1,1,0,1,1,0,1,1,0,0,1,0,0,1,1,1,1,1,1,1,0,0,1,0,0,1,0,0,1,0,1,0,0,1,1,1,1,0.53125,-216.52164889972516,1
1,0,1,0,0,0,1,1,0,1,0,0,0,0,0,0,0,0,1,0,1,0,1,0,1,1,0,1,1,0,1,1,0,1,1,0,0,1,0,0,1,1,1,1,1,1,1,0,0,1,0,0,1,0,0,1,0,1,0,0,1,1,1,1,0.5625,-216.52164889972516,1
1,1,1,0,0,0,1,1,0,1,1,0,0,0,1,0,0,0,0,0,1,0,0,0,1,1,1,1,1,0,0,1,0,1,1,0,0,1,0,0,1,1,1,0,1,1,1,1,0,1,0,0,0,0,0,1,1,1,0,0,1,0,1,1,0.578125,-216.52161195211883,1
1,1,1,0,0,0,1,0,0,1,0,0,1,0,0,1,0,0,0,0,1,0,0,0,1,1,1,1,1,0,1,1,0,1,1,0,0,1,0,0,1,1,1,1,1,1,0,0,0,1,0,0,1,0,0,1,0,1,0,0,1,1,1,1,0.515625,-216.5215807560851,1
1,0,1,0,0,0,1,1,0,1,0,0,1,0,0,0,0,0,0,0,1,1,1,0,1,1,0,1,1,0,1,1,0,1,1,0,0,1,0,0,1,1,1,1,1,1,0,0,0,1,0,0,1,0,0,1,1,1,0,0,1,1,1,0,0.5,-216.52147511876242,1
1,1,1,0,0,0,1,1,0,1,0,0,0,0,1,0,0,0,1,0,1,1,1,0,1,1,0,1,1,0,1,1,0,1,1,0,0,1,0,0,0,0,1,1,1,1,1,0,0,1,0,0,0,0,0,1,1,1,0,0,1,0,1,1,0.515625,-216.52141597298913,1
1,0,1,0,1,0,1,0,0,1,0,0,0,0,0,0,0,0,1,0,1,1,1,0,1,1,1,1,1,0,1,1,0,1,1,0,0,1,0,0,1,1,1,1,1,1,0,0,0,1,0,0,1,0,0,1,0,1,0,0,1,0,1,1,0.5,-216.52117837236918,1
1,1,1,0,0,0,1,0,1,1,0,0,0,0,1,0,0,0,0,0,1,1,1,0,1,1,1,1,1,0,1,1,0,1,1,0,0,1,0,0,0,1,1,1,1,1,0,0,0,1,0,0,1,0,0,1,0,1,0,0,1,0,1,1,0.515625,-216.52076816543686,1
1,0,1,0,0,0,1,0,0,1,0,0,1,0,1,0,0,0,1,0,1,1,0,0,1,1,0,1,1,0,1,1,0,1,1,0,0,1,0,0,1,1,1,1,1,1,1,0,0,1,0,0,1,0,0,1,0,1,0,0,1,0,1,1,0.546875,-216.5205390996017,1
1,1,1,0,0,0,1,1,0,1,0,0,0,0,0,0,0,0,0,0,1,1,1,0,1,1,0,1,1,0,1,1,0,1,1,0,0,1,0,0,1,1,1,1,1,1,1,0,0,1,0,0,1,0,0,1,0,1,0,0,1,0,1,1,0.5625,-216.52011056102012,1
0,0,1,0,0,0,1,1,0,1,1,0,0,0,1,0,0,0,1,0,1,1,0,0,1,1,0,1,1,0,1,1,0,1,1,0,0,1,0,0,1,1,1,0,1,1,1,0,0,1,0,0,1,0,0,1,0,1,0,0,1,1,1,1,0.5625,-216.5200762924945,1
1,0,1,0,0,0,1,1,0,1,0,0,1,0,0,0,0,0,0,0,1,0,0,0,1,1,1,1,1,0,1,1,0,1,1,0,0,1,0,0,1,1,1,1,1,1,1,0,0,1,0,0,1,0,0,1,1,1,0,0,1,1,0,1,0.53125,-216.5200248977812,1
1,1,1,0,0,0,1,1,1,1,0,0,0,0,0,0,0,0,0,0,1,0,1,0,1,1,1,1,1,0,1,1,0,1,1,0,0,1,0,0,1,1,1,1,1,1,0,0,0,1,0,0,1,0,0,1,0,1,0,0,1,0,1,1,0.515625,-216.51977854912417,1
0,1,1,0,0,0,1,1,0,1,0,0,0,0,0,0,0,0,1,0,1,1,0,0,1,1,1,1,1,0,1,1,0,1,1,0,0,1,0,0,1,1,1,0,1,1,1,0,0,1,0,0,1,0,0,1,1,1,0,0,1,0,1,1,0.53125,-216.5193718970067,1
1,0,1,0,0,0,1,1,0,1,0,0,0,0,1,0,1,0,0,0,1,1,0,0,1,1,1,1,1,0,1,1,0,1,1,0,0,1,0,0,1,1,1,1,1,1,1,0,0,1,0,0,0,0,0,1,0,1,0,0,1,0,1,1,0.484375,-216.5193518166357,1
0,0,1,0,0,0,1,1,0,1,0,0,1,0,0,0,0,0,1,0,1,1,1,0,1,1,1,1,1,0,1,1,0,1,1,0,0,1,0,0,1,1,1,1,1,1,1,0,0,1,0,0,0,0,0,1,0,1,0,0,1,0,1,1,0.546875,-216.51928037544118,1
1,0,1,0,0,0,1,1,0,1,0,0,0,0,1,0,1,0,0,0,1,1,0,0,1,1,0,1,1,0,1,1,0,1,1,0,0,1,0,0,1,1,1,1,1,1,1,0,0,1,0,0,1,0,0,1,0,1,0,0,1,0,1,1,0.5,-216.51925282751054,1
1,0,1,0,0,0,1,1,0,1,1,0,0,0,0,0,0,0,1,0,1,1,1,0,1,1,0,1,1,0,1,1,0,1,1,0,0,1,0,0,1,1,1,1,1,1,0,0,0,1,0,0,1,0,0,1,0,1,0,0,1,0,1,1,0.546875,-216.5190192362237,1
1,0,1,0,0,0,1,1,1,1,0,0,1,0,1,0,0,0,0,0,1,1,0,0,1,1,1,1,1,0,1,1,0,1,1,0,0,1,0,0,1,1,1,1,1,1,0,0,0,1,0,0,1,0,0,1,0,1,0,0,1,0,1,0,0.546875,-216.51889432693508,1
1,0,1,0,0,0,1,1,0,1,0,0,0,0,0,0,0,0,1,0,1,1,1,0,1,1,0,1,1,0,1,1,0,1,1,0,0,1,0,0,1,1,1,1,1,1,0,0,0,1,0,0,1,0,0,1,1,1,0,0,1,0,1,1,0.5,-216.51888230220365,1
0,0,1,0,0,0,1,0,0,1,0,0,0,0,0,0,0,0,1,0,1,0,1,0,1,1,1,1,1,0,1,1,0,1,1,0,0,1,0,0,1,1,1,1,1,1,1,0,0,1,0,0,1,0,0,1,1,1,0,0,1,1,1,1,0.515625,-216.5188619405074,1
1,1,1,0,0,0,1,1,0,1,0,0,1,0,0,0,1,0,0,0,1,0,1,0,1,1,1,1,1,0,1,1,0,1,1,0,0,1,0,0,1,1,1,0,1,1,0,0,0,1,0,0,1,0,0,1,0,1,0,0,1,0,1,1,0.515625,-216.5187278296133,1
0,1,1,0,0,0,1,1,0,1,0,0,0,0,1,0,0,0,0,0,1,1,0,0,1,1,0,1,1,0,1,1,0,1,1,0,0,1,0,0,0,1,1,1,1,1,1,1,0,1,0,0,1,0,0,1,0,1,0,0,1,1,1,1,0.53125,-216.51837636874407,1
1,1,1,0,0,0,1,1,0,1,0,0,1,0,0,0,0,0,1,0,1,1,1,0,1,1,1,1,1,0,1,1,0,1,1,0,0,1,0,0,0,1,1,1,1,1,1,0,0,1,0,0,0,0,0,1,0,1,0,0,1,0,0,1,0.5625,-216.51806329343975,1
0,0,1,0,0,0,1,1,0,1,0,0,0,0,0,0,0,0,1,0,1,1,1,0,1,1,1,1,1,0,1,1,0,1,1,0,0,1,0,0,1,1,1,1,1,1,1,0,0,1,0,0,1,0,0,1,0,1,0,0,1,0,1,1,0.609375,-216.51712274771904,1
0,0,1,0,0,0,1,1,0,1,0,0,0,0,0,0,0,0,1,0,1,1,1,0,1,1,1,1,1,0,1,1,0,1,1,0,0,1,0,0,1,1,1,1,1,1,1,0,0,1,0,0,1,0,0,1,0,1,0,0,1,0,1,1,0.578125,-216.51712274771904,1
1,0,1,0,0,0,1,1,0,1,0,0,0,0,1,0,0,0,0,0,1,1,0,0,1,1,1,1,1,0,1,1,0,1,1,0,0,1,0,0,1,1,1,1,1,1,1,0,0,1,0,0,1,0,0,1,0,1,0,0,1,0,1,1,0.484375,-216.51675280881167,1
1,1,1,0,0,0,1,1,0,1,0,0,1,0,1,0,0,0,0,0,1,1,1,0,1,1,0,1,1,0,1,1,0,1,1,0,0,1,0,0,0,1,1,1,1,1,1,0,0,1,0,0,0,0,0,1,0,1,0,0,1,0,1,1,0.484375,-216.51514508340185,1
1,1,1,0,0,0,1,1,0,1,0,0,0,0,0,0,0,0,0,0,1,0,1,0,1,1,1,1,1,0,1,1,0,1,1,0,0,1,0,0,1,1,1,1,1,1,1,0,0,1,0,0,1,0,0,1,0,1,0,0,1,0,1,1,0.5625,-216.5149038211108,1
1,1,1,0,0,0,1,0,0,1,0,0,0,0,1,0,0,0,1,0,1,1,1,0,1,1,0,1,1,0,1,1,0,1,1,0,0,1,0,0,1,1,1,0,1,1,1,0,0,1,0,0,0,0,0,1,1,1,0,0,1,0,1,1,0.53125,-216.5148479647438,1
0,1,1,0,0,0,1,1,0,1,0,0,0,0,0,0,0,0,0,0,1,1,1,0,1,1,0,1,1,0,1,1,0,1,1,0,0,1,0,0,1,1,1,1,1,1,1,0,0,1,0,0,1,0,0,1,1,1,0,0,1,0,1,1,0.59375,-216.51423861092354,1
0,0,1,0,1,0,0,1,0,1,1,0,1,0,1,0,0,0,0,0,1,0,0,0,1,1,0,1,1,0,1,1,0,1,1,0,0,1,0,0,1,1,1,1,1,1,1,0,0,1,0,0,1,0,0,1,0,1,0,0,1,1,1,1,0.515625,-216.51400474957975,1
1,1,1,0,0,0,1,1,1,1,0,0,0,0,1,0,0,0,0,0,1,0,1,0,1,1,0,1,1,0,1,1,0,1,1,0,0,1,0,0,1,1,1,1,1,1,1,0,0,1,0,0,0,0,0,1,0,1,0,0,1,0,1,1,0.5625,-216.5138540915202,1
1,1,1,0,0,0,1,1,0,1,0,0,0,0,1,0,0,0,1,0,1,1,0,0,1,1,0,1,1,0,1,1,0,1,1,0,0,1,0,0,1,1,1,1,1,1,1,0,0,1,0,0,0,0,0,1,0,1,0,0,1,0,1,1,0.5625,-216.51372415223395,1
1,1,1,0,0,0,1,1,0,1,1,0,0,0,0,0,0,0,0,0,1,0,0,0,1,1,1,1,1,0,1,1,0,1,1,0,0,1,0,0,1,1,1,1,1,1,1,0,0,1,0,0,1,0,0,1,1,1,0,0,1,0,1,0,0.578125,-216.51370354577705,1
1,1,1,0,0,0,1,1,0,1,0,0,0,0,0,0,0,0,1,0,1,1,1,0,1,1,1,1,1,0,1,1,0,1,1,0,0,1,0,0,1,1,1,1,1,1,1,0,0,1,0,0,0,0,0,1,0,1,0,0,1,0,0,1,0.546875,-216.51333053081063,1
1,1,1,0,0,0,1,1,0,1,0,0,0,0,1,0,0,0,0,0,1,1,0,0,1,1,0,1,1,0,1,1,0,1,1,0,0,1,0,0,1,1,1,1,1,1,1,0,0,1,0,0,0,0,0,1,1,1,0,0,1,1,1,0,0.53125,-216.51327331507684,1
0,1,1,0,0,0,1,1,0,1,0,0,1,0,0,0,0,0,0,0,1,1,1,0,1,1,1,1,1,0,1,1,0,1,1,0,0,1,0,0,1,1,1,1,1,1,0,0,0,1,0,0,1,0,0,1,0,1,0,0,1,0,1,1,0.46875,-216.5130579189279,1
1,1,1,0,0,0,1,1,0,1,0,0,0,0,1,0,0,0,0,0,1,1,1,0,1,1,0,1,1,0,1,1,0,1,1,0,0,1,0,0,0,1,1,1,1,1,1,0,0,1,0,0,0,0,0,1,1,1,0,0,1,0,1,1,0.515625,-216.51282054088824,1
1,1,1,0,0,0,1,1,0,1,0,0,0,0,1,0,0,0,1,0,1,1,0,0,1,1,0,1,1,0,1,1,0,1,1,0,0,1,0,0,1,1,1,1,1,1,0,0,0,1,0,0,1,0,0,1,0,1,0,0,1,0,1,1,0.5,-216.51046146886455,1
0,0,1,0,0,0,1,1,0,1,0,0,1,0,1,0,1,0,0,0,1,0,1,0,1,1,1,1,1,0,1,1,0,1,1,0,0,1,0,0,1,1,1,0,1,1,0,1,0,1,0,0,1,0,0,1,0,1,0,0,1,0,1,1,0.53125,-216.50933476202385,1
0,1,1,0,0,0,1,1,0,1,0,0,0,0,0,0,0,0,1,0,1,0,1,0,1,1,1,1,1,0,1,1,0,1,1,0,0,1,0,0,1,1,1,1,1,1,1,0,0,1,0,0,0,0,0,1,1,1,0,0,1,0,1,1,0.515625,-216.50890880407582,1
0,1,1,0,0,0,1,1,0,1,0,0,1,0,1,0,0,0,0,0,1,0,0,0,1,1,1,1,1,0,1,1,0,1,1,0,0,1,0,0,1,1,1,1,1,1,0,0,0,1,0,0,1,0,0,1,0,1,0,0,1,1,1,1,0.546875,-216.50657366962918,1
1,0,1,1,1,1,0,1,1,0,1,1,0,1,0,1,1,1,0,1,0,0,0,1,1,0,0,0,0,1,0,0,1,0,0,1,1,0,1,1,0,0,0,0,0,0,1,1,1,0,1,1,0,1,1,0,1,0,1,1,0,1,0,0,0.546875,-216.34831815078266,1
1,0,1,0,0,0,1,1,0,1,1,0,1,0,0,0,0,0,1,0,1,1,0,0,1,1,0,1,1,0,1,1,0,1,1,0,0,1,0,0,0,0,1,0,1,1,1,0,0,1,0,0,1,0,0,1,0,1,0,0,1,1,1,1,0.53125,-216.33767501648222,1
1,0,1,1,0,0,1,1,1,1,0,0,0,0,0,0,0,0,0,0,1,1,1,0,1,1,0,1,1,0,1,1,0,1,1,0,0,1,0,0,1,0,1,1,1,1,1,0,0,1,0,0,1,0,0,1,1,1,0,0,1,0,1,1,0.53125,-216.33311804999298,1
1,0,1,0,0,0,1,1,1,1,0,0,0,0,0,0,0,0,0,0,1,1,1,0,1,1,0,1,1,0,1,1,0,1,1,0,0,1,0,0,0,1,1,0,1,1,1,0,0,1,0,0,0,0,0,1,1,1,0,0,1,1,1,1,0.5,-216.3317077700523,1
1,0,1,0,0,0,1,1,1,1,0,0,1,0,0,0,0,0,0,0,1,0,0,0,1,1,1,1,1,0,0,1,0,1,1,0,0,1,0,0,1,1,1,1,1,1,1,0,0,1,0,0,1,0,0,1,1,1,0,0,1,1,1,1,0.53125,-216.330535678296,1
1,0,1,0,0,0,1,1,1,1,0,0,0,0,0,0,0,0,1,0,1,1,1,0,1,1,0,1,1,0,1,1,0,1,1,0,0,1,0,0,0,1,1,0,1,1,1,1,0,1,0,0,1,0,0,1,0,1,0,0,1,1,1,1,0.5,-216.32982610133396,1
1,0,1,0,0,0,1,1,0,1,0,0,0,0,0,0,0,0,0,0,1,1,0,0,1,1,1,1,1,0,1,1,0,1,1,0,0,1,0,0,1,0,1,1,1,1,1,0,0,1,0,0,1,0,0,1,0,1,0,0,1,1,1,1,0.578125,-216.3296666864556,1
1,0,1,0,0,0,1,1,1,1,0,0,1,0,1,0,0,0,1,0,1,1,0,0,1,1,0,1,1,0,1,1,0,1,1,0,0,1,0,0,0,0,1,1,1,1,1,0,0,1,0,0,0,0,0,1,1,1,0,0,1,1,1,1,0.5,-216.32937286973012,1
0,0,1,1,0,0,1,1,0,1,1,0,0,0,0,0,0,0,1,0,1,1,1,0,1,1,0,1,1,0,0,1,0,1,1,0,0,1,0,0,0,1,1,1,1,1,1,0,0,1,0,0,1,0,0,1,1,1,0,0,1,1,1,1,0.5625,-216.32813435263256,1
1,1,1,0,0,0,1,1,0,1,0,0,1,0,0,0,0,0,0,0,1,1,0,0,1,1,1,1,1,0,0,1,0,1,1,0,0,1,0,0,0,1,1,1,1,1,1,0,0,1,0,0,1,0,0,1,1,1,0,0,1,1,1,1,0.546875,-216.32795757999972,1
1,0,1,0,0,0,1,1,0,1,0,0,1,0,0,0,0,0,0,0,1,1,0,0,1,1,1,1,1,0,0,1,0,1,1,0,0,1,0,0,1,1,1,1,1,1,1,0,0,1,0,0,1,0,0,1,1,1,0,0,1,1,1,1,0.546875,-216.3276762089189,1
1,0,1,0,1,0,1,1,0,1,0,0,0,0,0,0,0,0,1,0,1,1,1,0,1,1,0,1,1,0,1,1,0,1,1,0,0,1,0,0,0,0,1,1,1,1,1,1,0,1,0,0,0,0,0,1,0,1,0,0,1,0,1,1,0.5,-216.32709984238846,1
1,1,1,0,0,0,1,1,0,1,0,0,0,0,0,0,0,0,1,0,1,1,1,0,1,1,1,1,1,0,1,1,0,1,1,0,0,1,0,0,1,0,1,0,1,1,1,0,0,1,0,0,0,1,0,1,0,1,0,0,1,1,1,1,0.59375,-216.3263559931934,1
1,0,1,0,0,0,1,1,0,1,1,0,0,0,0,0,0,0,0,0,1,1,1,0,1,1,0,1,1,0,0,1,0,1,1,0,0,1,0,0,1,1,1,1,1,1,1,1,0,1,0,0,0,0,0,1,1,1,0,0,1,1,1,1,0.546875,-216.3262578309601,1
1,1,1,0,0,0,1,1,0,1,1,0,0,0,0,0,0,0,0,0,1,0,0,0,1,1,0,1,1,0,0,1,0,1,1,0,0,1,0,0,0,1,1,1,1,1,1,0,0,1,0,0,1,0,0,1,1,1,0,0,1,1,1,1,0.546875,-216.32570695541665,1
1,1,1,0,0,0,1,1,1,1,0,0,0,0,0,0,0,0,0,0,1,1,0,0,0,1,1,1,1,0,1,1,0,1,1,0,0,1,0,0,1,1,1,0,1,1,1,0,0,1,0,0,1,0,0,1,1,1,0,0,1,1,1,1,0.53125,-216.32558303500318,1
1,0,1,0,0,0,1,0,0,1,0,0,1,0,0,0,0,0,1,0,1,1,0,0,1,1,0,1,1,0,1,1,0,1,1,0,0,1,0,0,1,1,1,1,1,1,1,0,0,1,0,0,0,0,0,1,0,1,0,0,1,1,1,1,0.515625,-216.32501227526498,1
1,0,1,0,0,0,1,1,0,1,0,0,1,0,0,0,0,0,0,0,1,1,1,0,1,1,1,1,1,0,1,1,0,1,1,0,0,1,0,0,1,0,1,1,1,1,1,0,0,1,0,0,1,0,0,1,0,1,0,0,1,1,1,1,0.546875,-216.32484564125113,1
1,1,1,0,0,0,1,1,0,1,0,0,0,0,0,0,0,0,0,0,1,0,1,0,1,1,1,1,1,0,0,1,0,1,1,0,0,1,0,0,0,1,1,0,1,1,1,0,0,1,0,0,1,0,0,1,1,1,0,0,1,1,1,1,0.5,-216.32455950256613,1
0,0,1,0,0,0,1,1,0,1,0,0,1,0,0,0,0,0,0,0,1,1,0,0,1,1,1,1,1,0,1,1,0,1,1,0,0,1,0,0,1,0,1,1,1,1,0,0,1,1,0,0,1,0,0,1,1,1,0,0,1,0,1,1,0.53125,-216.324440638902,1
1,1,1,0,0,0,1,0,0,1,1,0,0,0,0,0,0,0,0,0,1,1,0,0,1,1,1,1,1,0,1,1,0,1,1,0,0,1,0,0,1,1,1,0,1,1,1,0,0,1,0,0,1,0,0,1,0,1,1,0,1,1,1,1,0.5625,-216.32434672501617,1
1,0,1,0,0,0,1,1,1,1,0,0,0,0,0,0,0,0,0,0,1,1,0,0,1,1,0,1,1,0,1,1,0,1,1,0,0,1,0,0,1,1,1,1,1,1,1,0,0,1,0,0,1,0,0,1,0,1,0,0,1,0,1,1,0.5625,-216.3242377027725,1
1,1,1,0,0,0,1,1,1,1,0,0,0,0,0,0,0,0,1,0,1,1,1,0,1,1,0,1,1,0,1,1,0,1,1,0,0,1,0,0,1,0,1,1,1,1,1,0,0,1,0,0,1,0,0,1,0,1,0,0,1,0,1,1,0.5625,-216.3236461981249,1
1,1,1,0,0,0,1,0,0,1,0,0,0,0,0,0,0,0,0,0,1,1,0,0,1,1,1,1,1,0,1,1,0,1,1,0,0,1,0,0,1,0,1,1,1,1,1,0,0,1,0,0,1,0,0,1,1,1,0,0,1,0,1,1,0.5,-216.32349457577342,1
1,0,1,0,0,0,1,1,1,1,0,0,0,0,0,1,0,0,0,0,1,1,0,0,1,1,1,1,1,0,1,1,0,1,1,0,0,1,0,0,1,1,1,1,1,1,1,0,0,1,0,0,0,0,0,1,0,1,0,0,1,1,1,1,0.53125,-216.32346407713908,1
1,0,1,0,0,0,1,1,0,1,0,0,0,0,0,0,0,0,1,0,1,1,0,0,0,1,1,1,1,0,1,1,0,1,1,0,0,1,0,0,1,1,1,0,1,1,1,0,0,1,0,0,1,0,0,1,0,1,0,0,1,1,1,1,0.5,-216.32335288550496,1
1,0,1,0,0,0,1,1,0,1,0,0,0,0,0,0,0,0,0,0,1,1,1,0,1,1,1,1,1,0,0,1,0,1,1,0,0,1,0,0,1,1,1,1,1,1,1,0,0,1,0,0,1,0,0,1,1,1,0,0,1,1,1,1,0.546875,-216.32307520961552,1
1,0,1,0,0,0,1,1,1,1,0,0,1,0,0,0,0,0,0,0,1,1,0,0,1,1,1,1,1,0,1,1,0,1,1,0,0,1,0,0,1,1,1,1,1,1,0,0,0,1,0,0,0,0,0,1,0,1,0,0,1,0,1,1,0.546875,-216.32287537060907,1
1,1,1,0,0,0,1,1,0,1,0,0,0,0,0,0,0,0,0,0,1,1,1,0,1,1,1,1,1,0,1,1,0,1,1,0,0,1,0,0,1,0,1,0,1,1,1,0,0,1,0,0,1,0,0,1,1,1,0,0,1,1,1,1,0.515625,-216.32273903439028,1
1,0,1,0,0,0,1,1,0,1,0,0,1,0,0,0,0,0,1,0,1,1,0,0,1,1,1,1,1,0,1,1,0,1,1,0,0,1,0,0,1,0,1,1,1,1,1,0,0,1,0,0,1,0,0,1,1,1,0,0,1,0,1,1,0.5625,-216.3224669480436,1
1,0,1,0,0,0,1,1,1,1,0,0,0,0,0,0,0,0,0,0,1,1,1,0,1,1,0,1,1,0,1,1,0,1,1,0,0,1,0,0,1,1,1,1,1,1,1,0,0,1,0,0,0,0,0,1,1,1,0,0,1,1,1,1,0.515625,-216.3224626260115,1
1,0,1,0,0,0,1,1,1,1,0,0,1,0,0,0,0,0,0,0,1,1,0,0,1,1,0,1,1,0,1,1,0,1,1,0,0,1,0,0,1,1,1,1,1,1,1,0,0,1,0,0,1,0,0,1,1,1,0,0,1,0,1,1,0.578125,-216.32225882240678,1
1,0,1,0,0,0,1,1,0,1,0,0,1,0,0,0,0,0,1,0,1,1,1,0,0,1,0,1,1,0,1,1,0,1,1,0,0,1,0,0,0,1,1,1,1,1,1,0,0,1,0,0,0,0,0,1,0,1,0,0,1,1,1,1,0.515625,-216.3222052180342,1
1,0,1,0,0,0,1,1,0,1,0,0,1,0,0,0,0,0,0,0,1,1,1,0,1,1,0,1,1,0,0,1,0,1,1,0,0,1,0,0,1,1,1,1,1,1,1,1,0,1,0,0,1,0,0,1,1,1,0,0,1,0,1,1,0.5,-216.32219505606412,1
1,0,1,0,0,0,1,1,1,1,1,0,0,0,0,0,0,0,1,0,1,1,1,0,1,1,1,1,1,0,1,1,0,1,1,0,0,1,0,0,1,1,1,0,1,1,0,0,0,1,0,0,0,0,0,1,0,1,0,0,1,1,1,1,0.484375,-216.32204377861484,1
1,0,1,0,1,0,1,1,1,1,0,0,0,0,0,0,0,0,0,0,1,1,0,0,1,1,1,1,1,0,1,1,0,1,1,0,0,1,0,0,1,1,1,1,1,1,0,0,0,1,0,0,1,0,0,1,0,1,0,0,1,1,1,1,0.515625,-216.32201486110716,1
1,1,1,0,0,0,1,1,1,1,0,0,0,0,0,0,1,0,0,0,1,1,1,0,1,1,0,1,1,0,0,1,0,1,1,0,0,1,0,0,1,1,1,1,1,1,1,0,0,1,0,0,1,0,0,1,1,1,0,0,1,0,1,0,0.515625,-216.3218792546361,1
1,1,1,0,0,0,1,1,1,1,0,0,0,0,1,0,1,0,0,0,1,1,1,0,1,1,0,1,1,0,1,1,0,1,1,0,0,1,0,0,1,0,1,0,1,1,0,0,0,1,0,0,1,0,0,1,0,1,0,0,1,1,1,1,0.53125,-216.32167745156306,1
1,0,1,0,0,0,1,1,0,1,0,0,1,0,0,0,0,0,0,0,1,1,0,0,1,1,1,1,1,0,1,1,0,1,1,0,0,1,0,0,1,1,1,0,1,1,1,0,0,1,0,0,1,0,0,1,1,1,0,0,1,1,1,1,0.578125,-216.32162622730587,1
1,0,1,0,0,0,1,1,1,1,1,0,0,0,0,0,0,0,1,0,1,1,1,0,1,1,0,1,1,0,1,1,0,1,1,0,0,1,0,0,1,1,1,0,1,1,0,0,0,1,0,0,1,0,0,1,0,1,0,0,1,1,1,1,0.515625,-216.32155169637116,1
1,1,1,0,0,0,1,1,0,1,1,0,0,0,0,0,0,0,0,0,1,1,1,0,1,1,1,1,1,0,0,1,0,1,1,0,0,1,0,0,1,1,1,1,1,1,1,0,0,1,0,0,0,0,0,1,0,1,0,0,1,1,1,1,0.515625,-216.3214030955915,1
1,0,1,0,0,0,1,1,0,1,0,0,1,0,0,0,0,0,0,0,1,1,0,0,1,1,0,1,1,0,1,1,0,1,1,0,0,1,0,0,1,1,1,1,1,1,1,1,0,1,0,0,1,0,0,1,0,1,0,0,1,1,1,1,0.578125,-216.3213760816861,1
1,0,1,0,0,0,1,1,0,1,0,0,0,0,0,0,1,0,1,0,1,1,1,0,1,1,0,1,1,0,1,1,0,1,1,0,0,1,0,0,0,1,1,1,1,1,1,1,0,1,0,0,0,0,0,1,0,1,0,0,1,1,1,1,0.5625,-216.3213039228311,1
1,1,1,0,0,0,1,1,1,1,0,0,1,0,0,0,0,0,1,0,1,1,1,0,1,1,0,1,1,0,1,1,0,1,1,0,0,1,0,0,1,1,1,0,1,1,0,0,0,1,0,0,0,0,0,1,0,1,0,0,1,1,1,1,0.546875,-216.32116648204016,1
1,1,1,0,0,0,1,1,0,1,0,0,0,0,0,0,0,0,1,0,1,1,1,0,1,1,0,1,1,0,1,1,0,1,1,0,0,1,0,0,0,1,1,0,1,1,1,0,0,1,0,0,0,0,0,1,0,1,0,0,1,1,1,1,0.5,-216.3210548975193,1
1,0,1,0,0,0,1,1,1,1,0,0,0,0,1,0,0,0,0,0,1,1,0,0,1,1,0,1,1,0,0,1,0,1,1,0,0,1,0,0,1,1,1,1,1,1,0,0,0,1,0,0,1,0,0,1,1,1,0,0,1,0,1,1,0.5,-216.32092745621452,1
0,0,1,0,0,0,1,1,1,1,1,0,0,0,0,0,0,0,1,0,1,1,0,0,1,1,0,1,1,0,1,1,0,1,1,0,0,1,0,0,1,1,1,1,1,1,1,0,0,1,0,0,1,0,0,1,0,1,0,0,1,1,1,1,0.546875,-216.32037627097776,1
1,0,1,0,0,0,1,1,1,1,0,0,0,0,0,0,0,0,0,0,1,1,0,0,1,1,1,1,1,0,1,1,0,1,1,0,0,1,0,0,1,1,1,1,1,1,1,0,0,1,0,0,1,0,0,1,1,1,0,0,1,0,1,1,0.53125,-216.32018311772063,1
1,1,1,0,0,0,1,1,0,1,0,0,0,0,0,0,0,0,1,0,1,1,1,0,1,1,0,1,1,0,1,1,0,1,1,0,0,1,0,0,1,0,1,1,1,1,1,0,0,1,0,0,0,0,0,1,1,1,0,0,1,1,1,1,0.578125,-216.320155584781,1
1,0,1,0,0,0,1,1,1,1,1,0,0,0,0,0,1,0,0,0,1,1,1,0,1,1,0,1,1,0,1,1,0,1,1,0,0,1,0,0,1,1,1,1,1,1,1,0,0,1,0,0,0,0,0,1,0,1,0,0,1,0,1,1,0.53125,-216.32012279288693,1
1,0,1,0,0,0,1,1,0,1,0,0,0,0,0,1,0,0,0,0,1,1,0,0,1,1,1,1,1,0,1,1,0,1,1,0,0,1,0,0,0,1,1,1,1,1,1,1,0,1,0,0,1,0,0,1,0,1,0,0,1,1,1,1,0.546875,-216.32004218334515,1
1,0,1,0,0,0,1,1,1,1,0,0,0,0,0,0,0,0,0,0,1,1,1,0,1,1,1,1,1,0,1,1,0,1,1,0,0,1,0,0,1,1,1,0,1,1,1,0,0,1,0,0,1,0,0,1,1,1,0,0,1,0,1,1,0.53125,-216.32003501645193,1
1,0,1,0,0,0,1,1,1,1,1,0,0,0,0,0,0,0,1,0,1,1,0,0,1,1,1,1,1,0,1,1,0,1,1,0,0,1,0,0,0,1,1,1,1,1,0,0,0,1,0,0,1,0,0,1,1,1,0,0,1,0,1,1,0.546875,-216.319970015501,1
1,0,1,0,0,0,1,1,1,1,0,0,0,0,1,0,0,0,0,0,1,1,0,0,1,1,1,1,1,0,0,1,0,1,1,0,0,1,0,0,1,1,1,1,1,1,1,0,0,1,0,0,1,0,0,1,1,1,0,0,1,0,1,1,0.53125,-216.3198853347832,1
1,1,1,0,0,0,1,1,1,1,0,0,1,0,0,0,0,0,0,0,1,1,1,0,0,1,0,1,1,0,1,1,0,1,1,0,0,1,0,0,0,1,1,1,1,1,1,0,0,1,0,0,1,0,0,1,1,1,0,0,1,0,1,1,0.4375,-216.31977422324888,1
1,1,1,0,0,0,1,1,1,1,0,0,1,0,0,0,0,0,0,0,1,1,1,0,1,1,0,1,1,0,1,1,0,1,1,0,0,1,0,0,0,1,1,1,1,1,1,0,0,1,0,0,1,0,0,1,0,1,0,0,1,0,1,1,0.546875,-216.3196405839369,1
1,1,1,0,0,0,1,1,1,1,0,0,1,0,0,0,0,0,1,0,1,1,1,0,1,1,0,1,1,0,1,1,0,1,1,0,0,1,0,0,0,1,1,1,1,1,1,0,0,1,0,0,0,0,0,1,0,1,0,0,1,0,1,1,0.546875,-216.31958652567874,1
0,1,1,0,0,0,1,1,1,1,0,0,1,0,0,0,0,0,1,0,1,1,0,0,1,1,1,0,1,0,1,1,0,1,1,0,0,1,0,0,1,1,1,1,1,1,0,0,0,1,0,0,1,0,0,1,1,1,0,0,1,0,1,1,0.515625,-216.31950931237665,1
1,0,1,0,0,0,1,1,0,1,1,0,1,0,0,0,0,0,0,0,1,1,0,0,1,1,0,1,1,0,1,1,0,1,1,0,0,1,0,0,1,1,1,1,1,1,1,0,0,1,0,0,1,0,0,1,0,1,0,0,1,1,1,1,0.546875,-216.31945637026206,1
1,1,1,0,1,0,1,1,0,1,0,0,1,0,0,0,0,0,0,0,1,1,0,0,1,1,1,1,1,0,1,1,0,1,1,0,0,1,0,0,0,1,1,1,1,1,1,0,0,1,0,0,0,0,0,1,0,1,0,0,1,1,1,1,0.578125,-216.31939241317403,1
1,0,1,0,0,0,1,1,0,1,0,0,0,0,0,0,0,0,1,0,1,1,0,0,1,1,1,1,1,0,1,1,0,1,1,0,0,1,0,0,1,1,1,1,1,1,1,1,0,1,0,0,0,0,0,1,0,1,0,0,1,1,1,1,0.546875,-216.31938831253962,1
1,1,1,0,0,0,1,1,0,1,0,0,1,0,0,0,0,0,0,0,1,1,0,0,1,1,1,1,1,0,1,1,0,1,1,0,0,1,0,0,1,1,1,0,1,1,1,0,0,1,0,0,1,0,0,1,0,1,0,0,1,1,1,1,0.515625,-216.3192533866703,1
1,1,1,0,0,0,1,1,0,1,0,0,1,0,0,0,0,0,1,0,1,1,0,0,1,1,1,1,1,0,1,1,0,1,1,0,0,1,0,0,1,1,1,0,1,1,1,0,0,1,0,0,0,0,0,1,0,1,0,0,1,1,1,1,0.546875,-216.31912930743465,1
1,0,1,0,0,0,1,1,0,1,0,0,1,0,0,0,0,0,0,0,1,1,0,0,1,1,1,1,1,0,1,1,0,1,1,0,0,1,0,0,1,1,1,1,1,1,1,0,0,1,0,0,1,0,0,1,0,1,0,0,1,1,1,1,0.5625,-216.31899305852917,1
1,0,1,0,0,0,1,1,0,1,0,0,1,0,0,0,0,0,1,0,1,1,1,0,1,1,0,1,1,0,1,1,0,1,1,0,0,1,0,0,0,1,1,1,1,1,1,0,0,1,0,0,0,0,0,1,1,1,0,0,1,1,1,1,0.546875,-216.31873002346788,1
1,0,1,0,1,0,1,1,0,1,0,0,1,0,0,0,0,0,1,0,1,1,1,0,1,1,0,1,1,0,1,1,0,1,1,0,0,1,0,0,0,1,1,1,1,1,1,0,0,1,0,0,0,0,0,1,0,1,0,0,1,1,1,1,0.5625,-216.3186220252438,1
0,0,1,0,0,0,1,1,1,1,1,0,0,0,0,0,0,0,1,0,1,1,0,0,1,1,1,1,1,0,1,1,0,1,1,0,0,1,0,0,1,1,1,0,1,1,1,0,0,1,0,0,1,0,0,1,1,1,0,0,1,0,1,1,0.53125,-216.3181139912112,1
1,0,1,0,0,0,1,1,0,1,0,0,1,0,0,0,0,0,0,0,1,1,0,0,1,1,0,1,1,0,1,1,0,1,1,0,0,1,0,0,1,1,1,1,1,1,1,0,0,1,0,0,0,0,0,1,1,1,0,0,1,0,1,1,0.515625,-216.318039832736,1
1,0,1,0,0,0,1,1,1,1,0,0,1,0,1,0,0,0,1,0,1,1,0,0,1,1,1,1,1,0,0,1,0,1,1,0,0,1,0,0,1,1,1,1,1,1,0,0,0,1,0,0,0,0,0,1,1,1,0,0,1,0,1,1,0.546875,-216.31803007772825,1
1,1,1,0,0,0,1,1,1,1,0,0,0,0,0,0,0,0,0,0,1,1,0,0,1,1,1,1,1,0,1,1,0,1,1,0,0,1,0,0,1,1,1,1,1,1,1,0,0,1,0,0,1,0,0,1,0,1,0,0,1,0,1,1,0.53125,-216.31786198272,1
1,1,1,0,1,0,1,1,0,1,0,0,0,0,0,0,0,0,0,0,1,1,1,0,1,1,1,1,1,0,0,1,0,1,1,0,0,1,0,0,1,1,1,0,1,1,1,0,0,1,0,0,1,0,0,1,1,1,0,0,1,0,1,1,0.5625,-216.31766624544787,1
1,0,1,0,0,0,1,1,1,1,1,0,0,0,0,0,0,0,0,0,1,1,1,0,1,1,0,1,1,0,1,1,0,1,1,0,0,1,0,0,1,1,1,1,1,1,1,0,0,1,0,0,1,0,0,1,0,1,0,0,1,0,1,1,0.53125,-216.3176524611715,1
1,1,0,1,1,1,0,0,0,0,1,1,0,1,1,1,1,1,0,1,0,0,1,1,1,0,0,0,0,1,0,0,1,0,0,1,1,0,1,1,0,1,0,0,0,0,0,1,1,0,1,1,0,1,1,0,1,0,1,1,0,1,0,0,0.59375,-216.3175960487358,1
1,0,1,0,0,0,1,1,0,1,0,0,1,0,0,0,0,0,0,0,1,1,1,0,1,1,0,1,1,0,1,1,0,1,1,0,0,1,0,0,0,1,1,1,1,1,1,0,0,1,0,0,1,0,0,1,0,1,0,0,1,0,1,1,0.515625,-216.31759044239436,1
1,0,1,0,0,0,1,1,1,1,0,0,0,0,0,0,0,0,0,0,1,1,1,0,1,1,0,1,1,0,1,1,0,1,1,0,0,1,0,0,1,1,1,1,1,1,1,0,0,1,0,0,1,0,0,1,1,1,0,0,1,0,1,1,0.546875,-216.31737030253493,1
1,0,1,0,0,0,1,1,0,1,1,0,0,0,0,0,0,0,0,0,1,1,1,0,1,1,1,1,1,0,1,1,0,1,1,0,0,1,0,0,1,1,1,0,1,1,1,0,0,1,0,0,1,0,0,1,0,1,0,0,1,1,1,1,0.5625,-216.31723087449495,1
0,1,1,0,1,0,1,1,0,1,0,0,1,0,0,0,0,0,1,0,1,0,0,0,1,1,1,1,1,0,0,1,0,1,1,0,0,1,0,0,0,1,1,1,1,1,1,0,0,1,0,0,1,0,0,1,1,1,0,0,1,1,1,1,0.546875,-216.31713947467082,1
1,1,1,0,0,0,1,1,1,1,0,0,1,0,0,0,0,0,0,0,1,1,1,0,0,1,1,1,1,0,1,1,0,1,1,0,0,1,0,0,1,1,1,1,1,1,1,0,0,1,0,0,0,0,0,1,0,1,0,0,1,0,1,1,0.5625,-216.31709623016775,1
1,0,1,0,1,0,1,1,1,1,0,0,0,0,0,0,0,0,0,0,1,1,0,0,1,1,1,1,1,0,1,1,0,1,1,0,0,1,0,0,1,1,1,1,1,1,0,0,0,1,0,0,1,0,0,1,1,1,0,0,1,0,1,1,0.546875,-216.31698266809383,1
1,1,1,0,0,0,1,1,0,1,0,0,0,0,0,0,0,0,1,0,1,1,1,0,1,1,1,1,1,0,1,1,0,1,1,0,0,1,0,0,0,1,1,0,1,1,1,0,0,1,0,0,1,0,0,1,0,1,0,0,1,1,1,1,0.609375,-216.31696831765467,1
1,1,1,0,0,0,1,1,1,1,0,0,1,0,0,0,0,0,0,0,1,1,1,0,1,1,0,1,1,0,1,1,0,1,1,0,0,1,0,0,1,1,1,1,1,1,1,0,0,1,0,0,0,0,0,1,0,1,0,0,1,0,1,1,0.53125,-216.3169045233374,1
1,0,1,0,0,0,1,0,0,1,1,0,0,0,0,0,0,0,1,0,1,1,0,0,1,1,1,1,1,0,1,1,0,1,1,0,0,1,0,0,1,1,1,1,1,1,1,1,0,1,0,0,1,0,0,1,0,1,0,0,1,0,1,1,0.546875,-216.31685644820024,1
1,0,1,0,1,0,1,0,0,1,0,0,0,0,0,0,0,0,0,0,1,1,0,0,1,1,1,1,1,0,1,1,0,1,1,0,0,1,0,0,1,1,1,1,1,1,1,1,0,1,0,0,1,0,0,1,1,1,0,0,1,1,1,0,0.546875,-216.31676310996153,1
1,0,1,0,0,0,1,1,1,1,1,0,1,0,1,0,0,0,1,0,1,1,0,0,1,1,0,1,1,0,1,1,0,1,1,0,0,1,0,0,0,1,1,1,1,1,1,0,0,1,0,0,0,0,0,1,0,1,0,0,1,0,1,1,0.5,-216.3167497056004,1
1,0,1,0,0,0,1,1,0,1,0,0,0,0,0,0,0,0,1,0,1,1,0,0,1,1,1,1,1,0,1,1,0,1,1,0,0,1,0,0,1,1,1,1,1,1,1,0,0,1,0,0,1,0,0,1,0,1,0,0,1,1,1,1,0.5625,-216.3167173582925,1
0,1,1,0,0,0,1,1,0,1,0,0,1,0,0,0,0,0,1,0,1,1,1,0,1,1,1,1,1,0,1,1,0,1,1,0,0,1,0,0,1,0,1,1,1,1,1,0,0,1,0,0,0,0,0,1,0,1,0,0,1,1,1,1,0.546875,-216.31659195357753,1
1,1,1,0,1,0,1,1,0,1,0,0,1,0,0,0,0,0,0,0,1,1,0,0,1,1,0,1,1,0,1,1,0,1,1,0,0,1,0,0,1,1,1,1,1,1,1,0,0,1,0,0,0,0,0,1,0,1,0,0,1,1,1,1,0.546875,-216.3165859224724,1
0,0,1,0,0,0,1,1,1,1,0,0,1,0,0,0,1,0,0,0,1,1,1,0,1,1,1,1,1,0,1,1,0,1,1,0,0,1,0,0,1,1,1,1,1,1,1,0,0,1,0,0,0,0,0,1,0,1,0,0,1,0,1,1,0.546875,-216.31656939301075,1
1,0,1,0,0,0,1,1,0,1,1,0,0,0,0,0,0,0,0,0,1,1,0,0,1,1,1,1,1,0,1,1,0,1,1,0,0,1,0,0,1,1,1,1,1,1,1,0,0,1,0,0,1,0,0,1,0,1,1,0,1,0,1,1,0.5625,-216.3165575661024,1
1,0,1,0,0,0,1,1,0,1,0,0,0,0,0,0,0,0,0,0,1,1,0,0,1,1,1,1,1,0,1,1,0,1,1,0,0,1,0,0,1,1,1,1,1,1,1,0,0,1,0,0,0,0,0,1,1,1,0,0,1,1,1,0,0.53125,-216.31651485191782,1
1,1,1,0,0,0,1,1,0,1,0,0,1,0,0,0,0,0,0,0,1,1,1,0,1,1,0,1,1,0,1,1,0,1,1,0,0,1,0,0,1,1,1,0,1,1,1,0,0,1,0,0,1,0,0,1,0,1,0,0,1,1,1,1,0.53125,-216.31641400796104,1
1,1,1,0,0,0,1,1,0,1,0,0,1,0,0,0,0,0,1,0,1,1,1,0,1,1,0,1,1,0,1,1,0,1,1,0,0,1,0,0,1,1,1,0,1,1,1,0,0,1,0,0,0,0,0,1,0,1,0,0,1,1,1,1,0.546875,-216.316344953439,1
1,1,1,0,0,0,1,1,0,1,0,0,0,0,0,0,0,0,0,0,1,1,0,0,1,1,1,1,1,0,1,1,0,1,1,0,0,1,0,0,0,1,1,1,1,1,1,0,0,1,0,0,1,0,0,1,0,1,0,0,1,0,1,1,0.53125,-216.31628015035338,1
1,1,1,0,0,0,1,1,1,1,0,0,1,0,0,0,0,0,1,0,1,1,0,0,1,1,0,1,1,0,1,1,0,1,1,0,0,1,0,0,1,1,1,1,1,1,0,0,0,1,0,0,1,0,0,1,0,1,0,0,1,0,1,1,0.484375,-216.31627400633047,1
1,0,1,0,0,0,1,1,0,1,0,0,0,0,0,0,0,0,0,0,1,1,1,0,1,1,1,1,1,0,1,1,0,1,1,0,0,1,0,0,1,1,1,1,1,1,1,0,1,1,0,0,1,0,0,1,0,1,0,0,1,0,1,1,0.515625,-216.3162598012529,1
1,0,1,0,1,0,1,1,0,1,0,0,0,0,0,0,0,0,1,0,1,1,1,0,1,1,0,1,1,0,1,1,0,1,1,0,0,1,0,0,0,1,1,1,1,1,1,0,0,1,0,0,1,0,0,1,0,1,0,0,1,1,1,1,0.53125,-216.31623638893407,1
1,0,1,0,0,0,1,1,0,1,0,0,0,0,0,0,0,0,1,0,1,1,1,0,1,1,1,1,1,0,1,1,0,1,1,0,0,1,0,0,0,1,1,1,1,1,1,0,0,1,0,0,1,0,0,1,0,1,0,0,1,1,1,1,0.53125,-216.31608735274042,1
1,0,1,0,0,0,1,1,0,1,0,0,0,0,1,0,0,0,0,0,1,1,0,0,1,1,0,1,1,0,0,1,0,1,1,0,0,1,0,0,1,1,1,1,1,1,1,0,0,1,0,0,1,0,0,1,1,1,0,0,1,0,1,1,0.515625,-216.31590582789002,1
1,0,1,0,0,0,1,1,0,1,0,0,0,0,0,0,0,0,1,0,1,1,0,0,1,1,0,1,1,0,1,1,0,1,1,0,0,1,0,0,1,1,1,1,1,1,1,0,0,1,0,0,1,0,0,1,0,1,0,0,1,0,1,1,0.484375,-216.31587705628843,1
1,0,1,0,0,0,1,1,0,1,0,0,0,0,0,0,0,0,0,0,1,1,1,0,1,1,1,1,1,0,1,1,0,1,1,0,0,1,0,0,1,1,1,0,1,1,1,0,0,1,0,0,0,0,0,1,1,1,0,0,1,0,1,1,0.5,-216.31579624627977,1
1,1,1,0,0,0,1,1,0,1,0,0,0,0,0,0,0,0,1,0,1,0,1,0,1,1,0,1,1,0,1,1,0,1,1,0,0,1,0,0,0,1,1,0,1,1,1,0,0,1,0,0,1,0,0,1,0,1,0,0,1,1,1,1,0.515625,-216.31564461555885,1
1,0,1,0,0,0,1,1,0,1,0,0,0,0,0,0,0,0,0,0,1,1,1,0,1,1,1,1,1,0,1,1,0,1,1,0,0,1,0,0,0,1,1,1,1,1,1,0,0,1,0,0,1,0,0,1,0,1,0,0,1,0,1,1,0.53125,-216.31555621650259,1
0,0,1,0,0,0,1,1,0,1,0,0,0,0,0,0,0,0,1,0,1,1,1,0,1,1,1,1,1,0,1,1,0,1,1,0,0,1,0,0,1,1,1,0,1,1,1,0,0,1,0,0,0,0,0,1,0,1,0,0,1,1,1,1,0.546875,-216.31552025212747,1
1,1,1,0,0,0,1,1,0,1,0,0,0,0,1,0,1,0,1,0,1,1,0,0,1,1,1,1,1,0,0,1,0,1,1,0,0,1,0,0,0,1,1,0,1,1,1,0,0,1,0,0,1,0,0,1,1,1,0,0,1,1,0,1,0.546875,-216.3151934709336,1
1,0,1,0,0,0,1,1,0,1,1,0,0,0,0,0,0,0,0,0,1,1,1,0,1,1,1,1,1,0,1,1,0,1,1,0,0,1,0,0,1,1,1,1,1,1,1,0,0,1,0,0,0,0,0,1,0,1,0,0,1,1,1,1,0.5625,-216.31467146657934,1
1,1,1,0,0,0,1,1,0,1,0,0,0,0,0,0,0,0,0,0,1,1,0,0,1,1,1,1,1,0,1,1,0,1,1,0,0,1,0,0,1,1,1,1,1,1,1,0,0,1,0,0,1,0,0,1,0,1,0,0,1,1,1,1,0.515625,-216.31460822060973,1
1,0,1,0,0,0,1,0,0,1,1,0,0,0,0,0,0,0,1,0,1,1,0,0,1,1,1,1,1,0,1,1,0,1,1,0,0,1,0,0,1,1,1,1,1,1,1,0,0,1,0,0,1,0,0,1,1,1,0,0,1,0,1,1,0.5625,-216.31457149538198,1
1,0,1,0,0,0,1,1,0,1,0,0,1,0,0,0,0,0,1,0,1,1,0,0,1,1,0,1,1,0,1,1,0,1,1,0,0,1,0,0,1,1,1,1,1,1,0,0,0,1,0,0,1,0,0,1,0,1,0,0,1,0,1,1,0.53125,-216.31444955622626,1
1,0,1,0,0,0,1,1,1,1,1,0,1,0,0,0,0,0,1,0,1,0,0,0,1,1,0,1,1,0,1,1,0,1,1,0,0,1,0,0,1,1,1,1,1,1,0,0,0,1,0,0,1,0,0,1,1,1,0,0,1,1,1,0,0.578125,-216.31439127821122,1
1,1,1,0,0,0,1,1,0,1,0,0,0,0,0,0,0,0,0,0,1,1,1,0,1,1,0,1,1,0,1,1,0,1,1,0,0,1,0,0,1,1,1,0,1,1,1,0,0,1,0,0,1,0,0,1,1,1,0,0,1,1,1,1,0.53125,-216.3142925236236,1
1,0,1,0,0,0,1,1,0,1,0,0,0,0,0,0,0,0,0,0,1,1,1,0,1,1,1,1,1,0,1,1,0,1,1,0,0,1,0,0,1,1,1,1,1,1,1,0,0,1,0,0,0,0,0,1,1,1,0,0,1,1,1,1,0.578125,-216.31424614539876,1
1,0,1,0,0,0,1,1,0,1,0,0,0,0,0,0,0,0,1,0,1,1,1,0,1,1,1,1,1,0,1,1,0,1,1,0,0,1,0,0,1,1,1,1,1,1,1,0,0,1,0,0,0,0,0,1,0,1,0,0,1,1,1,1,0.546875,-216.31398436987018,1
1,1,1,0,1,0,1,1,0,1,0,0,1,0,0,0,0,0,1,0,1,1,1,0,1,1,1,1,1,0,1,1,0,1,1,0,0,1,0,0,0,1,1,0,1,1,1,0,0,1,0,0,0,0,0,1,0,1,0,0,1,0,1,1,0.515625,-216.31396229137235,1
1,0,1,0,0,0,1,1,0,1,0,0,0,0,0,0,0,0,0,0,1,1,1,0,1,1,0,1,1,0,1,1,0,1,1,0,0,1,0,0,1,1,1,1,1,1,1,0,0,1,0,0,1,0,0,1,1,1,0,0,1,1,1,1,0.5,-216.31396121399493,1
1,1,1,0,0,0,1,1,0,1,0,0,0,0,1,0,0,0,1,0,1,1,0,0,1,1,1,1,1,0,1,1,0,1,1,0,0,1,0,0,1,0,1,1,1,1,1,0,0,1,0,0,0,0,0,1,0,1,0,0,1,1,1,1,0.53125,-216.31382677424824,1
1,0,1,0,1,0,1,1,0,1,0,0,1,0,0,0,0,0,1,0,1,0,0,0,1,1,0,1,1,0,1,1,0,1,1,0,0,1,0,0,1,1,1,1,1,1,1,0,0,1,0,0,1,0,0,1,0,1,0,0,1,1,1,1,0.53125,-216.31374979129583,1
1,1,1,0,0,0,1,1,0,1,0,0,1,0,0,0,0,0,0,0,1,1,0,0,1,1,1,1,1,0,1,1,0,1,1,0,0,1,0,0,1,1,1,0,1,1,1,0,0,1,0,0,1,0,0,1,1,1,0,0,1,0,1,1,0.546875,-216.31355961291882,1
0,1,1,0,1,0,1,1,1,1,0,0,0,0,0,1,0,0,1,0,1,1,0,0,1,1,0,1,1,0,1,1,0,1,1,0,0,1,0,0,0,1,1,1,1,1,1,0,0,1,0,0,0,0,0,1,1,1,0,0,1,0,1,1,0.515625,-216.31342017176888,1
1,1,1,0,0,0,1,1,1,1,1,0,0,0,0,0,0,0,0,0,1,0,0,0,1,1,1,1,1,0,1,1,0,1,1,0,0,1,0,0,1,1,1,1,1,1,1,0,0,1,0,0,1,0,0,1,0,1,0,0,1,0,1,1,0.53125,-216.31325173607155,1
0,0,1,0,0,0,1,1,0,1,0,0,1,0,1,0,0,0,1,0,1,1,1,0,1,1,0,1,1,0,0,1,0,1,1,0,0,1,0,0,0,1,1,1,1,1,1,0,0,1,0,0,1,0,0,1,1,1,0,0,1,1,1,1,0.515625,-216.31308201896124,1
1,0,1,0,0,0,1,1,0,1,0,0,1,0,1,0,0,0,0,0,1,1,0,0,1,1,1,1,1,0,1,1,0,1,1,0,0,1,0,0,0,1,1,1,1,1,1,0,0,1,0,0,1,0,0,1,0,1,0,0,1,1,1,1,0.53125,-216.31285002567884,1
1,1,1,0,0,0,1,1,0,1,0,0,1,0,0,0,0,0,0,0,1,1,0,0,1,1,1,1,1,0,1,1,0,1,1,0,0,1,0,0,1,1,1,1,1,1,0,0,0,1,0,0,0,0,0,1,1,1,0,0,1,1,1,1,0.484375,-216.31279053133514,1
1,0,1,0,0,0,1,1,0,1,1,0,1,0,0,0,0,0,1,0,1,1,0,0,1,1,1,1,1,0,1,1,0,1,1,0,0,1,0,0,1,1,1,0,1,1,1,0,0,1,0,0,1,0,0,1,1,1,0,0,1,0,1,0,0.546875,-216.3127010884029,1
1,0,1,0,0,0,1,1,0,1,0,0,0,0,1,0,0,0,1,0,1,1,0,0,1,1,0,1,1,0,1,1,0,1,1,0,0,1,0,0,0,1,1,1,1,1,1,1,0,1,0,0,0,0,0,1,0,1,0,0,1,0,1,1,0.53125,-216.31246120906818,1
0,1,1,0,0,0,1,1,0,1,1,0,0,0,0,0,0,0,0,0,1,1,1,0,1,1,1,1,1,0,1,1,0,1,1,0,0,1,0,0,0,1,1,0,1,1,1,0,0,1,0,0,1,0,0,1,1,1,0,0,1,1,1,1,0.484375,-216.31229738985905,1
0,0,1,0,0,0,1,1,0,1,1,0,0,0,0,0,0,0,0,0,1,1,0,0,1,1,1,1,1,0,1,1,0,1,1,0,0,1,0,0,1,1,1,1,1,1,1,0,0,1,0,0,1,0,0,1,1,1,0,0,1,1,1,1,0.53125,-216.312282196328,1
0,0,1,0,0,0,1,1,0,1,1,0,0,0,0,0,0,0,1,0,1,1,0,0,1,1,1,1,1,0,1,1,0,1,1,0,0,1,0,0,1,1,1,1,1,1,1,0,0,1,0,0,1,0,0,1,0,1,0,0,1,1,1,1,0.5625,-216.312147297519,1
1,0,1,0,0,0,1,1,1,1,1,0,0,0,1,0,0,0,0,0,1,1,1,0,1,1,0,1,1,0,1,1,0,1,1,0,0,1,0,0,1,1,1,0,1,1,1,0,0,1,0,0,1,0,0,1,0,1,0,0,1,0,1,1,0.53125,-216.31207089689192,1
1,1,1,0,0,0,1,0,0,1,0,0,1,0,0,1,0,0,0,0,1,1,0,0,1,1,0,1,1,0,1,1,0,1,1,0,0,1,0,0,1,1,1,1,1,1,1,0,0,1,0,0,1,0,0,1,1,1,0,0,1,1,1,0,0.5625,-216.31201070686248,1
1,1,1,0,0,0,1,1,0,1,1,0,0,0,0,0,0,0,0,0,1,1,0,0,1,1,1,1,1,0,1,1,0,1,1,0,0,1,0,0,1,1,1,1,1,1,0,0,0,1,0,0,1,0,0,1,0,1,0,0,1,1,1,1,0.5,-216.31176695042132,1
1,1,1,0,0,0,1,1,0,1,0,0,0,0,0,0,0,0,1,0,1,1,1,0,1,1,0,1,1,0,1,1,0,1,1,0,0,1,0,0,1,1,1,1,1,1,1,0,0,1,0,0,0,0,0,1,0,1,0,0,1,1,1,1,0.53125,-216.31156072959587,1
1,1,1,0,0,0,1,1,0,1,0,0,0,0,0,0,0,0,0,0,1,1,1,0,1,1,0,1,1,0,1,1,0,1,1,0,0,1,0,0,1,1,1,1,1,1,1,0,0,1,0,0,1,0,0,1,0,1,0,0,1,1,1,1,0.546875,-216.31152663694746,1
1,0,1,0,0,0,1,1,0,1,0,0,1,0,0,0,0,0,0,0,1,0,1,0,1,1,1,1,1,0,1,1,0,1,1,0,0,1,0,0,1,1,1,1,1,1,0,0,0,1,0,0,0,0,0,1,0,1,0,0,1,1,1,1,0.515625,-216.31152630502717,1
1,0,1,0,0,0,1,1,0,1,1,0,1,0,0,0,0,0,1,0,1,1,1,0,1,1,0,1,1,0,1,1,0,1,1,0,0,1,0,0,1,1,1,1,1,1,1,0,0,1,0,0,0,0,0,1,0,1,0,0,1,0,1,1,0.5625,-216.3115161051224,1
0,1,1,0,0,0,1,1,0,1,0,0,0,0,0,0,1,0,0,0,1,1,1,0,0,1,1,1,1,0,1,1,0,1,1,0,0,1,0,0,0,1,1,1,1,1,1,0,0,1,0,0,1,0,0,1,1,1,0,0,1,1,1,1,0.515625,-216.31142418806917,1
1,1,1,0,0,0,1,1,0,1,0,0,1,0,0,0,0,0,1,0,1,1,0,0,1,1,0,1,1,0,1,1,0,1,1,0,0,1,0,0,1,1,1,1,1,1,1,0,0,1,0,0,1,0,0,1,0,1,0,0,1,0,1,1,0.53125,-216.31138121430172,1
1,0,1,0,0,0,1,1,0,1,0,0,1,0,0,0,0,0,1,0,1,1,1,0,1,1,0,1,1,0,1,1,0,1,1,0,0,1,0,0,1,1,1,1,1,1,1,0,0,1,0,0,0,0,0,1,1,1,0,0,1,0,1,1,0.5625,-216.31106656444402,1
1,1,1,0,0,0,1,1,0,1,0,0,0,0,1,0,0,0,0,0,1,1,1,0,1,1,0,1,1,0,1,1,0,1,1,0,0,1,0,0,1,0,1,1,1,1,1,0,0,1,0,0,1,0,0,1,0,1,0,0,1,1,1,1,0.546875,-216.31098740600035,1
1,0,1,0,0,0,1,1,0,1,0,0,1,0,0,0,0,0,0,0,1,0,1,0,1,1,1,1,1,0,1,1,0,1,1,0,0,1,0,0,1,1,1,1,1,1,1,0,0,1,0,0,0,0,0,1,1,1,0,0,1,1,1,1,0.5,-216.3109332300456,1
0,1,1,0,1,0,1,1,0,1,0,0,1,0,0,0,0,0,1,0,1,1,1,0,1,1,0,1,1,0,1,1,0,1,1,0,0,1,0,0,0,1,1,1,1,1,1,0,0,1,0,0,0,0,0,1,0,1,0,0,1,1,1,1,0.53125,-216.3107565270883,1
0,0,1,0,0,0,1,1,0,1,0,0,1,0,0,0,0,0,0,0,1,1,1,0,1,1,1,1,1,0,1,1,0,1,1,0,0,1,0,0,1,1,1,1,1,1,1,0,0,1,0,0,1,0,0,1,0,1,0,0,1,1,1,1,0.515625,-216.31074960062233,1
1,1,1,0,0,0,1,1,0,1,1,0,0,0,0,0,0,0,1,0,1,1,1,0,1,1,0,1,1,0,1,1,0,1,1,0,0,1,0,0,0,1,1,1,1,1,0,0,0,1,0,0,1,0,0,1,0,1,0,0,1,1,1,1,0.53125,-216.3106994373676,1
0,0,1,0,0,0,1,1,0,1,0,0,0,0,0,0,1,0,1,0,1,1,1,0,1,1,0,1,1,0,1,1,0,1,1,0,0,1,0,0,1,1,1,1,1,1,1,0,0,1,0,0,1,0,0,1,0,1,0,0,1,1,1,1,0.53125,-216.31065296407994,1
0,0,1,0,0,0,1,1,0,1,0,0,1,0,0,0,0,0,0,0,1,1,1,0,1,1,1,1,1,0,1,1,0,1,1,0,0,1,0,0,1,1,1,1,1,1,1,0,0,1,0,0,0,0,0,1,1,1,0,0,1,1,1,1,0.53125,-216.3106461220781,1
1,0,1,0,0,0,1,1,0,1,0,0,0,0,1,0,0,0,0,0,1,1,0,0,1,1,1,1,1,0,1,1,0,1,1,0,0,1,0,0,1,1,1,1,1,1,1,1,0,1,0,0,0,0,0,1,0,1,0,0,1,1,1,1,0.5,-216.31063752661098,1
1,1,1,0,0,0,1,1,0,1,0,0,1,0,1,0,0,0,0,0,1,1,0,0,1,1,1,1,1,0,1,1,0,1,1,0,0,1,0,0,1,0,1,1,1,1,1,0,0,1,0,0,1,0,0,1,0,1,0,0,1,0,1,1,0.53125,-216.31037677649283,1
1,1,1,0,0,0,1,1,0,1,1,0,0,0,0,0,0,0,0,0,1,1,0,0,1,1,1,1,1,0,1,1,0,1,1,0,0,1,0,0,1,1,1,1,1,1,1,0,0,1,0,0,1,0,0,1,0,1,0,0,1,0,1,1,0.5625,-216.31027682130178,1
1,1,1,0,0,0,1,1,0,1,1,0,0,0,0,0,0,0,0,0,1,1,0,0,1,1,1,1,1,0,1,1,0,1,1,0,0,1,0,0,1,1,1,1,1,1,0,0,0,1,0,0,1,1,0,1,0,1,0,0,1,0,1,1,0.546875,-216.31026804100412,1
1,1,1,0,0,0,1,1,0,1,1,0,0,0,0,0,0,0,0,0,1,1,0,0,1,1,1,1,1,0,1,1,0,1,1,0,0,1,0,0,1,1,1,1,1,1,1,0,0,1,0,0,0,0,0,1,1,1,0,0,1,0,1,1,0.546875,-216.3101068259932,1
0,1,1,0,0,0,1,1,0,1,0,0,1,0,0,0,0,0,1,0,1,0,0,0,1,1,0,1,1,0,1,1,0,1,1,0,0,1,0,0,1,1,1,1,1,1,1,0,0,1,0,0,1,0,0,1,0,1,1,0,1,1,1,1,0.59375,-216.31006652339943,1
0,0,1,0,1,0,1,1,0,1,0,0,0,0,0,1,1,0,0,0,1,0,1,0,1,1,1,1,1,0,1,1,0,1,1,0,0,1,0,0,0,1,1,0,1,1,1,0,0,1,0,0,1,0,0,1,1,1,0,0,1,1,1,1,0.453125,-216.31005959966745,1
1,1,1,0,0,0,1,1,0,1,0,0,1,0,0,0,0,0,1,0,1,1,1,0,1,1,0,1,1,0,1,1,0,1,1,0,0,1,0,0,1,1,1,1,1,1,0,0,0,1,0,0,0,0,0,1,0,1,0,0,1,1,1,1,0.5,-216.31003205242683,1
1,0,1,0,0,0,1,1,0,1,1,0,0,0,0,1,0,0,1,0,1,0,0,0,1,1,1,1,1,0,1,1,0,1,1,0,0,1,0,0,1,1,1,1,1,1,1,0,0,1,0,0,0,0,0,1,0,1,0,0,1,1,1,1,0.53125,-216.31001080168352,1
1,1,1,0,1,0,1,1,0,1,0,0,0,0,0,0,0,0,0,0,1,1,0,0,1,1,1,1,1,0,1,1,0,1,1,0,0,1,0,0,1,1,1,1,1,1,1,0,0,1,0,0,1,0,0,1,0,1,0,0,1,0,1,1,0.5,-216.3096337998266,1
1,1,1,0,1,0,1,1,0,1,0,0,0,0,0,0,0,0,0,0,1,0,0,0,1,1,1,1,1,0,1,1,0,1,1,0,0,1,0,0,1,1,1,1,1,1,0,0,0,1,0,0,1,1,0,1,0,1,0,0,1,1,1,1,0.5,-216.30959541814073,1
1,1,1,0,0,0,1,1,0,1,0,0,0,0,0,0,0,0,0,0,1,1,1,0,0,1,1,1,1,0,1,1,0,1,1,0,0,1,0,0,1,1,1,1,1,1,1,0,1,1,0,0,1,0,0,1,1,1,0,0,1,0,1,0,0.546875,-216.3094390698004,1
0,1,1,0,1,0,1,1,1,1,0,0,0,0,0,0,0,0,0,0,1,1,1,0,1,1,1,1,1,0,1,1,0,1,1,0,0,1,0,0,1,1,1,1,1,1,1,0,0,1,0,0,0,0,0,1,0,1,0,0,1,0,1,1,0.546875,-216.30929097317068,1
1,1,1,0,0,0,1,1,0,1,0,0,0,0,0,0,0,0,1,0,1,1,0,0,1,1,0,1,1,0,1,1,0,1,1,0,0,1,0,0,1,1,1,1,1,1,1,0,0,1,0,0,1,0,0,1,1,1,0,0,1,0,1,1,0.53125,-216.3092478645307,1
0,1,1,0,0,0,1,1,1,1,0,0,0,0,0,0,0,0,0,0,1,1,1,0,1,1,0,1,1,0,1,1,0,1,1,0,0,1,0,0,1,1,1,1,1,1,1,0,0,1,0,0,1,0,0,1,1,1,0,0,1,0,1,1,0.53125,-216.30918238032532,1
0,0,1,0,0,0,1,1,0,1,1,0,1,0,0,0,0,0,1,0,1,1,1,0,1,1,1,1,1,0,1,1,0,1,1,0,0,1,0,0,0,1,1,1,1,1,1,0,0,1,0,0,0,0,0,1,1,1,0,0,1,0,1,1,0.53125,-216.3091713771191,1
1,0,1,0,0,0,1,1,0,1,0,0,0,0,0,0,0,0,0,0,1,1,1,0,1,1,1,1,1,0,1,1,0,1,1,0,0,1,0,0,1,1,1,1,1,1,1,0,0,1,0,0,1,0,0,1,1,1,0,0,1,0,1,1,0.53125,-216.30900234141467,1
1,0,1,0,0,0,1,1,0,1,1,0,0,0,1,0,0,0,1,0,1,1,0,0,1,1,0,1,1,0,1,1,0,1,1,0,0,1,0,0,1,1,1,1,1,1,1,0,0,1,0,0,0,0,0,1,0,1,0,0,1,1,1,1,0.546875,-216.30888823230552,1
0,1,1,1,0,0,1,1,0,1,1,0,0,0,0,0,0,0,0,0,1,1,1,0,1,1,0,1,1,0,1,1,0,1,1,0,0,1,0,0,1,1,1,1,1,1,1,0,0,1,0,0,1,0,0,1,0,1,0,0,1,0,1,1,0.5625,-216.3088249608577,1
1,0,1,0,0,0,1,1,0,1,0,0,0,0,0,0,0,0,1,0,1,1,1,0,1,1,1,1,1,0,1,1,0,1,1,0,0,1,0,0,1,1,1,1,1,1,1,0,0,1,0,0,1,0,0,1,0,1,0,0,1,0,1,1,0.5,-216.3087205679293,1
1,1,1,0,0,0,1,1,0,1,0,0,1,0,1,0,0,0,0,0,1,1,1,0,1,1,0,1,1,0,1,1,0,1,1,0,0,1,0,0,0,1,1,0,1,1,1,0,0,1,0,0,0,0,0,1,0,1,0,0,1,0,1,1,0.5,-216.30865632944133,1
1,1,1,0,0,0,1,1,0,1,0,0,1,0,0,0,0,0,1,0,1,1,1,0,1,1,0,1,1,0,1,1,0,1,1,0,0,1,0,0,1,1,1,1,1,1,1,0,0,1,0,0,0,0,0,1,0,1,0,0,1,0,1,1,0.53125,-216.3084592747912,1
1,1,1,0,0,0,1,1,0,1,0,0,0,0,1,0,0,0,0,0,1,1,0,0,1,1,1,1,1,0,1,1,0,1,1,0,0,1,0,0,0,1,1,1,1,1,1,0,0,1,0,0,1,0,0,1,0,1,0,0,1,1,1,1,0.59375,-216.30826516906822,1
1,1,1,0,0,0,1,1,0,1,0,0,0,0,1,0,0,0,0,0,1,1,1,0,1,1,1,1,1,0,1,1,0,1,1,0,0,1,0,0,1,0,1,1,1,1,0,0,0,1,0,0,1,0,0,1,0,1,0,0,1,1,1,1,0.546875,-216.30774489311403,1
1,0,1,0,0,0,1,1,0,1,0,0,0,0,1,0,0,0,0,0,1,1,0,0,1,1,1,1,1,0,1,1,0,1,1,0,0,1,0,0,1,1,1,1,1,1,1,0,0,1,0,0,0,0,0,1,0,1,0,0,1,0,1,1,0.515625,-216.3073401508821,1
0,0,1,0,1,0,1,1,0,1,0,0,0,0,1,0,0,0,0,0,1,1,0,0,1,1,1,1,1,0,1,1,0,1,1,0,0,1,0,0,1,1,1,1,1,1,1,0,0,1,0,0,0,0,0,1,0,1,1,0,1,1,1,1,0.53125,-216.30727110368755,1
1,1,1,0,0,0,1,1,0,1,0,0,1,0,1,0,1,0,0,0,1,1,0,0,1,1,1,1,1,0,1,1,0,1,1,0,0,1,0,0,1,1,1,0,1,1,1,0,0,1,0,0,0,0,0,1,0,1,0,0,1,0,1,1,0.5625,-216.30725236337696,1
1,1,1,0,0,0,1,1,0,1,0,0,0,0,0,0,0,0,0,0,1,1,1,0,1,1,0,1,1,0,1,1,0,1,1,0,0,1,0,0,1,1,1,1,1,1,1,0,0,1,0,0,1,0,0,1,1,1,0,0,1,1,1,0,0.53125,-216.30679953380863,1
1,1,1,0,0,0,1,1,0,1,0,0,0,0,0,0,0,0,1,0,1,1,1,0,1,1,1,1,1,0,1,1,0,1,1,0,0,1,0,0,1,1,1,1,1,1,1,0,0,1,0,0,0,0,0,1,0,1,0,0,1,0,1,1,0.5625,-216.30659982223403,1
1,1,1,0,0,0,1,1,0,1,1,0,0,0,0,0,0,0,1,0,1,1,0,0,1,1,1,1,1,0,1,1,0,1,1,0,0,1,0,0,1,1,1,1,1,1,0,0,0,1,0,0,1,0,0,1,0,1,0,0,1,0,1,1,0.515625,-216.3065945525186,1
1,1,1,0,0,0,1,1,0,1,0,0,0,0,0,0,0,0,0,0,1,1,1,0,1,1,1,1,1,0,1,1,0,1,1,0,0,1,0,0,1,1,1,1,1,1,1,0,0,1,0,0,1,0,0,1,0,1,0,0,1,0,1,1,0.515625,-216.3065816225212,1
1,0,1,0,0,0,1,1,0,1,0,0,1,0,1,0,0,0,1,0,1,1,0,0,1,1,0,1,1,0,1,1,0,1,1,0,0,1,0,0,1,1,1,1,1,1,0,0,0,1,0,0,1,0,0,1,0,1,0,0,1,1,1,1,0.546875,-216.30652010250063,1
1,1,1,0,0,0,1,1,0,1,0,0,0,0,1,0,0,0,0,0,1,0,0,0,1,1,1,1,1,0,1,1,0,1,1,0,0,1,0,0,1,0,1,1,1,1,0,1,0,1,0,0,1,0,0,1,0,1,0,0,1,0,1,1,0.53125,-216.30650145773157,1
1,1,1,0,0,0,1,1,0,1,0,0,0,0,0,0,0,0,1,0,1,1,1,0,0,1,1,1,1,0,1,1,0,1,1,0,0,1,0,0,1,1,1,1,1,1,1,0,0,1,0,0,1,0,0,1,0,1,0,0,1,0,1,1,0.5,-216.30643799745724,1
1,0,1,0,1,0,1,1,0,1,1,0,0,0,0,0,0,0,0,0,1,1,1,0,1,1,0,1,1,0,1,1,0,1,1,0,0,1,0,0,1,1,1,1,1,1,0,0,0,1,0,0,1,0,0,1,1,1,0,0,1,0,1,1,0.546875,-216.30633141037555,1
1,1,1,0,0,0,1,1,0,1,0,0,0,0,0,0,0,0,1,0,1,0,1,0,1,1,0,1,1,0,1,1,0,1,1,0,0,1,0,0,1,1,1,1,1,1,1,0,0,1,0,0,1,0,0,1,0,1,0,0,1,1,1,1,0.515625,-216.30604532132563,1
0,1,1,0,0,0,1,1,1,1,0,0,0,0,0,0,0,0,1,0,1,1,1,0,1,1,1,1,1,0,1,1,0,1,1,0,0,1,0,0,1,1,1,1,1,1,0,0,0,1,0,0,1,0,0,1,0,1,0,0,1,0,1,1,0.46875,-216.3059334851376,1
0,1,1,0,1,0,1,1,0,1,0,0,1,0,0,0,0,0,1,0,1,0,1,0,1,1,0,1,1,0,1,1,0,1,1,0,0,1,0,0,1,1,1,0,1,1,1,0,0,1,0,0,1,0,0,1,0,1,0,0,1,1,1,1,0.53125,-216.30578930350993,1
1,1,1,0,0,0,1,1,1,1,0,0,0,0,1,0,0,0,1,0,1,0,0,0,1,1,0,1,1,0,1,1,0,1,1,0,0,1,0,0,1,1,1,0,1,1,1,0,0,1,0,0,1,0,0,1,1,1,0,0,1,0,1,1,0.5625,-216.30558269712242,1
0,1,1,0,0,0,1,1,0,1,0,0,1,0,1,1,0,0,1,0,1,1,0,0,1,1,1,1,1,0,1,1,0,1,1,0,0,1,0,0,0,1,1,0,1,1,1,0,0,1,0,0,0,0,0,1,0,1,0,0,1,1,1,1,0.515625,-216.3055382298474,1
0,0,1,0,0,0,1,1,0,1,0,0,1,0,0,0,0,0,0,0,1,0,1,0,1,1,1,1,1,0,1,1,0,1,1,0,0,1,0,0,1,1,1,1,1,1,1,0,0,1,0,0,1,0,0,1,1,1,0,0,1,1,1,1,0.53125,-216.30541699959343,1
1,1,1,0,0,0,1,1,0,1,0,0,0,0,0,0,0,0,1,0,1,0,1,0,0,1,0,1,1,0,1,1,0,1,1,0,0,1,0,0,1,1,1,1,1,1,1,0,0,1,0,0,1,0,0,1,1,1,1,0,1,0,1,1,0.515625,-216.30533658569854,1
1,1,1,0,0,0,1,1,0,1,0,0,0,0,1,0,0,0,0,0,1,1,1,0,1,1,0,1,1,0,1,1,0,1,1,0,0,1,0,0,1,1,1,0,1,1,1,0,0,1,0,0,1,0,0,1,0,1,0,0,1,1,1,1,0.53125,-216.30528028422236,1
1,1,1,0,0,0,1,1,0,1,0,0,0,0,1,1,0,0,1,0,1,0,0,0,1,1,1,1,1,0,0,1,0,1,1,0,0,1,0,0,0,1,1,1,1,1,1,0,0,1,0,0,1,0,0,1,1,1,0,0,1,0,1,1,0.546875,-216.3049742721767,1
1,0,1,0,0,0,1,1,0,1,0,0,1,0,1,0,0,0,0,0,1,0,0,0,1,1,1,1,1,0,1,1,0,1,1,0,0,1,0,0,1,1,1,1,1,1,1,0,0,1,0,0,1,0,0,1,0,1,0,0,1,1,1,1,0.515625,-216.30489398780134,1
1,1,1,0,0,0,1,1,0,1,0,0,0,0,0,1,0,0,0,0,1,1,1,0,1,1,0,1,1,0,1,1,0,1,1,0,0,1,0,0,1,1,1,1,1,1,1,0,0,1,0,0,0,0,0,1,1,1,0,0,1,0,1,1,0.5,-216.3048490806444,1
0,1,1,0,0,0,1,1,0,1,1,0,0,0,0,0,0,0,0,0,1,1,0,0,1,1,1,1,1,0,1,1,0,1,1,0,0,1,0,0,1,1,1,1,1,1,1,0,0,1,0,0,1,0,0,1,1,1,0,0,1,0,1,1,0.5,-216.3043658594769,1
1,0,1,0,0,0,1,1,0,1,1,0,0,0,0,0,0,0,0,0,1,0,1,0,1,1,1,1,1,0,1,1,0,1,1,0,0,1,0,0,1,1,1,1,1,1,1,0,0,1,0,0,1,0,0,1,1,1,0,0,1,0,1,1,0.5,-216.30429977480756,1
1,1,1,0,0,0,1,1,0,1,0,0,0,0,0,0,0,0,0,0,1,0,1,0,1,1,0,1,1,0,1,1,0,1,1,0,0,1,0,0,1,1,1,1,1,1,1,1,0,1,0,0,1,0,0,1,1,1,0,0,1,0,1,1,0.546875,-216.30342777807445,1
0,0,1,0,0,0,1,1,0,1,0,0,1,0,0,0,1,0,1,0,1,1,1,0,1,1,1,1,1,0,1,1,0,1,1,0,0,1,0,0,1,1,1,1,1,1,1,0,0,1,0,0,1,0,0,1,0,1,0,0,1,0,1,0,0.546875,-216.30340096595802,1
1,0,1,0,0,0,1,1,0,1,0,0,0,0,1,1,0,0,0,0,1,1,1,0,1,1,0,1,1,0,1,1,0,1,1,0,0,1,0,0,1,1,1,1,1,1,1,0,0,1,0,0,0,0,0,1,0,1,0,0,1,1,1,1,0.546875,-216.30303665056465,1
0,1,1,0,0,0,1,1,0,1,0,0,1,0,0,0,0,0,0,0,1,1,1,0,1,1,1,1,1,0,1,1,0,1,1,0,0,1,0,0,1,1,1,1,1,1,1,0,0,1,0,0,1,0,0,1,0,1,0,0,1,0,1,1,0.484375,-216.30295602162226,1
1,0,1,0,0,0,1,1,0,1,1,0,0,0,1,0,0,0,1,0,1,1,1,0,1,1,0,1,1,0,1,1,0,1,1,0,0,1,0,0,0,1,1,1,1,1,1,0,0,1,0,0,1,0,0,1,0,1,0,0,1,0,1,1,0.5625,-216.30275310697087,1
1,0,1,0,0,0,1,1,1,1,1,0,0,0,1,0,0,0,1,0,1,0,1,0,1,1,0,1,1,0,1,1,0,1,1,0,0,1,0,0,0,1,1,1,1,1,0,0,0,1,0,0,1,0,0,1,1,1,0,0,1,0,1,1,0.515625,-216.30261084089003,1
1,0,1,0,0,0,1,1,0,1,0,0,0,0,1,0,0,0,1,0,1,0,0,0,1,1,0,1,1,0,1,1,0,1,1,0,0,1,0,0,1,1,1,1,1,1,1,0,0,1,0,0,1,0,0,1,1,1,0,0,1,1,1,1,0.515625,-216.30253141643558,1
1,0,1,0,0,0,1,1,0,1,0,0,0,0,1,0,0,0,0,0,1,1,1,0,1,1,1,1,1,0,1,1,0,1,1,0,0,1,0,0,0,1,1,1,1,1,1,0,0,1,0,0,1,0,0,1,1,1,0,0,1,0,1,1,0.515625,-216.30235657198958,1
1,1,1,0,0,0,1,1,0,1,1,0,1,0,1,0,0,0,0,0,1,1,1,0,1,1,0,1,1,0,1,1,0,1,1,0,0,1,0,0,0,1,1,1,1,1,1,0,0,1,0,0,0,0,0,1,0,1,0,0,1,0,1,1,0.578125,-216.30233852526186,1
1,0,1,0,0,0,1,1,0,1,0,0,0,0,1,0,0,0,0,0,1,1,1,0,1,1,1,1,1,0,1,1,0,1,1,0,0,1,0,0,1,1,1,1,1,1,0,0,0,1,0,0,1,0,0,1,0,1,0,0,1,1,1,1,0.515625,-216.3017165222917,1
1,1,1,0,0,0,1,1,0,1,0,0,0,0,0,0,0,0,0,0,1,0,1,0,1,1,1,1,1,0,1,1,0,1,1,0,0,1,0,0,1,1,1,1,1,1,1,0,0,1,0,0,1,0,0,1,1,1,0,0,1,0,1,1,0.515625,-216.30115682657856,1
1,1,1,0,0,0,1,1,0,1,0,0,0,0,0,0,0,0,1,0,1,0,1,0,1,1,0,1,1,0,1,1,0,1,1,0,0,1,0,0,1,1,1,1,1,1,1,0,0,1,0,0,1,0,0,1,1,1,0,0,1,0,1,1,0.5,-216.30106181367378,1
0,1,1,0,0,0,1,1,0,1,0,0,0,0,0,1,0,0,1,0,1,1,1,0,1,1,0,1,1,0,1,1,0,1,1,0,0,1,0,0,1,1,1,1,1,1,0,0,0,1,0,0,1,0,0,1,0,1,0,0,1,1,1,1,0.53125,-216.3004682724607,1
1,1,1,0,0,0,1,1,0,1,1,0,0,0,0,1,0,0,0,0,1,0,1,0,1,1,1,1,1,0,1,1,0,1,1,0,0,1,0,0,1,1,1,1,1,1,1,0,0,1,0,0,0,0,0,1,0,1,0,0,1,0,1,1,0.515625,-216.3002640259627,1
1,1,1,0,0,0,1,1,0,1,0,0,0,0,1,0,0,0,1,0,1,1,0,0,1,1,1,1,1,0,1,1,0,1,1,0,0,1,0,0,1,1,1,1,1,1,1,0,0,1,0,0,0,0,0,1,0,1,0,0,1,0,1,1,0.53125,-216.30009092497426,1
1,0,1,0,0,0,1,1,0,1,0,0,0,0,1,0,0,0,0,0,1,1,1,0,1,1,1,1,1,0,1,1,0,1,1,0,0,1,0,0,1,1,1,1,1,1,1,0,0,1,0,0,0,0,0,1,1,1,0,0,1,1,1,0,0.53125,-216.3000135190564,1
1,0,1,0,0,0,1,0,0,1,0,0,1,0,1,0,0,0,1,0,1,1,1,0,1,1,0,1,1,0,1,1,0,1,1,0,0,1,0,0,1,1,1,1,1,1,0,0,0,1,0,0,1,0,0,1,1,1,0,0,1,0,1,1,0.453125,-216.30001221841084,1
1,0,1,0,0,0,1,1,0,1,0,0,1,0,1,0,0,0,0,0,1,0,0,0,1,1,1,1,1,0,1,1,0,1,1,0,0,1,0,0,1,1,1,1,1,1,1,0,0,1,0,0,1,0,0,1,1,1,0,0,1,0,1,1,0.578125,-216.29914574727192,1
0,1,1,0,0,0,1,1,0,1,0,0,0,0,0,0,1,0,0,0,1,1,1,0,1,1,1,1,1,0,1,0,0,1,1,0,0,1,0,0,1,1,1,1,1,1,1,0,0,1,0,0,0,0,0,1,1,1,0,0,1,0,1,0,0.5625,-216.29888033825586,1
1,1,1,0,0,0,1,1,0,1,0,0,1,0,1,0,0,0,1,0,1,1,1,0,1,1,0,1,1,0,1,1,0,1,1,0,0,1,0,0,0,1,1,1,1,1,0,0,0,1,0,0,1,0,0,1,0,1,0,0,1,0,1,1,0.53125,-216.29806114624256,1
0,1,1,0,0,0,1,1,0,1,0,0,1,0,1,0,0,0,0,0,1,1,0,0,1,1,1,1,1,0,1,1,0,1,1,0,0,1,0,0,1,1,1,0,1,1,1,0,0,1,0,0,1,0,0,1,1,1,0,0,1,0,1,1,0.546875,-216.29745678360177,1
1,0,1,0,0,0,1,1,0,1,0,0,0,0,1,0,0,0,1,0,1,0,0,0,1,1,1,1,1,0,1,1,0,1,1,0,0,1,0,0,1,1,1,1,1,1,1,0,0,1,0,0,1,0,0,1,1,1,0,0,1,0,1,1,0.53125,-216.29733320800088,1
1,1,1,0,0,0,1,1,0,1,1,0,0,0,1,0,0,0,0,0,1,1,0,0,1,1,0,1,1,0,1,1,0,1,1,0,0,1,0,0,1,1,1,1,1,1,0,0,0,1,0,0,1,0,0,1,1,1,0,0,1,0,1,1,0.515625,-216.29713146735708,1
0,1,1,0,0,0,1,1,0,1,0,0,0,0,1,0,0,0,1,0,1,1,1,0,1,1,0,1,1,0,1,1,0,1,1,0,0,1,0,0,0,1,1,0,1,1,1,0,0,1,0,0,1,0,0,1,1,1,0,0,1,0,1,0,0.53125,-216.29571876687075,1
0,1,1,0,0,0,1,1,0,1,0,0,0,0,1,0,0,0,0,0,1,1,0,0,1,1,1,1,1,0,1,1,0,1,1,0,0,1,0,0,1,1,1,1,1,1,1,0,0,1,0,0,1,0,0,1,1,1,0,0,1,0,1,1,0.515625,-216.29326098957532,1
0,1,1,0,0,0,1,1,0,1,0,0,0,0,1,0,0,0,0,0,1,1,0,0,1,1,1,1,1,0,1,1,0,1,1,0,0,1,0,0,1,1,1,1,1,1,1,0,0,1,0,0,1,0,0,1,1,1,0,0,1,0,1,1,0.546875,-216.29326098957532,1
1,1,1,0,0,0,1,1,0,1,0,0,0,0,1,0,0,0,0,0,1,0,1,0,1,1,1,1,1,0,1,1,0,1,1,0,0,1,0,0,1,1,1,1,1,1,1,0,0,1,0,0,1,0,0,1,0,1,0,0,1,0,1,1,0.484375,-216.29197588666761,1
1,1,1,0,0,0,1,1,0,1,0,0,1,0,1,0,0,0,0,0,1,0,1,0,1,1,1,1,1,0,1,1,0,1,1,0,0,1,0,0,1,1,1,1,1,1,0,0,0,1,0,0,1,0,0,1,0,1,0,0,1,0,1,1,0.5625,-216.2904296838266,1
1,0,0,1,0,1,0,0,1,0,1,1,0,1,1,0,1,1,1,1,0,0,0,1,1,0,0,0,0,1,1,0,1,0,0,1,1,0,1,1,0,0,0,0,0,0,0,1,1,0,1,1,0,1,1,0,0,0,1,1,0,0,0,1,0.59375,-215.7022609778795,1
1,0,1,1,1,0,1,1,0,1,0,0,0,0,0,0,0,0,1,0,1,0,0,0,1,1,1,1,1,0,0,1,0,1,1,0,0,1,0,0,1,1,1,1,1,1,1,0,1,1,0,0,0,0,0,1,1,1,0,0,1,1,1,1,0.484375,-215.69844286255037,1
1,0,0,1,1,1,0,0,1,0,1,1,0,1,0,1,1,1,1,1,0,0,1,1,1,0,0,0,0,1,1,0,1,0,0,1,1,0,1,1,0,0,0,0,0,0,0,1,1,0,1,1,0,1,1,0,0,0,0,1,0,0,0,0,0.5,-215.69605124856852,1
1,0,1,0,0,0,1,1,0,1,0,0,1,0,0,0,0,0,0,0,1,1,0,0,1,1,1,1,1,0,1,1,0,1,1,0,0,1,0,0,1,0,1,1,1,1,0,0,0,1,0,0,0,0,0,1,0,1,0,0,1,1,1,1,0.484375,-215.6957655741041,1
1,1,1,0,0,0,1,1,1,1,0,0,0,0,0,0,0,0,0,0,1,1,0,0,1,1,1,1,1,0,0,1,0,1,1,0,0,1,0,0,1,1,1,1,1,1,1,0,0,1,0,0,1,0,0,1,1,1,0,0,1,1,1,1,0.546875,-215.69505386800003,1
1,0,1,0,0,0,1,0,1,1,0,0,1,0,0,0,0,0,1,0,1,1,0,0,1,1,1,1,1,0,1,1,0,1,1,0,0,1,0,0,1,1,1,1,1,1,1,0,1,1,0,0,1,0,0,1,0,1,0,0,1,0,1,1,0.546875,-215.69493544498903,1
1,0,1,0,1,0,1,1,1,1,0,0,0,0,0,0,0,0,1,0,1,1,1,0,1,1,0,1,1,0,1,1,0,1,1,0,0,1,0,0,1,0,1,1,1,1,1,0,0,1,0,0,1,0,0,1,0,1,0,0,1,1,1,1,0.5,-215.6946156314103,1
1,0,1,0,0,0,1,1,1,1,0,0,1,0,0,0,0,0,1,0,1,1,0,0,1,1,1,1,1,0,1,1,0,1,1,0,0,1,0,0,0,1,1,1,1,1,1,0,0,1,0,0,0,0,0,1,1,1,0,0,1,1,1,1,0.5625,-215.69365754454475,1
1,0,1,0,0,0,1,1,0,1,0,0,1,0,0,0,0,0,0,0,1,1,0,0,1,1,0,1,1,0,1,1,0,1,1,0,0,1,0,0,1,1,1,0,1,1,1,0,0,1,0,0,0,0,0,1,0,1,0,0,1,1,1,1,0.5,-215.6933418000149,1
1,0,1,0,0,0,1,1,1,1,0,0,1,0,0,0,0,0,1,0,1,1,1,0,1,1,0,1,1,0,0,1,0,1,1,0,0,1,0,0,1,1,1,1,1,1,0,0,0,1,0,0,1,0,0,1,1,1,0,0,1,1,1,1,0.5625,-215.69328170022322,1
0,1,1,0,0,0,1,1,0,1,1,0,0,0,0,0,0,0,0,0,1,1,1,0,1,1,1,1,1,0,1,1,0,1,1,0,0,1,0,0,0,0,1,0,1,1,1,0,0,1,0,0,0,0,0,1,0,1,0,0,1,1,1,1,0.484375,-215.69236512075733,1
1,0,1,0,0,0,1,1,1,1,0,0,1,0,1,0,0,0,0,0,1,1,0,0,1,1,0,1,1,0,1,1,0,1,1,0,0,1,0,0,0,1,1,1,1,1,1,0,1,1,0,0,0,0,0,1,1,1,0,0,1,1,1,1,0.5625,-215.6919731853828,1
1,0,1,0,0,0,1,1,1,1,0,0,0,0,0,0,1,0,0,0,1,0,1,0,1,1,1,1,1,0,0,1,0,1,1,0,0,1,0,0,1,1,1,1,1,1,1,0,0,1,0,0,1,0,0,1,1,1,0,0,1,1,1,1,0.546875,-215.69190632368426,1
1,1,0,1,1,1,0,1,1,0,1,1,1,1,1,0,1,1,0,1,0,0,1,1,1,0,1,0,0,1,0,0,1,0,0,1,1,0,1,1,0,0,0,1,0,0,0,1,1,0,1,1,0,1,1,0,0,0,1,1,0,0,0,0,0.546875,-215.69160726943352,1
1,0,1,0,0,0,1,1,0,1,0,0,1,0,0,0,0,0,1,0,1,1,0,0,1,1,1,1,1,0,0,1,0,1,1,0,0,1,0,0,1,1,1,1,1,1,1,0,0,1,0,0,1,0,0,1,1,1,0,0,1,1,1,1,0.578125,-215.69119030997248,1
1,0,1,0,0,0,1,1,1,1,0,0,0,0,0,0,0,0,1,0,1,1,0,0,1,1,0,1,1,0,1,1,0,1,1,0,0,1,0,0,1,1,1,1,1,1,1,1,0,1,0,0,0,0,0,1,1,1,0,0,1,1,1,1,0.53125,-215.691125244708,1
1,0,1,0,0,0,1,1,1,1,0,0,1,0,0,0,0,0,0,0,1,1,0,0,1,1,1,1,1,0,1,1,0,1,1,0,0,1,0,0,1,1,1,1,1,1,1,0,0,1,0,0,1,0,0,1,0,1,0,0,1,1,1,1,0.515625,-215.69078164150434,1
1,1,1,0,0,0,1,1,1,1,0,0,1,0,0,0,0,0,0,0,1,1,1,0,1,1,0,1,1,0,1,1,0,1,1,0,0,1,0,0,1,0,1,1,1,1,0,0,0,1,0,0,1,0,0,1,1,1,1,0,1,0,1,1,0.5,-215.69007274647947,1
1,1,1,0,0,0,1,1,0,1,0,0,1,0,0,0,0,0,1,0,1,1,0,0,0,1,1,1,1,0,1,1,0,1,1,0,0,1,0,0,0,1,1,1,1,1,1,0,1,1,0,0,1,0,0,1,0,1,0,0,1,1,1,1,0.546875,-215.68991051687956,1
1,1,1,0,1,0,1,1,1,1,0,0,0,0,0,0,0,0,0,0,1,1,0,0,1,1,1,1,1,0,1,1,0,1,1,0,0,1,0,0,1,1,1,0,1,1,1,0,0,1,0,0,1,0,0,1,0,1,0,0,1,1,1,1,0.5,-215.68932775098102,1
1,1,1,0,1,0,1,1,1,1,0,0,0,0,0,1,0,0,0,0,1,1,0,0,1,1,1,1,1,0,0,1,0,1,1,0,0,1,0,0,1,1,1,1,1,1,1,0,0,1,0,0,1,0,0,1,0,1,0,0,1,0,1,1,0.546875,-215.68898948441984,1
1,1,1,0,0,0,1,1,1,1,0,0,1,0,0,0,0,0,1,0,1,1,1,0,1,1,1,1,1,0,1,1,0,1,1,0,0,1,0,0,1,0,1,1,1,1,1,0,0,1,0,0,0,0,0,1,0,1,0,0,1,0,1,1,0.546875,-215.68889985667255,1
1,0,1,0,0,0,1,1,1,1,1,0,0,0,0,0,0,0,1,0,1,1,0,0,1,1,0,1,1,0,1,1,0,1,1,0,0,1,0,0,1,1,1,1,1,1,1,0,0,1,0,0,1,0,0,1,0,1,0,0,1,1,1,1,0.515625,-215.6888130101252,1
1,0,1,0,0,0,1,1,1,1,0,0,0,0,0,0,0,0,0,0,1,1,1,0,1,1,1,1,1,0,1,1,0,1,1,0,0,1,0,0,1,1,1,0,1,1,1,0,0,1,0,0,1,0,0,1,1,1,0,0,1,1,1,1,0.5625,-215.6886553151164,1
1,1,1,0,0,0,1,1,0,1,0,0,1,0,0,0,1,0,0,0,1,1,1,0,0,1,0,1,1,0,0,1,0,1,1,0,0,1,0,0,1,1,1,1,1,1,1,0,0,1,0,0,1,0,0,1,1,1,0,0,1,1,1,1,0.546875,-215.68864041401218,1
1,1,1,0,0,0,1,1,1,1,0,0,1,0,0,0,0,0,0,0,1,1,1,0,1,1,1,1,1,0,0,1,0,1,1,0,0,1,0,0,1,1,1,1,1,1,1,0,0,1,0,0,0,0,0,1,1,1,0,0,1,0,1,1,0.546875,-215.68858944417022,1
1,0,1,0,0,0,1,1,0,1,0,0,1,0,0,0,0,0,0,0,1,1,1,0,1,1,1,1,1,0,1,1,0,1,1,0,0,1,0,0,0,1,1,0,1,1,1,0,0,1,0,0,0,0,0,1,0,1,0,0,1,0,1,1,0.5,-215.68814082503096,1
0,0,1,0,0,0,1,1,1,1,0,0,1,0,0,0,1,0,0,0,1,1,0,0,1,1,1,1,1,0,1,1,0,1,1,0,0,1,0,0,1,1,1,1,1,1,1,0,0,1,0,0,1,0,0,1,0,1,0,0,1,1,1,1,0.5,-215.68789335427076,1
1,0,1,0,0,0,1,1,0,1,0,0,1,0,0,0,1,0,0,0,1,1,0,0,1,1,1,1,1,0,1,1,0,1,1,0,0,1,0,0,1,1,1,0,1,1,1,0,0,1,0,0,1,0,0,1,1,1,0,0,1,1,1,1,0.53125,-215.68771262324626,1
0,1,1,1,0,0,1,1,1,1,1,0,1,0,1,0,0,0,0,0,1,1,0,0,1,1,0,1,1,0,0,1,0,1,1,0,0,1,0,0,0,1,1,1,1,1,1,0,0,1,0,0,1,0,0,1,1,1,0,0,1,0,1,1,0.5,-215.68769354379114,1
1,0,1,0,0,0,1,1,1,1,0,0,1,0,0,0,0,0,0,0,1,1,1,0,1,1,0,1,1,0,1,1,0,1,1,0,0,1,0,0,1,1,1,1,1,1,1,0,0,1,0,0,1,0,0,1,0,1,0,0,1,1,1,1,0.59375,-215.6876483855586,1
1,0,1,0,0,0,1,1,0,1,0,0,0,0,0,0,0,0,0,0,1,1,1,0,1,1,1,1,1,0,1,1,0,1,1,0,0,1,0,0,1,1,1,0,1,1,1,1,0,1,0,0,0,0,0,1,1,1,1,0,1,1,1,1,0.546875,-215.68708523718496,1
1,1,1,0,0,0,1,1,1,1,0,0,0,0,0,0,0,0,0,0,1,1,0,0,1,1,1,1,1,0,1,1,0,1,1,0,0,1,0,0,1,1,1,1,1,1,1,0,0,1,0,0,1,0,0,1,0,1,0,0,1,1,1,1,0.53125,-215.68647620229277,1
1,0,1,0,0,0,1,1,1,1,0,0,1,0,0,1,0,0,0,0,1,0,0,0,1,1,1,1,1,0,1,1,0,1,1,0,0,1,0,0,0,1,1,1,1,1,1,0,0,1,0,0,1,0,0,1,1,1,0,0,1,1,1,1,0.53125,-215.68633217956508,1
1,0,1,0,1,0,1,1,1,1,1,0,0,0,0,0,0,0,0,0,1,1,0,0,1,1,0,1,1,0,1,1,0,1,1,0,0,1,0,0,1,1,1,1,1,1,0,0,0,1,0,0,1,0,0,1,1,1,0,0,1,1,1,1,0.5625,-215.68629108114587,1
1,1,1,0,0,0,1,1,1,1,0,0,0,0,0,0,0,0,0,0,1,1,1,0,1,1,0,1,1,0,1,1,0,1,1,0,0,1,0,0,1,1,1,0,1,1,1,0,0,1,0,0,1,0,0,1,1,1,0,0,1,1,1,1,0.53125,-215.6862133044019,1
1,0,1,0,0,0,1,1,1,1,0,0,1,0,0,0,0,0,0,0,1,1,0,0,1,1,1,1,1,0,1,1,0,1,1,0,0,1,0,0,1,1,1,1,1,1,1,0,0,1,0,0,1,0,0,1,1,1,0,0,1,1,1,0,0.546875,-215.68620321022462,1
1,1,1,0,0,0,1,1,1,1,0,0,0,0,0,0,0,0,1,0,1,1,1,0,1,1,0,1,1,0,1,1,0,1,1,0,0,1,0,0,1,1,1,0,1,1,1,0,0,1,0,0,1,0,0,1,0,1,0,0,1,1,1,1,0.53125,-215.68614359708033,1
1,0,1,0,0,0,1,1,0,1,1,0,0,0,0,0,0,0,1,0,1,1,1,0,1,1,0,0,1,0,1,1,0,1,1,0,0,1,0,0,0,1,1,1,1,0,1,0,0,1,0,0,1,0,0,1,0,1,0,0,1,0,1,1,0.546875,-215.68597494845477,1
1,0,1,0,1,0,1,1,0,1,0,0,0,0,0,0,1,0,0,0,1,1,0,0,1,1,1,1,1,0,1,1,0,1,1,0,0,1,0,0,0,1,1,1,1,1,1,0,0,1,0,0,1,0,0,1,1,1,0,0,1,1,1,1,0.53125,-215.685937362599,1
1,1,1,0,1,0,1,1,0,1,0,0,0,0,0,0,0,0,0,0,1,1,1,0,1,1,0,1,1,0,1,1,0,1,1,0,0,1,0,0,1,0,1,1,1,1,1,1,0,1,0,0,0,0,0,1,1,1,0,0,1,1,1,1,0.53125,-215.685762457055,1
1,0,1,0,0,0,1,1,1,1,0,0,0,0,0,0,0,0,0,0,1,1,1,0,1,1,1,1,1,0,1,1,0,1,1,0,0,1,0,0,1,1,1,1,1,1,1,0,0,1,0,0,1,0,0,1,0,1,0,0,1,1,1,1,0.515625,-215.68568442454168,1
1,0,1,0,0,0,1,1,1,1,0,0,1,0,0,0,0,0,1,0,1,1,0,0,1,1,1,1,1,0,1,1,0,1,1,0,0,1,0,0,1,1,1,1,1,1,1,0,0,1,0,0,1,0,0,1,0,1,0,0,1,0,1,1,0.59375,-215.68560053130702,1
1,0,1,0,0,0,1,1,1,1,0,0,1,0,0,0,0,0,1,0,1,1,0,0,1,1,1,1,1,0,1,1,0,1,1,0,0,1,0,0,1,1,1,1,1,1,1,0,0,1,0,0,1,0,0,1,0,1,0,0,1,0,1,1,0.5,-215.68560053130693,1
1,1,1,0,0,0,1,1,0,1,0,0,0,0,0,1,0,0,0,0,1,1,0,0,1,1,1,1,1,0,0,1,0,1,1,0,0,1,0,0,1,1,1,1,1,1,1,0,0,1,0,0,1,0,0,1,1,1,0,0,1,1,1,1,0.5,-215.68557641230828,1
1,0,1,0,0,0,1,1,0,1,1,0,1,0,0,0,0,0,1,0,1,1,0,0,1,1,0,1,1,0,1,1,0,1,1,0,0,1,0,0,0,1,1,1,1,1,1,0,0,1,0,0,1,0,0,1,1,1,0,0,1,1,1,1,0.5,-215.68554389692486,1
1,1,1,0,0,0,1,1,1,1,0,0,1,0,0,0,0,0,0,0,1,1,0,0,1,1,1,1,1,0,1,1,0,1,1,0,0,1,0,0,1,1,1,0,1,1,1,0,0,1,0,0,1,0,0,1,1,1,0,0,1,0,1,1,0.578125,-215.68545453508824,1
1,0,1,1,0,0,1,1,0,1,1,0,1,0,1,0,0,0,0,0,1,1,0,0,1,1,0,1,1,0,0,1,0,1,1,0,0,1,0,0,1,1,1,1,1,1,1,0,0,1,0,0,1,0,0,1,1,1,0,0,1,1,1,0,0.546875,-215.68541991405124,1
0,0,1,0,0,0,1,1,1,1,0,0,1,0,0,0,0,0,0,0,1,1,0,0,1,1,1,1,1,0,1,1,0,1,1,0,0,1,0,0,1,1,1,1,1,1,1,0,0,1,0,0,1,0,0,1,1,1,0,0,1,1,1,1,0.515625,-215.6853245610428,1
1,1,1,0,0,0,1,1,1,1,0,0,1,0,0,0,0,0,1,0,1,0,1,0,1,1,0,1,1,0,1,1,0,1,1,0,0,1,0,0,1,0,1,1,1,1,0,0,0,1,0,0,1,0,0,1,1,1,0,0,1,1,1,1,0.5625,-215.68532091837608,1
1,0,1,0,0,0,1,1,0,1,1,0,1,0,0,0,0,0,0,0,1,1,1,0,1,1,0,1,1,0,1,1,0,1,1,0,0,1,0,0,1,1,1,0,1,1,1,1,0,1,0,0,1,0,0,1,0,1,0,0,1,1,1,1,0.578125,-215.68531640258308,1
1,0,1,0,0,0,1,1,1,1,0,0,0,0,0,0,0,0,1,0,1,1,1,0,1,1,0,1,1,0,1,1,0,1,1,0,0,1,0,0,1,1,1,1,1,1,1,0,0,1,0,0,1,0,0,1,0,1,0,0,1,1,1,1,0.5,-215.6852756345696,1
1,1,1,0,0,0,1,1,0,1,1,0,0,0,0,0,0,0,1,0,1,1,0,0,1,1,0,1,1,0,1,1,0,1,1,0,0,1,0,0,0,1,1,1,1,1,1,0,0,1,0,0,1,0,0,1,0,1,1,0,1,1,1,1,0.546875,-215.68504157580324,1
1,1,1,0,0,0,1,1,0,1,1,0,0,0,0,0,0,0,0,0,1,1,1,0,1,1,0,1,1,0,0,1,0,1,1,0,0,1,0,0,1,1,1,1,1,1,1,0,0,1,0,0,1,0,0,1,1,1,0,0,1,1,1,1,0.59375,-215.68499438904442,1
1,1,1,0,0,0,1,0,1,1,0,0,0,0,1,0,0,0,1,0,1,1,1,0,1,1,1,1,1,0,0,1,0,1,1,0,0,1,0,0,0,1,1,1,1,1,0,0,0,1,0,0,1,0,0,1,1,1,0,0,1,1,1,1,0.484375,-215.68472237471954,1
1,0,1,0,0,0,1,1,0,1,0,0,1,0,0,0,0,0,1,0,1,1,1,0,1,1,0,1,1,0,1,1,0,1,1,0,0,1,0,0,1,1,1,0,1,1,1,1,0,1,0,0,1,0,0,1,0,1,0,0,1,1,1,1,0.53125,-215.68454783625467,1
1,1,1,0,0,0,1,1,1,1,1,0,0,0,0,0,1,0,0,0,1,1,0,0,1,1,0,1,1,0,1,1,0,1,1,0,0,1,0,0,1,1,1,1,1,1,1,0,0,1,0,0,1,0,0,1,0,1,0,0,1,0,1,1,0.515625,-215.68440699219573,1
1,0,1,0,0,0,1,1,0,1,1,0,1,0,0,0,0,0,1,0,1,1,0,0,1,1,1,1,1,0,1,1,0,1,1,0,0,1,0,0,0,1,1,1,1,1,1,0,0,1,0,0,1,0,0,1,0,1,1,0,1,0,1,1,0.5625,-215.6842938167236,1
1,1,1,0,1,0,1,1,1,1,1,0,0,0,0,0,1,0,0,0,1,1,0,0,1,1,1,1,1,0,1,1,0,1,1,0,0,1,0,0,0,1,1,1,1,1,0,0,0,1,0,0,1,0,0,1,0,1,0,0,1,0,1,1,0.453125,-215.68411381921038,1
1,1,1,0,0,0,1,1,0,1,0,0,0,0,0,0,0,0,0,0,1,1,1,0,1,1,1,1,1,0,0,1,0,1,1,0,0,1,0,0,1,1,1,1,1,1,1,0,0,1,0,0,1,0,0,1,1,1,0,0,1,1,1,1,0.546875,-215.68408399523955,1
1,1,1,0,0,0,1,1,1,1,1,0,0,0,1,0,0,0,1,0,1,1,0,0,1,1,0,1,1,0,1,1,0,1,1,0,0,1,0,0,0,1,1,0,1,1,1,0,0,1,0,0,1,0,0,1,0,1,0,0,1,1,1,1,0.53125,-215.6838139144322,1
1,1,0,1,1,1,0,0,1,0,1,1,0,1,1,1,1,1,0,1,0,1,1,1,1,0,0,0,0,1,1,0,1,0,0,1,1,0,1,1,0,0,0,1,0,0,0,1,1,0,1,1,0,1,1,0,0,0,1,1,0,0,0,0,0.53125,-215.68380931781968,1
1,0,1,0,1,0,1,1,1,1,1,0,0,0,1,0,0,0,1,0,1,1,0,0,1,1,1,1,1,0,1,1,0,1,1,0,0,1,0,0,0,0,1,1,1,1,0,0,0,1,0,0,1,0,0,1,1,1,0,0,1,0,1,1,0.53125,-215.68359803378758,1
1,1,1,0,1,0,1,1,0,1,0,0,0,0,0,0,0,0,1,0,1,1,1,0,1,1,1,1,1,0,0,1,0,1,1,0,0,1,0,0,1,1,1,0,1,1,0,0,0,1,0,0,1,0,0,1,1,1,0,0,1,1,1,1,0.53125,-215.68325014991737,1
1,1,1,0,0,0,1,1,1,1,0,0,0,0,0,0,1,0,1,0,1,1,1,0,1,1,0,1,1,0,1,1,0,1,1,0,0,1,0,0,0,1,1,1,1,1,1,0,0,1,0,0,1,0,0,1,0,1,0,0,1,0,1,1,0.515625,-215.683245429912,1
1,1,1,0,0,0,1,1,1,1,0,0,0,0,0,0,0,0,0,0,1,0,0,0,1,1,0,1,1,0,1,1,0,1,1,0,0,1,0,0,1,1,1,1,1,1,1,1,0,1,0,0,1,0,0,1,1,1,0,0,1,1,1,1,0.46875,-215.68317029631166,1
1,1,1,0,1,0,1,1,0,1,0,0,1,0,0,0,1,0,1,0,1,1,0,0,1,1,1,1,1,0,1,1,0,1,1,0,0,1,0,0,0,1,1,0,1,1,1,0,0,1,0,0,1,0,0,1,0,1,0,0,1,0,1,1,0.609375,-215.68314752407244,1
0,1,1,0,0,0,1,1,1,1,0,0,1,0,0,0,0,0,1,0,1,1,1,0,1,1,0,1,1,0,1,1,0,1,1,0,0,1,0,0,1,1,1,0,1,1,1,0,0,1,0,0,1,0,0,1,0,1,0,0,1,1,1,1,0.59375,-215.6827719400527,1
1,0,1,0,1,0,1,1,0,1,0,0,1,0,0,0,0,0,0,0,1,1,0,0,1,1,1,1,1,0,1,1,0,1,1,0,0,1,0,0,1,1,1,1,1,1,1,0,0,1,0,0,0,0,0,1,1,1,0,0,1,1,1,1,0.546875,-215.68263998626648,1
1,0,1,0,1,0,1,1,0,1,0,0,0,0,0,0,0,0,1,0,1,1,1,0,1,1,0,1,1,0,1,1,0,1,1,0,0,1,0,0,0,1,1,1,1,1,1,1,0,1,0,0,1,0,0,1,0,1,0,0,1,1,1,1,0.546875,-215.6825520383286,1
1,0,1,0,1,0,1,1,1,1,0,0,0,0,0,0,0,0,0,0,1,1,1,0,1,1,1,1,1,0,1,1,0,1,1,0,0,1,0,0,1,1,1,1,1,1,0,0,0,1,0,0,1,0,0,1,0,1,0,0,1,1,1,1,0.53125,-215.68250181296884,1
1,0,1,0,0,0,1,1,0,1,0,0,1,0,0,0,0,0,0,0,1,1,0,0,1,1,1,1,1,0,1,1,0,1,1,0,0,1,0,0,1,1,1,1,1,1,1,0,0,1,0,0,1,0,0,1,1,1,0,0,1,1,1,1,0.53125,-215.6824763920906,1
1,0,1,0,0,0,1,1,0,1,0,0,1,0,0,0,0,0,0,0,1,1,0,0,1,1,1,1,1,0,1,1,0,1,1,0,0,1,0,0,1,1,1,1,1,1,1,0,0,1,0,0,1,0,0,1,1,1,0,0,1,1,1,1,0.5625,-215.6824763920906,1
1,0,1,0,0,0,1,1,0,1,0,0,1,0,0,0,0,0,0,0,1,1,0,0,1,1,1,1,1,0,1,1,0,1,1,0,0,1,0,0,1,1,1,1,1,1,1,0,0,1,0,0,1,0,0,1,1,1,0,0,1,1,1,1,0.515625,-215.6824763920906,1
1,0,1,0,0,0,1,1,0,1,1,0,1,0,0,0,0,0,1,0,1,1,1,0,1,1,0,1,1,0,1,1,0,1,1,0,0,1,0,0,1,1,1,0,1,1,1,0,0,1,0,0,1,0,0,1,0,1,0,0,1,1,1,1,0.484375,-215.6824600363302,1
1,1,1,0,0,0,1,1,0,1,0,0,1,0,0,0,0,0,0,0,1,1,0,0,1,1,1,1,1,0,1,1,0,1,1,0,0,1,0,0,1,1,1,0,1,1,1,0,0,1,0,0,1,0,0,1,1,1,0,0,1,1,1,1,0.578125,-215.68241815101172,1
1,0,1,0,1,0,1,1,0,1,0,0,1,0,0,0,0,0,0,0,1,1,1,0,1,1,1,1,1,0,1,1,0,1,1,0,0,1,0,0,0,1,1,1,1,1,1,0,0,1,0,0,1,0,0,1,0,1,0,0,1,1,1,1,0.53125,-215.682189678227,1
1,0,1,0,0,0,1,1,0,1,0,0,1,0,1,0,0,0,1,0,1,1,0,0,1,1,0,1,1,0,0,1,0,1,1,0,0,1,0,0,1,1,1,1,1,1,1,0,0,1,0,0,1,0,0,1,1,1,0,0,1,1,1,1,0.53125,-215.68218182154953,1
1,0,1,0,0,0,1,1,0,1,0,0,1,0,0,0,0,0,0,0,1,1,1,0,1,1,1,1,1,0,1,1,0,1,1,0,0,1,0,0,0,1,1,1,1,1,1,0,0,1,0,0,1,0,0,1,1,1,0,0,1,1,1,1,0.515625,-215.68217791221176,1
0,0,1,0,0,0,1,1,0,1,1,0,0,0,0,0,0,0,1,0,1,1,1,0,1,1,1,1,1,0,0,1,0,1,1,0,0,1,0,0,1,1,1,1,1,1,1,0,0,1,0,0,1,0,0,1,1,1,0,0,1,1,1,1,0.515625,-215.68193297192053,1
1,0,1,0,0,0,1,1,0,1,0,0,1,0,0,0,0,0,0,0,1,1,1,0,1,1,0,1,1,0,1,1,0,1,1,0,0,1,0,0,1,1,1,1,1,1,1,1,0,1,0,0,1,0,0,1,0,1,0,0,1,1,1,1,0.546875,-215.68187502741685,1
1,1,1,0,0,0,1,1,1,1,0,0,0,0,0,0,0,0,0,0,1,1,1,0,1,1,1,1,1,0,1,1,0,1,1,0,0,1,0,0,0,1,1,1,1,1,1,0,0,1,0,0,1,0,0,1,1,1,0,0,1,1,1,0,0.5625,-215.68158001041334,1
1,1,1,0,1,0,1,1,1,1,0,0,0,0,0,0,0,0,0,0,1,0,0,0,1,1,1,1,1,0,1,1,0,1,1,0,0,1,0,0,1,1,1,1,1,1,1,0,0,1,0,0,1,0,0,1,0,1,0,0,1,1,1,1,0.59375,-215.68141747432847,1
1,1,1,0,0,0,1,1,0,1,1,0,1,0,0,0,0,0,0,0,1,0,1,0,1,1,1,1,1,0,1,1,0,1,1,0,0,1,0,0,1,0,1,1,1,1,1,0,0,1,0,0,1,0,0,1,0,1,0,0,1,1,1,1,0.546875,-215.68133313776676,1
1,1,1,0,0,0,1,1,1,1,0,0,0,0,0,0,0,0,1,0,1,1,0,0,1,1,1,1,1,0,1,1,0,1,1,0,0,1,0,0,1,1,1,1,1,1,1,0,0,1,0,0,1,0,0,1,0,1,0,0,1,0,1,1,0.53125,-215.68128824658953,1
1,1,1,0,0,0,1,0,1,1,1,0,0,0,0,0,0,0,0,0,1,1,1,0,1,1,1,1,1,0,1,1,0,1,1,0,0,1,0,0,1,1,1,1,1,1,1,0,0,1,0,0,1,0,0,1,0,1,0,0,1,0,1,1,0.515625,-215.68127077689758,1
1,1,1,0,0,0,1,1,1,1,0,0,0,0,0,0,0,0,1,0,1,1,1,0,1,1,1,1,1,0,1,1,0,1,1,0,0,1,0,0,0,1,1,1,1,1,1,0,0,1,0,0,0,0,0,1,1,1,0,0,1,0,1,1,0.484375,-215.68122294160437,1
1,1,1,0,0,0,1,1,1,1,0,0,0,0,0,0,0,0,1,0,1,1,1,0,1,1,0,1,1,0,1,1,0,1,1,0,0,1,0,0,1,1,1,0,1,1,1,0,0,1,0,0,1,0,0,1,1,1,0,0,1,0,1,1,0.515625,-215.68103583188736,1
1,1,1,0,0,0,1,1,0,1,1,0,1,0,0,0,0,0,1,0,1,1,0,0,1,1,1,1,1,0,1,1,0,1,1,0,0,1,0,0,0,1,1,0,1,1,1,0,0,1,0,0,1,0,0,1,1,1,0,0,1,0,1,1,0.5,-215.68101745065383,1
1,1,1,0,0,0,1,1,0,1,1,0,1,0,0,0,1,0,0,0,1,1,0,0,1,1,1,1,1,0,1,1,0,1,1,0,0,1,0,0,1,1,1,0,1,1,1,0,0,1,0,0,1,0,0,1,0,1,0,0,1,0,1,1,0.5625,-215.68098154250546,1
1,1,1,0,0,0,1,1,0,1,1,0,1,0,0,0,0,0,0,0,1,1,0,0,1,1,1,1,1,0,1,1,0,1,1,0,0,1,0,0,1,1,1,1,1,1,1,0,0,1,0,0,0,0,0,1,0,1,0,0,1,1,1,1,0.53125,-215.68088742697972,1
1,1,1,0,1,0,1,1,1,1,0,0,1,0,1,0,0,0,0,0,1,1,0,0,1,1,0,1,1,0,1,1,0,1,1,0,0,1,0,0,0,1,1,0,1,1,0,0,0,1,0,0,1,0,0,1,1,1,0,0,1,1,1,1,0.5,-215.68081879082598,1
1,0,1,0,1,0,1,1,0,1,0,0,0,0,0,0,0,0,0,0,1,1,0,0,1,1,1,1,1,0,1,1,0,1,1,0,0,1,0,0,1,1,1,1,1,1,1,0,0,1,0,0,1,0,0,1,1,1,0,0,1,1,1,1,0.5,-215.6807497080448,1
1,1,1,0,0,0,1,1,0,1,1,0,1,0,0,0,0,0,1,0,1,1,0,0,1,1,0,1,1,0,1,1,0,1,1,0,0,1,0,0,1,1,1,1,1,1,1,0,0,1,0,0,0,0,0,1,0,1,0,0,1,1,1,1,0.515625,-215.68071665255835,1
1,1,1,0,1,0,1,1,0,1,0,0,1,0,0,0,0,0,0,0,1,1,1,0,1,1,1,1,1,0,1,1,0,1,1,0,0,1,0,0,1,0,1,1,1,1,1,0,0,1,0,0,1,0,0,1,0,1,0,0,1,0,1,1,0.53125,-215.68059500247637,1
1,0,1,0,0,0,1,1,1,1,0,0,0,0,0,0,0,0,1,0,1,1,1,0,1,1,1,1,1,0,1,1,0,1,1,0,0,1,0,0,1,1,1,1,1,1,1,0,0,1,0,0,1,0,0,1,0,1,0,0,1,0,1,1,0.53125,-215.68055491532573,1
1,0,1,0,0,0,1,1,0,1,1,0,1,0,0,0,0,0,0,0,1,1,0,0,1,1,0,1,1,0,1,1,0,1,1,0,0,1,0,0,1,1,1,1,1,1,1,1,0,1,0,0,1,0,0,1,1,1,0,0,1,0,1,1,0.546875,-215.68044030641224,1
1,0,1,0,1,0,1,1,0,1,0,0,0,0,0,0,0,0,0,0,1,1,1,0,1,1,1,1,1,0,1,1,0,1,1,0,0,1,0,0,1,1,1,1,1,1,1,1,0,1,0,0,0,0,0,1,0,1,0,0,1,1,1,1,0.5,-215.68040940868767,1
1,1,1,0,0,0,1,1,0,1,0,0,1,0,0,0,0,0,0,0,1,1,0,0,1,1,1,1,1,0,1,1,0,1,1,0,0,1,0,0,1,1,1,1,1,1,1,0,0,1,0,0,1,0,0,1,0,1,0,0,1,1,1,1,0.53125,-215.68008508645093,1
1,1,1,0,0,0,1,1,0,1,0,0,1,0,0,0,0,0,0,0,1,1,0,0,1,1,1,1,1,0,1,1,0,1,1,0,0,1,0,0,1,1,1,1,1,1,1,0,0,1,0,0,1,0,0,1,0,1,0,0,1,1,1,1,0.5625,-215.68008508645093,1
1,1,1,0,0,0,1,1,1,1,0,0,0,0,0,0,0,0,0,0,1,1,1,0,1,1,1,1,1,0,1,1,0,1,1,0,0,1,0,0,1,1,1,1,1,1,0,0,0,1,0,0,1,0,0,1,0,1,0,0,1,1,1,1,0.53125,-215.68000362911926,1
1,1,1,0,0,0,1,1,0,1,0,0,0,0,0,0,0,0,0,0,1,1,1,0,1,1,1,1,1,0,1,1,0,1,1,0,0,1,0,0,1,1,1,1,1,1,1,0,0,1,0,0,0,0,0,1,0,1,1,0,1,1,1,1,0.53125,-215.67970208897498,1
1,0,1,0,0,0,1,1,1,1,0,0,1,0,1,0,0,0,1,0,1,1,0,0,1,1,1,1,1,0,1,1,0,1,1,0,0,1,0,0,0,1,1,1,1,1,1,0,0,1,0,0,1,0,0,1,0,1,0,0,1,0,1,1,0.578125,-215.6795192948343,1
1,0,1,0,0,0,1,1,0,1,0,0,1,0,0,0,0,0,1,0,1,1,1,0,1,1,1,1,1,0,1,1,0,1,1,0,0,1,0,0,1,1,1,1,1,1,1,0,0,1,0,0,0,0,0,1,0,1,0,0,1,1,1,1,0.53125,-215.67946329868,1
1,0,1,0,0,0,1,1,0,1,0,0,1,0,0,0,0,0,0,0,1,1,1,0,1,1,1,1,1,0,1,1,0,1,1,0,0,1,0,0,1,1,1,1,1,1,1,0,0,1,0,0,1,0,0,1,0,1,0,0,1,1,1,1,0.53125,-215.6793917635895,1
1,1,1,0,0,0,1,1,1,1,1,0,0,0,1,0,0,0,0,0,1,1,0,0,1,1,0,1,1,0,1,1,0,1,1,0,0,1,0,0,0,1,1,1,1,1,1,0,0,1,0,0,1,1,0,1,0,1,0,0,1,0,1,1,0.5,-215.67935176166478,1
1,0,1,0,1,0,1,1,0,1,0,0,1,0,0,0,0,0,1,0,1,1,0,0,1,1,1,1,1,0,1,1,0,1,1,0,0,1,0,0,1,1,1,1,1,1,0,0,0,1,0,0,1,0,0,1,0,1,0,0,1,1,1,1,0.5,-215.67900619641705,1
1,1,1,0,0,0,1,1,0,1,1,0,0,0,0,0,0,0,0,0,1,1,0,0,1,1,1,1,1,0,1,1,0,1,1,0,0,1,0,0,1,1,1,1,1,1,1,0,0,1,0,0,0,0,0,1,1,1,0,0,1,1,1,1,0.5625,-215.67882045190893,1
1,1,1,0,0,0,1,1,0,1,1,0,0,0,0,0,0,0,0,0,1,1,0,0,1,1,1,1,1,0,1,1,0,1,1,0,0,1,0,0,1,1,1,1,1,1,1,0,0,1,0,0,1,0,0,1,0,1,0,0,1,1,1,1,0.546875,-215.67880032937265,1
1,1,1,0,0,0,1,1,0,1,0,0,1,0,0,0,0,0,1,0,1,0,0,0,1,1,0,1,1,0,1,1,0,1,1,0,0,1,0,0,1,1,1,1,1,1,1,0,0,1,0,0,1,0,0,1,0,1,1,0,1,1,1,1,0.546875,-215.6787760028546,1
1,1,1,0,0,0,1,1,1,1,0,0,0,0,0,0,0,0,0,0,1,1,1,0,1,1,1,1,1,0,1,1,0,1,1,0,0,1,0,0,1,1,1,1,1,1,1,0,0,1,0,0,1,0,0,1,0,1,0,0,1,0,1,1,0.5625,-215.67849591591192,1
1,1,1,0,0,0,1,1,0,1,1,0,0,0,0,0,0,0,1,0,1,1,1,0,1,1,0,1,1,0,1,1,0,1,1,0,0,1,0,0,1,1,1,0,1,1,1,0,0,1,0,0,1,0,0,1,0,1,0,0,1,1,1,1,0.5625,-215.67831923106735,1
1,0,1,0,0,0,1,1,0,1,1,0,1,0,0,0,0,0,1,0,1,1,0,0,1,1,1,1,1,0,1,1,0,1,1,0,0,1,0,0,1,1,1,1,1,1,1,0,0,1,0,0,1,0,0,1,0,1,0,0,1,1,1,0,0.578125,-215.67827972107844,1
1,1,1,0,0,0,1,1,1,1,0,0,0,0,0,0,0,0,1,0,1,1,1,0,1,1,0,1,1,0,1,1,0,1,1,0,0,1,0,0,1,1,1,1,1,1,1,0,0,1,0,0,1,0,0,1,0,1,0,0,1,0,1,1,0.59375,-215.67826760494427,1
1,0,1,0,0,0,1,1,0,1,0,0,0,0,0,0,0,0,0,0,1,0,0,0,1,1,1,1,1,0,1,1,0,1,1,0,0,1,0,0,1,1,1,1,1,1,1,0,0,1,0,0,1,0,0,1,0,1,0,0,1,0,1,1,0.53125,-215.6782180647011,1
1,1,1,0,0,0,1,1,1,1,0,0,0,0,0,0,0,0,0,0,1,0,1,0,1,1,1,1,1,0,1,1,0,1,1,0,0,1,0,0,1,1,1,1,1,1,1,0,0,1,0,0,1,0,0,1,0,1,0,0,1,1,1,1,0.59375,-215.67821333450692,1
1,1,1,0,0,0,1,1,0,1,1,0,1,0,0,0,0,0,1,0,1,0,0,0,1,1,1,1,1,0,1,1,0,1,1,0,0,1,0,0,1,1,1,0,1,1,1,0,0,1,0,0,0,0,0,1,1,1,0,0,1,1,1,1,0.578125,-215.67809324424485,1
1,0,1,0,0,0,1,1,0,1,1,0,1,0,0,0,0,0,0,0,1,1,0,0,1,1,1,1,1,0,1,1,0,1,1,0,0,1,0,0,1,1,1,1,1,1,1,0,0,1,0,0,1,0,0,1,1,1,0,0,1,0,1,1,0.484375,-215.678084053592,1
1,1,1,0,1,0,1,1,0,1,0,0,0,0,0,0,0,0,1,0,1,1,1,0,1,1,1,1,1,0,1,1,0,1,1,0,0,1,0,0,0,1,1,1,1,1,1,0,0,1,0,0,0,0,0,1,0,1,0,0,1,1,1,1,0.546875,-215.67797612559988,1
0,0,1,0,1,0,1,1,0,1,1,0,1,0,0,0,1,0,1,0,1,0,0,0,1,1,1,1,1,0,1,1,0,1,1,0,0,1,0,0,1,1,1,0,1,1,1,0,0,1,0,0,1,0,0,1,0,1,0,0,1,1,1,1,0.515625,-215.6779634699722,1
1,1,1,0,0,0,1,1,0,1,0,0,0,0,0,0,0,0,0,0,1,1,1,0,1,1,1,1,1,0,1,1,0,1,1,0,0,1,0,0,0,1,1,1,1,1,1,0,0,1,0,0,1,0,0,1,1,1,0,0,1,1,1,1,0.53125,-215.67777967063572,1
1,0,1,0,0,0,1,1,0,1,0,0,0,0,0,0,0,0,1,0,1,1,1,0,1,1,1,1,1,0,1,1,0,1,1,0,0,1,0,0,1,1,1,1,1,1,0,0,0,1,0,0,0,1,0,1,1,1,0,0,1,1,1,1,0.515625,-215.67775632768056,1
1,0,1,0,0,0,1,1,0,1,1,0,0,0,0,0,0,0,0,0,1,1,1,0,1,1,1,1,1,0,1,1,0,1,1,0,0,1,0,0,1,1,1,1,1,1,1,0,0,1,0,0,1,0,0,1,0,1,0,0,1,1,1,1,0.5625,-215.67773700051455,1
1,1,1,0,1,0,1,1,0,1,0,0,0,0,0,0,0,0,0,0,1,1,0,0,1,1,1,1,1,0,1,1,0,1,1,0,0,1,0,0,1,1,1,1,1,1,1,0,0,1,0,0,1,0,0,1,0,1,1,0,1,0,1,1,0.5,-215.6777042892599,1
1,0,1,0,0,0,1,1,0,1,0,0,0,0,1,0,0,0,0,0,1,1,0,0,1,1,1,1,1,0,1,1,0,1,1,0,0,1,0,0,0,1,1,1,1,1,1,0,0,1,0,0,0,0,0,1,0,1,0,0,1,0,1,1,0.5,-215.6776557222682,1
1,0,1,0,1,0,1,1,1,1,0,0,0,0,0,0,0,0,0,0,1,1,1,0,1,1,1,1,1,0,1,1,0,1,1,0,0,1,0,0,1,1,1,1,1,1,0,0,0,1,0,0,1,0,0,1,1,1,0,0,1,0,1,1,0.5,-215.67764030158324,1
1,0,1,0,0,0,1,1,1,1,1,0,0,0,0,0,0,0,1,0,1,1,1,0,1,1,1,1,1,0,1,1,0,1,1,0,0,1,0,0,1,1,1,1,1,1,0,0,0,1,0,0,1,0,0,1,0,1,0,0,1,0,1,1,0.515625,-215.67739233437078,1
0,1,1,0,0,0,1,1,1,1,0,0,1,0,0,0,0,0,1,0,1,0,0,0,1,1,0,1,1,0,1,1,0,1,1,0,0,1,0,0,1,1,1,1,1,1,1,0,0,1,0,0,1,0,0,1,1,1,0,0,1,1,1,1,0.546875,-215.67733648483397,1
1,1,1,0,1,0,1,1,0,1,0,0,1,0,0,0,0,0,1,0,1,1,1,0,1,1,0,1,1,0,1,1,0,1,1,0,0,1,0,0,0,1,1,0,1,1,1,0,0,1,0,0,1,0,0,1,1,1,0,0,1,0,1,1,0.5,-215.6772909133967,1
1,1,1,0,0,0,1,1,0,1,1,0,1,0,0,0,0,0,0,0,1,1,0,0,1,1,1,1,1,0,1,1,0,1,1,0,0,1,0,0,1,1,1,1,1,1,0,0,0,1,0,0,1,0,0,1,0,1,0,0,1,1,1,1,0.515625,-215.67725590211103,1
1,0,1,0,0,0,1,1,0,1,0,0,1,0,0,0,0,0,1,0,1,1,0,0,1,1,1,1,1,0,1,1,0,1,1,0,0,1,0,0,1,1,1,1,1,1,1,0,0,1,0,0,1,0,0,1,1,1,0,0,1,0,1,1,0.546875,-215.67722651099848,1
1,0,1,0,0,0,1,1,0,1,1,0,0,0,0,0,0,0,1,0,1,1,1,0,1,1,0,1,1,0,1,1,0,1,1,0,0,1,0,0,1,1,1,1,1,1,1,0,0,1,0,0,1,0,0,1,0,1,0,0,1,1,1,1,0.53125,-215.67719391328492,1
1,0,1,0,0,0,1,1,0,1,1,0,0,0,0,0,0,0,1,0,1,1,1,0,1,1,0,1,1,0,1,1,0,1,1,0,0,1,0,0,1,1,1,1,1,1,1,0,0,1,0,0,1,0,0,1,0,1,0,0,1,1,1,1,0.515625,-215.67719391328492,1
1,1,1,0,0,0,1,1,0,1,0,0,1,0,0,0,0,0,0,0,1,1,1,0,1,1,1,1,1,0,1,1,0,1,1,0,0,1,0,0,1,1,1,1,1,1,1,0,0,1,0,0,0,0,0,1,0,1,0,0,1,1,1,1,0.53125,-215.6771379336916,1
1,0,1,0,0,0,1,1,0,1,0,0,0,0,0,0,0,0,1,0,1,1,1,0,1,1,1,1,1,0,1,1,0,1,1,0,0,1,0,0,1,1,1,1,1,1,1,0,0,1,0,0,1,0,0,1,0,1,0,0,1,1,1,1,0.5625,-215.6770706838743,1
1,0,1,0,0,0,1,1,0,1,0,0,1,0,0,0,0,0,1,0,1,0,0,0,1,1,1,1,1,0,1,1,0,1,1,0,0,1,0,0,1,1,1,1,1,1,1,0,0,1,0,0,1,0,0,1,1,1,0,0,1,1,1,1,0.53125,-215.67703744097275,1
0,1,1,0,0,0,1,1,0,1,0,0,0,0,0,0,0,0,0,0,1,1,1,0,1,1,1,1,1,0,1,1,0,1,1,0,0,1,0,0,1,1,1,1,1,1,1,0,1,1,0,0,1,0,0,1,0,1,0,0,1,1,1,1,0.515625,-215.67702419060515,1
1,1,1,0,0,0,1,1,0,1,0,0,1,0,0,0,0,0,0,0,1,1,1,0,1,1,0,1,1,0,1,1,0,1,1,0,0,1,0,0,1,1,1,1,1,1,1,0,0,1,0,0,1,0,0,1,0,1,0,0,1,1,1,1,0.53125,-215.67697722167867,1
1,0,1,0,0,0,1,1,0,1,0,0,1,0,0,0,0,0,1,0,1,1,1,0,1,1,1,1,1,0,1,1,0,1,1,0,0,1,0,0,0,1,1,1,1,1,1,0,0,1,0,0,1,0,0,1,1,1,0,0,1,0,1,1,0.53125,-215.67696641277544,1
1,0,1,0,0,0,1,1,0,1,0,0,0,0,1,0,0,0,1,0,1,1,0,0,1,1,1,1,1,0,1,1,0,1,1,0,0,1,0,0,1,1,1,0,1,1,1,1,0,1,0,0,1,0,0,1,0,1,0,0,1,1,1,1,0.546875,-215.67686010616953,1
1,0,1,0,0,0,1,1,0,1,0,0,1,0,0,0,0,0,0,0,1,1,1,0,1,1,1,1,1,0,1,1,0,1,1,0,0,1,0,0,1,1,1,1,1,1,1,1,0,1,0,0,0,0,0,1,1,1,0,0,1,0,1,1,0.5625,-215.67685918341982,1
1,0,1,0,0,0,1,1,1,1,0,0,0,0,1,0,0,0,0,0,1,1,1,0,1,1,0,1,1,0,1,1,0,1,1,0,0,1,0,0,1,1,1,1,1,1,1,0,0,1,0,0,1,0,0,1,0,1,0,0,1,1,1,1,0.546875,-215.67684254124984,1
1,0,1,0,0,0,1,1,0,1,1,0,0,0,0,0,0,0,1,0,1,1,1,0,0,1,1,1,1,0,1,1,0,1,1,0,0,1,0,0,1,1,1,1,1,1,1,0,0,1,0,0,1,0,0,1,0,1,0,0,1,1,1,1,0.546875,-215.67681045533064,1
1,1,1,0,0,0,1,1,0,1,0,0,0,0,0,0,0,0,1,0,1,1,0,0,1,1,1,1,1,0,1,1,0,1,1,0,0,1,0,0,1,1,1,1,1,1,0,1,0,1,0,0,1,0,0,1,0,1,0,0,1,1,1,1,0.5,-215.676776635442,1
0,1,1,0,1,0,1,1,0,1,0,0,1,0,0,0,0,0,1,0,1,1,1,0,1,1,1,1,1,0,1,1,0,1,1,0,0,1,0,0,0,1,1,0,1,1,1,0,0,1,0,0,0,0,0,1,1,1,0,0,1,1,1,1,0.546875,-215.67666821419192,1
1,0,1,0,0,0,1,1,0,1,1,0,0,0,1,1,0,0,1,0,1,1,0,0,1,1,0,1,1,0,1,1,0,1,1,0,0,1,0,1,0,1,1,1,1,1,1,0,0,1,0,0,0,0,0,1,0,1,0,0,1,1,1,1,0.5,-215.67654602429252,1
1,1,1,0,0,0,1,1,0,1,0,0,0,0,0,0,0,0,1,0,1,1,0,0,1,1,1,1,1,0,1,1,0,1,1,0,0,1,0,0,1,1,1,1,1,1,1,0,0,1,0,0,1,1,0,1,0,1,0,0,1,0,1,1,0.515625,-215.67644271979128,1
1,1,1,0,0,0,1,1,1,1,0,0,0,0,0,0,0,0,1,0,1,1,0,0,1,1,1,1,1,0,1,1,0,1,1,0,0,1,0,0,1,1,1,1,1,1,1,0,0,1,0,0,1,0,0,1,1,1,0,0,1,0,1,0,0.578125,-215.67641342396738,1
1,1,1,0,1,0,1,1,0,1,1,0,0,0,0,0,0,0,0,0,1,1,1,0,1,1,1,1,1,0,0,1,0,1,1,0,0,1,0,0,1,1,1,1,1,1,0,0,0,1,0,0,1,0,0,1,1,1,0,0,1,0,1,1,0.578125,-215.6763983351517,1
0,0,1,0,0,0,1,1,1,1,0,0,1,0,1,0,0,0,0,0,1,1,1,0,1,1,1,1,1,0,1,1,0,1,1,0,0,1,0,0,1,1,1,0,1,1,1,0,0,1,0,0,1,0,0,1,0,1,0,0,1,1,1,1,0.515625,-215.6763488818188,1
0,0,1,0,1,0,1,1,1,1,0,0,1,0,0,0,1,0,1,0,1,0,1,0,1,1,0,1,1,0,1,1,0,1,1,0,0,1,0,0,1,1,1,1,1,1,0,0,0,1,0,0,1,0,0,1,0,1,0,0,1,1,1,1,0.53125,-215.67605075628137,1
1,0,1,0,0,0,1,1,0,1,0,0,1,0,0,0,0,0,0,0,1,1,1,0,1,1,1,1,1,0,1,1,0,1,1,0,0,1,0,0,1,1,1,1,1,1,0,0,0,1,0,0,1,0,0,1,1,1,0,0,1,1,1,1,0.5625,-215.67595930629122,1
1,1,1,0,0,0,1,1,0,1,0,0,0,0,0,0,0,0,0,0,1,1,1,0,1,1,1,1,1,0,1,1,0,1,1,0,0,1,0,0,1,1,1,1,1,1,1,0,1,1,0,0,1,0,0,1,0,1,0,0,1,1,0,1,0.5625,-215.67574593813566,1
1,1,1,0,0,0,1,1,0,1,1,0,1,0,0,0,0,0,1,0,1,1,0,0,1,1,1,1,1,0,1,1,0,1,1,0,0,1,0,0,1,1,1,1,1,1,1,0,0,1,0,0,0,0,0,1,0,1,0,0,1,0,1,1,0.59375,-215.6756780861826,1
1,1,1,0,0,0,1,1,0,1,1,0,0,0,0,0,1,0,0,0,1,0,0,0,0,1,1,1,1,0,1,1,0,1,1,0,0,1,0,0,1,1,1,1,1,1,1,0,0,1,0,0,1,0,0,1,1,1,0,0,1,1,1,1,0.515625,-215.6756755672584,1
0,1,1,0,0,0,1,1,0,1,0,0,0,0,0,0,0,0,0,0,1,1,0,0,1,1,0,1,1,0,1,1,0,1,1,0,0,1,0,0,1,1,1,1,1,1,1,0,0,1,0,0,1,0,0,1,0,1,0,0,1,0,1,1,0.515625,-215.67562296959545,1
1,0,1,0,0,0,1,1,0,1,1,0,0,0,0,0,0,0,1,0,1,0,0,0,1,1,1,1,1,0,1,1,0,1,1,0,0,1,0,0,1,1,1,1,1,1,1,0,0,1,0,0,1,0,0,1,1,1,0,0,1,1,1,1,0.53125,-215.67555441482835,1
1,1,1,0,1,0,1,1,0,1,0,0,0,0,0,0,1,0,0,0,1,0,0,0,1,1,1,1,1,0,1,1,0,1,1,0,0,1,0,0,1,1,1,1,1,1,1,0,0,1,0,0,1,0,0,1,0,1,0,0,1,1,1,1,0.53125,-215.67552111609731,1
1,0,1,0,0,0,1,1,0,1,0,0,0,0,0,1,0,0,0,0,1,1,1,0,1,1,0,1,1,0,1,1,0,1,1,0,0,1,0,0,1,1,1,1,1,1,1,0,0,1,0,0,1,0,0,1,1,1,0,0,1,1,1,1,0.5625,-215.6753937073248,1
1,1,1,0,0,0,1,1,0,1,0,0,0,0,0,0,1,0,1,0,1,1,1,0,1,1,1,1,1,0,1,1,0,1,1,0,0,1,0,0,0,1,1,1,1,1,1,0,0,1,0,0,0,0,0,1,1,1,0,0,1,0,1,1,0.515625,-215.6753729731229,1
1,0,1,0,0,0,1,1,0,1,1,0,0,0,0,0,0,0,0,0,1,0,0,0,1,1,1,1,1,0,1,1,0,1,1,0,0,1,0,0,1,1,1,1,1,1,0,0,0,1,0,0,1,0,0,1,0,1,0,0,1,0,1,1,0.5,-215.67532999871804,1
1,1,1,0,0,0,1,1,0,1,1,0,1,0,0,0,0,0,0,0,1,1,1,0,1,1,1,1,1,0,1,1,0,1,1,0,0,1,0,0,0,1,1,1,1,1,1,0,0,1,0,0,1,0,0,1,0,1,0,0,1,0,1,1,0.53125,-215.67531539281285,1
1,1,1,0,1,0,1,0,1,1,0,0,0,0,0,0,0,0,0,0,1,0,1,0,1,1,1,1,1,0,1,1,0,1,1,0,0,1,0,0,1,1,1,1,1,1,1,0,0,1,0,0,1,0,0,1,1,1,0,0,1,0,1,1,0.53125,-215.67520618506336,1
0,0,1,0,0,0,1,1,0,1,0,0,1,0,0,0,0,0,0,0,1,0,0,0,1,1,1,1,1,0,1,1,0,1,1,0,0,1,0,0,1,1,1,1,1,1,1,0,0,1,0,0,1,0,0,1,0,1,0,0,1,0,1,1,0.578125,-215.675049215523,1
1,1,1,0,0,0,1,1,0,1,0,0,0,0,0,0,0,0,0,0,1,1,1,0,1,1,0,1,1,0,1,1,0,1,1,0,0,1,0,0,1,1,1,1,1,1,1,0,0,1,0,0,1,0,0,1,1,1,0,0,1,1,1,1,0.53125,-215.67498150622413,1
1,0,1,0,0,0,1,1,0,1,0,0,0,0,0,0,1,0,0,0,1,1,1,0,1,1,1,1,1,0,1,1,0,1,1,0,0,1,0,0,1,1,1,1,1,1,1,0,0,1,0,0,1,0,0,1,1,1,0,0,1,0,1,1,0.546875,-215.67493410546365,1
1,1,1,0,0,0,1,1,0,1,0,0,1,0,0,0,0,0,1,0,1,1,0,0,1,1,1,1,1,0,1,1,0,1,1,0,0,1,0,0,1,1,1,1,1,1,1,0,0,1,0,0,1,0,0,1,0,1,0,0,1,0,1,1,0.53125,-215.67479726884739,1
1,1,1,0,0,0,1,1,0,1,1,0,0,0,0,1,0,0,1,0,1,0,0,0,1,1,1,1,1,0,1,1,0,1,1,0,0,1,0,0,1,1,1,0,1,1,1,0,0,1,0,0,0,0,0,1,1,1,0,0,1,1,1,1,0.484375,-215.67473355484714,1
1,1,1,0,0,0,1,1,0,1,0,0,1,0,0,0,0,0,1,0,1,1,0,0,1,1,0,1,1,0,1,1,0,1,1,0,0,1,0,0,1,1,1,1,1,1,1,0,0,1,0,0,1,0,0,1,1,1,0,0,1,0,1,1,0.578125,-215.6745852127266,1
0,0,1,0,1,0,1,1,0,1,1,0,1,0,0,0,0,0,0,0,1,1,0,0,1,1,1,1,1,0,1,1,0,1,1,0,0,1,0,0,1,1,1,1,1,1,0,0,0,1,0,0,1,0,0,1,1,1,0,0,1,1,1,1,0.53125,-215.67444346744074,1
1,1,1,0,0,0,1,1,0,1,0,0,1,0,0,0,0,0,1,0,1,1,1,0,1,1,0,1,1,0,1,1,0,1,1,0,0,1,0,0,1,1,1,0,1,1,1,0,0,1,0,0,1,0,0,1,1,1,0,0,1,0,1,1,0.578125,-215.67444311458615,1
1,1,1,0,0,0,1,1,0,1,0,0,1,0,0,0,0,0,1,0,1,1,1,0,1,1,0,1,1,0,1,1,0,1,1,0,0,1,0,0,1,1,1,0,1,1,1,0,0,1,0,0,1,0,0,1,1,1,0,0,1,0,1,1,0.515625,-215.67444311458615,1
1,0,1,0,1,0,1,1,0,1,0,0,1,0,0,0,0,0,0,0,1,0,1,0,1,1,0,1,1,0,1,1,0,1,1,0,0,1,0,0,1,1,1,1,1,1,1,0,0,1,0,0,1,0,0,1,1,1,0,0,1,1,1,1,0.546875,-215.6744241036376,1
1,1,1,0,0,0,1,1,0,1,0,0,0,0,0,0,0,0,0,0,1,1,1,0,1,1,1,1,1,0,1,1,0,1,1,0,0,1,0,0,1,1,1,1,1,1,1,0,0,1,0,0,1,0,0,1,0,1,1,0,1,0,1,1,0.5625,-215.67440665668119,1
1,0,1,0,0,0,1,1,0,1,0,0,1,0,0,0,0,0,1,0,1,1,1,0,1,1,1,1,1,0,1,1,0,1,1,0,0,1,0,0,1,1,1,1,1,1,1,0,0,1,0,0,1,0,0,1,0,1,0,0,1,0,1,1,0.578125,-215.6741623924733,1
0,1,1,0,0,0,1,1,0,1,0,0,0,0,0,0,0,0,1,0,1,1,1,0,1,1,1,1,1,0,1,1,0,1,1,0,0,1,0,0,1,1,1,1,1,1,1,1,1,1,0,0,0,0,0,1,0,1,0,0,1,0,1,1,0.546875,-215.67411875418526,1
1,1,1,0,0,0,1,1,0,1,1,0,0,0,0,0,0,0,1,0,1,1,0,0,1,1,0,1,1,0,1,1,0,1,1,0,0,1,0,0,1,1,1,1,1,1,1,0,0,1,0,0,1,0,0,1,1,1,0,0,1,1,1,0,0.546875,-215.67397958510745,1
1,1,1,0,0,0,1,0,0,1,0,0,1,0,0,0,0,0,1,0,1,1,1,0,1,1,1,1,1,0,1,1,0,1,1,0,0,1,0,0,1,1,1,1,1,1,1,0,0,1,0,0,1,0,0,1,0,1,0,0,1,0,1,1,0.53125,-215.67389844694867,1
1,0,1,0,0,0,1,1,1,1,1,0,0,0,1,0,0,0,0,0,1,1,0,0,1,1,1,1,1,0,1,1,0,1,1,0,0,1,0,0,1,1,1,1,1,0,1,0,0,1,0,0,0,0,0,1,1,1,0,0,1,1,1,1,0.53125,-215.67378555637688,1
1,1,1,0,0,0,1,1,1,1,0,0,1,0,1,0,0,0,1,0,1,0,0,0,1,1,0,1,1,0,1,1,0,1,1,0,0,1,0,0,1,1,1,1,1,1,1,0,0,1,0,0,0,0,0,1,0,1,0,0,1,1,1,1,0.59375,-215.67361190357062,1
1,1,1,0,0,0,1,1,1,1,0,0,0,0,0,0,0,0,0,0,1,1,1,0,1,1,1,1,1,0,1,1,0,1,1,0,0,1,0,0,1,1,1,1,1,1,1,0,0,1,0,0,1,0,0,1,1,1,0,0,1,0,1,0,0.546875,-215.67355723995493,1
1,1,1,0,0,0,1,1,0,1,1,0,0,0,0,0,0,0,0,0,1,0,0,0,1,1,1,1,1,0,1,1,0,1,1,0,0,1,0,0,1,1,1,1,1,1,1,0,0,1,0,0,1,0,0,1,1,1,0,0,1,1,1,1,0.53125,-215.67344698288068,1
1,1,1,0,0,0,1,1,0,1,1,0,0,0,0,0,0,0,1,0,1,1,1,0,1,1,1,1,1,0,1,1,0,1,1,0,0,1,0,0,1,1,1,0,1,1,1,0,0,1,0,0,1,0,0,1,0,1,0,0,1,0,1,1,0.5625,-215.6733686856127,1
1,1,1,0,0,0,1,1,0,1,1,0,1,0,0,0,0,0,1,0,1,1,1,0,1,1,1,1,1,0,1,1,0,1,1,0,0,1,0,0,0,1,1,0,1,1,1,0,0,1,0,0,1,0,0,1,1,1,0,0,1,0,1,0,0.5625,-215.67333663876784,1
0,1,1,0,0,0,1,1,0,1,0,0,1,0,0,0,1,0,0,0,1,1,0,0,1,1,1,1,1,0,1,1,0,1,1,0,0,1,0,0,1,1,1,1,1,1,0,0,0,1,0,0,1,0,0,1,1,1,0,0,1,1,1,1,0.53125,-215.67321675327955,1
1,0,1,0,1,0,1,1,0,1,0,0,0,0,0,0,0,0,1,0,1,1,1,0,1,1,1,1,1,0,1,1,0,1,1,0,0,1,0,0,1,1,1,1,1,1,1,0,0,1,0,0,0,0,0,1,1,1,0,0,1,1,1,0,0.515625,-215.673168001227,1
1,0,1,0,1,0,1,1,0,1,1,0,1,0,0,0,0,0,0,0,1,0,0,0,1,1,1,1,1,0,1,1,0,1,1,0,0,1,0,0,1,1,1,1,1,1,1,0,0,1,0,0,1,0,0,1,1,1,0,0,1,0,1,1,0.515625,-215.67303736252524,1
0,1,1,0,1,0,1,1,1,1,0,0,0,0,0,0,0,0,0,0,1,1,1,0,1,1,1,1,1,0,1,1,0,1,1,0,0,1,0,0,1,1,1,1,1,1,1,0,0,1,0,0,1,0,0,1,0,1,0,0,1,0,1,1,0.53125,-215.6730364636099,1
0,1,1,0,1,0,1,1,1,1,0,0,0,0,0,0,0,0,0,0,1,1,1,0,1,1,1,1,1,0,1,1,0,1,1,0,0,1,0,0,1,1,1,1,1,1,1,0,0,1,0,0,1,0,0,1,0,1,0,0,1,0,1,1,0.546875,-215.6730364636099,1
1,1,1,0,0,0,1,1,0,1,1,0,1,0,0,0,0,0,0,0,1,1,1,0,1,1,1,1,1,0,1,1,0,1,1,0,0,1,0,0,1,1,1,1,1,1,1,0,0,1,0,0,0,0,0,1,0,1,0,0,1,0,1,1,0.515625,-215.67279942965098,1
1,0,1,0,0,0,1,1,0,1,0,0,1,0,1,0,0,0,1,0,1,1,1,0,1,1,0,1,1,0,1,1,0,1,1,0,0,1,0,0,0,1,1,1,1,1,1,0,0,1,0,0,1,0,0,1,0,1,0,0,1,1,1,1,0.5,-215.67256687081016,1
1,1,1,0,0,0,1,1,0,1,0,0,0,0,0,0,0,0,1,0,1,1,1,0,1,1,1,1,1,0,1,1,0,1,1,0,0,1,0,0,0,1,1,1,1,1,1,0,0,1,0,0,1,0,0,1,1,1,0,0,1,0,1,1,0.578125,-215.67256132569352,1
1,1,1,0,0,0,1,1,0,1,1,0,1,0,0,0,0,0,0,0,1,0,1,0,1,1,0,1,1,0,1,1,0,1,1,0,0,1,0,0,1,1,1,1,1,1,1,0,0,1,0,0,1,0,0,1,0,1,0,0,1,1,1,1,0.546875,-215.67229696534187,1
1,1,1,0,0,0,1,1,1,1,0,0,0,0,1,0,0,0,0,0,1,0,0,0,1,1,1,1,1,0,1,1,0,1,1,0,0,1,0,0,1,1,1,1,1,1,1,0,0,1,0,0,1,0,0,1,0,1,0,0,1,1,1,1,0.5625,-215.67209991453635,1
1,0,1,0,0,0,1,1,0,1,1,0,0,0,1,0,0,0,1,0,1,1,0,0,1,1,1,1,1,0,1,1,0,1,1,0,0,1,0,0,1,1,1,0,1,1,1,1,0,1,0,0,0,0,0,1,1,1,0,0,1,0,1,1,0.59375,-215.67198896699426,1
1,1,1,0,0,0,1,1,1,1,0,0,1,0,0,0,0,0,0,0,1,1,1,0,1,1,1,1,1,0,1,1,0,1,1,0,0,1,0,0,1,1,1,1,1,1,0,0,0,1,0,0,1,0,0,1,1,1,0,0,1,0,1,0,0.5,-215.67196579340248,1
1,1,1,0,0,0,1,1,1,1,1,0,1,0,0,0,0,0,1,0,1,0,1,0,1,1,0,1,1,0,1,1,0,1,1,0,0,1,0,0,1,1,1,1,1,1,0,0,0,1,0,0,1,0,0,1,0,1,0,0,1,0,1,1,0.5625,-215.6719514918225,1
1,1,1,0,1,0,1,1,0,1,0,0,1,0,0,0,0,0,0,0,1,1,1,0,1,1,0,1,1,0,1,1,0,1,1,0,0,1,0,0,1,1,1,1,1,1,1,0,0,1,0,0,1,0,0,1,0,1,0,0,1,0,1,1,0.53125,-215.67194967791878,1
1,1,1,0,1,0,1,1,0,1,0,0,0,0,0,0,0,0,1,0,1,1,1,0,1,1,1,1,1,0,1,1,0,1,1,0,0,1,0,0,1,1,1,1,1,1,0,0,0,1,0,0,0,0,0,1,0,1,0,0,1,1,1,1,0.53125,-215.67180476511962,1
1,1,1,0,0,0,1,1,0,1,0,0,1,0,0,0,0,0,0,0,1,1,1,0,1,1,1,1,1,0,1,1,0,1,1,0,0,1,0,0,1,1,1,1,1,1,1,0,0,1,0,0,0,0,0,1,1,1,0,0,1,0,1,1,0.578125,-215.67166398403677,1
1,1,1,0,0,0,1,1,0,1,1,0,1,0,1,0,0,0,0,0,1,1,1,0,0,1,0,1,1,0,1,1,0,1,1,0,0,1,0,0,1,1,1,0,1,1,1,0,0,1,0,0,1,0,0,1,0,1,0,0,1,1,1,1,0.53125,-215.67145181208525,1
1,0,1,0,0,0,1,1,0,1,0,0,0,0,1,0,0,0,0,0,1,1,0,0,1,1,1,1,1,0,1,1,0,1,1,0,0,1,0,0,1,1,1,1,1,1,1,0,0,1,0,0,1,0,0,1,1,1,0,0,1,1,1,1,0.59375,-215.67132637566144,1
1,1,1,0,0,0,1,1,1,1,0,0,0,0,1,0,0,0,0,0,1,1,0,0,1,1,1,1,1,0,1,1,0,1,1,0,0,1,0,0,1,1,1,1,1,1,1,0,0,1,0,0,0,0,0,1,1,1,0,0,1,0,1,1,0.578125,-215.671059499324,1
0,1,1,0,1,0,1,1,0,1,0,0,1,0,0,0,0,0,0,0,1,1,1,0,1,1,0,1,1,0,1,1,0,1,1,0,0,1,0,0,1,1,1,1,1,1,1,0,0,1,0,0,0,0,0,1,1,1,0,0,1,1,1,1,0.5625,-215.67097288050363,1
1,0,1,0,1,0,1,1,0,1,0,0,1,0,0,0,0,0,1,0,1,1,1,0,1,1,1,1,1,0,1,1,0,1,1,0,0,1,0,0,1,1,1,1,1,1,0,0,0,1,0,0,1,0,0,1,0,1,0,0,1,0,1,1,0.546875,-215.67083000934505,1
1,1,1,0,0,0,1,1,0,1,1,0,0,0,0,0,0,0,0,0,1,1,1,0,1,1,1,1,1,0,1,1,0,1,1,0,0,1,0,0,1,1,1,1,1,1,1,0,0,1,0,0,0,0,0,1,1,1,0,0,1,0,1,1,0.578125,-215.67078430326004,1
1,1,1,0,0,0,1,1,0,1,1,0,0,0,0,0,0,0,0,0,1,1,1,0,1,1,1,1,1,0,1,1,0,1,1,0,0,1,0,0,1,1,1,1,1,1,1,0,0,1,0,0,1,0,0,1,0,1,0,0,1,0,1,1,0.515625,-215.67068367294112,1
1,1,1,0,1,0,1,1,0,1,0,0,1,0,0,0,0,0,0,0,1,1,0,0,1,1,1,1,1,0,1,0,0,1,1,0,0,1,0,0,1,1,1,1,1,1,1,0,0,1,0,0,1,0,0,1,1,1,0,0,1,0,1,1,0.484375,-215.6705924792347,1
1,0,1,0,1,0,1,1,0,1,1,0,0,0,0,1,0,0,1,0,1,1,0,0,1,1,1,1,1,0,1,1,0,1,1,0,0,1,0,0,1,1,1,1,1,1,0,0,0,1,0,0,1,0,0,1,0,1,0,0,1,0,1,1,0.484375,-215.67047383316168,1
0,0,1,0,0,0,1,1,1,1,0,0,1,0,1,0,0,0,0,0,1,1,0,0,1,1,1,1,1,0,1,1,0,1,1,0,0,1,0,0,1,1,1,1,1,1,1,0,0,1,0,0,1,0,0,1,1,1,0,0,1,0,1,1,0.53125,-215.67041257170638,1
1,1,1,0,0,0,1,1,0,1,0,0,0,0,0,0,0,0,0,0,1,1,1,0,1,1,1,1,1,0,1,1,0,1,1,0,0,1,0,0,1,1,1,1,1,1,1,0,0,1,0,0,1,0,0,1,1,1,0,0,1,1,1,0,0.578125,-215.6702790330553,1
1,1,1,0,0,0,1,1,0,1,0,0,1,0,1,0,0,0,0,0,1,1,1,0,1,1,1,1,1,0,1,1,0,1,1,0,0,1,0,0,1,1,1,0,1,1,1,0,0,1,0,0,0,0,0,1,0,1,0,0,1,1,1,1,0.546875,-215.67027363736673,1
1,1,1,0,1,0,1,1,0,1,0,0,0,0,0,0,0,0,0,0,1,1,1,0,1,1,1,1,1,0,1,1,0,1,1,0,0,1,0,0,1,1,1,1,1,1,1,0,0,1,0,0,1,0,0,1,0,1,0,0,1,0,1,1,0.5625,-215.6701345300578,1
1,1,1,0,0,0,1,1,0,1,0,0,0,0,0,0,0,0,1,0,1,0,1,0,1,1,1,1,1,0,1,1,0,1,0,0,0,1,0,0,1,1,1,1,1,1,1,1,0,1,0,0,1,0,0,1,0,1,0,0,1,1,1,1,0.515625,-215.66997478467843,1
1,1,1,0,0,0,1,1,0,1,0,0,0,0,0,0,0,0,0,0,1,1,1,0,1,1,1,1,1,0,1,1,0,1,1,0,0,1,0,0,1,1,1,1,1,1,1,0,0,1,0,0,1,0,0,1,1,1,0,0,1,0,1,1,0.5625,-215.66984022887613,1
1,1,1,0,0,0,1,1,0,1,0,0,0,0,0,0,0,0,0,0,1,0,1,0,1,1,1,1,1,0,1,1,0,1,1,0,0,1,0,0,1,1,1,1,1,1,1,0,0,1,0,0,1,0,0,1,1,1,0,0,1,1,1,1,0.53125,-215.66980314468103,1
1,1,1,0,0,0,1,1,0,1,1,0,0,0,0,1,0,0,1,0,1,0,1,0,1,1,0,1,1,0,1,1,0,1,1,0,0,1,0,0,0,1,1,1,1,1,1,0,0,1,0,0,1,0,0,1,0,1,0,0,1,1,1,1,0.5,-215.6697145212773,1
1,1,1,0,0,0,1,1,0,1,0,0,0,0,0,0,0,0,1,0,1,0,1,0,1,1,1,1,1,0,1,1,0,1,1,0,0,1,0,0,1,1,1,1,1,1,1,0,0,1,0,0,1,0,0,1,0,1,0,0,1,1,1,1,0.59375,-215.669628063521,1
1,1,1,0,0,0,1,1,0,1,1,0,0,0,1,0,0,0,1,0,1,1,0,0,1,1,0,1,1,0,1,1,0,1,1,0,0,1,0,0,0,1,1,1,1,1,1,1,0,1,0,0,1,0,0,1,0,1,0,0,1,0,1,1,0.5,-215.6696127848092,1
0,1,1,0,0,0,1,1,0,1,0,0,0,0,0,0,0,0,1,0,1,1,1,0,1,1,1,1,1,0,1,1,0,1,1,0,0,1,0,0,1,1,1,1,1,1,1,0,0,1,0,0,1,0,0,1,0,1,0,0,1,1,1,1,0.5625,-215.66954036379215,1
1,1,1,1,0,0,1,1,0,1,0,0,1,0,1,0,0,0,0,0,1,1,1,0,1,1,0,1,1,0,1,1,0,1,1,0,0,1,0,0,1,1,1,1,1,1,1,0,0,1,0,0,0,0,0,1,0,1,0,0,1,0,1,1,0.515625,-215.66926823196755,1
1,1,1,0,1,0,1,1,0,1,0,0,1,0,0,0,1,0,0,0,1,0,1,0,1,1,0,1,1,0,1,1,0,1,1,0,0,1,0,0,1,1,1,1,1,1,1,0,0,1,0,0,0,0,0,1,1,1,0,0,1,0,1,1,0.484375,-215.66921115447806,1
1,1,1,0,1,0,1,1,0,1,0,0,0,0,0,0,0,0,1,0,1,1,1,0,1,1,1,1,1,0,1,1,0,1,1,0,0,1,0,0,0,1,1,1,1,1,0,0,0,1,0,0,1,0,0,1,1,1,0,0,1,0,1,1,0.5,-215.66917491704731,1
0,1,1,0,1,0,1,1,0,1,0,0,1,0,0,0,1,0,0,0,1,1,1,0,1,1,1,1,1,0,1,1,0,1,1,0,0,1,0,0,1,1,1,1,1,1,1,0,0,1,0,0,0,0,0,1,0,1,0,0,1,0,1,1,0.53125,-215.66890318869042,1
1,1,1,0,0,0,1,1,0,1,0,0,1,0,0,0,0,0,0,0,1,1,1,0,1,1,1,1,1,0,1,1,0,1,1,0,0,1,0,0,1,1,1,1,1,1,0,0,0,1,0,0,1,0,0,1,1,1,0,0,1,1,1,0,0.515625,-215.66866526087762,1
1,1,1,0,0,0,1,1,1,1,0,0,1,0,1,0,0,0,0,0,1,0,0,0,1,1,1,1,1,0,1,1,0,1,1,0,0,1,0,0,1,1,1,1,1,1,1,0,0,1,0,0,1,0,0,1,0,1,0,0,1,0,1,1,0.609375,-215.66859768905755,1
1,1,1,0,0,0,1,1,0,1,0,0,0,0,0,1,0,0,0,0,1,1,1,0,1,1,1,1,1,0,1,1,0,1,1,0,0,1,0,0,1,1,1,1,1,1,1,0,0,1,0,0,0,0,0,1,1,1,0,0,1,0,1,1,0.53125,-215.66845926000818,1
1,0,1,0,0,0,1,1,0,1,0,0,0,0,1,0,0,0,0,0,1,1,1,0,1,1,1,1,1,0,1,1,0,1,1,0,0,1,0,0,1,1,1,1,1,1,1,0,0,1,0,0,0,0,0,1,1,1,0,0,1,1,1,1,0.578125,-215.66835371520878,1
1,1,1,0,0,0,1,1,0,1,0,0,1,0,1,0,0,0,1,0,1,1,0,0,1,1,1,1,1,0,1,1,0,1,1,0,0,1,0,0,0,1,1,1,1,1,1,0,0,1,0,0,1,0,0,1,0,1,0,0,1,0,1,1,0.609375,-215.6681475085612,1
1,1,1,0,0,0,1,1,0,1,0,0,0,0,1,0,0,0,0,0,1,1,0,0,1,1,1,1,1,0,1,1,0,1,1,0,0,1,0,0,1,1,1,1,1,1,1,0,0,1,0,0,0,0,0,1,1,1,0,0,1,1,1,1,0.484375,-215.66805360743726,1
1,1,1,0,0,0,1,1,0,1,0,0,0,0,0,1,0,0,0,0,1,0,1,0,1,1,1,1,1,0,1,1,0,1,1,0,0,1,0,0,1,1,1,1,1,1,1,0,0,1,0,0,1,0,0,1,0,1,0,0,1,1,1,1,0.53125,-215.66788011494836,1
1,1,1,0,0,0,1,1,0,1,1,0,0,0,1,0,0,0,1,0,1,1,0,0,1,1,1,1,1,0,1,1,0,1,1,0,0,1,0,0,0,1,1,1,1,1,0,0,0,1,0,0,1,1,0,1,0,1,0,0,1,0,1,1,0.515625,-215.66745031528396,1
1,1,1,0,0,0,1,1,0,1,0,0,0,0,1,0,0,0,0,0,0,1,0,0,1,1,1,1,1,0,1,1,0,1,1,0,0,1,0,0,1,1,1,1,1,1,1,0,0,1,0,0,1,0,0,1,1,1,0,0,1,1,1,1,0.484375,-215.66710645868176,1
0,1,1,0,0,0,1,1,1,1,0,0,0,0,1,0,0,0,1,0,1,1,0,0,1,1,0,1,1,0,1,1,0,1,1,0,0,1,0,0,1,1,1,1,1,1,0,0,0,1,0,0,1,0,0,1,1,1,1,0,1,0,1,1,0.5,-215.66688610732965,1
1,1,1,0,0,0,1,1,0,1,1,0,1,0,1,0,0,0,0,0,1,1,0,0,1,1,1,1,1,0,1,1,0,1,1,0,0,1,0,0,1,1,1,1,1,1,1,0,0,1,0,0,0,0,0,1,0,1,0,0,1,0,1,1,0.5625,-215.6660984902834,1
1,1,1,0,0,0,1,1,0,1,0,0,0,0,1,0,0,0,1,0,1,1,1,0,1,1,0,1,1,0,1,1,0,1,1,0,0,1,0,0,0,1,1,1,1,1,1,1,0,1,0,0,1,0,0,1,0,1,0,0,1,0,1,1,0.515625,-215.6656454307627,1
1,1,1,0,0,0,1,1,0,1,0,0,0,0,1,0,0,0,1,0,1,1,1,0,1,1,0,1,1,0,1,1,0,1,1,0,0,1,0,0,1,1,1,1,1,1,1,0,0,1,0,0,0,0,0,1,0,1,0,0,1,1,1,1,0.546875,-215.66561574776475,1
1,0,1,0,0,0,1,1,0,1,1,0,0,0,1,0,0,0,0,0,1,1,1,0,1,1,1,1,1,0,1,1,0,1,1,0,0,1,0,0,1,1,1,1,1,1,0,0,0,1,0,0,1,0,0,1,0,1,0,0,1,1,1,1,0.546875,-215.66561240690794,1
0,1,1,0,0,0,1,1,0,1,0,0,0,0,1,0,0,0,1,0,1,1,1,0,1,1,1,1,1,0,1,1,0,1,1,0,0,1,0,0,0,1,1,1,1,1,1,1,0,1,0,0,0,0,0,1,0,1,0,0,1,1,1,1,0.578125,-215.665378830179,1
1,1,1,0,0,0,1,1,0,1,0,0,1,0,1,0,0,0,0,0,1,1,0,0,1,1,1,1,1,0,1,1,0,1,1,0,0,1,0,0,1,1,1,1,1,1,1,0,0,1,0,0,1,0,0,1,0,1,0,0,1,0,1,1,0.546875,-215.66526384107,1
0,1,1,0,0,0,1,1,0,1,0,0,1,0,1,0,0,0,0,0,1,1,0,0,1,1,1,1,1,0,1,1,0,1,1,0,0,1,0,0,1,1,1,1,1,1,1,0,0,1,0,0,1,0,0,1,0,1,0,0,1,1,1,1,0.5,-215.66477993378433,1
1,0,1,0,0,0,1,1,0,1,1,0,0,0,1,0,0,0,0,0,1,1,1,0,1,1,1,1,1,0,1,1,0,1,1,0,0,1,0,0,1,1,1,1,1,1,1,0,0,1,0,0,1,0,0,1,0,1,0,0,1,0,1,1,0.5625,-215.6640066613155,1
1,1,1,0,0,0,1,1,0,1,1,0,0,0,1,0,0,0,0,0,1,1,0,0,1,1,1,1,1,0,1,1,0,1,1,0,0,1,0,0,1,1,1,1,1,1,0,1,0,1,0,0,1,0,0,1,0,1,0,0,1,0,1,1,0.515625,-215.66343160512895,1
1,1,1,0,0,0,1,1,0,1,0,0,0,0,1,1,0,0,1,0,1,1,1,0,1,1,0,1,1,0,1,1,0,1,1,0,0,1,0,0,1,1,1,0,1,1,0,0,0,1,0,0,1,0,0,1,0,1,0,0,1,1,1,1,0.515625,-215.66315041375486,1
0,1,1,0,0,0,1,1,0,1,0,0,0,0,1,0,0,0,1,0,1,1,0,0,1,1,1,1,1,0,1,1,0,1,1,0,0,1,0,0,1,1,1,1,1,1,1,0,0,1,0,0,1,0,0,1,0,1,0,0,1,1,1,1,0.5625,-215.66310754467852,1
1,1,1,0,0,0,1,1,0,1,0,0,0,0,1,0,0,0,1,0,1,1,1,0,1,1,0,1,1,0,1,1,0,1,1,0,0,1,0,0,0,1,1,1,1,1,1,0,0,1,0,0,1,0,0,1,1,1,0,0,1,0,1,1,0.515625,-215.66265300344836,1
1,1,1,0,0,0,1,1,0,1,0,0,0,0,1,0,0,0,1,0,1,1,1,0,1,1,0,1,1,0,1,1,0,1,1,0,0,1,0,0,1,1,1,1,1,1,0,0,0,1,0,0,1,0,0,1,0,1,0,0,1,1,1,1,0.5,-215.662101576508,1
1,1,1,0,0,0,1,1,0,1,0,0,0,0,1,1,0,0,0,0,1,1,0,0,1,1,1,1,1,0,1,1,0,1,1,0,0,1,0,0,1,1,1,1,1,1,1,0,0,1,0,0,1,0,0,1,0,1,0,0,1,0,1,1,0.53125,-215.66195253257473,1
0,1,1,0,0,0,1,1,0,1,0,0,1,0,1,0,0,0,1,0,1,1,1,0,1,1,0,1,1,0,1,1,0,1,1,0,0,1,0,0,1,1,1,1,1,1,1,0,0,1,0,0,0,0,0,1,0,1,0,0,1,1,1,1,0.578125,-215.66157302416536,1
1,1,1,0,0,0,1,1,0,1,0,0,0,0,1,0,0,0,1,0,1,0,0,0,1,1,1,1,1,0,1,1,0,1,1,0,0,1,0,0,1,1,1,1,1,1,1,1,0,1,0,0,1,0,0,1,0,1,0,0,1,0,1,1,0.5625,-215.66061161389143,1
1,1,1,0,0,0,1,1,0,1,0,0,0,0,1,0,0,0,0,0,1,0,1,0,1,1,1,1,1,0,1,1,0,1,1,0,0,1,0,0,1,1,1,1,1,1,1,0,0,1,0,0,1,0,0,1,0,1,0,0,1,1,1,1,0.546875,-215.660584655215,1
1,1,1,0,0,0,1,1,0,1,0,0,0,0,1,0,0,0,0,0,1,1,1,0,1,1,1,1,1,0,1,1,0,1,1,0,0,1,0,0,1,1,1,1,1,1,1,0,0,1,0,0,1,0,0,1,0,1,0,0,1,0,1,1,0.546875,-215.6605095026602,1
1,1,1,0,0,0,1,1,0,1,0,0,0,0,1,0,0,0,1,0,1,1,1,0,1,1,1,1,1,0,1,1,0,1,1,0,0,1,0,0,1,1,1,1,1,1,1,0,0,1,0,0,0,0,0,1,0,1,0,0,1,0,1,1,0.53125,-215.66047620646998,1
1,1,1,0,0,0,1,1,0,1,0,0,0,0,1,0,0,0,1,0,1,1,1,0,1,1,0,1,1,0,1,1,0,1,1,0,0,1,0,0,1,1,1,1,1,1,1,0,0,1,0,0,0,0,0,1,1,1,0,0,1,0,1,1,0.53125,-215.6598519462578,1
1,1,1,0,0,0,1,1,0,1,0,0,1,0,1,0,0,0,0,0,1,0,0,0,1,1,1,1,1,0,1,1,0,1,1,0,0,1,0,0,1,1,1,1,1,1,1,0,0,1,0,0,1,0,0,1,1,1,0,0,1,0,1,1,0.546875,-215.6593021402884,1
1,1,1,0,1,0,1,1,0,1,0,0,0,0,1,0,0,0,0,0,1,0,1,0,1,1,1,1,1,0,1,1,0,1,1,0,0,1,0,0,1,1,1,1,1,1,1,0,0,1,0,0,1,0,0,1,0,1,0,0,1,0,1,1,0.515625,-215.65521833069562,1
0,1,1,0,0,0,1,1,0,1,0,0,1,0,1,0,0,0,1,0,1,0,0,0,1,1,1,1,1,0,1,1,0,1,1,0,0,1,0,0,1,1,1,1,1,1,1,0,0,1,0,0,1,0,0,1,1,1,0,0,1,0,1,1,0.53125,-215.65329282507201,1
1,1,1,1,1,1,0,0,1,0,0,1,0,1,0,1,1,1,0,1,0,0,1,1,1,0,1,0,0,1,1,0,1,0,0,1,1,0,1,1,0,0,0,0,0,1,0,1,1,0,1,1,0,1,1,0,1,0,1,1,0,1,0,0,0.53125,-214.64225744644506,1
1,1,1,0,0,0,1,0,0,1,0,0,1,0,0,0,0,0,1,0,1,0,1,0,1,1,0,1,1,0,1,1,0,1,1,0,0,1,0,0,0,0,1,0,1,1,1,0,0,1,0,0,1,0,0,1,0,1,0,0,1,0,1,1,0.53125,-214.6356067230726,1
1,0,1,1,0,0,1,1,1,1,0,0,1,0,0,0,0,0,0,0,1,1,1,0,1,1,0,1,1,0,1,1,0,1,1,0,0,1,0,0,1,1,1,1,1,1,1,0,0,1,0,0,0,0,0,1,1,1,0,0,1,1,1,1,0.546875,-214.63558919972246,1
1,1,1,0,0,0,1,1,1,1,1,0,0,0,0,0,0,0,0,0,1,1,1,0,1,1,0,1,1,0,0,1,0,1,1,0,0,1,0,0,1,1,1,1,1,1,1,0,0,1,0,0,1,0,0,1,1,1,0,0,1,1,1,1,0.53125,-214.6339269337839,1
1,1,1,0,0,0,1,1,1,1,0,0,0,0,0,0,0,0,0,0,1,1,1,0,1,1,1,1,1,0,0,1,0,1,1,0,0,1,0,0,1,1,1,1,1,1,1,0,0,1,0,0,1,0,0,1,1,1,0,0,1,1,1,1,0.53125,-214.6330343950959,1
1,1,1,0,1,0,1,1,1,1,0,0,1,0,0,0,0,0,0,0,1,1,0,0,1,1,1,1,1,0,1,1,0,1,1,0,0,1,0,0,1,1,1,0,1,1,0,0,0,1,0,0,1,0,0,1,0,1,1,0,1,1,1,1,0.53125,-214.6329023146435,1
1,1,1,0,0,0,1,1,1,1,0,0,1,0,0,0,1,0,0,0,1,1,0,0,0,1,1,1,1,0,1,1,0,1,1,0,0,1,0,0,1,1,1,1,1,1,1,0,0,1,0,0,1,0,0,1,0,1,0,0,1,1,1,1,0.515625,-214.63123554226664,1
1,0,1,0,0,0,1,1,1,1,0,0,1,0,0,0,1,0,0,0,1,1,1,0,1,1,0,1,1,0,1,1,0,1,1,0,0,1,0,0,1,1,1,1,1,1,1,0,0,1,0,0,0,0,0,1,1,1,0,0,1,1,1,1,0.546875,-214.63093247901298,1
1,0,1,0,0,0,1,1,1,1,0,0,1,0,0,0,0,0,1,0,1,1,1,0,1,1,1,1,1,0,1,1,0,1,1,0,0,1,0,0,1,1,1,0,1,1,1,0,0,1,0,0,1,0,0,1,0,1,0,0,1,1,1,1,0.609375,-214.6309230496198,1
1,0,1,0,0,0,1,1,1,1,0,0,1,0,0,0,0,0,1,0,1,1,1,0,0,1,1,1,1,0,1,1,0,1,1,0,0,1,0,0,0,1,1,1,1,1,1,0,0,1,0,0,1,0,0,1,1,1,0,0,1,1,1,1,0.546875,-214.63072122911095,1
1,0,1,0,0,0,1,0,1,1,0,0,0,0,0,0,1,0,1,0,1,1,1,0,1,1,0,1,1,0,1,1,0,1,1,0,0,1,0,0,1,1,1,1,1,1,1,0,0,1,0,0,1,0,0,1,1,1,0,0,1,1,1,1,0.53125,-214.63061945357455,1
1,1,1,0,1,0,1,1,1,1,1,0,0,0,0,0,0,0,1,0,1,1,0,0,1,1,0,1,1,0,1,1,0,1,1,0,0,1,0,0,0,1,1,1,1,1,1,0,0,1,0,0,1,0,0,1,0,1,0,0,1,1,1,1,0.578125,-214.63047592747995,1
1,0,1,0,1,0,1,1,1,1,0,0,1,0,0,0,0,0,1,0,1,1,1,0,1,1,0,1,1,0,1,1,0,1,1,0,0,1,0,0,1,1,1,0,1,1,1,0,0,1,0,0,1,0,0,1,0,1,1,0,1,0,1,1,0.5625,-214.63045510980254,1
1,0,1,0,0,0,1,1,0,1,1,0,0,0,0,0,0,0,0,0,1,1,1,0,1,1,1,1,1,0,0,1,0,1,1,0,0,1,0,0,1,1,1,1,1,1,1,1,0,1,0,0,1,0,0,1,1,1,0,0,1,1,1,1,0.53125,-214.63021421128482,1
1,1,1,0,0,0,1,1,1,1,1,0,0,0,0,0,0,0,1,0,1,1,1,0,1,1,1,1,1,0,1,1,0,1,1,0,0,1,0,0,1,0,1,1,1,1,0,0,0,1,0,0,1,0,0,1,0,1,0,0,1,1,1,1,0.53125,-214.62984827738944,1
1,1,1,0,0,0,1,1,1,1,1,0,0,0,0,0,0,0,1,0,1,1,1,0,1,1,0,1,1,0,1,1,0,1,1,0,0,1,0,0,0,1,1,0,1,1,0,1,0,1,0,0,1,0,0,1,1,1,0,0,1,1,1,1,0.484375,-214.62906592123582,1
1,1,1,0,0,0,1,1,1,1,0,0,1,0,0,0,0,0,0,0,1,1,0,0,1,1,1,1,1,0,1,1,0,1,1,0,0,1,0,0,1,1,1,1,1,1,1,0,0,1,0,0,1,0,0,1,0,1,0,0,1,1,1,1,0.546875,-214.62900411386036,1
1,1,1,0,0,0,1,1,1,1,0,0,1,0,0,0,0,0,0,0,1,1,1,0,1,1,1,1,1,0,1,1,0,1,1,0,0,1,0,0,1,1,1,0,1,1,1,0,0,1,0,0,1,0,0,1,0,1,0,0,1,1,1,1,0.546875,-214.62880088118555,1
1,0,1,0,0,0,1,1,1,1,0,0,1,0,0,0,1,0,0,0,1,1,0,0,1,1,1,1,1,0,1,1,0,1,1,0,0,1,0,0,1,1,1,1,1,1,1,0,0,1,0,0,1,0,0,1,1,1,0,0,1,0,1,1,0.546875,-214.6287388840749,1
1,0,1,0,0,0,1,1,1,1,0,0,1,0,0,0,0,0,0,0,1,1,1,0,1,1,1,1,1,0,1,1,0,1,1,0,0,1,0,0,1,1,1,1,1,1,1,0,0,1,0,0,1,0,0,1,0,1,0,0,1,1,1,1,0.53125,-214.62827231896628,1
1,1,1,0,0,0,1,1,0,1,1,0,0,0,0,0,0,0,1,0,1,1,0,0,1,1,1,1,1,0,0,1,0,1,1,0,0,1,0,0,1,1,1,1,1,1,1,0,0,1,0,0,1,0,0,1,1,1,0,0,1,1,1,1,0.59375,-214.62826328588082,1
1,0,1,0,0,0,1,1,0,1,1,0,0,0,0,0,0,0,1,0,1,1,0,0,1,1,0,1,1,0,1,1,0,1,1,0,0,1,0,1,1,1,1,1,1,1,1,1,0,1,0,0,1,0,0,1,0,1,0,0,1,1,1,1,0.546875,-214.62821145794487,1
1,0,1,0,1,0,1,1,1,1,0,0,1,0,0,0,0,0,0,0,1,1,1,0,1,1,1,1,1,0,1,1,0,1,1,0,0,1,0,0,1,1,1,1,1,1,1,0,0,1,0,0,0,0,0,1,0,1,1,0,1,0,1,1,0.546875,-214.62805683729516,1
1,1,0,1,1,1,0,0,1,0,1,1,0,1,1,1,1,1,0,1,0,0,1,1,1,0,1,0,0,1,1,0,1,0,0,1,1,0,1,1,0,0,0,0,0,0,0,1,1,0,1,1,0,1,1,0,1,0,1,1,0,0,0,1,0.515625,-214.6273356587171,1
1,1,1,0,0,0,1,1,1,1,0,0,0,0,0,0,0,0,1,0,1,1,1,0,1,1,1,1,1,0,1,1,0,1,1,0,0,1,0,0,0,1,1,1,1,1,0,0,0,1,0,0,1,0,0,1,0,1,1,0,1,1,1,1,0.484375,-214.62702977025987,1
1,1,1,0,0,0,1,1,1,1,0,0,0,0,0,0,0,0,1,0,1,1,0,0,1,1,1,1,1,0,1,1,0,1,1,0,0,1,0,0,1,1,1,1,1,1,1,0,0,1,0,0,1,0,0,1,0,1,0,0,1,1,1,1,0.5625,-214.62690726867945,1
1,0,1,1,0,0,1,1,0,1,0,0,1,0,1,0,0,0,0,0,1,1,1,0,1,1,0,1,1,0,0,1,0,1,1,0,0,1,0,0,1,1,1,1,1,1,1,0,0,1,0,0,1,0,0,1,1,1,0,0,1,1,1,1,0.546875,-214.62684097165115,1
1,0,1,0,0,0,1,1,0,1,1,0,0,0,0,0,1,0,1,0,1,1,0,0,1,1,0,1,1,0,1,1,0,1,1,0,0,1,0,0,1,1,1,1,1,1,1,1,0,1,0,0,0,0,0,1,1,1,0,0,1,1,1,1,0.5625,-214.62661358844105,1
1,1,1,0,0,0,1,1,1,1,0,0,0,0,0,0,0,0,0,0,1,1,1,0,1,1,0,1,1,0,1,1,0,1,1,0,0,1,0,0,1,1,1,1,1,1,1,0,1,1,0,0,1,0,0,1,1,1,0,0,1,0,1,1,0.5,-214.62638564887172,1
1,0,1,0,0,0,1,1,1,1,1,0,1,0,0,0,0,0,1,0,1,0,0,0,1,1,0,1,1,0,1,1,0,1,1,0,0,1,0,0,1,1,1,1,1,1,1,0,0,1,0,0,1,0,0,1,1,1,0,0,1,1,1,1,0.546875,-214.6263684569358,1
1,0,1,0,0,0,1,1,1,1,1,0,0,0,1,0,0,0,1,0,1,1,0,0,1,1,0,1,1,0,1,1,0,1,1,0,0,1,0,0,0,1,1,1,1,1,1,1,0,1,0,0,1,0,0,1,0,1,0,0,1,1,1,1,0.484375,-214.62623782314702,1
1,0,1,0,0,0,1,1,1,1,0,0,0,0,0,0,0,0,1,0,1,1,1,0,1,1,0,1,1,0,1,1,0,1,1,0,0,1,0,0,1,1,1,1,1,1,1,0,0,1,0,0,1,0,0,1,1,1,0,0,1,1,1,1,0.53125,-214.6261823022779,1
1,0,1,0,1,0,1,1,0,1,0,0,1,0,0,0,0,0,1,0,1,1,0,0,1,1,1,1,1,0,1,1,0,1,1,0,0,1,0,0,1,1,1,0,1,1,1,0,0,1,0,0,1,0,0,1,1,1,0,0,1,1,1,1,0.5625,-214.62586787761913,1
1,0,1,0,0,0,1,1,1,1,1,0,1,0,1,0,0,0,1,0,1,1,0,0,1,1,0,1,1,0,1,1,0,1,1,0,0,1,0,0,0,1,1,1,1,1,0,0,0,1,0,0,1,0,0,1,0,1,1,0,1,1,1,1,0.515625,-214.62581635592971,1
1,0,1,0,1,0,1,1,0,1,0,0,1,0,0,0,0,0,0,0,1,1,0,0,1,1,1,1,1,0,1,1,0,1,1,0,0,1,0,0,1,1,1,1,1,1,1,1,0,1,0,0,1,0,0,1,0,1,0,0,1,1,1,1,0.609375,-214.62571061678705,1
1,0,1,0,0,0,1,1,0,1,1,0,1,0,1,0,0,0,1,0,1,1,0,0,1,1,0,1,1,0,0,1,0,1,1,0,0,1,0,0,1,1,1,1,1,1,1,1,0,1,0,0,0,0,0,1,1,1,0,0,1,1,1,1,0.53125,-214.62569172255198,1
1,1,1,0,0,0,1,1,0,1,0,0,1,0,0,0,0,0,1,0,1,1,0,0,1,1,1,1,1,0,1,1,0,1,1,0,0,1,0,0,1,1,1,1,1,1,1,0,0,1,0,0,0,0,0,1,0,1,1,0,1,1,1,1,0.59375,-214.6249901474244,1
1,1,1,0,0,0,1,1,0,1,1,0,0,0,0,0,0,0,1,0,1,1,1,0,1,1,0,1,1,0,1,1,0,1,1,0,0,1,0,0,1,0,1,1,1,1,1,0,0,1,0,0,1,0,0,1,1,1,0,0,1,1,1,1,0.515625,-214.62491054514246,1
1,1,1,0,0,0,1,1,1,1,0,0,0,0,0,1,0,0,1,0,1,1,0,0,1,1,0,1,1,0,1,1,0,1,1,0,0,1,0,0,1,1,1,1,1,1,1,0,0,1,0,0,1,0,0,1,0,1,0,0,1,1,1,1,0.59375,-214.62473307647372,1
1,1,1,0,0,0,1,1,1,1,1,0,1,0,0,0,0,0,0,0,1,1,0,0,1,1,1,1,1,0,1,1,0,1,1,0,0,1,0,0,1,1,1,1,1,1,1,0,0,1,0,0,1,0,0,1,0,1,0,0,1,0,1,1,0.546875,-214.6246237749454,1
1,1,1,0,0,0,1,1,1,1,0,0,0,0,0,0,0,0,1,0,1,1,1,0,1,1,1,1,1,0,1,1,0,1,1,0,0,1,0,0,1,1,1,1,1,1,1,0,0,1,0,0,0,0,0,1,0,1,0,0,1,1,1,1,0.484375,-214.62402596260898,1
1,1,1,0,0,0,1,1,1,1,0,0,0,0,0,0,0,0,1,0,1,1,1,0,1,1,0,1,1,0,1,1,0,1,1,0,0,1,0,0,1,1,1,1,1,1,1,0,0,1,0,0,0,0,0,1,1,1,0,0,1,1,1,1,0.546875,-214.62398596407965,1
1,1,1,0,0,0,1,1,0,1,0,0,1,0,0,0,0,0,1,0,1,1,1,0,1,1,0,1,1,0,0,1,0,1,1,0,0,1,0,0,1,1,1,1,1,1,1,1,0,1,0,0,1,0,0,1,1,1,0,0,1,0,1,1,0.5625,-214.62343487234196,1
1,0,1,0,0,0,1,1,1,1,0,0,1,0,0,0,0,0,0,0,1,1,1,0,1,1,1,1,1,0,1,1,0,1,1,0,0,1,0,0,1,1,1,1,1,1,1,0,0,1,0,0,1,0,0,1,1,1,0,0,1,0,1,1,0.5625,-214.6233535041826,1
1,0,1,0,0,0,1,1,0,1,0,0,0,0,0,0,0,0,1,0,1,1,0,0,1,1,1,1,1,0,1,1,0,1,1,0,0,1,0,0,1,1,1,1,1,1,1,1,0,1,0,0,1,0,0,1,1,1,0,0,1,1,1,1,0.5625,-214.6232351356084,1
1,0,1,0,0,0,1,1,1,1,0,0,1,0,0,0,0,0,0,0,1,0,1,0,1,1,1,1,1,0,1,1,0,1,1,0,0,1,0,0,1,1,1,1,1,1,1,0,0,1,0,0,1,0,0,1,1,1,0,0,1,1,1,1,0.5,-214.62312543793487,1
1,0,1,0,0,0,1,1,0,1,0,0,0,0,0,0,0,0,1,0,1,1,1,0,1,1,1,1,1,0,1,1,0,1,1,0,0,1,0,0,0,1,1,1,1,1,1,1,0,1,0,0,1,0,0,1,1,1,0,0,1,1,1,1,0.5625,-214.62309211663063,1
1,1,1,0,0,0,1,1,0,1,0,0,0,0,0,0,0,0,0,0,1,1,1,0,1,1,1,1,1,0,1,1,0,1,1,0,0,1,0,0,1,1,1,1,1,1,1,0,1,1,0,0,1,0,0,1,0,1,0,0,1,1,1,1,0.515625,-214.62301171573026,1
1,0,1,0,0,0,1,1,0,1,0,0,1,0,0,0,0,0,1,0,1,1,0,0,1,1,1,1,1,0,1,1,0,1,1,0,0,1,0,0,1,1,1,1,1,1,1,0,0,1,0,0,1,0,0,1,1,1,0,0,1,1,1,1,0.5625,-214.62286254946545,1
1,1,1,0,0,0,1,1,0,1,0,0,1,0,0,0,0,0,0,0,1,1,1,0,1,1,1,1,1,0,1,1,0,1,1,0,0,1,0,0,0,1,1,1,1,1,1,1,0,1,0,0,1,0,0,1,0,1,0,0,1,1,1,1,0.5625,-214.62285524499652,1
1,1,1,0,1,0,1,1,1,1,1,0,0,0,0,0,0,0,0,0,1,0,1,0,1,1,1,1,1,0,1,1,0,1,1,0,0,1,0,0,0,1,1,1,1,1,1,0,0,1,0,0,0,0,0,1,1,1,0,0,1,1,1,1,0.515625,-214.62255140889795,1
1,0,1,0,0,0,1,1,0,1,0,0,1,0,0,0,0,0,1,0,1,1,1,0,1,1,1,1,1,0,1,1,0,1,1,0,0,1,0,0,0,1,1,1,1,1,1,0,0,1,0,0,1,0,0,1,1,1,0,0,1,1,1,1,0.546875,-214.6224988392042,1
0,1,1,0,1,0,1,1,0,1,0,0,0,0,0,0,1,0,1,0,1,1,1,0,1,1,0,1,1,0,0,1,0,1,1,0,0,1,0,0,1,1,1,1,1,1,1,0,0,1,0,0,1,0,0,1,1,1,0,0,1,1,1,1,0.5625,-214.6218420600143,1
1,1,1,0,1,0,1,1,1,1,0,0,0,0,0,0,0,0,0,0,1,0,0,0,1,1,1,1,1,0,1,1,0,1,1,0,0,1,0,0,1,1,1,1,1,1,1,0,0,1,0,0,1,0,0,1,1,1,0,0,1,1,1,1,0.546875,-214.62179853504054,1
0,0,1,0,0,0,1,1,0,1,1,0,1,0,0,0,0,0,0,0,1,1,1,0,1,1,1,1,1,0,1,1,0,1,1,0,0,1,0,0,0,1,1,1,1,1,1,0,0,1,0,0,1,1,0,1,1,1,0,0,1,1,1,1,0.515625,-214.62171426039058,1
1,0,1,0,0,0,1,1,0,1,1,0,0,0,1,0,1,0,0,0,1,1,1,0,1,1,1,1,1,0,0,1,0,1,1,0,0,1,0,0,1,1,1,1,1,1,1,0,0,1,0,0,0,0,0,1,1,1,0,0,1,1,1,1,0.46875,-214.62141327708576,1
1,1,1,0,1,0,1,1,0,1,0,0,0,0,0,0,1,0,0,0,1,1,0,0,1,1,1,1,1,0,1,1,0,1,1,0,0,1,0,0,1,1,1,1,1,1,1,0,0,1,0,0,1,0,0,1,0,1,0,0,1,1,1,1,0.5,-214.62134214024982,1
1,1,1,0,0,0,1,1,0,1,1,0,1,0,0,0,0,0,0,0,1,1,0,0,1,1,1,1,1,0,1,1,0,1,1,0,0,1,0,0,1,1,1,1,1,1,1,0,0,1,0,0,1,0,0,1,0,1,0,0,1,1,1,1,0.53125,-214.62129169732847,1
1,0,1,0,0,0,1,1,0,1,1,0,1,0,0,1,0,0,0,0,1,1,0,0,1,1,1,1,1,0,1,1,0,1,1,0,0,1,0,0,1,1,1,1,1,1,1,0,0,1,0,0,0,0,0,1,1,1,1,0,1,0,1,1,0.515625,-214.62127236181672,1
0,1,1,0,0,0,1,1,0,1,1,0,0,0,0,0,0,0,1,0,1,0,0,0,1,1,0,1,1,0,1,1,0,1,1,0,0,1,0,0,0,1,1,0,1,1,1,0,0,1,0,0,1,0,0,1,0,1,0,0,1,0,1,1,0.5,-214.62115617100204,1
1,1,1,0,0,0,1,1,0,1,1,0,1,0,0,0,0,0,1,0,1,1,0,0,1,1,0,1,1,0,1,1,0,1,1,0,0,1,0,0,1,1,1,1,1,1,1,0,0,1,0,0,1,0,0,1,0,1,0,0,1,1,1,1,0.578125,-214.62097256725474,1
1,1,1,0,0,0,1,1,0,1,0,0,0,0,1,1,0,0,0,0,1,1,0,0,1,1,1,1,1,0,1,1,0,1,1,0,0,1,0,0,1,0,1,0,1,1,1,1,0,1,0,0,1,0,0,1,1,1,0,0,1,1,1,1,0.546875,-214.62095350419824,1
1,1,1,0,0,0,1,1,1,1,0,0,1,0,0,0,0,0,0,0,1,1,1,0,1,1,1,1,1,0,1,1,0,1,1,0,0,1,0,0,1,1,1,1,1,1,1,0,0,1,0,0,1,0,0,1,0,1,0,0,1,0,1,1,0.578125,-214.6209173925766,1
1,0,1,0,0,0,1,1,0,1,1,0,1,0,0,0,0,0,0,0,1,1,0,0,1,1,1,1,1,0,1,1,0,1,1,0,0,1,0,0,1,1,1,1,1,1,1,1,0,1,0,0,1,0,0,1,1,1,0,0,1,0,1,1,0.5,-214.62088876775206,1
1,1,1,0,0,0,1,1,0,1,0,0,0,0,0,0,0,0,1,0,1,1,0,0,1,1,1,1,1,0,1,1,0,1,1,0,0,1,0,0,1,1,1,1,1,1,1,1,0,1,0,0,0,0,0,1,1,1,0,0,1,1,1,1,0.53125,-214.62068961987805,1
1,1,1,0,0,0,1,1,0,1,0,0,0,0,0,0,0,0,1,0,1,1,1,0,1,1,1,1,1,0,1,1,0,1,1,0,0,1,0,0,1,1,1,0,1,1,1,1,0,1,0,0,1,0,0,1,0,1,0,0,1,1,1,1,0.546875,-214.62068609382342,1
0,0,1,0,0,0,1,1,0,1,1,0,1,0,0,0,1,0,0,0,1,1,1,0,1,1,1,1,1,0,1,1,0,1,1,0,0,1,0,0,0,1,1,1,1,1,1,0,0,1,0,0,1,0,0,1,1,1,0,0,1,1,1,1,0.53125,-214.6204853255783,1
1,1,1,0,0,0,1,1,0,1,0,0,1,0,0,0,0,0,1,0,1,1,0,0,1,1,1,1,1,0,1,1,0,1,1,0,0,1,0,0,1,1,1,1,1,1,1,0,0,1,0,0,1,0,0,1,0,1,0,0,1,1,1,1,0.546875,-214.6204312849147,1
1,1,1,0,0,0,1,1,0,1,0,0,1,0,0,0,0,0,1,0,1,1,0,0,1,1,1,1,1,0,1,1,0,1,1,0,0,1,0,0,1,1,1,1,1,1,1,0,0,1,0,0,1,0,0,1,0,1,0,0,1,1,1,1,0.546875,-214.6204312849147,1
1,1,1,0,0,0,1,1,0,1,0,0,1,0,0,0,0,0,1,0,1,1,0,0,1,1,1,1,1,0,1,1,0,1,1,0,0,1,0,0,1,1,1,1,1,1,1,0,0,1,0,0,1,0,0,1,0,1,0,0,1,1,1,1,0.53125,-214.6204312849147,1
0,1,1,0,0,0,1,1,1,1,0,0,1,0,0,0,0,0,1,0,1,1,1,0,1,1,0,1,1,0,1,1,0,1,1,0,0,1,0,0,1,1,1,1,1,1,1,0,0,1,0,0,1,0,0,1,0,1,0,0,1,1,1,1,0.53125,-214.62041114765682,1
1,1,1,0,0,0,1,1,0,1,0,0,1,0,0,0,0,0,0,0,1,1,0,0,1,1,1,1,1,0,1,1,0,1,1,0,0,1,0,0,1,1,1,1,1,1,1,0,0,1,0,0,1,0,0,1,1,1,0,0,1,1,1,1,0.5625,-214.62033428641607,1
1,0,1,0,0,0,1,1,1,1,1,0,0,0,1,0,0,0,1,0,1,1,0,0,1,1,1,1,1,0,1,1,0,1,1,0,0,1,0,0,0,1,1,1,1,1,0,0,0,1,0,0,1,0,0,1,1,1,0,0,1,1,1,1,0.5625,-214.62033424201675,1
1,1,1,0,0,0,1,1,0,1,0,0,1,0,0,0,0,0,0,0,1,1,1,0,1,1,1,1,1,0,1,1,0,1,1,0,0,1,0,0,0,1,1,1,1,1,1,0,0,1,0,0,1,0,0,1,1,1,0,0,1,1,1,1,0.5,-214.62023498985516,1
1,1,1,0,0,0,1,1,0,1,0,0,1,0,0,0,0,0,1,0,1,1,1,0,1,1,1,1,1,0,1,1,0,1,1,0,0,1,0,0,1,1,1,0,1,1,1,0,0,1,0,0,1,0,0,1,0,1,0,0,1,1,1,1,0.546875,-214.62022394253626,1
1,1,1,0,0,0,1,1,0,1,0,0,1,0,0,0,0,0,0,0,1,1,1,0,1,1,1,1,1,0,1,1,0,1,1,0,0,1,0,0,1,1,1,0,1,1,1,0,0,1,0,0,1,0,0,1,1,1,0,0,1,1,1,1,0.546875,-214.62016010202305,1
1,1,1,0,0,0,1,1,0,1,0,1,0,0,0,0,0,0,0,0,1,1,1,0,1,1,1,1,1,0,1,1,0,1,1,0,0,1,0,0,1,1,1,1,1,1,1,1,0,1,0,0,1,0,0,1,0,1,0,0,1,0,1,1,0.578125,-214.62015696130075,1
1,1,1,0,0,0,1,1,0,1,0,0,1,0,0,0,0,0,1,0,1,1,1,0,1,1,1,1,1,0,1,1,0,1,1,0,0,1,0,0,1,1,1,0,1,1,1,0,0,1,0,0,0,0,0,1,1,1,0,0,1,1,1,1,0.515625,-214.62013164192632,1
1,0,1,0,1,0,1,1,0,1,0,0,0,0,0,0,1,0,1,0,1,1,0,0,1,1,1,1,1,0,1,1,0,1,1,0,0,1,0,0,1,1,1,1,1,1,0,0,0,1,0,0,1,0,0,1,1,1,0,0,1,1,1,1,0.5625,-214.62010600411742,1
1,0,1,0,0,0,1,1,0,1,0,0,1,0,0,0,0,0,0,0,1,1,1,0,1,1,1,1,1,0,1,1,0,1,1,0,0,1,0,0,1,1,1,1,1,1,1,0,0,1,0,0,1,0,0,1,1,1,0,0,1,1,1,1,0.53125,-214.61999804224106,1
1,1,1,0,0,0,1,1,0,1,1,0,0,0,0,1,0,0,0,0,1,1,0,0,1,1,0,1,1,0,1,1,0,1,1,0,0,1,0,0,1,1,1,1,1,1,1,1,0,1,0,0,1,0,0,1,0,1,0,0,1,1,1,1,0.53125,-214.61976643089957,1
1,1,1,0,1,0,1,1,1,1,1,0,0,0,0,0,0,0,1,0,1,1,1,0,1,1,0,1,1,0,1,1,0,1,1,0,0,1,0,0,1,1,1,1,1,1,1,0,0,1,0,0,0,0,0,1,0,1,0,0,1,0,1,1,0.5,-214.61973985190014,1
1,1,1,0,1,0,1,1,0,1,1,0,0,0,0,0,0,0,0,0,1,1,0,0,1,1,1,1,1,0,1,1,0,1,1,0,0,1,0,0,1,1,1,1,1,1,1,0,0,1,0,0,1,0,0,1,0,1,0,0,1,1,1,1,0.546875,-214.6195954279153,1
1,0,1,0,0,0,1,1,0,1,0,0,1,0,0,0,0,0,1,0,1,1,1,0,1,1,1,1,1,0,1,1,0,1,1,0,0,1,0,0,1,1,1,1,1,1,1,0,0,1,0,0,1,0,0,1,0,1,0,0,1,1,1,1,0.546875,-214.61957316308948,1
1,1,1,0,1,0,1,1,0,1,1,0,0,0,0,0,0,0,0,0,1,1,1,0,1,1,1,1,1,0,1,1,0,1,1,0,0,1,0,0,1,1,1,0,1,1,1,0,0,1,0,0,1,0,0,1,0,1,0,0,1,1,1,1,0.5625,-214.61934165699859,1
1,1,1,0,0,0,1,1,0,1,1,0,0,0,0,0,0,0,0,0,1,1,0,0,1,1,1,1,1,0,1,1,0,1,1,0,0,1,0,0,1,1,1,1,1,1,1,0,0,1,0,0,1,0,0,1,1,1,0,0,1,1,1,1,0.5625,-214.61927567170483,1
1,0,1,0,0,0,1,1,0,1,1,0,0,0,0,0,1,0,1,0,1,1,1,0,1,1,1,1,1,0,1,1,0,1,1,0,0,1,0,0,1,1,1,0,1,1,1,0,0,1,0,0,1,0,0,1,1,1,0,0,1,1,1,0,0.515625,-214.6191235163523,1
1,1,1,0,0,0,1,1,0,1,1,0,0,0,0,0,0,0,1,0,1,1,0,0,1,1,1,1,1,0,1,1,0,1,1,0,0,1,0,0,1,1,1,1,1,1,1,0,0,1,0,0,1,0,0,1,0,1,0,0,1,1,1,1,0.5625,-214.6191086829493,1
1,1,1,0,0,0,1,1,1,1,0,0,1,0,1,0,0,0,1,0,1,1,0,0,1,1,1,1,1,0,1,1,0,1,1,0,0,1,0,0,0,1,1,1,1,1,0,0,0,1,0,0,1,0,0,1,0,1,0,0,1,1,1,1,0.546875,-214.61908060477063,1
1,1,1,0,0,0,1,1,1,1,0,0,0,0,0,0,0,0,0,0,1,1,1,0,1,1,1,1,1,0,1,1,0,1,1,0,0,1,0,0,1,1,1,1,1,1,1,0,0,1,0,0,1,0,0,1,1,1,0,0,1,0,1,1,0.5625,-214.61885858893777,1
1,1,1,0,0,0,1,1,1,1,0,0,0,0,0,0,0,0,1,0,1,1,1,0,1,1,1,1,1,0,1,1,0,1,1,0,0,1,0,0,1,1,1,1,1,1,1,0,0,1,0,0,0,0,0,1,1,1,0,0,1,0,1,1,0.5,-214.61884386186253,1
1,1,1,0,0,0,1,1,1,1,0,0,1,0,1,0,1,0,0,0,1,1,0,0,1,1,1,1,1,0,1,1,0,1,1,0,0,1,0,0,1,1,1,1,1,1,0,0,0,1,0,0,0,0,0,1,0,1,0,0,1,1,1,1,0.5625,-214.61878592564236,1
0,1,1,0,1,0,1,1,1,1,0,0,0,0,0,0,0,0,0,0,1,1,1,0,1,1,1,1,1,0,1,1,0,1,1,0,0,1,0,0,1,1,1,1,1,1,1,0,0,1,0,0,1,0,0,1,0,1,0,0,1,1,1,1,0.53125,-214.61875944805124,1
1,0,1,0,0,0,1,1,0,1,0,0,0,0,0,1,0,0,0,0,1,1,1,0,1,1,0,1,1,0,1,1,0,1,1,0,0,1,0,0,1,1,1,1,1,1,1,1,0,1,0,0,1,0,0,1,1,1,0,0,1,1,1,1,0.5625,-214.61858856716177,1
1,1,1,0,0,0,1,1,0,1,0,0,0,0,0,0,0,0,1,0,1,1,0,0,1,1,1,1,1,0,1,1,0,1,1,0,0,1,0,0,1,1,1,1,1,1,1,0,0,1,0,0,1,0,0,1,1,1,0,0,1,1,1,1,0.5625,-214.618415579299,1
0,1,1,0,0,0,1,1,1,1,0,0,0,0,0,0,0,0,0,0,1,1,1,0,1,1,1,1,1,0,1,1,0,1,1,0,0,1,0,0,1,1,1,1,1,1,1,0,0,1,0,0,1,0,0,1,1,1,0,0,1,1,1,1,0.546875,-214.61839738928347,1
1,0,1,0,0,0,1,1,0,1,0,0,1,0,1,0,0,0,0,0,1,1,1,0,1,1,0,1,1,0,1,1,0,1,1,0,0,1,0,0,1,1,1,1,1,1,1,0,1,1,0,0,1,0,0,1,0,1,0,0,1,1,1,1,0.578125,-214.61817493854505,1
1,0,1,0,0,0,1,1,0,1,1,0,1,0,0,0,0,0,1,0,1,0,0,0,1,1,1,1,1,0,1,1,0,1,1,0,0,1,0,0,1,1,1,1,1,1,1,0,0,1,0,0,1,0,0,1,1,1,0,0,1,1,1,1,0.546875,-214.61811897927234,1
0,1,1,0,0,0,1,1,0,1,0,0,1,0,0,0,0,0,1,0,1,1,0,0,1,1,1,1,1,0,1,1,0,1,1,0,0,1,0,0,1,1,1,1,1,1,0,1,0,1,0,0,1,0,0,1,0,1,1,0,1,1,1,1,0.53125,-214.6180318134682,1
1,0,1,0,1,0,1,1,0,1,0,0,0,0,0,0,0,0,1,0,1,1,1,0,1,1,1,1,1,0,1,1,0,1,1,0,0,1,0,0,1,1,1,1,1,1,1,0,0,1,0,0,1,0,0,1,0,1,0,0,1,1,1,1,0.5,-214.61790301969185,1
1,1,1,0,0,0,1,1,1,1,0,0,0,0,1,0,0,0,0,0,1,1,0,0,1,1,1,1,1,0,1,1,0,1,1,0,0,1,0,0,1,1,1,1,1,1,1,0,0,1,0,0,1,0,0,1,0,1,0,0,1,1,1,1,0.453125,-214.61785795055997,1
1,1,1,0,0,0,1,1,0,1,0,0,0,0,0,0,0,0,0,0,1,1,1,0,1,1,0,1,1,0,1,1,0,1,1,0,0,1,0,0,1,1,1,1,1,1,1,1,0,1,0,0,1,0,0,1,1,1,0,0,1,1,1,1,0.5625,-214.61785196041598,1
1,1,1,0,0,0,1,1,1,1,0,0,0,0,1,0,0,0,1,0,1,1,0,0,1,1,1,1,1,0,1,1,0,1,1,0,0,1,0,0,1,1,1,1,1,1,1,0,0,1,0,0,0,0,0,1,0,1,0,0,1,1,1,1,0.515625,-214.61771349749165,1
1,0,1,0,1,0,1,1,0,1,0,0,1,0,0,0,0,0,1,0,1,1,1,0,1,1,0,1,1,0,1,1,0,1,0,0,0,1,0,0,1,1,1,1,1,1,1,0,0,1,0,0,1,0,0,1,1,1,0,0,1,1,1,1,0.53125,-214.61762336679237,1
1,1,1,0,1,0,1,1,1,1,0,0,1,0,0,0,0,0,0,0,1,1,1,0,1,1,1,1,1,0,1,1,0,1,1,0,0,1,0,0,1,1,1,1,1,1,0,0,0,1,0,0,1,0,0,1,0,1,0,0,1,0,1,1,0.53125,-214.61751774086702,1
1,0,1,0,0,0,1,1,1,1,0,0,0,0,1,0,0,0,0,0,1,1,1,0,1,1,1,1,1,0,1,1,0,1,1,0,0,1,0,0,1,1,1,1,1,1,1,0,0,1,0,0,1,0,0,1,0,1,0,0,1,1,1,1,0.53125,-214.61744732160443,1
1,1,1,0,1,0,1,1,0,1,1,0,0,0,0,1,0,0,1,0,1,1,0,0,1,1,0,1,1,0,1,1,0,1,1,0,0,1,0,0,1,1,1,1,1,1,1,0,0,1,0,0,0,0,0,1,0,1,0,0,1,1,1,1,0.546875,-214.61744150267637,1
1,1,1,0,0,0,1,1,0,1,0,0,1,0,0,0,0,0,0,0,1,1,1,0,1,1,0,1,1,0,1,1,0,1,1,0,0,1,0,0,1,1,1,1,1,1,1,0,0,1,0,0,1,0,0,1,1,1,0,0,1,1,1,1,0.5625,-214.61736809834252,1
1,1,1,0,0,0,1,1,0,1,0,0,1,0,0,0,0,0,1,0,1,1,1,0,1,1,0,1,1,0,1,1,0,1,1,0,0,1,0,0,1,1,1,1,1,1,1,0,0,1,0,0,1,0,0,1,0,1,0,0,1,1,1,1,0.5625,-214.61720063556672,1
1,0,1,0,0,0,1,1,1,1,0,0,0,0,1,0,0,0,0,0,1,0,0,0,1,1,1,1,1,0,1,1,0,1,1,0,0,1,0,0,1,1,1,1,1,1,1,1,0,1,0,0,1,0,0,1,1,1,0,0,1,1,1,1,0.5,-214.6171478921186,1
1,1,1,0,0,0,1,1,1,1,0,0,1,0,1,0,0,0,1,0,1,1,0,0,1,1,1,1,1,0,1,1,0,1,1,0,0,1,0,0,1,1,1,0,1,1,1,0,0,1,0,0,1,0,0,1,0,1,0,0,1,0,1,1,0.59375,-214.61700832961762,1
1,1,1,0,0,0,1,1,0,1,0,0,0,0,0,1,0,0,0,0,1,1,0,0,1,1,1,1,1,0,1,1,0,1,1,0,0,1,0,0,1,1,1,1,1,1,1,0,0,1,0,0,1,0,0,1,1,1,0,0,1,1,1,1,0.5625,-214.61694936001717,1
1,0,1,0,1,0,1,1,0,1,0,0,0,0,0,1,0,0,0,0,1,1,1,0,1,1,1,1,1,0,1,1,0,1,1,0,0,1,0,0,1,1,1,1,1,1,1,0,0,1,0,0,0,0,0,1,1,1,0,0,1,1,1,1,0.515625,-214.6168070179347,1
1,0,1,0,0,0,1,1,1,1,0,0,1,0,1,0,0,0,0,0,1,1,1,0,1,1,1,1,1,0,1,1,0,1,1,0,0,1,0,0,0,1,1,1,1,1,1,0,0,1,0,0,1,0,0,1,1,1,0,0,1,0,1,1,0.546875,-214.6165864681428,1
1,1,1,0,0,0,1,1,0,1,0,0,0,0,1,1,0,0,1,0,1,1,0,0,1,1,1,1,1,0,1,1,0,1,1,0,0,1,0,0,1,0,1,1,1,1,1,0,0,1,0,0,1,0,0,1,0,1,0,0,1,1,1,1,0.5625,-214.61631270820172,1
1,1,1,0,0,0,1,1,0,1,1,0,0,0,0,0,0,0,0,0,1,1,1,0,1,1,1,1,1,0,1,1,0,1,1,0,0,1,0,0,1,1,1,1,1,1,1,0,0,1,0,0,1,0,0,1,0,1,0,0,1,1,1,1,0.515625,-214.6161594444744,1
1,1,1,0,0,0,1,1,0,1,1,0,0,0,0,0,0,0,0,0,1,1,1,0,1,1,0,1,1,0,1,1,0,1,1,0,0,1,0,0,1,1,1,1,1,1,1,0,0,1,0,0,1,0,0,1,1,1,0,0,1,1,1,1,0.546875,-214.61612834238255,1
1,1,1,0,0,0,1,1,0,1,1,0,0,0,0,0,0,0,0,0,1,1,1,0,1,1,0,1,1,0,1,1,0,1,1,0,0,1,0,0,1,1,1,1,1,1,1,0,0,1,0,0,1,0,0,1,1,1,0,0,1,1,1,1,0.515625,-214.61612834238255,1
1,0,1,0,0,0,1,1,0,1,1,0,0,0,0,0,1,0,0,0,1,1,1,0,1,1,1,1,1,0,1,1,0,1,1,0,0,1,0,0,1,1,1,1,1,1,1,0,0,1,0,0,1,0,0,1,1,1,0,0,1,0,1,1,0.515625,-214.61593182583965,1
1,1,1,0,0,0,1,1,1,1,1,0,0,0,1,0,0,0,0,0,1,1,0,0,1,1,1,1,1,0,1,1,0,1,1,0,0,1,0,0,0,1,1,1,1,1,1,0,0,1,0,0,1,0,0,1,1,1,0,0,1,0,1,1,0.5,-214.61584466380518,1
1,0,1,0,0,0,1,1,0,1,0,0,1,0,1,0,0,0,0,0,1,1,1,0,1,1,1,1,1,0,1,1,0,1,1,0,0,1,0,0,0,1,1,1,1,1,1,1,0,1,0,0,0,0,0,1,1,1,0,0,1,1,1,1,0.578125,-214.61580788041164,1
1,1,1,0,0,0,1,1,0,1,1,0,1,0,0,0,0,0,1,0,1,1,1,0,1,1,1,1,1,0,1,1,0,1,1,0,0,1,0,0,1,1,1,0,1,1,1,0,0,1,0,0,1,0,0,1,0,1,0,0,1,0,1,1,0.53125,-214.61576058244154,1
0,1,1,0,0,0,1,1,0,1,1,0,0,0,0,0,0,0,0,0,1,1,1,0,1,1,1,1,1,0,1,1,0,1,1,0,0,1,0,0,1,1,1,0,1,1,1,1,0,1,0,0,1,0,0,1,1,1,0,0,1,1,1,1,0.53125,-214.61568849712717,1
1,0,1,0,0,0,1,1,1,1,1,0,0,0,1,0,0,0,1,0,1,0,0,0,1,1,1,1,1,0,1,1,0,1,1,0,0,1,0,0,1,1,1,1,1,1,1,0,0,1,0,0,1,0,0,1,0,1,0,0,1,1,1,1,0.5,-214.61561295449715,1
0,1,1,0,0,0,1,1,0,1,0,0,1,0,0,1,0,0,1,0,1,1,1,0,1,1,0,1,1,0,1,1,0,1,1,0,0,1,0,0,1,1,1,0,1,1,1,1,0,1,0,0,1,0,0,1,0,1,0,0,1,1,1,1,0.515625,-214.61554735886293,1
1,1,1,0,0,0,1,1,0,1,0,0,0,0,0,0,0,0,0,0,1,1,1,0,1,1,1,1,1,0,1,1,0,1,1,0,0,1,0,0,1,1,1,1,1,1,1,0,0,1,0,0,1,0,0,1,1,1,0,0,1,1,1,1,0.546875,-214.61553858253066,1
1,1,1,0,0,0,1,1,0,1,0,0,0,0,0,0,0,0,1,0,1,1,1,0,1,1,0,1,1,0,1,1,0,1,1,0,0,1,0,0,1,1,1,1,1,1,1,0,0,1,0,0,1,0,0,1,1,1,0,0,1,1,1,1,0.5625,-214.6153528877596,1
1,0,1,0,0,0,1,1,0,1,0,0,0,0,0,1,0,0,1,0,1,1,1,0,1,1,1,1,1,0,1,1,0,1,1,0,0,1,0,0,1,1,1,1,1,1,1,0,0,1,0,0,1,0,0,1,0,1,0,0,1,1,1,1,0.546875,-214.61523759760112,1
1,0,1,0,0,0,1,1,0,1,0,0,0,0,0,1,0,0,1,0,1,1,1,0,1,1,1,1,1,0,1,1,0,1,1,0,0,1,0,0,1,1,1,1,1,1,1,0,0,1,0,0,1,0,0,1,0,1,0,0,1,1,1,1,0.53125,-214.61523759760112,1
1,1,1,0,0,0,1,1,0,1,0,0,1,0,0,0,0,0,1,0,1,1,0,0,1,1,1,1,1,0,1,1,0,1,1,0,0,1,0,0,1,1,1,1,1,1,1,0,0,1,0,0,1,0,0,1,1,1,0,0,1,0,1,1,0.5625,-214.61498253566384,1
0,1,1,0,0,0,1,1,0,1,1,0,0,0,0,0,1,0,1,0,1,1,1,0,1,1,1,1,1,0,1,1,0,1,1,0,0,1,0,0,1,1,1,0,1,1,0,1,0,1,0,0,1,0,0,1,0,1,0,0,1,1,1,1,0.546875,-214.61492667452592,1
1,1,1,0,0,0,1,1,0,1,0,0,0,0,1,0,1,0,1,0,1,1,0,0,1,1,1,1,1,0,1,1,0,1,1,0,0,1,0,0,1,1,1,0,1,1,1,0,0,1,0,0,1,0,0,1,0,1,0,0,1,1,1,1,0.515625,-214.6149010507881,1
1,0,1,0,0,0,1,1,0,1,1,0,1,0,0,1,1,0,1,0,1,1,0,0,1,1,0,1,1,0,1,1,0,1,1,0,0,1,0,0,1,1,1,1,1,1,0,0,0,1,0,0,1,0,0,1,1,1,0,0,1,0,1,1,0.53125,-214.61479336795927,1
0,1,1,0,0,0,1,1,0,1,0,0,1,0,0,0,0,0,1,0,1,1,1,0,1,1,1,1,1,0,1,1,0,1,1,0,0,1,0,0,0,1,1,1,1,1,1,0,0,1,0,0,1,0,0,1,1,1,0,0,1,1,1,1,0.53125,-214.61459749730133,1
1,1,1,0,0,0,1,1,0,1,0,0,1,0,0,0,0,0,1,0,1,1,1,0,1,1,0,1,1,0,1,1,0,1,1,0,0,1,0,0,1,1,1,1,1,1,1,1,0,1,0,0,0,0,0,1,1,1,0,0,1,0,1,1,0.546875,-214.61451323612013,1
1,0,1,0,0,0,1,1,0,1,0,0,0,0,1,0,0,0,1,0,1,1,0,0,1,1,1,1,1,0,1,1,0,1,1,0,0,1,0,0,1,1,1,1,1,1,1,1,0,1,0,0,1,0,0,1,0,1,0,0,1,1,1,1,0.546875,-214.6144929468768,1
1,0,1,0,0,0,1,1,1,1,0,0,1,0,1,0,1,0,1,0,1,1,0,0,1,1,0,1,1,0,1,1,0,1,1,0,0,1,0,0,1,1,1,1,1,1,1,0,0,1,0,0,1,0,0,1,1,1,0,0,1,0,1,0,0.5625,-214.6144878406398,1
1,0,1,0,0,0,1,1,0,1,0,0,0,0,1,0,1,0,1,0,1,1,0,0,1,1,1,1,1,0,1,1,0,1,1,0,0,1,0,0,1,1,1,1,1,1,1,0,0,1,0,0,1,0,0,1,0,1,0,0,1,1,1,1,0.5625,-214.614456432786,1
1,0,1,0,0,0,1,1,0,1,1,0,1,0,1,1,0,0,1,0,1,1,0,0,1,1,0,1,1,0,1,1,0,1,1,0,0,1,0,0,0,1,1,1,1,1,1,0,0,1,0,0,1,0,0,1,0,1,0,0,1,1,1,1,0.5625,-214.614159931497,1
1,1,1,0,0,0,1,1,1,1,0,0,1,0,1,0,0,0,1,0,1,1,0,0,1,1,1,1,1,0,1,1,0,1,1,0,0,1,0,0,1,1,1,1,1,1,1,0,0,1,0,0,0,0,0,1,0,1,0,0,1,0,1,1,0.546875,-214.61401813202843,1
1,1,1,0,0,0,1,1,0,1,1,0,1,0,0,0,0,0,1,0,1,1,1,0,1,1,1,1,1,0,1,1,0,1,1,0,0,1,0,0,1,1,1,1,1,1,1,0,0,1,0,0,0,0,0,1,0,1,0,0,1,0,1,1,0.53125,-214.61309567841715,1
1,1,1,0,0,0,1,1,0,1,1,0,1,0,1,1,0,0,0,0,1,1,0,0,1,1,0,1,1,0,1,1,0,1,1,0,0,1,0,0,1,1,1,0,1,1,1,0,0,1,0,0,1,0,0,1,0,1,0,0,1,1,1,1,0.609375,-214.61284785203594,1
1,0,1,0,0,0,1,1,0,1,0,0,1,0,0,1,0,0,0,0,1,0,1,0,1,1,1,1,1,0,1,1,0,1,1,0,0,1,0,0,1,1,1,1,1,1,1,0,0,1,0,0,1,0,0,1,1,1,0,0,1,1,1,1,0.53125,-214.61281446389663,1
1,1,1,0,0,0,1,1,0,1,0,0,1,0,0,0,0,0,0,0,1,1,1,0,1,1,1,1,1,0,1,1,0,1,1,0,0,1,0,0,1,1,1,1,1,1,1,0,0,1,0,0,1,0,0,1,1,1,0,0,1,1,1,0,0.515625,-214.61258414052963,1
0,1,1,0,0,0,1,1,0,1,1,0,0,0,0,1,0,0,0,0,1,1,0,0,1,1,1,1,1,0,1,1,0,1,1,0,0,1,0,0,1,1,1,1,1,1,1,0,0,1,0,0,1,0,0,1,1,1,0,0,1,1,1,1,0.546875,-214.6122425524625,1
0,1,1,0,0,0,1,0,0,1,0,0,1,0,0,1,0,0,1,0,1,1,1,0,1,1,1,1,1,0,1,1,0,1,1,0,0,1,0,0,1,1,1,1,1,1,1,0,0,1,0,0,1,0,0,1,0,1,0,0,1,1,1,1,0.53125,-214.6122091242943,1
0,1,1,0,0,0,1,1,0,1,1,0,0,0,1,0,0,0,1,0,1,1,0,0,1,1,1,1,1,0,1,1,0,1,1,0,0,1,0,0,1,1,1,0,1,1,1,0,0,1,0,0,1,0,0,1,0,1,1,0,1,1,1,1,0.515625,-214.6120683153069,1
0,1,1,0,1,0,1,1,0,1,1,0,0,0,1,0,0,0,0,0,1,1,0,0,1,1,1,1,1,0,1,1,0,1,1,0,0,1,0,0,1,0,1,1,1,1,1,0,0,1,0,0,1,0,0,1,1,1,0,0,1,1,1,1,0.53125,-214.61192993600784,1
1,0,1,0,0,0,1,1,0,1,0,0,0,0,1,0,0,0,1,0,1,1,0,0,1,1,1,1,1,0,1,1,0,1,1,0,0,1,0,0,1,1,1,1,1,1,1,0,0,1,0,0,1,0,0,1,1,1,0,0,1,1,1,1,0.59375,-214.61174325657285,1
1,1,1,0,0,0,1,1,0,1,0,0,0,0,1,0,0,0,1,0,1,1,0,0,1,1,1,1,1,0,1,1,0,1,1,0,0,1,0,0,1,1,1,0,1,1,1,0,0,1,0,0,1,0,0,1,1,1,0,0,1,1,1,1,0.53125,-214.61157692703094,1
1,1,1,0,1,0,1,1,0,1,0,0,1,0,0,0,1,0,0,0,1,1,1,0,1,1,1,1,1,0,1,1,0,1,1,0,0,1,0,0,1,1,1,1,1,1,0,0,0,1,0,0,1,0,0,1,0,1,0,0,1,0,1,1,0.546875,-214.6115496575422,1
1,1,1,0,0,0,1,1,1,1,0,0,0,0,1,0,0,0,0,0,1,1,1,0,1,1,1,1,1,0,1,1,0,1,1,0,0,1,0,0,1,1,1,1,1,1,0,0,0,1,0,0,1,0,0,1,0,1,0,0,1,1,1,1,0.53125,-214.61139460327237,1
0,1,1,0,0,0,1,1,1,1,0,0,0,0,1,0,0,0,0,0,1,1,0,0,1,1,1,1,1,0,1,1,0,1,1,0,0,1,0,0,1,1,1,1,1,1,1,0,0,1,0,0,1,0,0,1,1,1,0,0,1,1,1,1,0.5625,-214.61125603411514,1
0,1,1,0,0,0,1,1,0,1,1,0,1,0,1,0,1,0,0,0,1,1,1,0,1,1,0,1,1,0,1,1,0,1,1,0,0,1,0,0,0,1,1,0,1,1,1,0,0,1,0,0,1,0,0,1,1,1,0,0,1,1,1,1,0.515625,-214.6112091808489,1
1,1,1,0,0,0,1,1,1,1,0,0,0,0,1,0,0,0,1,0,1,1,1,0,1,1,0,1,1,0,1,1,0,1,1,0,0,1,0,0,1,1,1,1,1,1,0,0,0,1,0,0,1,0,0,1,0,1,0,0,1,1,1,1,0.546875,-214.6111009755454,1
0,1,1,0,0,0,1,1,0,1,1,0,0,0,1,0,0,0,1,0,1,1,1,0,1,1,1,1,1,0,1,1,0,1,1,0,0,1,0,0,1,0,1,0,1,1,0,1,0,1,0,0,1,0,0,1,1,1,0,0,1,1,1,1,0.5625,-214.61109708888125,1
1,1,1,0,0,0,1,1,0,1,0,0,1,0,1,0,0,0,0,0,1,1,0,0,1,1,1,1,1,0,1,1,0,1,1,0,0,1,0,0,1,1,1,1,1,1,1,0,0,1,0,0,1,0,0,1,0,1,0,0,1,1,1,1,0.46875,-214.6110330363782,1
1,1,1,0,0,0,1,1,0,1,1,0,0,0,0,0,0,0,1,0,1,0,1,0,1,1,1,1,1,0,1,1,0,1,1,0,0,1,0,0,1,1,1,1,1,1,0,0,0,1,0,0,1,0,0,1,0,1,1,0,1,1,1,1,0.546875,-214.611017251498,1
1,1,1,0,0,0,1,1,0,1,0,0,1,0,1,0,0,0,1,0,1,1,0,0,1,1,0,1,1,0,1,1,0,1,1,0,0,1,0,0,1,1,1,1,1,1,1,0,0,1,0,0,1,0,0,1,0,1,0,0,1,1,1,1,0.546875,-214.61089344011066,1
1,1,1,0,0,0,1,1,0,1,1,0,0,0,0,0,0,0,1,0,1,1,1,0,1,1,0,1,1,0,1,1,0,1,1,0,0,1,0,0,1,1,1,1,1,1,1,0,0,1,0,0,1,0,0,1,1,1,0,0,1,0,1,1,0.546875,-214.6108741505981,1
0,1,1,0,0,0,1,1,0,1,0,0,0,0,0,1,0,0,1,0,1,1,1,0,1,1,0,1,1,0,1,1,0,1,1,0,0,1,0,0,1,1,1,1,1,1,1,1,0,1,0,0,1,0,0,1,0,1,0,0,1,1,1,1,0.546875,-214.61069330093417,1
0,1,1,0,0,0,1,1,0,1,0,0,0,0,1,0,0,0,1,0,1,1,0,0,1,1,0,1,1,0,1,1,0,1,1,0,0,1,0,0,1,1,1,1,1,1,1,0,1,1,0,0,1,0,0,1,1,1,0,0,1,1,1,1,0.578125,-214.6104545581203,1
1,1,1,0,0,0,1,1,0,1,0,0,1,0,1,0,0,0,1,0,1,1,0,0,1,1,0,1,1,0,1,1,0,1,1,0,0,1,0,0,1,1,1,1,1,1,1,0,0,1,0,0,0,0,0,1,1,1,0,0,1,1,1,1,0.5,-214.61025090732645,1
1,1,1,0,0,0,1,1,0,1,0,0,0,0,0,0,0,0,1,0,1,1,1,0,1,1,1,1,1,0,1,1,0,1,1,0,0,1,0,0,1,1,1,1,1,1,1,0,0,1,0,0,1,0,0,1,1,1,0,0,1,0,1,1,0.53125,-214.61023843275996,1
0,1,1,0,0,0,1,1,0,1,0,0,0,0,0,0,0,0,1,0,1,1,1,0,1,1,1,1,1,0,1,1,0,1,1,0,0,1,0,0,1,1,1,1,1,1,1,0,0,1,0,0,1,0,0,1,1,1,0,0,1,1,1,1,0.5625,-214.60982760934823,1
1,0,1,0,0,0,1,1,0,1,0,0,1,0,1,0,0,0,0,0,1,0,1,0,1,1,0,1,1,0,1,1,0,1,1,0,0,1,0,0,1,1,1,1,1,1,1,0,0,1,0,0,1,0,0,1,1,1,1,0,1,1,1,1,0.515625,-214.6093844442758,1
1,0,1,0,0,0,1,1,0,1,1,0,0,0,1,0,0,0,1,0,1,1,1,0,1,1,0,1,1,0,1,1,0,1,1,0,0,1,0,0,0,1,1,1,1,1,1,1,0,1,0,0,1,0,0,1,1,1,0,0,1,0,1,1,0.53125,-214.60921991112303,1
0,0,1,0,0,0,1,0,0,1,0,0,1,0,1,0,1,0,1,0,1,1,1,0,1,1,1,1,1,0,1,1,0,1,1,0,0,1,0,0,1,1,1,1,1,1,1,0,0,1,0,0,1,0,0,1,0,1,1,0,1,0,1,1,0.546875,-214.6091433379949,1
1,1,1,0,0,0,1,1,0,1,0,0,0,0,1,0,0,0,0,0,1,1,0,0,1,1,1,1,1,0,1,1,0,1,1,0,0,1,0,0,1,1,1,1,1,1,1,0,0,1,0,0,1,0,0,1,1,1,0,0,1,1,1,1,0.53125,-214.60869568415868,1
1,1,1,0,0,0,1,1,0,1,0,0,0,0,1,0,0,0,0,0,1,1,0,0,1,1,1,1,1,0,1,1,0,1,1,0,0,1,0,0,1,1,1,1,1,1,1,0,0,1,0,0,1,0,0,1,1,1,0,0,1,1,1,1,0.546875,-214.60869568415868,1
1,0,1,0,0,0,1,1,0,1,0,0,0,0,1,0,0,0,0,0,1,1,1,0,1,1,1,1,1,0,1,1,0,1,1,0,0,1,0,0,1,1,1,1,1,1,1,0,0,1,0,0,1,0,0,1,1,1,0,0,1,1,1,1,0.515625,-214.60868060592222,1
1,1,1,0,0,0,1,1,1,1,0,0,1,0,1,1,0,0,1,0,1,1,1,0,1,1,0,1,1,0,1,1,0,1,1,0,0,1,0,0,1,1,1,0,1,1,0,0,0,1,0,0,1,0,0,1,0,1,0,0,1,0,1,1,0.546875,-214.60864864001476,1
1,0,1,0,0,0,1,1,0,1,0,0,0,0,1,0,0,0,1,0,1,1,1,0,1,1,0,1,1,0,1,1,0,1,1,0,0,1,0,0,1,1,1,1,1,1,1,0,0,1,0,0,1,0,0,1,1,1,0,0,1,1,1,1,0.546875,-214.60844938227183,1
1,1,1,0,0,0,1,1,0,1,0,0,0,0,1,0,0,0,0,0,1,1,0,0,1,1,1,1,1,0,1,1,0,1,1,0,0,1,0,0,1,1,1,1,1,1,1,0,0,1,0,0,1,0,0,1,1,1,1,0,1,1,1,0,0.5625,-214.60841488277535,1
1,0,1,0,0,0,1,1,0,1,1,0,0,0,1,0,0,0,1,0,1,1,1,0,1,1,0,1,1,0,1,1,0,1,1,0,0,1,0,0,1,1,1,1,1,1,1,0,0,1,0,0,1,0,0,1,0,1,1,0,1,0,1,1,0.546875,-214.60804123021072,1
0,1,1,0,0,0,1,1,0,1,0,0,1,0,1,0,1,0,0,0,1,1,0,0,1,1,1,1,1,0,1,1,0,1,1,0,0,1,0,0,1,1,1,1,1,1,1,0,0,1,0,0,1,0,0,1,0,1,0,0,1,1,1,1,0.59375,-214.6080286006135,1
1,1,1,0,0,0,1,1,0,1,1,0,0,0,1,1,0,0,1,0,1,1,0,0,1,1,0,1,1,0,1,1,0,1,1,0,0,1,0,0,1,1,1,1,1,1,1,0,0,1,0,0,0,0,0,1,0,1,0,0,1,1,1,1,0.5625,-214.60789739162945,1
1,1,1,0,0,0,1,1,1,1,1,0,0,0,1,0,0,0,0,0,1,1,0,0,1,1,1,1,1,0,1,1,0,1,1,0,0,1,0,0,1,1,1,1,1,1,1,0,0,1,0,0,1,0,0,1,1,1,0,0,1,0,1,0,0.546875,-214.60782209594308,1
0,1,1,0,1,0,1,1,0,1,1,0,0,0,0,0,0,0,0,0,1,1,1,0,1,1,1,1,1,0,1,1,0,1,1,0,0,1,0,0,1,1,1,1,1,1,0,0,0,1,0,0,1,0,0,1,1,1,0,0,1,1,1,1,0.5625,-214.6073008261515,1
1,1,1,0,1,0,1,1,0,1,0,0,1,0,0,0,0,0,0,0,1,1,1,0,1,1,1,1,1,0,1,1,0,1,1,0,0,1,0,0,1,1,1,1,1,1,1,0,0,1,0,0,1,0,0,1,1,1,0,0,1,0,1,0,0.5625,-214.60714374481486,1
0,0,1,0,0,0,1,1,0,1,0,0,0,0,1,0,0,0,1,0,1,1,1,0,1,1,1,1,1,0,1,1,0,1,1,0,0,1,0,0,1,1,1,1,1,1,0,1,0,1,0,0,1,0,0,1,0,1,1,0,1,1,1,1,0.546875,-214.60673185329372,1
1,1,1,0,0,0,1,1,0,1,1,0,1,0,1,0,0,0,0,0,1,0,0,0,1,1,1,1,1,0,1,1,0,1,1,0,0,1,0,0,1,1,1,1,1,1,1,0,0,1,0,0,1,0,0,1,0,1,0,0,1,1,1,1,0.53125,-214.60667423459628,1
1,1,1,0,0,0,1,1,0,1,0,0,0,0,1,0,0,0,1,0,1,1,0,0,1,1,1,1,1,0,1,1,0,1,1,0,0,1,0,0,1,1,1,1,1,1,1,1,0,1,0,0,1,0,0,1,0,1,0,0,1,0,1,1,0.5625,-214.60627075501023,1
1,1,1,0,1,0,1,1,1,1,1,0,0,0,0,0,0,0,1,0,1,0,1,0,1,1,1,1,1,0,1,1,0,1,1,0,0,1,0,0,1,1,1,1,1,1,0,0,0,1,0,0,1,0,0,1,1,1,0,0,1,0,1,0,0.5,-214.60619283101403,1
1,0,1,0,0,0,1,1,0,1,1,0,0,0,1,0,0,0,1,0,1,1,1,0,1,1,1,1,1,0,1,1,0,1,1,0,0,1,0,0,1,1,1,1,1,1,0,0,0,1,0,0,0,0,0,1,1,1,0,0,1,1,1,1,0.515625,-214.60616242236375,1
1,1,1,0,0,0,1,1,0,1,0,0,0,0,1,0,0,0,1,0,1,1,1,0,1,1,1,1,1,0,1,1,0,1,1,0,0,1,0,0,1,1,1,1,1,1,1,0,0,1,0,0,0,0,0,1,0,1,0,0,1,1,1,1,0.546875,-214.60615439961828,1
1,1,1,0,0,0,1,1,0,1,1,0,0,0,1,0,0,0,1,0,1,1,0,0,1,1,0,1,1,0,1,1,0,1,1,0,0,1,0,0,1,1,1,1,1,1,0,0,0,1,0,0,1,0,0,1,1,1,0,0,1,1,1,1,0.5,-214.6061360910321,1
1,1,1,0,0,0,1,1,0,1,1,0,0,0,1,1,1,0,0,0,1,1,0,0,1,1,0,1,1,0,1,1,0,1,1,0,0,1,0,0,1,1,1,1,1,1,1,0,0,1,0,0,1,0,0,1,0,1,0,0,1,0,1,1,0.515625,-214.60521723590742,1
1,1,1,0,0,0,1,1,0,1,0,0,1,0,1,0,0,0,1,0,1,1,1,0,1,1,0,1,1,0,1,1,0,1,1,0,0,1,0,0,0,1,1,1,1,1,1,0,0,1,0,0,1,0,0,1,1,1,0,0,1,0,1,1,0.515625,-214.6046996855439,1
1,1,1,0,0,0,1,1,0,1,0,0,1,0,1,0,0,0,0,0,1,1,1,0,1,1,0,1,1,0,1,1,0,1,1,0,0,1,0,0,1,1,1,1,1,1,0,0,0,1,0,0,1,0,0,1,1,1,0,0,1,1,1,1,0.515625,-214.60386867724765,1
1,0,1,0,0,0,1,1,0,1,1,0,0,0,1,0,0,0,1,0,1,0,1,0,1,1,1,1,1,0,1,1,0,1,1,0,0,1,0,0,1,1,1,1,1,1,1,0,0,1,0,0,1,0,0,1,0,1,0,0,1,1,1,1,0.546875,-214.6038587597046,1
0,1,1,0,0,0,1,1,0,1,1,0,0,0,1,0,0,0,0,0,1,1,1,0,1,1,1,1,1,0,1,1,0,1,1,0,0,1,0,0,1,1,1,0,1,1,1,0,0,1,0,0,1,0,0,1,1,1,0,0,1,1,1,1,0.546875,-214.603657738667,1
0,1,1,0,0,0,1,1,0,1,0,0,0,0,1,0,1,0,0,0,1,1,1,0,1,1,0,1,1,0,1,1,0,1,1,0,0,1,0,0,1,1,1,1,1,1,1,0,0,1,0,0,1,0,0,1,1,1,0,0,1,1,1,1,0.5,-214.60257313279874,1
1,1,1,0,0,0,1,1,0,1,0,0,1,0,1,0,0,0,0,0,1,1,1,0,1,1,1,1,1,0,1,1,0,1,1,0,0,1,0,0,1,1,1,1,1,1,1,0,0,1,0,0,1,0,0,1,0,1,0,0,1,0,1,1,0.59375,-214.60254682150696,1
1,1,1,0,0,0,1,1,0,1,0,0,0,0,1,0,0,0,0,0,1,1,1,0,1,1,0,1,1,0,1,1,0,1,1,0,0,1,0,0,1,1,1,1,1,1,1,1,0,1,0,0,1,0,0,1,1,1,0,0,1,0,1,1,0.5625,-214.60252919101603,1
1,1,1,0,0,0,1,1,0,1,0,0,1,0,1,0,0,0,0,0,1,1,1,0,1,1,1,1,1,0,1,1,0,1,1,0,0,1,0,0,1,1,1,1,1,1,1,0,0,1,0,0,0,0,0,1,1,1,0,0,1,1,1,0,0.53125,-214.60204885564838,1
1,1,1,0,0,0,1,1,1,1,1,0,0,0,1,0,0,0,1,0,1,0,1,0,1,1,0,1,1,0,1,1,0,1,1,0,0,1,0,0,1,1,1,1,1,1,0,0,0,1,0,0,1,0,0,1,1,1,0,0,1,0,1,1,0.5,-214.60107635293684,1
1,1,1,0,0,0,1,1,0,1,0,0,0,0,1,0,0,0,1,0,1,1,1,0,1,1,1,1,1,0,1,1,0,1,1,0,0,1,0,0,1,1,1,1,1,1,1,0,0,1,0,0,1,0,0,1,0,1,0,0,1,0,1,1,0.53125,-214.60079046243294,1
1,1,1,0,0,0,1,1,0,1,1,0,0,0,1,0,0,0,0,0,1,0,1,0,1,1,1,1,1,0,1,1,0,1,1,0,0,1,0,0,1,1,1,1,1,1,1,1,0,1,0,0,0,0,0,1,1,1,0,0,1,0,1,1,0.546875,-214.59835200175152,1
1,1,1,0,0,0,1,1,0,1,1,0,0,0,1,0,0,0,0,0,1,1,1,0,1,1,1,1,1,0,1,1,0,1,1,0,0,1,0,0,1,1,1,1,1,1,1,0,0,1,0,0,1,0,0,1,1,1,0,0,1,0,1,0,0.5625,-214.59607769188588,1
1,0,1,0,0,0,1,1,1,1,0,0,1,0,0,0,0,0,1,0,1,1,1,0,1,1,0,1,1,0,1,1,0,1,1,0,0,1,0,0,0,1,1,1,1,1,1,0,1,1,0,0,1,0,0,1,1,1,0,0,1,1,1,1,0.546875,-213.1559230995909,1
1,1,1,0,1,0,1,1,1,1,0,0,0,0,0,0,0,0,1,0,1,1,1,0,1,1,0,1,1,0,1,1,0,1,1,0,0,1,0,0,1,0,1,1,1,1,1,0,0,1,0,0,1,0,0,1,0,1,1,0,1,1,1,1,0.5,-213.15501896684577,1
1,0,1,0,1,0,1,1,1,1,0,0,0,0,0,0,0,0,0,0,1,1,0,0,1,1,1,1,1,0,1,1,0,1,1,0,0,1,0,0,1,1,1,1,1,1,1,0,0,1,0,0,1,0,0,1,1,1,1,0,1,1,1,1,0.546875,-213.15166065742966,1
1,1,1,0,0,0,1,1,1,1,0,0,1,0,0,0,1,0,0,0,1,1,0,0,1,1,1,1,1,0,1,1,0,1,1,0,0,1,0,0,1,1,1,0,1,1,1,0,0,1,0,0,1,0,0,1,1,1,1,0,1,0,1,1,0.609375,-213.15098777028197,1
1,1,1,1,0,0,1,1,1,1,0,0,1,0,0,0,1,0,0,0,1,1,0,0,1,1,1,1,1,0,1,1,0,1,1,0,0,1,0,0,1,1,1,1,1,1,1,0,0,1,0,0,1,0,0,1,0,1,0,0,1,0,1,1,0.578125,-213.1509569022067,1
0,1,1,0,0,0,1,1,1,1,0,0,1,0,0,0,1,0,1,0,1,1,1,0,1,1,1,1,1,0,1,1,0,1,1,0,0,1,0,0,1,0,1,1,1,1,1,0,0,1,0,0,1,0,0,1,0,1,0,0,1,1,1,1,0.5625,-213.14931915812252,1
1,0,1,0,1,0,1,1,1,1,0,0,1,0,0,0,0,0,0,0,1,1,0,0,1,1,1,1,1,0,1,1,0,1,1,0,0,1,0,0,1,1,1,1,1,1,1,0,0,1,0,0,1,0,0,1,1,1,0,0,1,1,1,1,0.5625,-213.14918267799868,1
1,0,1,0,0,0,1,1,1,1,1,0,0,0,0,0,1,0,1,0,1,1,1,0,1,1,1,1,1,0,1,1,0,1,1,0,0,1,0,0,1,1,1,0,1,1,1,0,0,1,0,0,1,0,0,1,0,1,0,0,1,1,1,1,0.59375,-213.14899385735458,1
1,0,1,0,0,0,1,1,1,1,0,0,1,0,0,0,0,0,1,0,1,1,1,0,1,1,1,1,1,0,1,1,0,1,1,0,0,1,0,0,0,1,1,1,1,1,1,0,0,1,0,0,1,0,0,1,1,1,0,0,1,1,1,1,0.546875,-213.1485568926974,1
1,0,1,0,0,0,1,1,1,1,0,0,1,0,0,0,1,0,0,0,1,1,1,0,1,1,0,1,1,0,1,1,0,1,1,0,0,1,0,0,1,1,1,1,1,1,1,0,0,1,0,0,1,0,0,1,1,1,0,0,1,1,1,1,0.5625,-213.1482698105366,1
1,0,1,0,0,0,1,1,1,1,0,0,0,0,0,0,0,0,0,0,1,1,1,0,1,1,1,1,1,0,1,1,0,1,1,0,0,1,0,0,1,1,1,1,1,1,1,0,0,1,0,0,1,0,0,1,1,1,1,0,1,1,1,1,0.546875,-213.1481765405187,1
1,1,1,0,1,0,1,1,0,1,1,0,1,0,0,0,0,0,0,0,1,1,1,0,1,1,1,1,1,0,1,1,0,1,1,0,0,1,0,0,1,0,1,0,1,1,1,0,0,1,0,0,1,0,0,1,1,1,0,0,1,1,1,1,0.546875,-213.14717930846075,1
1,0,1,0,0,0,1,1,0,1,0,0,1,0,0,0,1,0,0,0,1,1,0,0,1,1,1,1,1,0,1,1,0,1,1,0,0,1,0,0,1,1,1,1,1,1,1,0,0,1,0,0,1,0,0,1,1,1,1,0,1,1,1,1,0.546875,-213.14716479312614,1
1,1,1,0,0,0,1,1,1,1,1,0,1,0,0,0,0,0,0,0,1,1,1,0,1,1,1,1,1,0,1,1,0,1,1,0,0,1,0,0,1,1,1,0,1,1,1,0,0,1,0,0,0,0,0,1,1,1,0,0,1,1,1,1,0.5625,-213.14700420523593,1
1,1,1,0,1,0,1,1,1,1,0,0,1,0,0,0,0,0,1,0,0,1,0,0,1,1,1,1,1,0,1,1,0,1,1,0,0,1,0,0,1,1,1,1,1,1,0,0,0,1,0,0,1,0,0,1,0,1,1,0,1,1,1,1,0.484375,-213.14691182795036,1
1,1,1,0,0,0,1,1,1,1,0,0,0,0,0,0,0,0,1,0,1,1,0,0,1,1,1,1,1,0,1,1,0,1,1,0,0,1,0,0,1,1,1,1,1,1,1,1,0,1,0,0,1,0,0,1,0,1,0,0,1,1,1,1,0.5625,-213.146860039209,1
1,1,1,0,0,0,1,1,1,1,1,0,0,0,0,0,0,0,1,0,1,1,0,0,1,1,0,1,1,0,1,1,0,1,1,0,0,1,0,0,1,1,1,1,1,1,1,0,0,1,0,0,1,0,0,1,1,1,0,0,1,1,1,1,0.546875,-213.1451084334426,1
0,1,1,0,1,0,1,1,0,1,1,0,0,0,0,0,1,0,1,0,1,1,0,0,1,1,1,1,1,0,0,1,0,1,1,0,0,1,0,0,1,1,1,1,1,1,1,1,0,1,0,0,0,0,0,1,1,1,0,0,1,1,1,1,0.578125,-213.14506659731933,1
1,1,1,0,1,0,1,1,1,1,0,0,0,0,0,0,0,0,1,0,1,1,0,0,1,1,1,1,1,0,1,1,0,1,1,0,0,1,0,0,1,1,1,1,1,1,1,0,0,1,0,0,1,0,0,1,0,1,0,0,1,1,1,1,0.5625,-213.1447649369004,1
1,1,1,0,1,0,1,1,1,1,0,0,0,0,0,0,0,0,1,0,1,1,0,0,1,1,1,1,1,0,1,1,0,1,1,0,0,1,0,0,1,1,1,1,1,1,1,0,0,1,0,0,1,0,0,1,0,1,0,0,1,1,1,1,0.546875,-213.1447649369004,1
1,1,1,0,1,0,1,1,1,1,0,0,0,0,0,0,0,0,0,0,1,1,0,0,1,1,1,1,1,0,1,1,0,1,1,0,0,1,0,0,1,1,1,1,1,1,1,0,0,1,0,0,1,0,0,1,1,1,0,0,1,1,1,1,0.546875,-213.1446695156573,1
1,1,1,0,0,0,1,1,1,1,1,0,0,0,0,0,0,0,0,0,1,1,1,0,1,1,0,1,1,0,1,1,0,1,1,0,0,1,0,0,1,1,1,1,1,1,1,1,0,1,0,0,1,0,0,1,0,1,0,0,1,1,1,1,0.578125,-213.14463021513598,1
0,1,1,0,0,0,1,1,1,1,1,0,1,0,0,0,1,0,0,0,1,1,0,0,1,1,1,1,1,0,1,1,0,1,1,0,0,1,0,0,1,1,1,1,1,1,1,0,0,1,0,0,0,0,0,1,1,1,0,0,1,1,1,1,0.5625,-213.14407918005503,1
1,0,1,0,0,0,1,1,1,1,0,0,0,0,0,0,0,0,1,0,1,1,1,0,1,1,1,1,1,0,1,1,0,1,1,0,0,1,0,0,1,1,1,1,1,1,1,0,0,1,0,0,1,0,0,1,1,1,0,0,1,1,1,1,0.53125,-213.14383862806466,1
1,1,1,0,1,0,1,0,1,1,0,0,0,0,0,0,0,0,1,0,1,1,1,0,1,1,1,1,1,0,1,1,0,1,1,0,0,1,0,0,1,1,1,1,1,1,1,0,0,1,0,0,1,0,0,1,0,1,0,0,1,1,1,1,0.5625,-213.14383771885576,1
1,0,1,0,0,0,1,1,1,1,0,0,0,0,0,0,1,0,0,0,1,0,1,0,1,1,1,1,1,0,1,1,0,1,1,0,0,1,0,0,1,1,1,1,1,1,1,1,0,1,0,0,1,0,0,1,1,1,0,0,1,1,1,1,0.515625,-213.14345880423753,1
1,1,1,0,0,0,1,1,1,1,0,0,1,0,0,0,0,0,1,0,1,1,1,0,1,1,1,1,1,0,1,1,0,1,1,0,0,1,0,0,1,1,1,1,1,1,1,0,0,1,0,0,0,0,0,1,0,1,0,0,1,1,1,1,0.5625,-213.14345017405657,1
1,0,1,0,1,0,1,1,1,1,0,0,0,0,0,0,1,0,0,0,1,1,1,0,1,1,1,1,1,0,1,1,0,1,1,0,0,1,0,0,1,1,1,1,1,1,0,0,0,1,0,0,1,0,0,1,1,1,0,0,1,1,1,1,0.53125,-213.143213200081,1
1,1,1,0,0,0,1,1,0,1,0,0,0,0,0,0,0,0,0,0,1,1,1,0,1,1,1,1,1,0,1,1,0,1,1,0,0,1,0,0,1,1,1,1,1,1,1,1,1,1,0,0,1,0,0,1,0,1,0,0,1,1,1,1,0.515625,-213.1430752516564,1
1,0,1,0,0,0,1,1,0,1,1,0,1,0,0,0,1,0,1,0,1,1,0,0,1,1,1,1,1,0,1,1,0,1,1,0,0,1,0,0,1,1,1,1,1,1,1,0,0,1,0,0,1,0,0,1,0,1,0,0,1,1,1,1,0.53125,-213.1428731465407,1
1,1,1,0,1,0,1,1,0,1,0,0,0,0,0,1,0,0,1,0,1,1,0,0,1,1,1,1,1,0,1,1,0,1,1,0,0,1,0,0,0,1,1,0,1,1,1,1,0,1,0,0,1,0,0,1,1,1,0,0,1,1,1,1,0.53125,-213.14274720140418,1
1,1,1,0,1,0,1,1,1,1,1,0,0,0,0,0,0,0,1,0,1,1,0,0,1,1,1,1,1,0,1,1,0,1,1,0,0,1,0,0,1,1,1,1,1,1,0,0,0,1,0,0,1,0,0,1,0,1,0,0,1,1,1,1,0.53125,-213.14190648481258,1
1,0,1,0,0,0,1,1,0,1,1,0,0,0,0,0,1,0,1,0,1,1,1,0,1,1,1,1,1,0,1,1,0,1,1,0,0,1,0,0,1,1,1,1,1,1,1,0,0,1,0,0,0,1,0,1,0,1,0,0,1,1,1,1,0.546875,-213.14169643532676,1
1,1,1,0,0,0,1,1,1,1,0,0,0,0,0,0,0,0,0,0,1,1,1,0,1,1,1,1,1,0,1,1,0,1,1,0,0,1,0,0,1,1,1,1,1,1,1,0,0,1,0,0,1,0,0,1,1,1,0,0,1,1,1,1,0.546875,-213.1416026032863,1
1,1,1,0,0,0,1,1,1,1,0,0,0,0,0,0,0,0,1,0,1,1,1,0,1,1,0,1,1,0,1,1,0,1,1,0,0,1,0,0,1,1,1,1,1,1,1,0,0,1,0,0,1,0,0,1,1,1,0,0,1,1,1,1,0.515625,-213.14140667819504,1
1,0,1,0,1,0,1,1,0,1,0,0,0,0,0,0,0,0,1,0,1,1,0,0,1,1,1,1,1,0,1,1,0,1,1,0,0,1,0,0,1,1,1,1,1,1,1,1,0,1,0,0,1,0,0,1,1,1,0,0,1,1,1,1,0.578125,-213.14117489152045,1
0,1,1,0,0,0,1,1,1,1,0,0,1,0,0,0,0,0,1,0,1,1,0,0,1,1,1,1,1,0,1,1,0,1,1,0,0,1,0,0,1,1,1,1,1,1,1,0,0,1,0,0,1,0,0,1,1,1,0,0,1,1,1,1,0.5625,-213.1405967984074,1
1,1,1,1,0,0,1,1,0,1,1,0,0,0,0,0,0,0,0,0,1,1,1,0,1,1,1,1,1,0,1,1,0,1,1,0,0,1,0,0,1,1,1,1,1,1,1,0,0,1,0,0,1,0,0,1,0,1,0,0,1,1,1,1,0.53125,-213.14055680738966,1
1,1,1,0,0,0,1,1,0,1,0,0,1,0,0,0,0,0,1,0,1,1,1,0,1,1,0,1,1,0,1,1,0,1,1,0,0,1,0,0,0,1,1,1,1,1,1,1,0,1,0,0,1,0,0,1,1,1,0,0,1,1,1,1,0.5625,-213.14007367772996,1
1,1,1,0,0,0,1,1,1,1,0,0,1,0,0,0,0,0,1,0,1,1,1,0,1,1,1,1,1,0,1,1,0,1,1,0,0,1,0,0,1,1,1,1,1,1,0,0,0,1,0,0,1,0,0,1,0,1,0,0,1,1,1,1,0.53125,-213.1397534949458,1
1,1,1,0,1,0,1,1,0,1,1,0,1,0,1,0,0,0,1,0,1,1,0,0,1,1,1,1,1,0,1,1,0,1,1,0,0,1,0,0,1,0,1,0,1,1,0,1,0,1,0,0,1,0,0,1,0,1,0,0,1,1,1,1,0.5,-213.1397329099662,1
1,0,1,0,1,0,1,1,0,1,0,0,1,0,0,0,0,0,1,0,1,1,0,0,1,1,1,1,1,0,1,1,0,1,1,0,0,1,0,0,1,1,1,1,1,1,0,1,0,1,0,0,1,0,0,1,1,1,0,0,1,1,1,1,0.5625,-213.13944990627226,1
1,1,1,0,0,0,1,1,0,1,1,0,0,0,0,0,1,0,0,0,1,1,0,0,1,1,1,1,1,0,1,1,0,1,1,0,0,1,0,0,1,1,1,1,1,1,1,0,0,1,0,0,1,0,0,1,1,1,0,0,1,1,1,1,0.53125,-213.13929266547927,1
1,0,1,0,1,0,1,1,0,1,0,0,0,0,0,0,0,0,1,0,1,1,1,0,1,1,1,1,1,0,1,1,0,1,1,0,0,1,0,0,1,1,1,1,1,1,1,1,0,1,0,0,0,0,0,1,1,1,0,0,1,1,1,1,0.5625,-213.13846850255703,1
1,1,1,0,1,0,1,1,0,1,0,0,0,0,0,0,0,0,0,0,1,1,0,0,1,1,1,1,1,0,1,1,0,1,1,0,0,1,0,0,1,1,1,1,1,1,1,1,0,1,0,0,1,0,0,1,1,1,0,0,1,1,1,1,0.578125,-213.13839477736678,1
0,1,1,0,0,0,1,1,1,1,1,0,0,0,0,0,0,0,1,0,1,1,0,0,1,1,1,1,1,0,1,1,0,1,1,0,0,1,0,0,1,1,1,1,1,1,0,1,0,1,0,0,1,0,0,1,1,1,0,0,1,1,1,1,0.515625,-213.13834016612577,1
1,1,1,0,0,0,1,1,1,1,0,0,1,0,0,0,0,0,1,0,1,1,1,0,1,1,1,1,1,0,1,1,0,1,1,0,0,1,0,0,1,1,1,1,1,1,1,0,0,1,0,0,1,0,0,1,0,1,0,0,1,0,1,1,0.53125,-213.13821812725297,1
1,1,1,0,0,0,1,1,1,1,0,0,1,0,0,0,0,0,0,0,1,1,1,0,1,1,1,1,1,0,1,1,0,1,1,0,0,1,0,0,1,1,1,1,1,1,1,0,0,1,0,0,1,0,0,1,1,1,0,0,1,0,1,1,0.515625,-213.13821607298962,1
1,0,1,0,1,0,1,1,0,1,0,0,1,0,0,0,0,0,1,0,1,1,1,0,1,1,1,1,1,0,1,1,0,1,1,0,0,1,0,0,1,1,1,1,1,1,1,0,0,1,0,0,0,0,0,1,1,1,0,0,1,1,1,1,0.578125,-213.13773232741562,1
1,0,1,0,1,0,1,1,0,1,0,0,1,0,0,0,0,0,0,0,1,1,1,0,1,1,1,1,1,0,1,1,0,1,1,0,0,1,0,0,1,1,1,1,1,1,1,0,0,1,0,0,1,0,0,1,1,1,0,0,1,1,1,1,0.5625,-213.137664335794,1
1,0,1,0,0,0,1,1,1,1,1,0,0,0,0,0,0,0,1,0,1,1,1,0,1,1,1,1,1,0,1,1,0,1,1,0,0,1,0,0,1,1,1,1,1,1,1,0,0,1,0,0,1,0,0,1,1,1,0,0,1,1,0,1,0.578125,-213.13741860957953,1
1,1,1,0,0,0,1,1,1,1,0,0,1,0,1,0,0,0,1,0,1,1,0,0,1,1,0,1,1,0,1,1,0,1,1,0,0,1,0,0,1,1,1,1,1,1,0,0,0,1,0,0,1,1,0,1,0,1,0,0,1,1,1,1,0.5,-213.1370816999373,1
1,1,1,0,1,0,1,1,0,1,1,0,0,0,0,0,0,0,0,0,1,1,0,0,1,1,1,1,1,0,1,1,0,1,1,0,0,1,0,0,1,1,1,1,1,1,1,0,0,1,0,0,1,0,0,1,1,1,0,0,1,1,1,1,0.53125,-213.13704017259818,1
1,1,1,0,0,0,1,1,1,1,0,0,1,0,1,0,0,0,1,0,1,1,0,0,1,1,0,1,1,0,1,1,0,1,1,0,0,1,0,0,1,1,1,1,1,1,1,0,0,1,0,0,1,0,0,1,0,1,0,0,1,1,1,1,0.546875,-213.13690292344842,1
0,1,1,0,0,0,1,1,1,1,1,0,0,0,1,0,0,0,1,0,1,1,0,0,1,1,1,1,1,0,1,1,0,1,1,0,0,1,0,0,0,1,1,1,1,1,0,1,0,1,0,0,1,0,0,1,0,1,1,0,1,1,1,1,0.53125,-213.13688133657172,1
1,1,1,0,1,0,1,1,0,1,0,0,1,0,1,0,0,0,1,0,1,1,0,0,1,1,1,1,1,0,1,1,0,1,1,0,0,1,0,0,1,0,1,1,1,1,1,0,0,1,0,0,1,0,0,1,0,1,0,0,1,1,1,1,0.546875,-213.13686306925433,1
1,0,1,0,0,0,1,1,1,1,0,0,1,0,1,0,0,0,0,0,1,1,1,0,1,1,0,1,1,0,1,1,0,1,1,0,0,1,0,0,1,1,1,1,1,1,1,0,0,1,0,0,1,0,0,1,1,1,0,0,1,1,1,1,0.53125,-213.13633910858806,1
1,1,1,0,0,0,1,1,0,1,1,0,0,0,0,0,0,0,0,0,1,1,1,0,1,1,1,1,1,0,1,1,0,1,1,0,0,1,0,0,1,1,1,1,1,1,1,1,0,1,0,0,1,0,0,1,0,1,0,0,1,1,1,1,0.53125,-213.13629381792896,1
1,1,1,0,0,0,1,1,1,1,0,0,1,0,1,0,0,0,0,0,1,1,1,0,1,1,1,1,1,0,1,1,0,1,1,0,0,1,0,0,0,1,1,1,1,1,1,0,0,1,0,0,0,0,0,1,1,1,0,0,1,1,1,1,0.578125,-213.13628569134073,1
1,1,1,0,0,0,1,1,1,1,0,0,0,0,1,1,0,0,1,0,1,1,0,0,1,1,1,1,1,0,1,1,0,1,1,0,0,1,0,0,0,1,1,1,1,1,1,0,0,1,0,0,1,0,0,1,0,1,0,0,1,1,1,1,0.46875,-213.13609833748347,1
1,0,1,0,0,0,1,1,0,1,1,0,0,0,0,1,0,0,1,0,1,1,1,0,1,1,0,1,1,0,1,1,0,1,1,0,0,1,0,0,1,1,1,1,1,1,1,1,0,1,0,0,0,0,0,1,1,1,1,0,1,0,1,1,0.578125,-213.1358924868464,1
1,0,1,0,0,0,1,1,0,1,1,0,1,0,0,0,0,0,1,0,1,1,1,0,1,1,1,1,1,0,1,1,0,1,1,0,0,1,0,0,1,1,1,1,1,1,1,1,0,1,0,0,0,0,0,1,1,1,0,0,1,0,1,1,0.5625,-213.1356938610267,1
0,1,1,0,0,0,1,1,0,1,1,0,1,0,0,0,1,0,0,0,1,1,0,0,1,1,1,1,1,0,1,1,0,1,1,0,0,1,0,0,1,1,1,1,1,1,1,0,0,1,0,0,1,0,0,1,1,1,0,0,1,1,1,1,0.515625,-213.13569276954325,1
1,0,1,0,0,0,1,1,0,1,0,0,1,0,0,1,0,0,1,0,1,1,1,0,1,1,1,1,1,0,1,1,0,1,1,0,0,1,0,0,1,1,1,1,1,1,1,0,0,1,0,0,0,0,0,1,1,1,0,0,1,1,1,1,0.5625,-213.13569209360344,1
1,1,1,0,0,0,1,1,0,1,0,0,0,0,0,0,1,0,0,0,1,1,1,0,1,1,1,1,1,0,1,1,0,1,1,0,0,1,0,0,1,1,1,1,1,1,1,0,0,1,0,0,1,0,0,1,1,1,0,0,1,1,1,1,0.578125,-213.13561653027972,1
1,1,1,0,0,0,1,1,0,1,0,0,0,0,0,0,1,0,0,0,1,1,1,0,1,1,1,1,1,0,1,1,0,1,1,0,0,1,0,0,1,1,1,1,1,1,1,0,0,1,0,0,1,0,0,1,1,1,0,0,1,1,1,1,0.53125,-213.13561653027972,1
1,1,1,0,0,0,1,1,0,1,0,0,0,0,0,0,1,0,0,0,1,1,1,0,1,1,1,1,1,0,1,1,0,1,1,0,0,1,0,0,1,1,1,1,1,1,1,0,0,1,0,0,1,0,0,1,1,1,0,0,1,1,1,1,0.578125,-213.13561653027972,1
1,0,1,0,0,0,1,1,1,1,0,0,1,0,1,0,1,0,0,0,1,1,1,0,1,1,0,1,1,0,1,1,0,1,1,0,0,1,0,0,1,1,1,1,1,1,0,0,0,1,0,0,1,0,0,1,1,1,0,0,1,1,1,1,0.53125,-213.1355344702992,1
1,0,1,0,0,0,1,1,0,1,0,0,0,0,1,0,1,0,0,0,1,1,0,0,1,1,1,1,1,0,1,1,0,1,1,0,0,1,0,0,1,1,1,1,1,1,1,0,0,1,0,0,1,1,0,1,1,1,0,0,1,1,1,1,0.546875,-213.13552566068307,1
1,1,1,0,0,0,1,1,0,1,0,0,0,0,0,0,0,0,0,0,1,1,1,0,1,1,1,1,1,0,1,1,0,1,1,0,0,1,0,0,1,1,1,1,1,1,1,1,0,1,0,0,1,0,0,1,1,1,0,0,1,1,1,1,0.578125,-213.13541259092892,1
1,1,1,0,0,0,1,1,0,1,0,0,0,0,0,1,0,0,0,0,1,1,1,0,1,1,1,1,1,0,1,1,0,1,1,0,0,1,0,0,1,1,1,1,1,1,1,0,0,1,0,0,1,0,0,1,0,1,1,0,1,1,1,1,0.546875,-213.13523681637736,1
1,1,1,0,0,0,1,1,0,1,1,0,0,0,0,1,0,0,1,0,1,1,0,0,1,1,1,1,1,0,1,1,0,1,1,0,0,1,0,0,1,1,1,1,1,1,1,0,0,1,0,0,0,0,0,1,1,1,0,0,1,1,1,1,0.546875,-213.13521064021307,1
1,1,1,0,0,0,1,1,0,1,0,0,1,0,0,0,0,0,1,0,1,1,1,0,1,1,1,1,1,0,1,1,0,1,1,0,0,1,0,0,1,1,1,1,1,1,1,0,0,1,0,0,0,0,0,1,1,1,0,0,1,1,1,1,0.578125,-213.13492244271248,1
1,1,1,0,0,0,1,1,0,1,0,0,1,0,0,0,0,0,0,0,1,1,1,0,1,1,1,1,1,0,1,1,0,1,1,0,0,1,0,0,1,1,1,1,1,1,1,0,0,1,0,0,1,0,0,1,1,1,0,0,1,1,1,1,0.53125,-213.13490567552748,1
1,1,1,0,0,0,1,1,0,1,0,0,1,0,0,0,0,0,0,0,1,1,1,0,1,1,1,1,1,0,1,1,0,1,1,0,0,1,0,0,1,1,1,1,1,1,1,0,0,1,0,0,1,0,0,1,1,1,0,0,1,1,1,1,0.546875,-213.13490567552748,1
1,1,1,0,0,0,1,1,0,1,0,0,1,0,0,0,0,0,0,0,1,1,1,0,1,1,1,1,1,0,1,1,0,1,1,0,0,1,0,0,1,1,1,1,1,1,1,0,0,1,0,0,1,0,0,1,1,1,0,0,1,1,1,1,0.625,-213.13490567552725,1
1,1,1,0,1,0,1,1,0,1,0,0,0,0,0,0,1,0,0,0,1,1,1,0,1,1,1,1,1,0,1,1,0,1,1,0,0,1,0,0,1,1,1,1,1,1,0,1,0,1,0,0,1,0,0,1,0,1,0,0,1,1,1,1,0.53125,-213.13484725075904,1
1,1,1,0,0,0,1,1,0,1,0,0,1,0,0,0,0,0,1,0,1,1,1,0,1,1,1,1,1,0,1,1,0,1,1,0,0,1,0,0,1,1,1,1,1,1,1,0,0,1,0,0,1,0,0,1,0,1,0,0,1,1,1,1,0.5625,-213.13478856922563,1
1,1,1,0,0,0,1,1,0,1,0,0,1,0,0,0,0,0,1,0,1,1,1,0,1,1,1,1,1,0,1,1,0,1,1,0,0,1,0,0,1,1,1,1,1,1,1,0,0,1,0,0,1,0,0,1,0,1,0,0,1,1,1,1,0.5625,-213.13478856922563,1
1,1,1,0,0,0,1,1,0,1,0,0,1,0,0,0,0,0,1,0,1,1,0,0,1,1,1,1,1,0,1,1,0,1,1,0,0,1,0,0,1,1,1,1,1,1,1,1,0,1,0,0,1,0,0,1,1,1,0,0,1,0,1,1,0.59375,-213.1346745645203,1
1,0,1,0,0,0,1,1,1,1,0,0,0,0,1,0,1,0,1,0,1,1,1,0,1,1,0,1,1,0,1,1,0,1,1,0,0,1,0,0,1,1,1,1,1,1,1,1,0,1,0,0,1,0,0,1,0,1,0,0,1,0,1,1,0.578125,-213.13459361257827,1
1,0,1,0,1,0,1,1,0,1,0,0,1,0,1,0,1,0,0,0,1,1,1,0,1,1,1,1,1,0,0,1,0,1,1,0,0,1,0,0,1,1,1,1,1,1,1,0,0,1,0,0,1,0,0,1,1,1,0,0,1,0,1,1,0.5625,-213.13436296519876,1
1,1,1,0,0,0,1,1,0,1,0,0,1,0,0,0,0,0,0,0,1,1,1,0,1,1,1,1,1,0,1,1,0,1,1,0,0,1,0,0,1,1,1,1,1,1,1,0,0,1,0,0,1,0,0,1,1,1,1,0,1,0,1,1,0.53125,-213.13417306467903,1
1,1,1,0,0,0,1,1,0,1,1,0,1,0,0,1,0,0,0,0,1,1,1,0,1,1,1,1,1,0,1,1,0,1,1,0,0,1,0,0,1,1,1,1,1,1,1,0,0,1,0,0,0,0,0,1,0,1,0,0,1,1,1,1,0.53125,-213.13372602506223,1
1,1,1,0,0,0,1,1,0,1,0,0,0,0,0,1,0,0,1,0,1,1,0,0,1,1,1,1,1,0,1,1,0,1,1,0,0,1,0,0,1,1,1,1,1,1,1,0,0,1,0,0,1,0,0,1,1,1,1,0,1,0,1,1,0.515625,-213.1334258500844,1
0,0,1,0,0,0,1,1,0,1,0,0,1,0,0,1,1,0,1,0,1,1,1,0,1,1,1,1,1,0,1,1,0,1,1,0,0,1,0,0,1,1,1,1,1,1,1,0,0,1,0,0,0,0,0,1,1,1,0,0,1,1,1,1,0.5625,-213.13295581229943,1
1,1,1,0,0,0,1,1,0,1,0,0,0,0,1,0,0,0,1,0,1,1,1,0,1,1,1,1,1,0,0,1,0,1,1,0,0,1,0,0,1,1,1,1,1,1,1,0,0,1,0,0,1,0,0,1,1,1,0,0,1,1,1,1,0.546875,-213.13244539042523,1
1,0,1,0,0,0,1,1,0,1,1,0,0,0,1,0,0,0,1,0,1,1,1,0,1,1,1,1,1,0,1,1,0,1,1,0,0,1,0,0,0,1,1,1,1,1,1,1,0,1,0,0,0,0,0,1,1,1,0,0,1,1,1,1,0.546875,-213.13242913029194,1
1,0,1,0,0,0,1,1,0,1,1,0,0,0,1,0,0,0,0,0,1,1,0,0,1,1,1,1,1,0,1,1,0,1,1,0,0,1,0,0,1,1,1,1,1,1,1,1,0,1,0,0,1,0,0,1,1,1,0,0,1,1,1,1,0.5625,-213.13241501510936,1
1,1,1,0,0,0,1,1,0,1,1,0,0,0,0,0,0,0,1,0,1,1,1,0,1,1,0,1,1,0,1,1,0,1,1,0,0,1,0,0,1,1,1,1,1,1,0,1,0,1,0,0,1,0,0,1,1,1,0,0,1,1,1,1,0.546875,-213.13241423476325,1
1,1,1,0,1,0,1,1,0,1,0,0,1,0,0,0,1,0,0,0,1,1,1,0,1,1,0,1,1,0,1,1,0,1,1,0,0,1,0,0,1,1,1,1,1,1,1,0,0,1,0,0,1,0,0,1,1,1,0,0,1,0,1,1,0.53125,-213.1323548812635,1
1,1,1,0,0,0,1,1,1,1,0,0,0,0,1,0,0,0,1,0,1,1,1,0,1,1,1,1,1,0,1,1,0,1,1,0,0,1,0,0,1,1,1,1,1,1,1,0,0,1,0,0,0,0,0,1,0,1,0,0,1,1,1,1,0.53125,-213.1321430148517,1
1,0,1,0,0,0,1,0,0,1,1,0,1,0,1,1,0,0,1,0,1,1,0,0,1,1,1,1,1,0,1,1,0,1,1,0,0,1,0,0,1,1,1,1,1,1,1,0,0,1,0,0,0,0,0,1,1,1,0,0,1,1,1,1,0.515625,-213.13209221122207,1
1,1,1,0,1,0,1,1,0,1,0,0,1,0,0,0,0,0,1,0,1,1,1,0,1,1,1,1,1,0,1,1,0,1,1,0,0,1,0,0,1,1,1,1,1,1,0,0,0,1,0,0,1,0,0,1,0,1,0,0,1,1,1,1,0.53125,-213.13137290233396,1
1,1,1,0,0,0,1,1,1,1,0,0,0,0,1,0,0,0,0,0,1,1,1,0,1,1,1,1,1,0,1,1,0,1,1,0,0,1,0,0,1,1,1,1,1,1,0,1,0,1,0,0,1,0,0,1,0,1,0,0,1,1,1,1,0.53125,-213.13127747579756,1
1,1,1,0,1,0,1,1,0,1,0,0,0,0,0,1,1,0,1,0,1,1,1,0,0,1,1,1,1,0,1,1,0,1,1,0,0,1,0,0,0,1,1,1,1,1,1,0,0,1,0,0,1,0,0,1,1,1,0,0,1,0,1,1,0.53125,-213.13113220127087,1
1,1,1,0,0,0,1,1,1,1,0,0,0,0,1,0,0,0,0,0,1,1,1,0,1,1,1,1,1,0,1,1,0,1,1,0,0,1,0,0,1,1,1,1,1,1,1,0,0,1,0,0,0,0,0,1,1,1,1,0,1,0,1,1,0.5625,-213.13112300525376,1
1,0,1,0,0,0,1,1,0,1,0,0,1,0,1,0,0,0,1,0,1,1,0,0,1,1,1,1,1,0,1,1,0,1,1,0,0,1,0,0,1,1,1,1,1,1,1,0,0,1,0,0,1,0,0,1,1,1,0,0,1,1,1,1,0.578125,-213.13089441131564,1
1,1,1,0,0,0,1,1,0,1,0,0,0,0,0,1,0,0,1,0,1,1,1,0,1,1,0,1,1,0,1,1,0,1,1,0,0,1,0,0,1,1,1,1,1,1,1,0,0,1,0,0,1,0,0,1,1,1,0,0,1,1,1,1,0.5625,-213.13080694374298,1
1,1,1,0,0,0,1,1,0,1,0,0,1,0,0,1,1,0,0,0,1,1,1,0,1,1,1,1,1,0,1,1,0,1,1,0,0,1,0,0,1,1,1,1,1,1,1,0,0,1,0,0,1,0,0,1,0,1,0,0,1,0,1,1,0.578125,-213.13029085922625,1
1,1,1,0,0,0,1,1,1,1,0,0,0,0,1,0,0,0,1,0,1,0,0,0,1,1,1,1,1,0,1,1,0,1,1,0,0,1,0,0,1,1,1,1,1,1,1,0,0,1,0,0,1,0,0,1,1,1,0,0,1,1,1,1,0.546875,-213.12951184783964,1
1,1,1,0,0,0,1,1,0,1,0,0,1,0,0,0,0,0,1,0,1,1,1,0,1,1,1,1,1,0,1,1,0,1,1,0,0,1,0,0,1,1,1,1,1,1,1,0,0,1,0,0,1,0,0,1,1,1,0,0,1,0,1,1,0.546875,-213.1295105016025,1
1,1,1,0,0,0,1,1,0,1,1,0,1,0,1,0,1,0,1,0,1,0,0,0,1,1,1,1,1,0,1,1,0,1,1,0,0,1,0,0,1,1,1,0,1,1,0,0,0,1,0,0,0,1,0,1,1,1,0,0,1,1,1,1,0.515625,-213.12943821902155,1
1,0,1,0,0,0,1,1,0,1,0,0,1,0,1,1,0,0,1,0,1,1,0,0,1,1,0,1,1,0,1,1,0,1,1,0,0,1,0,0,1,1,1,1,1,1,1,0,0,1,0,0,1,0,0,1,1,1,0,0,1,1,1,1,0.5625,-213.1288162975098,1
1,1,1,0,0,0,1,1,0,1,0,0,1,0,1,0,0,0,1,0,1,1,0,0,1,1,1,1,1,0,1,1,0,1,1,0,0,1,0,0,1,1,1,1,1,1,1,0,0,1,0,0,1,0,0,1,0,1,0,0,1,1,1,1,0.640625,-213.12837558889555,1
1,1,1,0,0,0,1,1,0,1,0,0,1,0,1,0,0,0,1,0,1,1,0,0,1,1,1,1,1,0,1,1,0,1,1,0,0,1,0,0,1,1,1,1,1,1,1,0,0,1,0,0,1,0,0,1,0,1,0,0,1,1,1,1,0.53125,-213.12837558889555,1
1,1,1,0,0,0,1,1,0,1,0,0,1,0,1,0,0,0,0,0,1,1,0,0,1,1,1,1,1,0,1,1,0,1,1,0,0,1,0,0,1,1,1,1,1,1,1,0,0,1,0,0,1,0,0,1,1,1,0,0,1,1,1,1,0.515625,-213.12777544529575,1
1,1,1,0,0,0,1,1,0,1,0,0,1,0,1,0,0,0,1,0,1,1,1,0,1,1,1,1,1,0,1,1,0,1,1,0,0,1,0,0,0,1,1,1,1,1,1,0,0,1,0,0,0,0,0,1,1,1,0,0,1,1,1,1,0.546875,-213.1276786763442,1
1,1,1,0,1,0,1,1,0,1,0,0,1,0,1,0,0,0,1,0,1,1,1,0,1,1,0,1,1,0,1,1,0,1,1,0,0,1,0,0,0,1,1,1,1,1,1,0,0,1,0,0,1,0,0,1,0,1,0,0,1,1,1,1,0.53125,-213.12762562550762,1
0,1,1,0,1,0,1,1,0,1,0,0,0,0,0,0,0,0,1,0,1,1,1,0,1,1,1,1,1,0,1,1,0,1,1,0,0,1,0,0,1,1,1,1,1,1,1,0,0,1,0,0,1,0,0,1,1,1,0,0,1,1,1,1,0.5625,-213.12738168883425,1
0,1,1,0,1,0,1,1,1,1,0,0,1,0,0,0,0,0,1,0,1,1,1,0,1,1,1,1,1,0,1,1,0,1,1,0,0,1,0,0,1,1,1,1,1,1,1,0,0,1,0,0,1,0,0,1,1,1,0,0,1,0,1,0,0.515625,-213.12737881423965,1
1,1,1,0,0,0,1,1,1,1,1,0,0,0,1,0,0,0,0,0,1,0,1,0,1,1,1,1,1,0,1,1,0,1,1,0,0,1,0,0,1,1,1,1,1,1,1,0,0,1,0,0,0,0,0,1,1,1,0,0,1,1,1,1,0.53125,-213.1273213689634,1
1,1,1,0,1,0,1,1,1,1,1,0,0,0,1,0,0,0,1,0,1,1,0,0,1,1,0,1,1,0,1,1,0,1,1,0,0,1,0,0,1,1,1,1,1,1,0,0,0,1,0,0,1,0,0,1,1,1,0,0,1,0,1,1,0.53125,-213.12693929312076,1
1,1,1,0,0,0,1,1,1,1,0,0,0,0,1,0,0,0,1,0,1,1,1,0,1,1,1,1,1,0,1,1,0,1,1,0,0,1,0,0,1,1,1,1,1,1,1,0,0,1,0,0,1,0,0,1,0,1,0,0,1,0,1,1,0.578125,-213.1268559405123,1
1,1,1,0,1,0,1,1,1,1,1,0,1,0,1,0,1,0,0,0,1,0,0,0,1,1,1,1,1,0,1,1,0,1,1,0,0,1,0,0,1,1,1,1,1,1,0,0,0,1,0,0,1,0,0,1,0,1,0,0,1,0,1,1,0.515625,-213.12670638293997,1
1,1,1,0,0,0,1,1,1,1,0,0,0,0,1,0,0,0,1,0,1,1,0,0,1,1,1,1,1,0,1,1,0,1,1,0,0,1,0,0,1,1,1,1,1,1,1,1,0,1,0,0,1,0,0,1,1,1,0,0,1,0,1,0,0.578125,-213.1264779758663,1
1,1,1,0,0,0,1,1,0,1,0,0,0,0,1,0,1,0,0,0,1,1,1,0,1,1,1,1,1,0,1,1,0,1,1,0,0,1,0,0,1,1,1,1,1,1,1,0,0,1,0,0,1,0,0,1,0,1,0,0,1,1,1,1,0.5625,-213.12623988995182,1
1,1,1,0,1,0,1,1,0,1,0,0,0,0,1,0,0,0,1,0,1,1,1,0,1,1,1,1,1,0,1,1,0,1,1,0,0,1,0,0,0,1,1,1,1,1,1,0,0,1,0,0,1,0,0,1,0,1,0,0,1,1,1,1,0.546875,-213.1261985335563,1
1,1,1,0,0,0,1,1,0,1,0,0,0,0,1,0,1,0,1,0,1,1,1,0,1,1,0,1,1,0,1,1,0,1,1,0,0,1,0,0,1,1,1,1,1,1,1,0,0,1,0,0,1,0,0,1,0,1,0,0,1,1,1,1,0.546875,-213.12583030861964,1
1,0,1,0,0,0,1,1,0,1,1,0,0,0,1,0,0,0,1,0,1,1,1,0,1,1,1,1,1,0,1,1,0,1,1,0,0,1,0,0,1,1,1,1,1,1,1,0,0,1,0,0,1,0,0,1,0,1,1,0,1,0,1,1,0.53125,-213.12570575995835,1
1,0,1,0,1,0,1,1,0,1,0,0,0,0,1,0,0,0,0,0,1,1,1,0,1,1,1,1,1,0,1,1,0,1,1,0,0,1,0,0,1,1,1,1,1,1,1,0,0,1,0,0,1,0,0,1,1,1,1,0,1,0,1,1,0.546875,-213.12537853308305,1
1,1,1,0,0,0,1,1,0,1,0,0,0,0,1,0,0,0,0,0,1,1,1,0,1,1,1,1,1,0,1,1,0,1,1,0,0,1,0,0,1,1,1,1,1,1,1,1,0,1,0,0,0,0,0,1,1,1,0,0,1,1,1,1,0.53125,-213.125369479695,1
1,1,1,0,0,0,1,1,0,1,0,0,1,0,1,0,0,0,0,0,1,1,1,0,1,1,1,1,1,0,1,1,0,1,1,0,0,1,0,0,1,1,1,1,1,1,1,0,0,1,0,0,1,0,0,1,0,1,0,0,1,1,1,1,0.5625,-213.1252682802778,1
1,0,1,0,0,0,1,1,0,1,1,0,1,0,1,0,0,0,1,0,1,1,1,0,1,1,1,1,1,0,1,1,0,1,1,0,0,1,0,0,1,1,1,1,1,1,1,0,0,1,0,0,1,0,0,1,0,1,0,0,1,0,1,1,0.546875,-213.12326498203208,1
0,1,1,0,0,0,1,1,1,1,0,0,0,0,1,0,0,0,1,0,1,1,1,0,1,1,1,1,1,0,1,1,0,1,1,0,0,1,0,0,1,1,1,1,1,1,0,0,0,1,0,0,1,0,0,1,1,1,0,0,1,1,1,1,0.515625,-213.12254927906156,1
1,1,1,0,0,0,1,1,0,1,0,0,1,0,1,0,0,0,1,0,1,1,1,0,1,1,1,1,1,0,1,1,0,1,1,0,0,1,0,0,0,1,1,1,1,1,1,0,0,1,0,0,1,0,0,1,1,1,0,0,1,0,1,1,0.59375,-213.12219722513038,1
0,1,1,0,0,0,1,1,1,1,0,0,1,0,1,0,0,0,0,0,1,1,1,0,1,1,1,1,1,0,1,1,0,1,1,0,0,1,0,0,1,1,1,1,1,1,1,0,0,1,0,0,1,0,0,1,1,1,0,0,1,0,1,1,0.59375,-213.12195114713154,1
1,0,1,0,1,0,1,1,0,1,1,0,0,0,1,0,0,0,1,0,1,1,1,0,1,1,0,1,1,0,1,1,0,1,1,0,0,1,0,0,1,1,1,1,1,1,1,0,0,1,0,0,1,0,0,1,1,1,0,0,1,0,1,1,0.53125,-213.1213022504591,1
0,1,1,0,1,0,1,1,0,1,0,0,0,0,0,1,0,0,1,0,1,1,1,0,1,1,1,1,1,0,1,1,0,1,1,0,0,1,0,0,1,1,1,1,1,1,1,0,0,1,0,0,1,0,0,1,1,1,0,0,1,0,1,1,0.546875,-213.12066062357945,1
1,1,1,0,0,0,1,1,0,1,0,0,1,0,1,0,0,0,0,0,1,1,1,0,1,1,1,1,1,0,1,1,0,1,1,0,0,1,0,0,1,1,1,1,1,1,1,0,0,1,0,0,1,0,0,1,1,1,0,0,1,0,1,1,0.578125,-213.11923464420147,1
1,1,1,0,0,0,1,1,0,1,0,0,0,0,1,1,0,0,1,0,1,1,1,0,1,1,1,1,1,0,1,1,0,1,1,0,0,1,0,0,1,1,1,1,1,1,0,0,0,1,0,0,1,0,0,1,0,1,0,0,1,1,1,1,0.546875,-213.117881669449,1
0,1,1,0,0,0,1,1,0,1,0,0,0,0,1,0,0,0,1,0,1,1,1,0,1,1,1,1,1,0,1,1,0,1,1,0,0,1,0,0,1,1,1,1,1,1,1,0,0,1,0,0,1,0,0,1,1,1,0,0,1,1,1,1,0.546875,-213.1172038291582,1
0,1,1,0,0,0,1,1,0,1,0,0,1,0,1,0,1,0,0,0,1,0,1,0,1,1,1,1,1,0,1,1,0,1,1,0,0,1,0,0,1,1,1,1,1,1,1,0,0,1,0,0,1,0,0,1,1,1,0,0,1,1,1,1,0.546875,-213.1166211479026,1
0,1,1,0,0,0,1,1,0,1,0,0,1,0,1,0,1,0,1,0,1,0,1,0,1,1,1,1,1,0,1,1,0,1,1,0,0,1,0,0,1,1,1,1,1,1,1,0,0,1,0,0,1,0,0,1,1,1,0,0,1,0,1,1,0.546875,-213.1111249179259,1
1,1,1,0,0,0,1,0,1,1,1,0,1,0,0,0,1,0,1,0,1,1,0,0,1,1,1,1,1,0,0,1,0,1,1,0,0,1,0,0,1,1,1,1,1,1,1,0,0,1,0,0,1,0,0,1,1,1,0,0,1,1,1,1,0.5625,-211.2552237988897,1
1,1,1,1,0,0,1,1,1,1,1,0,1,0,0,0,1,0,0,0,1,1,0,0,1,1,1,1,1,0,1,1,0,1,1,0,0,1,0,0,0,1,1,1,1,1,1,0,0,1,0,0,1,0,0,1,1,1,0,0,1,0,1,1,0.515625,-211.24922468297245,1
1,1,1,1,0,0,1,1,0,1,1,0,0,0,0,1,0,0,1,0,1,1,1,0,1,1,0,1,1,0,1,1,0,1,1,0,0,1,0,0,0,0,1,1,1,1,1,1,0,1,0,0,1,0,0,1,1,1,0,0,1,1,1,1,0.515625,-211.24730745827134,1
1,0,1,0,0,0,1,1,1,1,0,0,1,0,0,0,0,0,1,0,1,1,1,0,1,1,1,1,1,0,1,1,0,1,1,0,0,1,0,0,1,1,1,1,1,1,1,0,1,1,0,0,1,0,0,1,1,1,0,0,1,0,1,1,0.515625,-211.24273298496877,1
1,0,1,0,1,0,1,1,0,1,0,0,1,0,0,0,0,0,1,0,1,1,0,0,1,1,1,1,1,0,1,1,0,1,1,0,0,1,0,0,1,1,1,1,1,1,1,0,1,1,0,0,1,0,0,1,1,1,0,0,1,1,1,1,0.5,-211.2425574819498,1
1,1,1,0,0,0,1,1,1,1,1,0,0,0,0,0,1,0,0,0,1,1,1,0,1,1,1,1,1,0,1,1,0,1,1,0,0,1,0,0,1,1,1,0,1,1,1,0,0,1,0,0,1,0,0,1,1,1,0,0,1,1,1,1,0.546875,-211.2422388201856,1
1,1,1,0,0,0,1,1,1,1,0,0,1,0,0,0,0,0,1,0,1,1,0,0,1,1,1,1,1,0,1,1,0,1,1,0,0,1,0,0,1,1,1,1,1,1,0,0,0,1,0,0,1,0,0,1,1,1,1,0,1,1,1,1,0.53125,-211.24168801753262,1
1,1,1,0,0,0,1,1,1,1,0,0,1,0,0,0,0,0,1,0,1,1,0,0,1,1,1,1,1,0,1,1,0,1,1,0,0,1,0,0,1,1,1,1,1,1,1,0,0,1,0,0,1,0,0,1,1,1,0,0,1,1,1,1,0.546875,-211.24086767556497,1
1,1,1,0,1,0,1,1,1,1,0,0,1,0,0,0,0,0,1,0,1,1,0,0,1,1,1,1,1,0,1,1,0,1,1,0,0,1,0,0,1,1,1,1,1,1,1,0,0,1,0,0,0,0,0,1,1,1,1,0,1,0,1,1,0.5625,-211.24035631619114,1
1,1,1,0,0,0,1,1,1,1,0,0,1,0,0,0,0,0,1,0,1,1,0,0,1,1,1,1,1,0,1,1,0,1,1,0,0,1,0,0,1,1,1,1,1,1,1,0,0,1,0,0,1,0,0,1,1,1,1,0,1,0,1,1,0.59375,-211.24006536549308,1
1,1,1,0,0,0,1,1,1,1,0,1,0,0,0,0,0,0,1,0,1,1,1,0,1,1,1,1,1,0,1,1,0,1,1,0,0,1,0,0,1,1,1,1,1,1,0,0,0,1,0,0,1,0,0,1,1,1,0,0,1,1,1,1,0.515625,-211.23976395724463,1
1,1,1,0,0,0,1,1,0,1,0,1,1,0,0,0,1,0,1,0,1,1,1,0,0,1,1,1,1,0,1,1,0,1,1,0,0,1,0,0,1,1,1,1,1,1,1,0,0,1,0,0,1,0,0,1,0,1,0,0,1,1,1,1,0.578125,-211.23840053923942,1
1,1,1,0,0,0,1,1,0,1,0,0,1,0,0,0,0,0,0,0,1,1,1,0,1,1,1,1,1,0,1,1,0,1,1,0,0,1,0,0,1,1,1,1,1,1,1,1,0,1,0,0,1,0,0,1,0,1,1,0,1,1,1,1,0.53125,-211.23645099148666,1
1,1,1,1,0,0,1,1,0,1,0,0,1,0,0,0,0,0,1,0,1,1,1,0,1,1,1,1,1,0,1,1,0,1,1,0,0,1,0,0,1,1,1,1,1,1,1,0,0,1,0,0,1,0,0,1,0,1,0,0,1,1,1,1,0.546875,-211.23625633243017,1
1,1,1,0,1,0,1,1,1,1,0,0,0,0,0,0,0,0,1,0,1,1,1,0,1,1,1,1,1,0,1,1,0,1,1,0,0,1,0,0,1,1,1,1,1,1,1,0,0,1,0,0,1,0,0,1,0,1,0,0,1,1,1,1,0.5625,-211.23621874328558,1
1,1,1,0,1,0,1,1,1,1,0,0,1,0,0,0,1,0,1,0,1,1,0,0,1,1,1,1,1,0,1,1,0,1,1,0,0,1,0,0,1,1,1,1,1,1,0,0,0,1,0,0,1,0,0,1,1,1,0,0,1,0,1,1,0.53125,-211.2348907147192,1
1,0,1,0,0,0,1,1,0,1,1,0,0,0,1,0,0,0,0,0,1,1,1,0,1,1,1,1,1,0,1,1,0,1,1,0,0,1,0,0,1,1,1,0,1,1,1,1,1,1,0,0,1,0,0,1,1,1,0,0,1,1,1,1,0.53125,-211.23457813310188,1
1,1,1,0,1,0,1,1,1,1,0,0,0,0,0,1,0,0,1,0,1,1,1,0,1,1,1,1,1,0,1,1,0,1,1,0,0,1,0,0,1,1,1,1,1,1,1,0,0,1,0,0,0,0,0,1,0,1,0,0,1,1,1,1,0.546875,-211.23441140680825,1
1,1,1,0,1,0,1,1,0,1,1,0,1,0,0,1,0,0,0,0,1,1,0,0,1,1,1,1,1,0,1,1,0,1,1,0,0,1,0,0,1,1,1,0,1,1,0,1,0,1,0,0,1,0,0,1,1,1,0,0,1,1,1,1,0.5625,-211.23354878182255,1
1,1,1,0,1,0,1,1,0,1,0,0,0,0,0,0,1,0,0,0,1,1,1,0,1,1,1,1,1,0,1,1,0,1,1,0,0,1,0,0,1,1,1,1,1,1,1,1,0,1,0,0,1,0,0,1,0,1,0,0,1,1,1,1,0.515625,-211.23298920587456,1
1,1,1,0,0,0,1,1,1,1,0,0,1,0,0,1,0,0,0,0,1,1,1,0,1,1,1,1,1,0,1,1,0,1,1,0,0,1,0,0,1,1,1,1,1,1,0,0,0,1,0,0,1,0,0,1,1,1,0,0,1,1,1,1,0.515625,-211.23264346242598,1
1,1,1,0,1,0,1,1,0,1,0,0,1,0,0,0,0,0,1,0,1,1,0,0,1,1,1,1,1,0,1,1,0,1,1,0,0,1,0,0,1,1,1,1,1,1,1,0,0,1,0,0,1,0,0,1,1,1,0,0,1,1,1,1,0.546875,-211.23243061330612,1
1,1,1,0,0,0,1,1,0,1,0,0,1,0,0,0,1,0,1,0,1,1,1,0,1,1,0,1,1,0,1,1,0,1,1,0,0,1,0,0,1,1,1,1,1,1,1,0,0,1,0,0,1,0,0,1,1,1,0,0,1,1,1,1,0.546875,-211.23171823846673,1
1,1,1,0,0,0,1,1,1,1,0,0,1,0,1,0,0,0,1,0,1,1,0,0,1,1,1,1,1,0,1,1,0,1,1,0,0,1,0,0,1,1,1,1,1,1,1,0,0,1,0,0,1,0,0,1,0,1,0,0,1,1,1,1,0.53125,-211.23144580099353,1
1,0,1,0,0,0,1,1,0,1,0,0,1,0,0,1,1,0,0,0,1,1,1,0,1,1,1,1,1,0,1,1,0,1,1,0,0,1,0,0,1,1,1,1,1,1,1,0,0,1,0,0,1,1,0,1,1,1,0,0,1,0,1,1,0.5625,-211.2311167953901,1
1,1,1,1,0,0,1,1,0,1,1,0,1,0,1,0,0,0,1,0,1,1,0,0,1,1,0,1,1,0,1,1,0,1,1,0,0,1,0,0,1,1,1,1,1,1,1,0,0,1,0,0,1,0,0,1,0,1,0,0,1,1,1,1,0.59375,-211.2305399097604,1
1,1,1,0,0,0,1,1,1,1,0,0,0,0,1,0,0,0,1,0,1,1,0,0,1,1,1,1,1,0,1,1,0,1,1,0,0,1,0,0,1,1,1,1,1,1,1,0,0,1,0,0,1,0,0,1,1,1,0,0,1,1,1,1,0.5625,-211.22930943736617,1
1,1,1,0,0,0,1,1,0,1,0,0,1,0,0,0,0,0,1,0,1,1,1,0,1,1,1,1,1,0,1,1,0,1,1,0,0,1,0,0,1,1,1,1,1,1,1,0,0,1,0,0,1,0,0,1,1,1,0,0,1,1,1,1,0.53125,-211.22927431244563,1
1,1,1,0,0,0,1,1,0,1,0,0,1,0,0,0,0,0,1,0,1,1,1,0,1,1,1,1,1,0,1,1,0,1,1,0,0,1,0,0,1,1,1,1,1,1,1,0,0,1,0,0,1,0,0,1,1,1,0,0,1,1,1,1,0.5625,-211.22927431244563,1
1,1,1,0,0,0,1,1,1,1,0,0,0,0,1,0,0,0,0,0,1,1,1,0,1,1,1,1,1,0,1,1,0,1,1,0,0,1,0,0,1,1,1,1,1,1,1,1,0,1,0,0,1,0,0,1,0,1,0,0,1,1,1,1,0.59375,-211.22919789967733,1
1,1,1,0,0,0,1,1,0,1,0,0,1,0,0,0,0,0,1,0,1,1,1,0,1,1,1,1,1,0,1,1,0,1,1,0,0,1,0,0,1,1,1,1,1,1,1,0,0,1,0,0,1,0,0,1,1,1,1,0,1,0,1,1,0.578125,-211.2284830896358,1
1,1,1,0,0,0,1,1,1,1,0,0,1,0,1,0,0,0,0,0,1,1,1,0,1,1,1,1,1,0,1,1,0,1,1,0,0,1,0,0,1,1,1,1,1,1,1,0,0,1,0,0,1,0,0,1,0,1,0,0,1,1,1,1,0.5,-211.22837996633746,1
1,1,1,0,0,0,1,1,1,1,0,0,1,0,1,0,1,0,1,0,1,1,1,0,1,1,1,1,1,0,1,1,0,1,1,0,0,1,0,0,1,1,1,0,1,1,1,0,0,1,0,0,0,0,0,1,1,1,0,0,1,0,1,1,0.53125,-211.22811802609812,1
1,1,1,0,0,0,1,1,0,1,1,0,1,0,0,0,1,0,1,0,1,1,1,0,1,1,0,1,1,0,1,1,0,1,1,0,0,1,0,0,1,1,1,1,1,1,1,0,0,1,0,0,1,0,0,1,1,1,0,0,1,0,1,1,0.515625,-211.2271437418923,1
1,1,1,0,0,0,1,1,1,1,0,0,0,0,1,0,0,0,1,0,1,1,0,0,1,1,1,1,1,0,1,1,0,1,1,0,0,1,0,0,1,1,1,1,1,1,1,1,0,1,0,0,1,0,0,1,1,1,0,0,1,0,1,1,0.59375,-211.22603434314465,1
1,1,1,0,0,0,1,1,0,1,1,0,1,0,1,0,1,0,1,0,1,1,0,0,1,1,0,1,1,0,1,1,0,1,1,0,0,1,0,0,1,1,1,1,1,1,1,0,0,1,0,0,1,0,0,1,0,1,0,0,1,1,1,1,0.5,-211.22594702731527,1
1,1,1,0,0,0,1,1,1,1,0,0,0,0,1,0,1,0,0,0,1,1,1,0,1,1,1,1,1,0,1,1,0,1,1,0,0,1,0,0,1,1,1,1,1,1,1,0,0,1,0,0,1,0,0,1,1,1,0,0,1,0,1,1,0.578125,-211.22371233149062,1
0,1,1,0,0,0,1,1,1,1,0,0,0,0,1,0,1,0,0,0,1,1,1,0,1,1,1,1,1,0,1,1,0,1,1,0,0,1,0,0,1,1,1,1,1,1,1,0,0,1,0,0,1,0,0,1,1,1,0,0,1,1,1,1,0.53125,-211.22325467801141,1
1,1,1,0,0,0,1,1,1,1,0,0,0,0,1,0,0,0,1,0,1,1,1,0,1,1,1,1,1,0,1,1,0,1,1,0,0,1,0,0,1,1,1,1,1,1,1,0,0,1,0,0,1,0,0,1,1,1,0,0,1,0,1,1,0.515625,-211.22082542065505,1
1,1,1,0,0,0,1,1,0,1,1,0,0,0,1,0,1,0,1,0,1,1,0,0,1,1,1,1,1,0,1,1,0,1,1,0,0,1,0,0,1,1,1,1,1,1,0,0,0,1,0,0,1,0,0,1,1,1,0,0,1,1,1,1,0.5625,-211.22076389133298,1
1,1,1,0,0,0,1,1,0,1,0,0,0,0,1,1,0,0,1,0,1,1,0,0,1,1,0,1,1,0,1,1,0,1,1,0,0,1,0,0,1,1,1,1,1,1,1,1,0,1,0,0,1,0,0,1,1,1,1,0,1,0,1,1,0.53125,-211.22044945890588,1
1,0,1,0,0,0,1,1,0,1,0,0,1,0,1,0,0,0,1,0,1,1,1,0,1,1,1,1,1,0,1,1,0,1,1,0,0,1,0,0,1,1,1,1,1,1,1,1,0,1,0,0,1,0,0,1,1,1,0,0,1,0,1,1,0.578125,-211.21923984680654,1
1,1,1,0,0,0,1,1,0,1,0,0,1,0,1,0,0,0,0,0,1,1,1,0,1,1,1,1,1,0,1,1,0,1,1,0,0,1,0,0,1,1,1,1,1,1,1,0,0,1,0,0,1,0,0,1,1,1,0,0,1,1,1,1,0.578125,-211.21913363428553,1
1,1,1,0,0,0,1,1,0,1,0,0,1,0,1,0,0,0,1,0,1,1,1,0,1,1,0,1,1,0,1,1,0,1,1,0,0,1,0,0,1,1,1,1,1,1,1,0,0,1,0,0,1,0,0,1,1,1,0,0,1,1,1,1,0.546875,-211.21896807538155,1
1,1,1,0,0,0,1,1,0,1,0,0,0,0,1,0,0,0,1,0,1,1,1,0,1,1,1,1,1,0,1,1,0,1,1,0,0,1,0,0,1,1,1,1,1,1,1,0,0,1,0,0,1,0,0,1,1,1,0,0,1,1,1,1,0.546875,-211.2174990138348,1
1,1,1,0,0,0,1,1,0,1,0,0,1,0,1,0,1,0,1,0,1,0,1,0,1,1,0,1,1,0,1,1,0,1,1,0,0,1,0,0,1,1,1,1,1,1,1,0,0,1,0,0,1,0,0,1,1,1,0,0,1,1,1,1,0.53125,-211.21656105333665,1
0,1,1,0,0,0,1,1,0,1,1,0,1,0,1,0,0,0,1,0,1,0,1,0,1,1,1,1,1,0,1,1,0,1,1,0,0,1,0,0,1,1,1,1,1,1,1,0,0,1,0,0,1,0,0,1,1,1,0,0,1,1,1,1,0.515625,-211.20901625257477,1
0,1,1,0,1,0,1,1,0,1,0,0,1,0,1,0,0,0,1,0,1,1,1,0,1,1,1,1,1,0,1,1,0,1,1,0,0,1,0,0,1,1,1,1,1,1,1,0,0,1,0,0,1,0,0,1,1,1,0,0,1,0,1,1,0.5625,-211.20724842255498,1
1,1,1,0,0,0,1,1,1,1,0,0,1,0,0,0,0,0,1,0,1,1,1,0,1,1,1,1,1,0,1,1,0,1,1,0,0,1,0,0,0,1,1,1,1,1,1,1,0,1,0,0,1,0,0,1,1,1,0,0,1,1,1,1,0.578125,-208.9149526416071,1
1,1,1,0,0,0,1,1,1,1,0,0,1,0,0,0,1,0,1,0,1,1,1,0,1,1,1,1,1,0,1,1,0,1,1,0,0,1,0,0,1,1,1,1,1,1,1,0,0,1,0,0,1,0,0,1,0,1,0,0,1,1,1,1,0.53125,-208.91176983014594,1
1,1,1,0,0,0,1,1,1,1,0,0,1,0,1,0,0,0,0,0,1,1,0,0,1,1,1,1,1,0,1,1,0,1,1,0,0,1,0,0,1,1,1,1,1,1,1,0,1,1,0,0,1,0,0,1,1,1,0,0,1,1,1,1,0.53125,-208.91021223771247,1
1,1,1,0,0,0,1,1,1,1,0,0,1,0,0,0,0,0,1,0,1,1,1,0,1,1,1,1,1,0,1,1,0,1,1,0,0,1,0,0,1,1,1,1,1,1,1,0,0,1,0,0,1,0,0,1,1,1,0,0,1,1,1,1,0.546875,-208.9094398773675,1
1,1,1,0,0,0,1,1,1,1,1,0,1,0,0,0,0,0,0,0,1,1,1,0,1,1,1,1,1,0,1,1,0,1,1,0,0,1,0,0,1,1,1,1,1,1,1,1,0,1,0,0,1,0,0,1,1,1,0,0,1,0,1,1,0.5625,-208.9075032278401,1
1,1,1,0,0,0,1,1,1,1,1,0,1,0,1,0,0,0,1,0,1,1,0,0,1,1,0,1,1,0,1,1,0,1,1,0,0,1,0,0,1,1,1,1,1,1,1,0,0,1,0,0,1,0,0,1,1,1,0,0,1,1,1,1,0.546875,-208.90319652987205,1
1,1,1,0,0,0,1,1,0,1,1,0,0,0,0,0,1,0,1,0,1,1,1,0,1,1,1,1,1,0,1,1,0,1,1,0,0,1,0,0,1,1,1,1,1,1,1,0,0,1,0,0,1,0,0,1,1,1,0,0,1,1,1,1,0.578125,-208.90203016299785,1
1,1,1,0,0,0,1,1,0,1,1,0,1,0,0,0,0,0,1,0,1,1,1,0,1,1,1,1,1,0,1,1,0,1,1,0,0,1,0,0,1,1,1,1,1,1,1,0,0,1,0,0,1,0,0,1,1,1,0,0,1,1,1,1,0.546875,-208.9014357495564,1
1,0,1,0,0,0,1,1,1,1,1,0,0,0,1,0,0,0,1,0,1,0,1,0,1,1,1,1,1,0,1,1,0,1,1,0,0,1,0,0,1,1,1,1,1,1,1,0,0,1,0,0,1,0,0,1,1,1,1,0,1,1,1,1,0.546875,-208.8999584373169,1
1,1,1,0,0,0,1,1,1,1,0,0,1,0,1,0,0,0,1,0,1,1,1,0,1,1,1,1,1,0,1,1,0,1,1,0,0,1,0,0,1,1,1,1,1,1,1,0,0,1,0,0,1,0,0,1,0,1,0,0,1,1,1,1,0.578125,-208.8996818575843,1
1,1,1,0,0,0,1,1,0,1,1,0,1,0,0,0,0,0,1,0,1,1,1,0,1,1,1,1,1,0,1,1,0,1,1,0,0,1,0,0,1,1,1,1,1,1,1,1,0,1,0,0,1,0,0,1,1,1,0,0,1,1,0,1,0.53125,-208.89700106614504,1
1,1,1,0,0,0,1,1,0,1,0,0,1,0,1,0,0,0,1,0,1,1,1,0,1,1,1,1,1,0,1,1,0,1,1,0,0,1,0,0,1,1,1,1,1,1,1,0,0,1,0,0,1,0,0,1,0,1,1,0,1,1,1,1,0.5625,-208.8954798551997,1
1,1,1,0,0,0,1,1,0,1,0,0,1,0,1,0,1,0,0,0,1,1,1,0,1,1,1,1,1,0,1,1,0,1,1,0,0,1,0,0,1,1,1,1,1,1,1,0,0,1,0,0,1,0,0,1,1,1,1,0,1,0,1,1,0.578125,-208.89277673433247,1
1,1,1,0,0,0,1,1,0,1,1,0,0,0,1,0,0,0,1,0,1,1,1,0,1,1,1,1,1,0,1,1,0,1,1,0,0,1,0,0,1,1,1,1,1,1,1,1,0,1,0,0,1,0,0,1,0,1,0,0,1,1,1,1,0.578125,-208.8926652023328,1
1,1,1,0,0,0,1,1,0,1,0,0,1,0,1,1,1,0,0,0,1,1,1,0,1,1,0,1,1,0,1,1,0,1,1,0,0,1,0,0,1,1,1,1,1,1,1,0,0,1,0,0,1,0,0,1,1,1,0,0,1,1,1,1,0.546875,-208.89122290994817,1
1,1,1,0,0,0,1,1,0,1,0,0,1,0,1,0,0,0,1,0,1,1,1,0,1,1,1,1,1,0,1,1,0,1,1,0,0,1,0,0,1,1,1,1,1,1,1,0,0,1,0,0,1,0,0,1,1,1,0,0,1,1,1,1,0.609375,-208.89049862525695,1
1,1,1,0,1,0,1,1,1,1,1,0,1,0,0,0,0,0,1,0,1,1,0,0,1,1,1,1,1,0,1,1,0,1,1,0,0,1,0,0,1,1,1,1,1,1,1,0,0,1,0,0,1,0,0,1,1,1,0,0,1,1,1,1,0.5625,-206.1620442968096,1
1,1,1,0,0,0,1,1,1,1,0,0,1,0,0,1,0,0,1,0,1,1,1,0,1,1,0,1,1,0,1,1,0,1,1,0,0,1,0,0,1,1,1,1,1,1,1,0,0,1,0,0,1,0,0,1,1,1,1,0,1,1,1,1,0.515625,-206.15994780043633,1
1,1,1,0,0,0,1,1,1,1,0,0,0,0,1,0,0,0,0,0,1,1,1,0,1,1,1,1,1,0,1,1,0,1,1,0,0,1,0,0,1,1,1,1,1,1,1,1,0,1,0,0,1,0,0,1,1,1,1,0,1,1,1,1,0.515625,-206.15339231539502,1
