0,1,2,3,4,5,6,7,8,9,10,11,12,13,14,15,16,17,18,19,20,21,22,23,24,25,26,27,28,29,30,31,32,33,34,35,36,37,38,39,40,41,42,43,44,45,46,47,48,49,50,51,52,53,54,55,56,57,58,59,60,61,62,63,chain_break_fraction,energy,num_occurrences
1,0,1,0,0,0,1,1,1,1,1,0,0,0,0,0,0,0,0,0,1,1,0,0,1,1,1,1,1,0,1,1,0,1,1,0,0,1,0,0,1,0,1,1,1,1,1,0,0,1,0,0,1,0,0,1,0,1,0,0,1,0,1,1,0.53125,-190.1775003384888,1
1,0,1,0,0,0,1,0,1,1,0,0,0,0,0,0,0,0,0,0,1,1,0,0,1,1,1,1,1,0,1,1,0,1,1,0,0,1,0,0,1,1,1,1,1,1,0,0,0,1,0,0,1,0,0,1,0,1,1,0,1,1,1,1,0.53125,-190.1769497119621,1
1,0,1,1,0,0,1,1,0,1,0,0,0,0,0,0,0,0,0,0,1,1,1,0,1,1,1,1,1,0,0,1,0,1,1,0,0,1,0,0,1,1,1,1,1,1,0,0,0,1,0,0,1,0,0,1,1,1,0,0,1,1,1,0,0.546875,-190.17218565603147,1
1,0,1,0,0,0,1,1,1,1,0,0,0,0,0,0,0,0,0,0,1,1,1,0,1,1,0,1,1,0,1,1,0,1,1,0,0,1,0,0,1,1,1,1,1,1,0,0,0,1,0,0,1,0,0,1,0,1,0,0,1,1,1,1,0.53125,-190.17166047625088,1
1,0,1,0,0,0,1,1,0,1,0,0,0,0,1,0,0,0,0,0,1,1,1,0,0,1,1,1,1,0,0,1,0,1,1,0,0,1,0,0,0,1,1,0,1,1,1,1,0,1,0,0,1,0,0,1,1,1,0,0,1,1,1,1,0.59375,-190.17128488575307,1
1,0,1,0,0,0,1,1,0,1,0,0,1,0,0,0,0,0,0,0,1,1,0,0,1,1,1,1,1,0,0,1,0,1,1,0,0,1,0,0,1,1,1,1,1,1,1,0,0,1,0,0,1,0,0,1,1,1,0,0,1,0,1,1,0.59375,-190.17111616457788,1
1,1,1,0,0,0,1,1,0,1,0,0,1,0,1,0,0,0,0,0,1,1,0,0,1,1,1,1,1,0,1,1,0,1,1,0,0,1,0,0,0,0,1,0,1,1,1,0,0,1,0,0,1,0,0,1,0,1,0,0,1,1,1,1,0.546875,-190.17094218711821,1
1,0,1,0,0,0,1,0,0,1,1,0,1,0,0,1,0,0,0,0,1,0,1,0,1,1,1,1,1,0,0,1,0,1,1,0,0,1,0,0,0,1,1,1,1,1,1,0,0,1,0,0,1,0,0,1,1,1,0,0,1,0,1,1,0.5625,-190.17083522644094,1
1,0,1,0,0,0,1,1,0,1,1,0,0,0,0,0,0,0,0,0,1,1,0,0,1,1,1,1,1,0,0,1,0,1,1,0,0,1,0,0,1,1,1,1,1,1,1,0,0,1,0,0,1,0,0,1,1,1,0,0,1,0,1,1,0.546875,-190.1698858574252,1
1,0,1,0,0,0,1,1,0,1,0,0,0,0,0,0,0,0,1,0,1,1,0,0,1,1,1,1,1,0,1,1,0,1,1,0,0,1,0,0,1,1,1,0,1,1,1,0,0,1,0,0,1,0,0,1,0,1,0,0,1,1,1,1,0.5625,-190.16952802246442,1
1,0,1,0,0,0,1,0,0,1,0,0,0,0,0,0,0,0,1,0,1,1,1,0,1,1,1,1,1,0,1,1,0,1,1,0,0,1,0,0,1,1,1,0,1,1,1,0,0,1,0,0,1,0,0,1,0,1,0,0,1,1,1,1,0.59375,-190.16922335932338,1
1,1,1,0,0,0,1,1,1,1,0,0,0,0,0,0,0,0,0,0,1,1,1,0,1,1,1,1,1,0,1,1,0,1,1,0,0,1,0,0,1,0,1,1,1,1,0,0,0,1,0,0,1,0,0,1,0,1,0,0,1,0,1,1,0.484375,-190.1689742264284,1
1,0,1,0,0,0,1,1,1,1,0,0,0,0,0,0,0,0,0,0,1,0,1,0,1,1,1,1,1,0,1,1,0,1,1,0,0,1,0,0,1,1,1,0,1,1,1,0,0,1,0,0,1,0,0,1,0,1,0,0,1,1,1,1,0.5625,-190.16876908206942,1
1,0,1,0,0,0,1,1,1,1,1,0,0,0,0,0,0,0,0,0,1,0,1,0,1,1,1,1,1,0,1,1,0,1,1,0,0,1,0,0,1,1,1,0,1,1,0,0,0,1,0,0,1,0,0,1,0,1,1,0,1,0,1,1,0.515625,-190.16845935651637,1
1,0,1,0,0,0,1,1,0,1,0,0,0,0,0,0,0,0,0,0,1,1,1,0,1,1,0,1,1,0,1,1,0,1,1,0,0,1,0,0,1,1,1,1,1,1,1,0,0,1,0,0,1,0,0,1,0,1,0,0,1,1,1,1,0.578125,-190.16763798829103,1
1,0,1,0,0,0,1,1,1,1,0,0,1,0,0,0,0,0,0,0,1,0,0,0,1,1,1,1,1,0,1,1,0,1,1,0,0,1,0,0,1,1,1,1,1,1,1,0,0,1,0,0,1,0,0,1,0,1,0,0,1,0,1,1,0.515625,-190.1675891364808,1
1,0,1,0,0,0,1,1,1,1,0,0,0,0,0,0,0,0,1,0,1,0,1,0,1,1,1,1,1,0,0,1,0,1,1,0,0,1,0,0,1,1,1,1,1,1,0,0,0,1,0,0,1,0,0,1,1,1,0,0,1,0,1,1,0.515625,-190.16748664951461,1
1,0,1,0,0,0,1,1,0,1,0,0,0,0,0,0,0,0,0,0,1,1,0,0,1,1,1,1,1,0,1,1,0,1,1,0,0,1,0,0,1,1,1,1,1,1,1,0,0,1,0,0,1,0,0,1,0,1,0,0,1,1,1,1,0.5625,-190.1673951615172,1
1,0,1,0,0,0,1,1,0,1,0,0,0,0,0,0,0,0,0,0,1,1,0,0,1,1,0,1,1,0,1,1,0,1,1,0,0,1,0,0,1,1,1,1,1,1,1,0,0,1,0,0,1,0,0,1,1,1,0,0,1,1,1,1,0.515625,-190.1669826024956,1
1,0,1,0,0,0,1,1,0,1,0,0,1,0,0,0,0,0,0,0,1,1,0,0,1,1,1,1,1,0,1,1,0,1,1,0,0,1,0,0,0,1,1,1,1,1,1,0,0,1,0,0,1,0,0,1,1,1,0,0,1,0,1,1,0.53125,-190.16666722855305,1
1,0,1,0,0,0,1,1,0,1,0,0,1,0,0,0,0,0,1,0,1,0,1,0,1,1,0,1,1,0,1,1,0,1,1,0,0,1,0,0,1,1,1,1,1,1,1,0,0,1,0,0,0,0,0,1,0,1,0,0,1,1,1,1,0.546875,-190.16573158547922,1
1,0,1,0,0,0,1,1,0,1,1,0,0,0,0,0,0,0,0,0,1,0,0,0,1,1,1,1,1,0,1,1,0,1,1,0,0,1,0,0,1,1,1,0,1,1,1,1,0,1,0,0,1,0,0,1,0,1,0,0,1,1,1,1,0.5625,-190.1651973691162,1
1,0,1,0,0,0,1,1,0,1,0,0,1,0,0,0,0,0,0,0,1,1,0,0,1,1,1,1,1,0,1,1,0,1,1,0,0,1,0,0,1,1,1,1,1,0,1,0,0,1,0,0,1,0,0,1,0,1,0,0,1,1,1,1,0.546875,-190.16494021201765,1
1,0,1,0,0,0,1,1,1,1,0,0,0,0,0,0,0,0,0,0,1,0,0,0,1,1,1,1,1,0,1,1,0,1,1,0,0,1,0,0,1,1,1,1,1,1,1,1,0,1,0,0,1,0,0,1,0,1,0,0,1,0,1,1,0.578125,-190.16479894257068,1
1,0,1,0,0,0,1,1,0,1,0,0,0,0,0,0,0,0,1,0,1,1,0,0,1,1,1,1,1,0,1,1,0,1,1,0,0,1,0,0,1,1,1,1,1,1,1,0,0,1,0,0,1,0,0,1,0,1,0,0,1,0,1,1,0.5625,-190.16434485949745,1
1,0,1,0,0,0,1,1,0,1,0,0,0,0,0,0,0,0,0,0,1,1,1,0,1,1,1,1,1,0,1,1,0,1,1,0,0,1,0,0,1,1,1,1,1,1,0,0,0,1,0,0,1,0,0,1,0,1,1,0,1,0,1,1,0.46875,-190.1643125257383,1
1,1,1,0,0,0,1,1,0,1,0,0,1,0,0,0,0,0,0,0,1,1,0,0,1,1,0,1,1,0,1,1,0,1,1,0,0,1,0,0,1,1,1,1,1,1,1,0,0,1,0,0,1,0,0,1,0,1,0,0,1,0,1,1,0.546875,-190.16403895980127,1
1,0,1,0,0,0,1,1,0,1,0,0,0,0,0,0,0,0,1,0,1,0,0,0,1,1,1,1,1,0,1,1,0,1,1,0,0,1,0,0,1,1,1,1,1,1,1,0,0,1,0,0,1,0,0,1,0,1,0,0,1,1,1,1,0.484375,-190.16374637587091,1
1,0,1,0,0,0,1,1,0,1,0,0,1,0,0,0,0,0,0,0,1,1,0,0,1,1,1,1,1,0,1,1,0,1,1,0,0,1,0,0,1,1,1,1,1,1,0,1,0,1,0,0,1,0,0,1,0,1,0,0,1,0,1,1,0.5,-190.16369204096034,1
1,0,1,0,0,0,1,1,0,1,1,0,0,0,1,0,0,0,1,0,1,1,0,0,1,1,0,1,1,0,1,1,0,1,1,0,0,1,0,0,1,1,1,0,1,1,1,0,0,1,0,0,1,0,0,1,0,1,0,0,1,0,1,1,0.5625,-190.16265518688144,1
1,0,1,0,0,0,1,1,0,1,1,0,1,0,0,0,0,0,0,0,1,0,0,0,1,1,0,1,1,0,1,1,0,1,1,0,0,1,0,0,1,1,1,1,1,1,1,0,0,1,0,0,1,0,0,1,1,1,0,0,1,0,1,1,0.5,-190.16239184103765,1
0,1,1,0,1,0,1,1,1,1,0,0,0,0,0,0,0,0,0,0,1,1,1,0,1,1,0,1,1,0,1,1,0,1,1,0,0,1,0,0,0,1,1,1,1,1,1,0,0,1,0,0,1,0,0,1,0,1,0,0,1,0,1,1,0.578125,-190.1623409617351,1
1,0,1,0,0,0,1,1,0,1,0,0,0,0,0,0,0,0,1,0,1,1,1,0,1,1,1,1,1,0,1,1,0,1,1,0,0,1,0,0,1,1,1,1,1,1,1,0,0,1,0,0,0,0,0,1,0,1,0,0,1,0,1,1,0.5625,-190.16208402495346,1
1,0,1,0,0,0,1,1,0,1,0,0,0,0,0,0,1,0,1,0,1,0,0,0,1,1,1,1,1,0,1,1,0,1,1,0,0,1,0,0,1,1,1,1,1,1,1,0,0,1,0,0,1,0,0,1,0,1,0,0,1,0,1,1,0.53125,-190.16206001284328,1
0,0,1,0,0,0,1,0,0,1,0,0,1,0,0,0,1,0,0,0,1,1,0,0,1,1,1,1,1,0,1,1,0,1,1,0,0,1,0,0,1,1,1,1,1,1,1,0,0,1,0,0,1,0,0,1,1,1,0,0,1,0,1,1,0.546875,-190.16187111200662,1
0,0,1,0,0,0,1,1,0,1,1,0,1,0,0,0,0,0,0,0,1,1,1,0,1,1,1,1,1,0,1,1,0,1,1,0,0,1,0,0,1,1,1,0,1,1,1,0,0,1,0,0,1,0,0,1,0,1,0,0,1,0,1,1,0.515625,-190.1617051917266,1
1,1,1,0,0,0,1,0,0,1,1,0,0,0,0,0,0,0,0,0,1,0,0,0,1,1,1,1,1,0,1,1,0,1,1,0,0,1,0,0,1,1,1,1,1,1,1,0,0,1,0,0,1,0,0,1,0,1,0,0,1,1,1,1,0.515625,-190.1616626791101,1
0,0,1,0,0,0,1,1,0,1,0,0,1,0,0,0,0,0,1,0,1,1,0,0,1,1,1,1,1,0,1,1,0,1,1,0,0,1,0,0,1,1,1,1,1,1,1,0,0,1,0,0,1,0,0,1,0,1,0,0,1,0,1,1,0.546875,-190.1614672219496,1
1,0,1,0,0,0,1,1,0,1,0,0,0,0,0,0,0,0,0,0,1,1,0,0,1,1,1,1,1,0,1,1,0,1,1,0,0,1,0,0,1,1,1,1,1,1,1,0,0,1,0,0,1,0,0,1,1,1,0,0,1,0,1,1,0.515625,-190.161355573007,1
1,0,1,0,0,0,1,0,0,1,0,0,1,0,1,0,0,0,0,0,1,1,0,0,1,1,1,1,1,0,1,1,0,1,1,0,0,1,0,0,1,1,1,1,1,1,1,0,0,1,0,0,1,0,0,1,0,1,0,0,1,0,1,1,0.515625,-190.16120514317342,1
1,0,1,0,0,0,1,1,0,1,0,0,0,0,0,0,0,0,0,0,1,1,1,0,1,1,1,1,1,0,1,1,0,1,1,0,0,1,0,0,1,1,1,0,1,1,1,0,0,1,0,0,1,0,0,1,1,1,0,0,1,0,1,1,0.53125,-190.16115453325483,1
1,1,1,0,0,0,1,1,0,1,0,0,0,0,0,0,1,0,0,0,1,1,1,0,1,1,0,1,1,0,1,1,0,1,0,0,0,1,0,0,1,1,1,1,1,1,1,0,0,1,0,0,1,0,0,1,0,1,0,0,1,0,1,1,0.5625,-190.16078090932587,1
1,1,1,0,0,0,1,1,0,1,0,0,0,0,1,0,0,0,0,0,1,1,0,0,1,1,0,1,1,0,1,1,0,1,1,0,0,1,0,0,1,1,1,0,1,1,1,0,0,1,0,0,1,0,0,1,0,1,0,0,1,1,1,1,0.609375,-190.16071453552655,1
1,1,0,0,0,0,1,1,0,1,0,0,0,0,0,0,0,0,1,0,1,1,1,0,1,1,1,1,1,0,1,1,0,1,1,0,0,1,0,0,1,1,1,1,1,1,1,0,0,1,0,0,0,0,0,1,0,1,0,0,1,0,1,1,0.53125,-190.1602237620325,1
0,1,1,0,0,0,1,1,0,1,0,0,1,0,0,0,0,0,0,0,1,1,0,0,1,1,1,1,1,0,1,1,0,1,1,0,0,1,0,0,1,1,1,1,1,1,1,0,0,1,0,0,0,0,0,1,0,1,0,0,1,1,1,1,0.515625,-190.16003864627638,1
1,1,1,0,0,0,1,1,0,1,0,0,0,0,0,0,0,0,0,0,1,1,0,0,1,1,1,1,1,0,1,1,0,1,1,0,0,1,0,0,1,1,1,1,1,1,1,0,0,1,0,0,1,0,0,1,0,1,0,0,1,0,1,1,0.5,-190.1597929156505,1
1,1,1,0,0,0,1,1,0,1,0,0,0,0,0,0,0,0,0,0,1,1,0,0,1,1,1,1,1,0,1,1,0,1,1,0,0,1,0,0,1,1,1,1,1,1,1,0,0,1,0,0,1,0,0,1,0,1,0,0,1,0,1,1,0.53125,-190.1597929156505,1
1,1,1,0,0,0,1,1,0,1,0,0,0,0,0,0,0,0,0,0,1,1,0,0,1,1,1,1,1,0,1,1,0,1,1,0,0,1,0,0,1,1,1,1,1,1,1,0,0,1,0,0,1,0,0,1,0,1,0,0,1,0,1,1,0.53125,-190.1597929156505,1
1,0,1,0,0,0,1,1,0,1,0,0,0,0,1,0,0,0,1,0,1,1,0,0,1,1,1,1,1,0,1,1,0,1,1,0,0,1,0,0,1,1,1,0,1,1,1,0,0,1,0,0,1,0,0,1,0,1,0,0,1,0,1,1,0.5,-190.1596394498834,1
1,1,1,0,0,0,1,1,0,1,0,0,0,0,0,0,0,0,0,0,1,1,1,0,1,1,1,1,1,0,1,1,0,1,1,0,0,1,0,0,1,1,1,0,1,1,1,0,0,1,0,0,1,0,0,1,0,1,0,0,1,0,1,1,0.578125,-190.15959187589985,1
1,0,1,0,0,0,1,1,0,1,0,0,0,0,0,0,0,0,1,0,1,0,0,0,1,1,1,1,1,0,1,1,0,1,1,0,0,1,0,0,1,1,1,1,1,1,1,1,0,1,0,0,1,0,0,1,0,1,0,0,1,0,1,1,0.53125,-190.1595751966215,1
1,0,1,0,0,0,1,1,1,1,0,0,1,0,1,0,0,0,0,0,1,0,0,0,1,1,1,1,1,0,1,1,0,1,1,0,0,1,0,0,1,1,1,1,1,1,0,0,0,1,0,0,1,0,0,1,0,1,0,0,1,0,1,1,0.5,-190.1595496079316,1
0,0,1,0,0,0,1,1,0,1,0,0,0,0,0,0,0,0,1,0,1,1,1,0,1,1,1,1,1,0,1,1,0,1,1,0,0,1,0,0,0,1,1,1,1,1,1,0,0,1,0,0,1,0,0,1,1,1,0,0,1,1,1,0,0.5625,-190.15930074567876,1
1,1,1,0,0,0,1,1,0,1,0,0,0,0,0,0,0,0,0,0,1,0,0,0,1,1,1,1,1,0,1,1,0,1,1,0,0,1,0,0,1,1,1,1,1,1,1,0,0,1,0,0,1,0,0,1,0,1,0,0,1,1,1,1,0.578125,-190.15919443202398,1
1,1,1,0,0,0,1,1,0,1,0,0,0,0,0,0,0,0,0,0,1,1,1,0,1,1,0,1,1,0,1,1,0,1,1,0,0,1,0,0,1,1,1,0,1,1,1,0,0,1,0,0,1,0,0,1,1,1,0,0,1,0,1,1,0.46875,-190.1591793168783,1
1,1,1,0,0,0,1,1,0,1,1,0,0,0,0,0,0,0,0,0,1,1,0,0,1,1,1,1,1,0,1,1,0,1,1,0,0,1,0,0,1,1,1,1,1,1,0,0,0,1,0,0,1,0,0,1,0,1,0,0,1,0,1,1,0.53125,-190.15903066719036,1
1,0,1,0,0,0,1,1,0,1,0,0,0,0,1,0,0,0,0,0,1,1,1,0,1,1,1,1,1,0,1,1,0,1,1,0,0,1,0,0,0,1,1,1,1,1,1,0,0,1,0,0,1,0,0,1,0,1,0,0,1,0,1,1,0.546875,-190.15881502710533,1
0,0,1,0,0,0,1,1,0,1,0,0,1,0,0,0,0,0,0,0,1,1,0,0,1,1,1,1,1,0,1,1,0,1,1,0,0,1,0,0,1,1,1,1,1,1,1,0,0,1,0,0,1,0,0,1,1,1,0,0,1,0,1,1,0.5625,-190.15847793545765,1
1,0,1,0,0,0,1,1,0,1,0,0,1,0,1,0,0,0,0,0,1,0,1,0,1,1,0,1,1,0,1,1,0,1,1,0,0,1,0,0,0,1,1,1,1,1,0,0,0,1,0,0,1,0,0,1,1,1,0,0,1,1,1,1,0.578125,-190.15827204314962,1
0,1,1,0,0,0,1,1,0,1,0,0,0,0,0,0,0,0,0,0,1,1,1,0,1,1,1,1,1,0,1,1,0,1,1,0,0,1,0,0,1,1,1,0,1,1,1,0,0,1,0,0,1,0,0,1,0,1,0,0,1,1,1,1,0.546875,-190.15809522369136,1
0,0,1,0,0,0,1,0,0,1,0,0,1,0,1,0,0,0,1,0,1,1,1,0,1,1,0,1,1,0,1,1,0,1,1,0,0,1,0,0,1,1,1,0,1,1,0,0,0,1,0,0,1,0,0,1,1,1,0,0,1,1,1,1,0.53125,-190.15789363420475,1
1,0,1,0,0,0,1,1,0,1,0,0,0,0,1,0,1,0,0,0,1,0,1,0,1,1,0,1,1,0,1,1,0,1,1,0,0,1,0,0,1,1,1,1,1,1,0,0,0,1,0,0,1,0,0,1,0,1,0,0,1,1,1,1,0.515625,-190.1573136130861,1
1,0,1,0,0,0,1,1,0,1,0,0,1,0,1,0,0,0,0,0,1,1,0,0,1,1,0,1,1,0,1,1,0,1,1,0,0,1,0,0,1,1,1,1,1,1,1,0,0,1,0,0,1,0,0,1,1,1,0,0,1,0,1,0,0.515625,-190.15689673330746,1
1,1,1,0,0,0,1,0,0,1,0,0,1,0,0,0,0,0,0,0,1,0,0,0,1,1,1,1,1,0,1,1,0,1,1,0,0,1,0,0,1,1,1,1,1,1,1,0,0,1,0,0,1,0,0,1,1,1,0,0,1,0,1,1,0.5,-190.15685339774967,1
0,0,1,0,0,0,1,1,0,1,1,0,0,0,0,0,0,0,1,0,1,1,1,0,1,1,1,1,1,0,1,1,0,1,1,0,0,1,0,0,1,1,1,1,1,1,0,0,0,1,0,0,1,0,0,1,0,1,0,0,1,0,1,1,0.578125,-190.15670175611106,1
1,1,1,0,0,0,1,1,0,1,0,0,0,0,1,0,0,0,0,0,1,1,0,0,1,1,1,1,1,0,1,1,0,1,1,0,0,1,0,0,0,1,1,1,1,1,1,0,0,1,0,0,1,0,0,1,0,1,0,0,1,0,1,1,0.578125,-190.15659698395638,1
0,1,1,0,0,0,1,1,0,1,0,0,0,0,0,0,1,0,0,0,1,1,1,0,1,1,1,1,1,0,1,1,0,1,1,0,0,1,0,0,1,1,1,0,1,1,1,0,0,1,0,0,1,0,0,1,0,1,0,0,1,0,1,1,0.5625,-190.15640886066362,1
1,1,1,0,0,0,1,0,0,1,0,0,0,0,1,0,0,0,0,0,1,1,0,0,1,1,1,1,1,0,1,1,0,1,1,0,0,1,0,0,1,1,1,1,1,1,1,0,0,1,0,0,1,0,0,1,0,1,0,0,1,0,1,1,0.5625,-190.15498388264612,1
1,0,1,0,0,0,1,0,0,1,0,0,0,0,1,0,0,0,0,0,1,1,1,0,1,1,1,1,1,0,1,1,0,1,1,0,0,1,0,0,1,1,1,1,1,1,0,1,0,1,0,0,1,0,0,1,0,1,0,0,1,0,1,1,0.453125,-190.15487979057755,1
0,0,1,0,0,0,1,1,0,1,0,0,1,0,1,0,0,0,0,0,1,1,0,0,1,1,1,1,1,0,1,1,0,1,1,0,0,1,0,0,1,1,1,1,1,1,1,0,0,1,0,0,1,0,0,1,0,1,0,0,1,0,1,1,0.53125,-190.15462895138828,1
1,0,1,0,0,0,1,1,0,1,0,0,1,0,1,0,0,0,1,0,1,0,0,0,1,1,1,1,1,0,1,1,0,1,1,0,0,1,0,0,1,1,1,1,1,1,0,0,0,1,0,0,1,0,0,1,0,1,0,0,1,0,1,1,0.515625,-190.15432586198244,1
1,1,1,0,0,0,1,1,0,1,0,0,0,0,1,0,0,0,0,0,1,0,0,0,1,1,1,1,1,0,1,1,0,1,1,0,0,1,0,0,1,1,1,1,1,1,0,1,0,1,0,0,0,0,0,1,0,1,0,0,1,1,1,1,0.53125,-190.15010709239914,1
1,0,0,1,1,1,0,0,1,0,1,1,0,1,0,1,1,1,1,1,0,1,0,1,1,0,1,0,0,1,1,0,1,0,0,1,1,0,1,1,0,0,0,1,0,0,0,1,1,0,1,1,0,1,1,0,0,0,1,1,0,0,0,0,0.484375,-189.99963374966637,1
1,0,1,1,0,0,1,1,0,1,1,0,0,0,0,0,0,0,1,0,1,1,1,0,0,1,0,1,1,0,1,1,0,1,1,0,0,1,0,0,1,1,1,1,1,1,1,0,0,1,0,0,0,0,0,1,0,1,0,0,1,1,1,1,0.515625,-189.9930179918109,1
1,1,1,0,0,0,1,1,1,1,0,0,0,0,0,0,0,0,1,0,1,1,1,0,1,1,1,1,1,0,0,1,0,1,1,0,0,1,0,0,1,1,1,0,1,1,1,0,0,1,0,0,0,0,0,1,0,1,0,0,1,1,1,1,0.578125,-189.99250233015658,1
1,0,1,0,0,0,1,1,0,1,0,0,0,0,0,0,0,0,1,0,1,1,1,0,0,1,1,1,1,0,1,1,0,1,1,0,0,1,0,0,1,0,1,1,1,1,1,1,0,1,0,0,1,0,0,1,0,1,0,0,1,1,1,1,0.546875,-189.99121075685608,1
1,0,1,0,1,0,1,1,1,1,0,0,1,0,0,0,1,0,0,0,1,1,0,0,1,1,0,1,1,0,1,1,0,1,1,0,0,1,0,0,1,1,1,1,1,1,1,0,0,1,0,0,0,0,0,1,0,1,0,0,1,0,1,1,0.515625,-189.98970980870922,1
1,0,1,0,0,0,1,1,1,1,0,0,1,0,0,0,0,0,0,0,1,1,1,0,1,1,1,1,1,0,1,1,0,1,1,0,0,1,0,0,1,1,1,0,1,1,0,0,0,1,0,0,1,0,0,1,0,1,0,0,1,1,1,1,0.546875,-189.98935799165002,1
1,0,1,0,0,0,1,1,0,1,0,0,0,0,0,0,0,0,1,0,1,1,1,0,1,1,0,1,1,0,1,1,0,1,1,0,0,1,0,0,0,1,1,1,1,1,1,0,1,1,0,0,0,0,0,1,1,1,0,0,1,1,1,1,0.5,-189.98919292953147,1
1,1,1,0,0,0,1,1,0,1,0,0,1,0,0,0,0,0,0,0,1,1,0,0,1,1,1,1,1,0,1,1,0,1,1,0,0,1,0,0,1,0,1,1,1,1,1,0,0,1,0,0,1,0,0,1,0,1,1,0,1,0,1,1,0.515625,-189.98892984601395,1
1,1,1,0,0,0,1,1,0,1,0,0,1,0,0,0,1,0,0,0,1,1,1,0,1,1,1,1,1,0,1,1,0,1,1,0,0,1,0,0,1,0,1,0,1,1,0,0,0,1,0,0,1,0,0,1,0,1,0,0,1,1,1,1,0.5625,-189.98843896436043,1
1,0,1,0,0,0,1,0,1,1,0,0,1,0,0,0,0,0,0,0,1,1,0,0,1,1,1,1,1,0,1,1,0,1,1,0,0,1,0,0,1,1,1,1,1,1,1,0,0,1,0,0,1,0,0,1,1,1,0,0,1,1,1,0,0.515625,-189.98793362716614,1
1,1,1,0,0,0,1,1,1,1,1,0,0,0,0,0,1,0,1,0,1,0,1,0,0,1,1,1,1,0,0,1,0,1,1,0,0,1,0,0,1,1,1,1,1,1,0,0,0,1,0,0,1,0,0,1,0,1,0,0,1,0,1,1,0.484375,-189.9875045904329,1
1,0,1,0,0,0,1,1,0,1,0,0,1,0,0,0,0,0,1,0,1,1,1,0,1,1,1,1,1,0,0,1,0,1,1,0,0,1,0,0,1,1,1,0,1,1,1,0,0,1,0,0,1,0,0,1,1,1,0,0,1,0,1,1,0.59375,-189.98738719006897,1
1,1,1,0,0,0,1,1,0,1,0,0,0,0,0,0,1,0,1,0,1,1,1,0,0,1,1,1,1,0,0,1,0,1,1,0,0,1,0,0,0,1,1,1,1,1,1,0,0,1,0,0,1,0,0,1,1,1,0,0,1,0,1,1,0.5625,-189.98734493096393,1
1,0,1,0,0,0,1,1,0,1,1,0,1,0,1,0,0,0,0,0,1,1,0,0,1,1,1,1,1,0,0,1,0,1,1,0,0,1,0,0,1,1,1,1,1,1,1,0,0,1,0,0,0,0,0,1,0,1,0,0,1,1,1,1,0.578125,-189.98730162345169,1
1,0,1,0,0,0,1,1,0,1,1,0,0,0,0,0,0,0,1,0,1,1,1,0,1,1,1,1,1,0,1,1,0,1,1,0,0,1,0,0,0,0,1,1,1,1,1,0,0,1,0,0,1,0,0,1,1,1,0,0,1,0,1,1,0.5,-189.98706780945864,1
1,1,1,0,0,0,1,1,1,1,0,0,0,0,0,0,0,0,1,0,1,1,1,0,1,1,0,1,1,0,1,1,0,1,1,0,0,1,0,0,1,1,1,0,1,1,1,0,0,1,0,0,0,0,0,1,0,1,0,0,1,1,1,1,0.5,-189.98698778273493,1
1,0,1,0,0,0,1,1,1,1,0,0,0,0,0,0,0,0,0,0,1,1,1,0,1,1,1,1,1,0,1,1,0,1,1,0,0,1,0,0,1,1,1,1,1,1,0,0,0,1,0,0,1,0,0,1,0,1,0,0,1,1,1,1,0.5,-189.98555581402238,1
1,0,1,0,0,0,1,1,0,1,0,0,1,0,0,0,0,0,0,0,1,1,0,0,1,1,1,1,1,0,1,1,0,1,1,0,0,1,0,0,1,1,1,1,1,1,1,0,0,1,0,0,1,0,0,1,0,1,0,0,1,1,1,1,0.5625,-189.98553654343937,1
1,0,1,0,0,0,1,1,0,1,0,0,1,0,0,0,0,0,0,0,1,1,0,0,1,1,1,1,1,0,1,1,0,1,1,0,0,1,0,0,1,1,1,1,1,1,1,0,0,1,0,0,1,0,0,1,0,1,0,0,1,1,1,1,0.546875,-189.98553654343937,1
1,0,1,0,0,0,1,1,1,1,0,0,0,0,0,0,0,0,1,0,1,0,0,0,1,1,1,1,1,0,1,1,0,1,1,0,0,1,0,0,1,1,1,1,1,1,1,0,0,1,0,0,1,0,0,1,0,1,0,0,1,1,1,1,0.546875,-189.98544218706192,1
1,0,1,0,1,0,1,1,0,1,0,0,1,0,0,0,0,0,0,0,1,0,1,0,1,1,1,1,1,0,1,1,0,1,1,0,0,1,0,0,1,0,1,1,1,1,1,0,0,1,0,0,1,0,0,1,0,1,0,0,1,1,1,1,0.59375,-189.98503266933363,1
1,0,1,0,0,0,1,0,0,1,0,0,1,0,0,0,0,0,1,0,1,1,0,0,1,1,1,1,1,0,1,1,0,1,1,0,0,1,0,0,1,1,1,1,1,1,1,0,0,1,0,0,0,0,0,1,1,1,0,0,1,1,1,1,0.5625,-189.9846495606583,1
1,0,1,0,0,0,1,1,0,1,0,0,0,0,0,0,0,0,1,0,1,1,0,0,1,1,1,1,1,0,1,1,0,1,1,0,0,1,0,0,1,1,1,1,1,1,1,0,0,1,0,0,1,0,0,1,0,1,0,0,1,1,1,1,0.5625,-189.98386722675895,1
1,0,1,0,0,0,1,1,0,1,0,0,0,0,0,0,0,0,1,0,1,1,0,0,1,1,1,1,1,0,1,1,0,1,1,0,0,1,0,0,1,1,1,1,1,1,1,0,0,1,0,0,1,0,0,1,0,1,0,0,1,1,1,1,0.546875,-189.98386722675895,1
1,1,1,0,0,0,1,1,1,1,0,0,1,0,0,0,0,0,0,0,1,1,1,0,1,1,0,1,1,0,1,1,0,1,1,0,0,1,0,0,1,1,1,1,1,1,1,0,0,1,0,0,0,0,0,1,0,1,0,0,1,0,1,1,0.578125,-189.9834739364483,1
0,1,1,0,0,0,1,1,1,1,0,0,1,0,0,0,0,0,0,0,1,0,1,0,1,1,0,1,1,0,0,1,0,1,1,0,0,1,0,0,1,1,1,1,1,1,1,0,0,1,0,0,1,0,0,1,1,1,0,0,1,1,1,1,0.53125,-189.98335742083955,1
1,1,1,0,0,0,1,1,1,1,0,0,1,0,0,0,0,0,0,0,1,1,0,0,1,1,1,1,1,0,1,1,0,1,1,0,0,1,0,0,1,1,1,1,1,1,1,0,0,1,0,0,0,0,0,1,0,1,0,0,1,0,1,1,0.5625,-189.98323110967593,1
1,0,1,0,0,0,1,1,1,1,0,0,0,0,0,0,0,0,1,0,1,0,1,0,1,1,1,1,1,0,1,1,0,1,1,0,0,1,0,0,1,1,1,1,1,1,1,0,0,1,0,0,0,0,0,1,0,1,0,0,1,1,1,1,0.53125,-189.98318135251793,1
1,1,1,0,0,0,1,1,0,1,0,0,1,0,0,0,0,0,1,0,1,1,1,0,1,1,0,1,1,0,1,1,0,1,1,0,0,1,0,0,0,1,1,1,1,1,1,0,0,1,0,0,1,0,0,1,0,1,0,0,1,1,1,0,0.578125,-189.9830031519446,1
1,0,1,0,0,0,1,1,0,1,0,0,0,0,0,0,0,0,1,0,1,0,1,0,1,1,1,1,1,0,0,1,0,1,1,0,0,1,0,0,1,1,1,1,1,1,1,0,0,1,0,0,1,0,0,1,1,1,0,0,1,1,1,1,0.5,-189.9829865288148,1
1,1,1,0,0,0,1,0,0,1,0,0,0,0,0,0,0,0,1,0,1,1,1,0,1,1,1,0,1,0,1,1,0,1,1,0,0,1,0,0,1,1,1,1,1,1,1,0,0,1,0,0,1,1,0,1,0,1,0,0,1,0,1,1,0.515625,-189.98295716790923,1
0,1,1,0,0,0,1,1,1,1,0,0,0,0,1,0,0,0,1,0,1,1,0,0,1,1,1,1,1,0,1,1,0,1,1,0,0,1,0,0,1,0,1,0,1,1,1,0,0,1,0,0,1,0,0,1,0,1,0,0,1,1,1,1,0.546875,-189.9827793885335,1
1,0,1,0,0,0,1,1,0,1,0,0,0,0,0,0,0,0,0,0,1,1,0,0,1,1,1,1,1,0,1,1,0,1,1,0,0,1,0,0,1,1,1,1,1,1,1,1,0,1,0,0,1,0,0,1,0,1,0,0,1,1,1,1,0.546875,-189.9827463495293,1
1,0,1,0,0,0,1,1,0,1,0,0,0,0,0,0,0,0,0,0,1,1,0,0,1,1,1,1,1,0,1,1,0,1,1,0,0,1,0,0,1,1,1,1,1,1,1,1,0,1,0,0,1,0,0,1,0,1,0,0,1,1,1,1,0.53125,-189.9827463495293,1
1,1,1,0,0,0,1,1,0,1,0,0,1,0,1,0,0,0,1,0,1,1,0,0,1,1,0,1,1,0,1,1,0,1,1,0,0,1,0,0,0,1,1,0,1,1,1,0,0,1,0,0,1,0,0,1,0,1,0,0,1,1,1,1,0.5625,-189.982498256316,1
1,1,1,0,0,0,1,1,1,1,1,0,0,0,0,0,0,0,0,0,1,1,0,0,1,1,1,1,1,0,0,1,0,1,1,0,0,1,0,0,1,1,1,1,1,1,0,0,0,1,0,0,1,0,0,1,1,1,0,0,1,1,0,1,0.5,-189.98230693901715,1
0,0,1,0,0,0,1,1,0,1,0,0,1,0,0,0,0,0,1,0,1,1,1,0,1,1,1,1,1,0,1,1,0,1,1,0,0,1,0,0,0,1,1,1,1,1,1,0,0,1,0,0,1,0,0,1,0,1,0,0,1,1,1,1,0.578125,-189.9822980273803,1
1,1,1,0,0,0,1,1,1,1,0,0,0,0,1,0,0,0,1,0,1,1,0,0,1,1,1,1,1,0,1,1,0,1,1,0,0,1,0,0,1,0,1,1,1,1,1,0,0,1,0,0,0,0,0,1,0,1,0,0,1,0,1,1,0.53125,-189.98221624594865,1
1,0,1,0,0,0,1,1,1,1,0,0,0,0,0,0,0,0,1,0,1,1,1,0,1,1,0,1,1,0,1,1,0,1,1,0,0,1,0,0,1,1,1,1,1,1,0,0,0,1,0,0,1,0,0,1,1,1,0,0,1,0,1,1,0.546875,-189.98209295298105,1
1,1,1,0,0,0,1,1,0,1,0,0,1,0,1,0,0,0,0,0,1,1,0,0,1,1,1,1,1,0,1,1,0,1,1,0,0,1,0,0,1,0,1,1,1,1,1,0,0,1,0,0,0,0,0,1,0,1,0,0,1,1,1,1,0.578125,-189.9817121186995,1
1,0,1,0,0,0,1,1,0,1,0,0,0,0,0,0,0,0,0,0,1,1,1,0,1,1,1,1,1,0,1,1,0,1,1,0,0,1,0,0,1,1,1,1,1,1,1,0,0,1,0,0,1,0,0,1,0,1,0,0,1,1,1,1,0.53125,-189.98153332606094,1
1,0,1,0,0,0,1,1,0,1,0,0,0,0,0,0,0,0,0,0,1,1,1,0,1,1,1,1,1,0,1,1,0,1,1,0,0,1,0,0,1,1,1,1,1,1,1,0,0,1,0,0,1,0,0,1,0,1,0,0,1,1,1,1,0.5625,-189.98153332606094,1
1,0,1,0,0,0,1,1,0,1,0,0,0,0,0,0,0,0,0,0,1,1,1,0,1,1,1,1,1,0,1,1,0,1,1,0,0,1,0,0,1,1,1,1,1,1,1,0,0,1,0,0,1,0,0,1,0,1,0,0,1,1,1,1,0.5625,-189.98153332606094,1
1,0,1,0,0,0,1,1,0,1,0,0,0,0,0,0,0,0,0,0,1,1,1,0,1,1,1,1,1,0,1,1,0,1,1,0,0,1,0,0,1,1,1,1,1,1,1,0,0,1,0,0,1,0,0,1,0,1,0,0,1,1,1,1,0.46875,-189.98153332606094,1
1,0,1,0,0,0,1,1,1,1,0,0,0,0,0,1,0,0,1,0,1,1,0,0,1,1,1,1,1,0,1,1,0,1,1,0,0,1,0,0,1,1,1,1,1,1,0,1,0,1,0,0,1,0,0,1,0,1,0,0,1,0,1,0,0.515625,-189.98144308443912,1
1,0,1,0,0,0,1,1,0,1,0,0,0,0,1,0,0,0,1,0,1,1,1,0,1,1,1,1,1,0,1,1,0,1,1,0,0,1,0,0,1,0,1,0,1,1,1,0,0,1,0,0,0,0,0,1,1,1,0,0,1,1,1,1,0.5,-189.9814044196235,1
1,1,1,0,0,0,1,1,1,1,0,0,1,0,0,0,0,0,0,0,1,0,0,0,1,1,1,1,1,0,1,1,0,1,1,0,0,1,0,0,1,1,1,1,1,1,0,0,0,1,0,0,1,0,0,1,0,1,0,0,1,1,1,1,0.515625,-189.98135830190756,1
1,1,1,0,0,0,1,1,0,1,0,0,1,0,1,0,0,0,1,0,1,1,0,0,1,1,1,1,1,0,0,1,0,1,1,0,0,1,0,0,1,1,1,0,1,1,1,0,0,1,0,0,1,0,0,1,0,1,0,0,1,0,1,1,0.5625,-189.98132016285066,1
1,0,1,0,0,0,1,1,0,1,1,0,1,0,0,0,0,0,1,0,1,1,0,0,1,1,0,1,1,0,1,1,0,1,1,0,0,1,0,0,1,1,1,1,1,1,0,0,0,1,0,0,1,0,0,1,1,1,0,0,1,0,1,1,0.46875,-189.9813114339379,1
1,1,1,0,1,0,1,1,0,1,0,0,0,0,0,0,0,0,0,0,1,1,1,0,1,1,1,1,1,0,1,1,0,1,1,0,0,1,0,0,1,0,1,1,1,1,0,0,0,1,0,0,1,0,0,1,0,1,0,0,1,1,1,1,0.515625,-189.98125893646466,1
1,1,1,0,0,0,1,1,0,1,1,0,0,0,0,0,0,0,1,0,1,0,0,0,1,1,0,1,1,0,1,1,0,1,1,0,0,1,0,0,0,1,1,1,1,1,1,1,0,1,0,0,1,0,0,1,0,1,0,0,1,1,1,1,0.53125,-189.98120369590129,1
1,1,1,0,0,0,1,0,1,1,0,0,0,0,0,0,0,0,0,0,1,1,1,0,1,1,1,1,1,0,1,1,0,1,1,0,0,1,0,0,1,1,1,1,1,1,1,0,0,1,0,0,1,0,0,1,0,1,0,0,1,0,1,1,0.515625,-189.9811840637005,1
1,0,1,0,0,0,1,1,0,1,0,0,0,0,0,0,1,0,0,0,1,1,0,0,1,1,1,1,1,0,1,1,0,1,1,0,0,1,0,0,1,1,1,1,1,1,1,1,0,1,0,0,1,0,0,1,0,1,0,0,1,0,1,1,0.546875,-189.98105998650155,1
1,0,1,0,0,0,1,1,1,1,0,0,0,0,1,0,0,0,0,0,1,1,0,0,1,1,1,1,1,0,1,1,0,1,1,0,0,1,0,0,1,1,1,1,1,1,0,0,0,1,0,0,1,0,0,1,0,1,0,0,1,1,1,1,0.546875,-189.98105144415896,1
1,0,1,0,0,0,1,1,0,1,0,0,0,0,0,0,0,0,0,0,1,0,1,0,1,1,0,1,1,0,1,1,0,1,1,0,0,1,0,0,1,1,1,1,1,1,1,0,0,1,0,0,1,0,0,1,1,1,1,0,1,1,1,1,0.546875,-189.98097480631986,1
1,0,1,0,0,0,1,1,0,1,0,0,0,0,0,0,0,0,0,0,1,1,0,0,1,1,1,1,1,0,1,1,0,1,1,0,0,1,0,0,1,1,1,1,1,1,1,0,0,1,0,0,1,0,0,1,1,1,0,0,1,1,1,1,0.515625,-189.98087794026694,1
1,0,1,0,0,0,1,0,0,1,0,0,1,0,1,0,0,0,0,0,1,1,0,0,1,1,1,1,1,0,1,1,0,1,1,0,0,1,0,0,1,1,1,1,1,1,1,0,0,1,0,0,1,0,0,1,0,1,0,0,1,1,1,1,0.5,-189.98072751043497,1
1,0,1,0,0,0,1,1,0,1,1,0,1,0,1,0,0,0,0,0,1,1,0,0,1,1,1,1,1,0,1,1,0,1,1,0,0,1,0,0,0,1,1,0,1,1,0,0,0,1,0,0,1,0,0,1,1,1,0,0,1,1,1,1,0.5625,-189.98072193774036,1
1,0,1,0,0,0,1,1,0,1,0,1,0,0,1,0,0,0,0,0,1,1,0,0,1,1,1,1,1,0,1,1,0,1,1,0,0,1,0,0,1,1,1,0,1,1,1,0,0,1,0,0,0,0,0,1,1,1,0,0,1,1,1,1,0.546875,-189.98071395179787,1
1,0,1,0,0,0,1,1,0,1,0,0,1,0,0,0,0,0,0,0,1,1,0,0,1,1,1,1,1,0,1,1,0,1,1,0,0,1,0,0,1,1,1,1,1,1,1,0,0,1,0,0,1,0,0,1,1,1,0,0,1,1,1,0,0.546875,-189.98068064366,1
1,0,1,0,0,0,1,0,0,1,0,0,0,0,0,0,0,0,0,0,1,1,1,0,1,1,1,1,1,0,1,1,0,1,1,0,0,1,0,0,1,1,1,1,1,1,1,0,0,1,0,0,1,0,0,1,1,1,0,0,1,1,1,1,0.546875,-189.98057327712593,1
1,1,1,0,0,0,1,1,1,1,0,0,0,0,0,0,1,0,0,0,1,0,1,0,1,1,1,1,1,0,1,1,0,1,1,0,0,1,0,0,0,1,1,1,1,1,1,0,0,1,0,0,1,0,0,1,0,1,0,0,1,0,1,1,0.546875,-189.98051231835655,1
1,1,1,0,0,0,1,1,1,1,0,0,0,0,0,0,0,0,1,0,1,1,0,0,1,1,1,1,1,0,1,1,0,1,1,0,0,1,0,0,1,1,1,1,1,1,0,0,0,1,0,0,1,0,0,1,0,1,0,0,1,0,1,1,0.546875,-189.9802874688537,1
1,0,1,0,0,0,1,0,0,1,0,0,1,0,0,0,0,0,0,0,1,1,0,0,1,1,1,1,1,0,1,1,0,1,1,0,0,1,0,0,1,1,1,1,1,1,1,0,0,1,0,0,1,0,0,1,0,1,0,0,1,0,1,1,0.546875,-189.98026366104403,1
0,0,1,0,0,0,1,1,0,1,0,0,0,0,0,0,0,0,0,0,1,1,1,0,1,1,1,1,1,0,1,1,0,1,1,0,0,1,0,0,1,0,1,1,1,1,1,0,0,1,0,0,1,0,0,1,0,1,0,0,1,1,1,1,0.5625,-189.98022727741463,1
1,0,1,0,0,0,1,1,0,1,0,0,1,0,0,0,0,0,0,0,1,0,1,0,1,1,1,1,1,0,1,1,0,1,1,0,0,1,0,0,0,1,1,1,1,1,1,0,0,1,0,0,1,0,0,1,1,1,0,0,1,1,1,1,0.5,-189.98020690947038,1
1,1,1,0,0,0,1,1,1,1,0,0,0,0,0,0,0,0,1,0,1,0,1,0,1,1,0,1,1,0,0,1,0,1,1,0,0,1,0,0,1,1,1,1,1,1,1,0,0,1,0,0,1,0,0,1,0,1,0,0,1,0,1,0,0.515625,-189.9800556116396,1
0,1,1,0,0,0,1,1,0,1,0,0,1,0,0,0,1,0,0,0,1,1,0,0,1,1,1,1,1,0,1,1,0,1,1,0,0,1,0,0,1,1,1,0,1,1,1,0,0,1,0,0,1,0,0,1,0,1,0,0,1,1,1,1,0.546875,-189.9799344453035,1
1,0,1,0,0,0,1,1,0,1,0,0,1,0,0,0,0,0,1,0,1,1,1,0,1,1,0,1,1,0,1,1,0,1,1,0,0,1,0,0,1,1,1,1,1,1,1,0,0,1,0,0,0,0,0,1,1,1,0,0,1,0,1,1,0.546875,-189.97981284785405,1
0,0,1,0,0,0,1,1,0,1,1,0,0,0,0,0,0,0,1,0,1,1,0,0,1,1,1,1,1,0,1,1,0,1,1,0,0,1,0,0,1,1,1,1,1,1,1,0,0,1,0,0,1,0,0,1,0,1,0,0,1,1,1,1,0.546875,-189.9797592820584,1
1,1,1,0,0,0,1,1,0,1,0,0,0,0,0,0,0,0,1,0,1,1,1,0,1,1,0,1,1,0,1,1,0,1,1,0,0,1,0,0,1,1,1,1,1,1,1,0,0,1,0,0,0,0,0,1,0,1,0,0,1,1,1,1,0.578125,-189.9796311758384,1
1,0,1,0,0,0,1,1,0,1,0,0,0,0,1,0,0,0,1,0,1,1,0,0,1,1,0,1,1,0,1,1,0,1,1,0,0,1,0,0,1,1,1,1,1,1,1,0,0,1,0,0,1,0,0,1,0,1,0,0,1,1,1,1,0.578125,-189.97960568366796,1
1,0,1,0,0,0,1,1,1,1,0,0,0,0,1,0,0,0,0,0,1,1,0,0,0,1,1,1,1,0,1,1,0,1,1,0,0,1,0,0,1,1,1,1,1,1,1,0,0,1,0,0,1,0,0,1,1,1,0,0,1,0,1,1,0.53125,-189.97951869814713,1
1,1,1,0,0,0,1,1,1,1,0,0,0,0,0,0,0,0,0,0,1,1,1,0,1,1,1,1,1,0,1,1,0,1,1,0,0,1,0,0,1,1,1,1,1,1,1,0,0,1,0,0,0,0,0,1,0,1,0,0,1,0,1,1,0.53125,-189.97922789229753,1
1,0,1,0,0,0,1,1,1,1,0,0,0,0,1,0,0,0,0,0,1,1,0,0,1,1,1,1,1,0,1,1,0,1,1,0,0,1,0,0,1,1,1,1,1,1,1,0,0,1,0,0,1,0,0,1,0,1,0,0,1,0,1,1,0.53125,-189.97920240012715,1
1,1,1,0,0,0,1,1,0,1,0,0,1,0,0,0,0,0,0,0,1,1,1,0,1,1,1,1,1,0,0,1,0,1,1,0,0,1,0,0,1,1,1,1,1,1,1,0,0,1,0,0,1,0,0,1,1,1,0,0,1,0,1,0,0.515625,-189.9788357719873,1
1,1,1,0,0,0,1,1,0,1,0,0,1,0,0,0,0,0,0,0,1,1,1,0,1,1,0,1,1,0,1,1,0,1,1,0,0,1,0,0,0,1,1,1,1,1,1,0,0,1,0,0,1,0,0,1,1,1,0,0,1,0,1,1,0.53125,-189.97883017672032,1
1,0,1,0,0,0,1,1,0,1,0,0,1,0,1,0,0,0,0,0,1,1,0,0,1,1,1,1,1,0,1,1,0,1,1,0,0,1,0,0,1,1,1,1,1,1,1,0,0,1,0,0,0,0,0,1,0,1,0,0,1,1,1,1,0.546875,-189.97877133903202,1
1,0,1,0,0,0,1,1,0,1,0,0,0,0,0,0,0,0,1,0,1,1,1,0,1,1,1,1,1,0,1,1,0,1,1,0,0,1,0,0,1,1,1,1,1,1,1,0,0,1,0,0,1,0,0,1,0,1,0,0,1,0,1,1,0.59375,-189.9784830240413,1
1,0,1,0,0,0,1,1,0,1,1,0,0,0,0,0,0,0,0,0,1,0,1,0,1,1,1,1,1,0,1,1,0,1,1,0,0,1,0,0,1,1,1,1,1,1,1,0,0,1,0,0,1,0,0,1,0,1,0,0,1,1,1,1,0.5625,-189.97832354994247,1
1,1,1,0,0,0,1,1,0,1,0,0,1,0,0,0,0,0,1,0,1,1,1,0,1,1,0,1,1,0,1,1,0,1,1,0,0,1,0,0,1,1,1,1,1,1,1,0,0,1,0,0,0,0,0,1,0,1,0,0,1,0,1,1,0.5625,-189.97825019049907,1
1,0,1,0,0,0,1,1,0,1,0,0,1,0,1,0,0,0,1,0,1,1,0,0,1,1,0,1,1,0,1,1,0,1,1,0,0,1,0,0,1,1,1,1,1,1,1,0,0,1,0,0,1,0,0,1,0,1,0,0,1,0,1,1,0.53125,-189.97822469832866,1
1,0,1,0,0,0,1,0,0,1,1,0,0,0,0,0,0,0,0,0,1,1,1,0,1,1,1,1,1,0,1,1,0,1,1,0,0,1,0,0,1,1,1,1,1,1,1,0,0,1,0,0,1,0,0,1,1,1,0,0,1,0,1,1,0.546875,-189.977961984634,1
1,1,1,0,0,0,1,1,1,1,0,0,0,0,1,0,0,0,0,0,1,1,0,0,1,1,1,1,1,0,0,1,0,1,1,0,0,1,0,0,1,1,1,1,1,1,1,0,0,1,0,0,1,0,0,1,1,1,0,0,1,0,1,0,0.515625,-189.97788583139274,1
1,1,1,0,0,0,1,1,0,1,0,0,1,0,0,0,0,0,0,0,1,1,1,0,1,1,1,1,1,0,1,1,0,1,1,0,0,1,0,0,1,1,1,0,1,1,1,0,0,1,0,0,1,0,0,1,0,1,0,0,1,0,1,1,0.546875,-189.977733257822,1
0,1,1,0,0,0,1,1,1,1,0,0,0,0,0,0,0,0,0,0,1,1,1,0,1,1,1,1,1,0,1,1,0,1,1,0,0,1,0,0,1,1,1,1,1,1,1,0,0,1,0,0,0,0,0,1,0,1,0,0,1,1,1,1,0.609375,-189.977731240089,1
1,1,1,0,0,0,1,1,0,1,0,0,1,0,0,0,0,0,1,0,1,1,1,0,0,1,1,1,1,0,1,1,0,1,1,0,0,1,0,0,1,1,1,1,1,1,0,0,0,1,0,0,1,0,0,1,0,1,0,0,1,0,1,1,0.53125,-189.9777047233972,1
1,1,1,0,0,0,1,1,0,1,0,0,0,0,0,1,0,0,1,0,1,0,1,0,1,1,0,1,1,0,1,1,0,1,1,0,0,1,0,0,1,1,1,0,1,1,1,0,0,1,0,0,1,0,0,1,0,1,0,0,1,1,1,1,0.53125,-189.97763334724098,1
1,1,1,0,0,0,1,1,1,1,0,0,0,0,0,0,0,0,0,0,1,1,0,0,1,1,1,1,1,0,1,1,0,1,1,0,0,1,0,0,1,1,1,1,1,1,0,0,0,1,0,0,1,0,0,1,1,1,0,0,1,0,1,1,0.484375,-189.97729818236175,1
1,0,1,0,0,0,1,1,0,1,1,0,0,0,0,0,0,0,0,0,1,1,0,0,1,1,1,1,1,0,1,1,0,1,1,0,0,1,0,0,1,1,1,1,1,0,1,0,0,1,0,0,1,0,0,1,1,1,0,0,1,1,1,1,0.546875,-189.97719268361482,1
0,1,1,0,0,0,1,1,0,1,0,0,1,0,1,0,0,0,0,0,1,1,0,0,1,1,1,1,1,0,1,1,0,1,1,0,0,1,0,0,1,0,1,1,1,1,1,0,0,1,0,0,1,0,0,1,0,1,0,0,1,1,1,1,0.578125,-189.97709209831729,1
1,1,1,0,0,0,1,1,0,1,0,0,1,0,0,0,0,0,0,0,1,1,0,0,1,1,1,1,1,0,1,1,0,1,1,0,0,1,0,0,1,1,1,1,1,1,1,1,0,1,0,0,0,0,0,1,0,1,0,0,1,0,1,1,0.5625,-189.97688648649694,1
1,0,1,0,0,0,1,1,0,1,0,0,0,0,0,0,0,0,0,0,1,1,1,0,1,1,0,1,1,0,1,1,0,1,1,0,0,1,0,0,1,1,1,1,1,1,1,0,0,1,0,0,1,0,0,1,0,1,0,0,1,0,1,1,0.515625,-189.97680793357907,1
1,1,1,0,0,0,1,1,1,1,0,0,0,0,1,0,0,0,0,0,1,1,0,0,1,1,1,1,1,0,1,1,0,1,1,0,0,1,0,0,1,1,1,0,1,1,1,0,0,1,0,0,1,0,0,1,0,1,0,0,1,0,1,1,0.53125,-189.97678331722742,1
1,0,1,0,0,0,1,1,0,1,0,0,1,0,1,0,0,0,1,0,1,0,0,0,1,1,1,1,1,0,1,1,0,1,1,0,0,1,0,0,0,1,1,0,1,1,1,0,0,1,0,0,0,0,0,1,0,1,0,0,1,1,1,1,0.5625,-189.97664593526767,1
1,1,0,0,0,0,1,1,0,1,0,0,0,0,0,0,0,0,1,0,1,1,1,0,1,1,1,1,1,0,1,1,0,1,1,0,0,1,0,0,1,1,1,1,1,1,1,0,0,1,0,0,1,0,0,1,0,1,0,0,1,0,1,1,0.53125,-189.97662276112035,1
1,0,1,0,0,0,1,1,0,1,0,0,1,0,0,0,0,0,0,0,1,1,0,0,1,1,0,1,1,0,1,1,0,1,1,0,0,1,0,0,1,1,1,1,1,1,0,0,0,1,0,0,1,0,0,1,1,1,0,0,1,0,1,1,0.546875,-189.97662060647752,1
0,1,1,0,0,0,1,1,0,1,0,0,1,0,0,0,0,0,0,0,1,1,0,0,1,1,1,1,1,0,1,1,0,1,1,0,0,1,0,0,1,1,1,1,1,1,1,0,0,1,0,0,1,0,0,1,0,1,0,0,1,1,1,1,0.5625,-189.97643764536423,1
1,0,1,0,0,0,1,1,0,1,0,0,1,0,0,0,0,0,0,0,1,0,0,0,1,1,1,1,1,0,1,1,0,1,1,0,0,1,0,0,1,1,1,1,1,1,0,0,0,1,0,0,1,0,0,1,0,1,0,0,1,1,1,1,0.53125,-189.97643468187263,1
1,0,1,0,0,0,1,1,0,1,0,0,0,0,0,1,0,0,0,0,1,1,0,0,1,1,1,1,1,0,1,1,0,1,1,0,0,1,0,0,1,1,1,1,1,1,1,0,0,1,0,0,0,0,0,1,0,1,0,0,1,0,1,1,0.5625,-189.97622933521617,1
1,0,1,0,0,0,1,1,0,1,0,0,0,0,0,0,1,0,1,0,1,0,1,0,1,1,1,1,1,0,1,1,0,1,1,0,0,1,0,0,1,1,1,1,1,1,1,0,0,1,0,0,1,0,0,1,0,1,0,0,1,0,1,1,0.53125,-189.97619817738712,1
1,0,1,0,0,0,1,1,0,1,0,0,0,0,1,0,0,0,0,0,1,1,0,0,1,1,1,1,1,0,1,1,0,1,1,0,0,1,0,0,1,1,1,0,1,1,1,0,0,1,0,0,1,0,0,1,1,1,0,0,1,1,1,1,0.515625,-189.97617253065295,1
1,1,1,0,0,0,1,1,0,1,0,0,0,0,1,0,0,0,0,0,1,1,0,0,1,1,1,1,1,0,1,1,0,1,1,0,0,1,0,0,0,1,1,1,1,1,1,0,0,1,0,0,1,0,0,1,0,1,0,0,1,1,1,1,0.5625,-189.97611935121787,1
1,1,1,0,0,0,1,1,0,1,0,0,0,0,1,0,0,0,0,0,1,1,0,0,1,1,1,1,1,0,1,1,0,1,1,0,0,1,0,0,0,1,1,1,1,1,1,0,0,1,0,0,1,0,0,1,0,1,0,0,1,1,1,1,0.484375,-189.97611935121787,1
1,1,1,0,0,0,1,1,0,1,1,0,0,0,0,0,0,0,0,0,1,1,0,0,1,1,1,1,1,0,1,1,0,1,1,0,0,1,0,0,1,1,1,0,1,1,1,0,0,1,0,0,1,0,0,1,1,1,0,0,1,0,1,1,0.578125,-189.97584756487532,1
1,1,1,0,0,0,1,1,1,1,0,0,0,0,0,0,0,0,0,0,1,0,0,0,1,1,1,1,1,0,1,1,0,1,1,0,0,1,0,0,1,1,1,0,1,1,1,0,0,1,0,0,1,0,0,1,0,1,0,0,1,0,1,1,0.578125,-189.97572098421,1
1,0,1,0,0,0,1,1,0,1,0,0,0,0,0,0,0,0,0,0,1,1,0,0,1,1,1,1,1,0,1,1,0,1,1,0,0,1,0,0,1,1,1,0,1,1,1,0,0,1,0,0,1,0,0,1,1,1,0,0,1,0,1,1,0.53125,-189.9757086812621,1
1,0,1,0,0,0,1,1,0,1,0,0,0,0,0,0,0,0,0,0,1,0,1,0,1,1,1,1,1,0,0,1,0,1,1,0,0,1,0,0,1,1,1,1,1,1,1,0,0,1,0,0,1,0,0,1,1,1,0,0,1,0,1,1,0.578125,-189.97568440886246,1
1,0,1,0,0,0,1,1,0,1,0,0,1,0,1,0,0,0,0,0,1,1,0,0,1,1,1,1,1,0,1,1,0,1,1,0,0,1,0,0,1,1,1,1,1,1,1,0,0,1,0,0,1,0,0,1,0,1,0,0,1,0,1,1,0.546875,-189.97564797085832,1
1,0,1,0,0,0,1,1,0,1,0,0,1,0,1,0,0,0,0,0,1,1,0,0,1,1,1,1,1,0,1,1,0,1,1,0,0,1,0,0,1,1,1,1,1,1,1,0,0,1,0,0,1,0,0,1,0,1,0,0,1,0,1,1,0.515625,-189.97564797085832,1
1,1,1,0,0,0,1,1,0,1,0,0,0,0,1,0,0,0,0,0,1,1,1,0,1,1,1,1,1,0,0,1,0,1,1,0,0,1,0,0,0,1,1,0,1,0,1,0,0,1,0,0,1,0,0,1,0,1,0,0,1,1,1,1,0.546875,-189.9756335022467,1
0,1,1,0,0,0,1,1,1,1,0,0,0,0,1,0,1,0,0,0,1,1,0,0,1,1,1,1,1,0,0,1,0,1,1,0,0,1,0,0,1,1,1,1,1,1,0,0,0,1,0,0,1,0,0,1,1,1,0,0,1,0,1,1,0.546875,-189.9753681714561,1
1,0,1,0,0,0,1,1,0,1,0,0,1,0,1,0,0,0,1,0,1,1,0,0,1,1,0,1,1,0,1,1,0,1,1,0,0,1,0,0,1,1,1,1,1,1,1,0,0,1,0,0,0,0,0,1,1,1,0,0,1,0,1,1,0.53125,-189.9753084779907,1
0,1,1,0,0,0,1,1,0,1,0,0,0,0,0,0,1,0,0,0,1,1,1,0,0,1,1,0,1,0,1,1,0,1,1,0,0,1,0,0,1,1,1,1,1,1,1,0,0,1,0,0,1,0,0,1,0,1,0,0,1,0,1,1,0.546875,-189.97530064448753,1
1,1,1,0,0,0,1,1,0,1,0,0,0,0,0,0,0,0,0,0,1,1,1,0,1,1,1,1,1,0,1,1,0,1,1,0,0,1,0,0,1,1,1,1,1,1,1,0,0,1,0,0,1,0,0,1,0,1,0,0,1,1,1,0,0.578125,-189.9751147689266,1
1,0,1,0,0,0,1,1,0,1,0,0,0,0,0,0,0,0,0,0,1,0,0,0,1,1,1,1,1,0,1,1,0,1,1,0,0,1,0,0,1,1,1,0,1,1,1,0,0,1,0,0,1,0,0,1,1,1,0,0,1,1,1,1,0.5,-189.9751101976355,1
1,1,1,0,0,0,1,1,0,1,0,0,1,0,1,0,0,0,0,0,1,1,0,0,1,1,1,1,1,0,1,1,0,1,1,0,0,1,0,0,1,1,1,0,1,1,0,0,0,1,0,0,1,0,0,1,0,1,0,0,1,1,1,1,0.53125,-189.9750779319906,1
1,0,1,0,0,0,1,1,0,1,0,0,1,0,1,0,0,0,0,0,1,0,0,0,1,1,1,1,1,0,1,1,0,1,1,0,0,1,0,0,1,1,1,1,1,1,1,0,0,1,0,0,1,0,0,1,0,1,0,0,1,1,1,1,0.546875,-189.97504948723176,1
1,0,1,0,0,0,1,1,0,1,0,0,0,0,1,0,0,0,0,0,1,1,1,0,1,1,1,1,1,0,1,1,0,1,1,0,0,1,0,0,1,1,1,1,1,1,1,0,0,1,0,0,0,0,0,1,0,1,0,0,1,1,1,1,0.53125,-189.97476812165533,1
0,1,1,0,0,0,1,1,0,1,0,0,1,0,0,0,0,0,1,0,1,1,1,0,1,1,1,1,1,0,1,1,0,1,1,0,0,1,0,0,0,1,1,1,1,1,1,0,0,1,0,0,1,0,0,1,0,1,0,0,1,0,1,1,0.578125,-189.97469578151373,1
1,0,1,0,0,0,1,1,0,1,1,0,0,0,0,0,0,0,1,0,1,0,0,0,1,1,1,1,1,0,1,1,0,1,1,0,0,1,0,0,1,1,1,1,1,1,1,0,0,1,0,0,1,0,0,1,1,1,0,0,1,0,1,1,0.515625,-189.97461786212878,1
0,1,1,0,0,0,1,1,0,1,0,0,0,0,0,0,0,0,1,0,1,1,1,0,1,1,1,1,1,0,1,1,0,1,1,0,0,1,0,0,1,1,1,0,1,1,1,0,0,1,0,0,1,0,0,1,0,1,0,0,1,1,1,1,0.546875,-189.9745672889331,1
1,1,1,0,0,0,1,1,0,1,0,0,0,0,1,0,0,0,1,0,1,1,0,0,1,1,0,1,1,0,1,1,0,1,1,0,0,1,0,0,0,1,1,1,1,1,1,1,0,1,0,0,1,0,0,1,0,1,0,0,1,0,1,1,0.515625,-189.97452489943882,1
1,0,1,0,0,0,1,1,0,1,0,0,1,0,1,0,0,0,1,0,1,1,0,0,1,1,1,1,1,0,1,1,0,1,1,0,0,1,0,0,1,1,1,1,1,1,0,0,0,1,0,0,1,0,0,1,0,1,0,0,1,0,1,1,0.546875,-189.97444671287192,1
0,0,1,0,0,0,1,1,0,1,0,0,1,0,1,0,0,0,0,0,1,1,0,0,1,1,1,1,1,0,1,1,0,1,1,0,0,1,0,0,1,1,1,1,1,1,1,0,0,1,0,0,1,0,0,1,0,1,0,0,1,1,1,1,0.59375,-189.97415131864983,1
0,0,1,0,0,0,1,1,0,1,1,0,1,0,0,0,0,0,1,0,1,0,0,0,1,1,1,1,1,0,1,1,0,1,1,0,0,1,0,0,0,1,1,1,1,1,1,0,0,1,0,0,1,0,0,1,0,1,0,0,1,0,1,1,0.546875,-189.97412003200748,1
0,0,1,0,0,0,1,1,0,1,0,0,0,0,0,0,0,0,0,0,1,1,0,0,1,1,1,1,1,0,1,1,0,1,1,0,0,1,0,0,1,1,1,1,1,1,1,1,0,1,0,0,0,0,0,1,0,1,0,0,1,1,1,1,0.53125,-189.97402064352244,1
1,1,1,0,0,0,1,1,0,1,0,0,0,0,0,0,0,0,0,0,1,0,0,0,1,1,1,1,1,0,1,1,0,1,1,0,0,1,0,0,1,1,1,0,1,1,1,0,0,1,0,0,1,0,0,1,0,1,1,0,1,0,1,1,0.484375,-189.97400006318753,1
1,0,1,0,0,0,1,1,0,1,0,0,0,0,1,0,0,0,1,0,1,1,0,0,1,1,1,1,1,0,1,1,0,1,1,0,0,1,0,0,1,1,1,1,1,1,1,0,0,1,0,0,1,0,0,1,0,1,0,0,1,0,1,1,0.515625,-189.97397865417793,1
1,1,1,0,0,0,1,1,0,1,0,0,1,0,1,0,0,0,1,0,1,1,0,0,1,1,1,1,1,0,1,1,0,1,1,0,0,1,0,0,0,1,1,0,1,1,1,0,0,1,0,0,0,0,0,1,1,1,0,0,1,0,1,1,0.5,-189.97395500648793,1
1,1,1,0,0,0,1,1,0,1,0,0,0,0,0,0,0,0,0,0,1,1,1,0,1,1,1,1,1,0,1,1,0,1,1,0,0,1,0,0,1,1,1,1,1,1,1,0,0,1,0,0,1,0,0,1,0,1,0,0,1,0,1,1,0.59375,-189.97393108019438,1
1,1,1,0,0,0,1,1,0,1,0,0,0,0,0,0,0,0,0,0,1,1,1,0,1,1,1,1,1,0,1,1,0,1,1,0,0,1,0,0,1,1,1,1,1,1,1,0,0,1,0,0,1,0,0,1,0,1,0,0,1,0,1,1,0.578125,-189.97393108019438,1
0,0,1,0,0,0,1,1,1,1,0,0,0,0,1,0,0,0,1,0,1,0,1,0,1,1,1,1,1,0,1,1,0,1,1,0,0,1,0,0,1,1,1,0,1,1,1,0,0,1,0,0,1,0,0,1,0,1,0,0,1,1,1,1,0.5,-189.97385592252166,1
1,1,1,0,0,0,1,1,0,1,0,0,1,0,0,0,0,0,0,0,1,0,1,0,1,1,1,1,1,0,1,1,0,1,1,0,0,1,0,0,1,1,1,1,1,1,0,0,0,1,0,0,1,0,0,1,0,1,0,0,1,1,1,1,0.484375,-189.97380065526036,1
1,0,1,0,0,0,1,1,0,1,0,0,0,0,0,0,0,0,0,0,1,0,1,0,1,1,1,1,1,0,1,1,0,1,1,0,0,1,0,0,1,1,1,1,1,1,1,0,0,1,0,0,0,0,0,1,0,1,0,0,1,1,1,1,0.515625,-189.97370578863618,1
0,0,1,0,0,0,1,1,0,1,1,0,1,0,1,0,0,0,0,0,1,0,0,0,1,1,0,1,1,0,1,1,0,1,1,0,0,1,0,0,1,1,1,1,1,1,1,1,1,1,0,0,1,0,0,1,0,1,0,0,1,0,1,1,0.546875,-189.97370384822312,1
1,0,1,0,0,0,1,1,0,1,0,0,0,0,1,0,0,0,1,0,1,1,1,0,1,1,0,1,1,0,1,1,0,1,1,0,0,1,0,0,0,1,1,1,1,1,1,0,0,1,0,0,0,0,0,1,0,1,0,0,1,0,1,1,0.546875,-189.97368506803886,1
1,1,1,0,0,0,1,1,0,1,0,0,1,0,1,0,0,0,0,0,1,1,0,0,1,1,0,1,1,0,1,1,0,1,1,0,0,1,0,0,1,1,1,1,1,1,1,0,0,1,0,0,1,0,0,1,0,1,0,0,1,0,1,1,0.546875,-189.97367275448315,1
1,0,1,0,0,0,1,1,0,1,0,0,0,0,1,0,0,0,1,0,1,0,1,0,1,1,0,1,1,0,1,1,0,1,1,0,0,1,0,0,1,1,1,1,1,1,1,0,0,1,0,0,1,0,0,1,0,1,0,0,1,1,1,1,0.5625,-189.97362299732373,1
1,0,1,0,0,0,1,1,0,1,0,0,0,0,1,0,0,0,0,0,1,1,1,0,1,1,1,1,1,0,1,1,0,1,1,0,0,1,0,0,1,1,1,1,1,1,0,0,0,1,0,0,1,0,0,1,0,1,0,0,1,1,1,1,0.515625,-189.97349379751176,1
0,0,1,0,0,0,1,1,1,1,0,0,1,0,1,0,0,0,0,0,1,1,0,0,1,1,1,1,1,0,1,1,0,1,1,0,0,1,0,0,1,1,1,1,1,1,1,0,0,1,0,0,0,0,0,1,1,1,0,0,1,0,1,1,0.5,-189.97340854224134,1
1,1,1,0,0,0,1,1,0,1,0,0,0,0,0,0,0,0,0,0,1,0,1,0,1,1,1,1,1,0,1,1,0,1,1,0,0,1,0,0,1,1,1,1,1,1,1,0,0,1,0,0,1,0,0,1,0,1,0,0,1,1,1,1,0.53125,-189.97333259656781,1
1,1,1,0,0,0,1,1,0,1,0,0,0,0,0,0,0,0,0,0,1,0,1,0,1,1,1,1,1,0,1,1,0,1,1,0,0,1,0,0,1,1,1,1,1,1,1,0,0,1,0,0,1,0,0,1,0,1,0,0,1,1,1,1,0.59375,-189.97333259656781,1
1,0,1,0,0,0,1,1,0,1,0,0,0,0,1,0,0,0,1,0,1,0,1,0,1,1,1,1,1,0,1,1,0,1,1,0,0,1,0,0,1,1,1,0,1,1,1,0,0,1,0,0,1,0,0,1,0,1,0,0,1,1,1,1,0.515625,-189.97317913080067,1
1,1,1,0,0,0,1,0,0,1,0,0,1,0,1,0,0,0,0,0,1,1,0,0,1,1,1,1,1,0,1,1,0,1,1,0,0,1,0,0,1,1,1,1,1,1,1,0,0,1,0,0,1,0,0,1,0,1,0,0,1,0,1,1,0.46875,-189.97312526456827,1
1,1,1,0,0,0,1,1,0,1,0,0,1,0,1,0,0,0,0,0,1,0,0,0,1,1,0,1,1,0,1,1,0,1,1,0,0,1,0,0,1,1,1,1,1,1,1,0,0,1,0,0,1,0,0,1,0,1,0,0,1,1,1,1,0.59375,-189.97307427085525,1
1,1,1,0,0,0,1,1,0,1,0,0,0,0,0,0,0,0,0,0,1,0,0,0,1,1,1,1,1,0,1,1,0,1,1,0,0,1,0,0,1,1,1,1,1,1,1,0,0,1,0,0,1,0,0,1,1,1,0,0,1,1,1,1,0.578125,-189.97267721077384,1
1,1,1,0,0,0,1,1,0,1,0,0,0,0,0,1,1,0,0,0,1,1,0,0,1,1,1,1,1,0,1,1,0,1,0,0,0,1,0,0,1,1,1,1,1,1,0,0,0,1,0,0,1,0,0,1,1,1,0,0,1,0,1,1,0.53125,-189.97241076557103,1
0,0,1,0,0,0,1,1,0,1,0,0,1,0,0,0,0,0,1,0,1,0,1,0,1,1,1,1,1,0,1,1,0,1,1,0,0,1,0,0,1,1,1,1,1,1,1,0,0,1,0,0,0,0,0,1,1,1,0,0,1,1,1,1,0.546875,-189.97209068252897,1
0,1,1,0,0,0,1,1,0,1,0,0,0,0,0,0,0,0,0,0,1,1,0,0,1,1,1,1,1,0,1,1,0,1,1,0,0,1,0,0,1,1,1,1,1,1,1,0,0,1,0,0,1,0,0,1,1,1,0,0,1,1,1,1,0.5625,-189.97177904219186,1
0,1,1,0,0,0,1,1,0,1,0,0,1,0,1,0,0,0,0,0,1,1,0,0,1,1,1,1,1,0,1,1,0,1,1,0,0,1,0,0,1,1,1,0,1,1,1,0,0,1,0,0,1,0,0,1,0,1,0,0,1,1,1,1,0.546875,-189.97173223575015,1
0,1,1,0,0,0,1,1,0,1,0,0,1,0,1,0,0,0,0,0,1,1,1,0,1,1,1,1,1,0,1,1,0,1,1,0,0,1,0,0,1,0,1,1,1,1,1,0,0,1,0,0,1,0,0,1,0,1,0,0,1,0,1,1,0.578125,-189.97170789559965,1
1,1,1,0,0,0,1,1,0,1,0,0,1,0,0,0,0,0,0,0,1,0,0,0,1,1,1,1,1,0,1,1,0,1,1,0,0,1,0,0,1,1,1,1,1,1,1,0,0,1,0,0,1,0,0,1,1,1,0,0,1,0,1,1,0.53125,-189.97129622543451,1
1,1,1,0,0,0,1,1,0,1,0,0,0,0,0,0,0,0,0,0,1,0,1,0,1,1,1,1,1,0,1,1,0,1,1,0,0,1,0,0,1,1,1,1,1,1,0,1,0,1,0,0,1,0,0,1,0,1,0,0,1,1,1,1,0.546875,-189.97101046135035,1
0,1,1,0,0,0,1,1,0,1,0,0,0,0,0,0,1,0,0,0,1,1,1,0,1,1,1,1,1,0,1,1,0,1,1,0,0,1,0,0,1,1,1,1,1,1,1,0,0,1,0,0,1,0,0,1,0,1,0,0,1,0,1,1,0.5625,-189.97074806495817,1
1,1,1,0,1,0,1,1,0,1,0,0,0,0,0,0,0,0,0,0,1,1,1,0,1,1,1,1,1,0,1,1,0,1,1,0,0,1,0,0,1,1,1,1,1,1,0,0,0,1,0,0,1,0,0,1,0,1,0,0,1,0,1,1,0.578125,-189.97071591093055,1
1,0,1,0,0,0,1,1,0,1,0,0,0,0,1,0,0,0,0,0,1,0,1,0,1,1,0,1,1,0,1,1,0,1,1,0,0,1,0,0,1,1,1,1,1,1,1,0,0,1,0,0,1,0,0,1,1,1,0,0,1,1,1,1,0.5,-189.9706337108318,1
1,1,1,0,0,0,1,1,0,1,0,0,1,0,1,0,0,0,0,0,1,0,0,0,1,1,1,1,1,0,1,1,0,1,1,0,0,1,0,0,1,1,1,1,1,1,1,0,0,1,0,0,0,0,0,1,0,1,0,0,1,1,1,1,0.578125,-189.97057060953884,1
1,1,1,0,0,0,1,1,0,1,0,0,0,0,0,0,0,0,0,0,1,0,1,0,1,1,1,1,1,0,1,1,0,1,1,0,0,1,0,0,1,1,1,1,1,1,1,0,0,1,0,0,0,0,0,1,1,1,0,0,1,1,1,1,0.5625,-189.97041637622988,1
0,1,1,0,0,0,1,1,0,1,0,0,0,0,1,0,1,0,1,0,1,1,0,0,1,1,1,1,1,0,1,1,0,1,1,0,0,1,0,0,1,1,1,0,1,1,0,0,0,1,0,0,1,0,0,1,0,1,0,0,1,1,1,1,0.5,-189.97022560007395,1
1,1,1,0,0,0,1,1,0,1,0,0,1,0,0,0,1,0,0,0,1,0,1,0,1,1,1,1,1,0,1,1,0,1,1,0,0,1,0,0,1,1,1,0,1,1,0,0,0,1,0,0,0,0,0,1,0,1,0,0,1,0,1,1,0.5,-189.97006840140133,1
1,1,1,0,0,0,1,1,0,1,0,0,1,0,1,0,0,0,0,0,1,1,0,0,1,1,1,1,1,0,1,1,0,1,1,0,0,1,0,0,1,1,1,1,1,1,0,0,0,1,0,0,1,0,0,1,0,1,0,0,1,0,1,1,0.515625,-189.96989476902354,1
1,0,1,0,0,0,1,1,0,1,0,0,1,0,1,0,0,0,0,0,1,0,1,0,1,1,1,1,1,0,1,1,0,1,1,0,0,1,0,0,1,1,1,1,1,1,1,0,0,1,0,0,1,0,0,1,0,1,0,0,1,0,1,1,0.546875,-189.96966528451406,1
1,1,1,0,0,0,1,1,0,1,0,0,0,0,0,0,0,0,1,0,1,0,1,0,0,1,1,1,1,0,1,1,0,1,1,0,0,1,0,0,1,1,1,1,1,1,1,0,0,1,0,0,0,0,0,1,0,1,0,0,1,0,1,1,0.515625,-189.96940912727985,1
1,1,1,0,0,0,1,1,0,1,0,0,0,0,1,0,0,0,0,0,1,1,1,0,1,1,1,1,1,0,1,1,0,1,1,0,0,1,0,0,1,1,1,0,1,1,1,0,0,1,0,0,1,0,0,1,0,1,0,0,1,0,1,1,0.515625,-189.9692256705803,1
1,0,1,0,0,0,1,1,0,1,0,0,1,0,1,0,0,0,0,0,1,0,0,0,1,1,1,1,1,0,1,1,0,1,1,0,0,1,0,0,1,1,1,1,1,1,1,0,0,1,0,0,1,0,0,1,1,1,0,0,1,0,1,1,0.5625,-189.9690098987201,1
1,0,1,0,0,0,1,1,0,1,0,0,0,0,0,0,0,0,0,0,1,0,1,0,1,1,1,1,1,0,1,1,0,1,1,0,0,1,0,0,1,1,1,1,1,1,1,0,0,1,0,0,0,0,0,1,1,1,0,0,1,1,1,0,0.546875,-189.96884988885682,1
1,0,1,0,0,0,1,1,0,1,0,0,1,0,0,0,0,0,1,0,1,1,1,0,1,1,1,1,1,0,1,1,0,1,1,0,0,1,0,0,1,1,1,1,1,1,1,0,0,1,0,0,1,0,0,1,1,1,0,0,1,0,0,0,0.546875,-189.9687246111582,1
0,0,1,0,0,0,1,1,0,1,0,0,0,0,1,0,0,0,1,0,1,1,1,0,1,1,1,1,1,0,1,1,0,1,1,0,0,1,0,0,0,1,1,1,1,1,1,0,0,1,0,0,1,0,0,1,1,1,0,0,1,0,1,1,0.53125,-189.967750851627,1
0,1,1,0,0,0,1,1,0,1,0,0,0,0,0,0,0,0,0,0,1,1,0,0,1,1,1,1,1,0,1,1,0,1,1,0,0,1,0,0,1,1,1,1,1,1,1,0,0,1,0,0,1,0,0,1,0,1,0,0,1,0,1,1,0.59375,-189.96746620873154,1
1,1,1,0,0,0,1,1,0,1,0,0,1,0,1,0,0,0,0,0,1,0,0,0,1,1,1,1,1,0,1,1,0,1,1,0,0,1,0,0,1,1,1,1,1,1,1,0,0,1,0,0,1,0,0,1,0,1,0,0,1,0,1,1,0.5,-189.96744724136514,1
0,1,1,0,0,0,1,1,0,1,1,0,0,0,0,0,0,0,1,0,1,0,1,0,1,1,1,1,1,0,1,1,0,1,1,0,0,1,0,0,1,1,1,0,1,1,1,1,0,1,0,0,1,0,0,1,0,1,0,0,1,0,1,1,0.5625,-189.96718633356514,1
0,0,1,0,0,0,1,1,0,1,1,0,0,0,0,0,0,0,0,0,1,0,1,0,1,1,1,1,1,0,1,1,0,1,1,0,0,1,0,0,1,1,1,1,1,1,1,0,0,1,0,0,1,0,0,1,0,1,0,0,1,0,1,1,0.578125,-189.96647447576194,1
0,0,1,0,0,0,1,1,0,1,1,0,0,0,1,0,0,0,0,0,1,0,0,0,1,1,1,1,1,0,1,1,0,1,1,0,0,1,0,0,1,1,1,1,1,1,1,0,0,1,0,0,1,0,0,1,1,1,0,0,1,1,1,1,0.484375,-189.96628293935888,1
1,0,1,0,0,0,1,1,0,1,0,0,0,0,1,0,0,0,1,0,1,0,1,0,1,1,1,1,1,0,1,1,0,1,1,0,0,1,0,0,1,1,1,1,1,1,0,1,0,1,0,0,1,0,0,1,0,1,0,0,1,0,1,1,0.484375,-189.96567383261623,1
1,0,1,0,0,0,1,1,0,1,1,0,1,0,0,0,1,0,1,0,1,1,0,0,0,1,1,1,1,0,1,1,0,1,1,0,0,1,0,0,0,1,1,1,1,1,1,0,0,1,0,0,1,0,0,1,0,1,0,0,1,1,1,1,0.515625,-189.43945179312936,1
1,1,1,0,0,0,1,0,1,1,0,0,1,0,0,0,1,0,1,0,1,0,0,0,1,1,0,1,1,0,0,1,0,1,1,0,0,1,0,0,1,1,1,1,1,1,1,0,0,1,0,0,1,0,0,1,1,1,0,0,1,1,1,1,0.546875,-189.43879583010738,1
1,0,1,0,0,0,1,1,0,1,0,0,1,0,0,0,1,0,0,0,1,1,0,0,1,1,1,1,1,0,0,1,0,1,1,0,0,1,0,0,1,1,1,1,1,1,1,0,0,1,0,0,1,0,0,1,1,1,0,0,1,1,1,1,0.546875,-189.4371668486242,1
1,0,1,0,0,0,1,1,0,1,0,0,1,0,0,0,0,0,1,0,1,1,1,0,1,1,1,1,1,0,0,1,0,1,1,0,0,1,0,0,1,1,1,1,1,1,1,0,0,1,0,0,1,0,0,1,0,1,0,0,1,1,1,1,0.546875,-189.43645829542618,1
1,1,1,0,1,0,1,1,1,1,0,0,0,0,0,0,0,0,0,0,1,1,0,0,1,1,1,1,1,0,1,1,0,1,1,0,0,1,0,0,1,0,1,0,1,1,1,1,0,1,0,0,1,0,0,1,0,1,0,0,1,1,1,1,0.5,-189.4361942026102,1
1,1,1,0,0,0,1,1,1,1,0,0,0,0,0,0,0,0,0,0,1,1,1,0,1,1,1,1,1,0,0,1,0,1,1,0,0,1,0,0,0,1,1,1,1,1,1,0,0,1,0,0,1,0,0,1,1,1,0,0,1,1,1,1,0.5625,-189.43611383322326,1
1,0,1,0,0,0,1,1,1,1,0,0,1,0,0,0,0,0,0,0,1,1,0,0,1,1,1,1,1,0,1,1,0,1,1,0,0,1,0,0,1,1,1,1,1,1,1,0,0,1,0,0,1,0,0,1,0,1,0,0,1,1,1,1,0.546875,-189.4359246671814,1
1,0,1,0,0,0,1,1,0,1,0,0,1,0,0,0,0,0,1,0,1,0,0,0,1,1,1,1,1,0,1,1,0,1,1,0,0,1,0,0,1,0,1,1,1,1,1,0,1,1,0,0,1,0,0,1,1,1,0,0,1,1,1,1,0.5625,-189.4359123300793,1
1,0,1,0,0,0,1,1,0,1,0,0,1,0,1,0,0,0,0,0,1,1,0,0,1,1,1,1,1,0,1,1,0,1,1,0,0,1,0,0,1,0,1,1,1,1,1,0,1,1,0,0,1,0,0,1,0,1,0,0,1,1,1,1,0.5,-189.43571213165615,1
1,0,1,0,0,0,1,1,0,1,0,0,1,0,0,0,0,0,0,0,1,1,1,0,1,1,1,1,1,0,1,1,0,1,1,0,0,1,0,0,1,0,1,1,1,1,1,1,0,1,0,0,1,0,0,1,0,1,0,0,1,1,1,1,0.5625,-189.43473886681892,1
1,1,1,0,0,0,1,1,0,1,1,0,1,0,0,0,0,0,0,0,1,1,1,0,1,1,0,1,1,0,1,1,0,1,1,0,0,1,0,0,1,0,1,1,1,1,1,0,0,1,0,0,1,0,0,1,0,1,0,0,1,1,1,1,0.546875,-189.43432353719967,1
1,1,1,0,0,0,1,1,0,1,0,1,1,0,0,0,0,0,0,0,1,1,0,0,1,1,1,1,1,0,1,1,0,1,1,0,0,1,0,0,0,1,1,1,1,1,1,0,0,1,0,0,1,0,0,1,0,1,0,0,1,1,1,1,0.5625,-189.43425967124338,1
1,0,1,0,0,0,1,1,0,1,0,0,1,0,0,0,0,0,0,0,1,1,0,0,1,1,1,1,1,0,1,1,0,1,1,0,0,1,0,0,1,1,1,1,1,1,1,0,0,1,0,0,1,0,0,1,0,1,1,0,1,1,1,1,0.578125,-189.4342037461588,1
1,0,1,0,0,0,1,1,0,1,0,0,1,0,0,0,1,0,1,0,1,1,0,0,1,1,1,1,1,0,1,1,0,1,1,0,0,1,0,0,1,1,1,0,1,1,1,0,0,1,0,0,1,0,0,1,0,1,0,0,1,1,1,1,0.515625,-189.43419772117142,1
1,1,1,0,0,0,1,1,1,1,0,0,1,0,0,0,0,0,0,0,1,0,1,0,1,1,1,1,1,0,0,1,0,1,1,0,0,1,0,0,0,1,1,1,1,1,1,0,0,1,0,0,1,0,0,1,1,1,0,0,1,1,1,1,0.578125,-189.4341343642574,1
1,0,1,0,0,0,1,1,0,1,1,0,1,0,0,0,0,0,1,0,1,1,1,0,1,1,0,1,1,0,1,1,0,1,1,0,0,1,0,0,1,1,1,0,1,1,1,0,0,1,0,0,1,0,0,1,0,1,0,0,1,1,1,1,0.609375,-189.43351561847942,1
1,0,1,0,0,0,1,1,1,1,0,0,0,0,0,0,0,0,1,0,1,1,0,0,1,1,1,1,1,0,1,1,0,1,1,0,0,1,0,0,1,1,1,0,1,1,1,0,0,1,0,0,1,0,0,1,1,1,0,0,1,1,1,1,0.5625,-189.43339892495626,1
1,0,1,0,0,0,1,1,0,1,0,0,0,0,1,0,0,0,1,0,1,1,0,0,1,1,1,1,1,0,1,1,0,1,1,0,0,1,0,0,1,0,1,1,1,1,1,0,0,1,0,0,1,0,0,1,0,1,1,0,1,1,1,1,0.484375,-189.4331888824315,1
1,1,1,0,0,0,1,1,1,1,0,0,1,0,0,0,0,0,1,0,1,1,0,0,1,1,0,1,1,0,1,1,0,1,1,0,0,1,0,0,1,1,1,1,1,1,0,0,0,1,0,0,1,0,0,1,0,1,0,0,1,1,1,1,0.53125,-189.43274819281697,1
1,0,1,0,0,0,1,1,1,1,0,0,0,0,0,0,0,0,0,0,1,1,1,0,0,1,1,1,1,0,1,1,0,1,1,0,0,1,0,0,1,1,1,1,1,1,1,0,0,1,0,0,1,0,0,1,1,1,1,0,1,0,1,1,0.546875,-189.43269027072847,1
1,0,1,0,0,0,1,1,1,1,0,0,0,0,1,0,0,0,0,0,1,0,0,0,1,1,1,1,1,0,0,1,0,1,1,0,0,1,0,0,1,1,1,1,1,1,1,0,0,1,0,0,1,0,0,1,1,1,1,0,1,1,1,1,0.53125,-189.43237310762004,1
1,0,1,0,0,0,1,1,0,1,1,0,1,0,0,1,0,0,0,0,1,1,0,0,1,1,1,1,1,0,1,1,0,1,1,0,0,1,0,0,1,0,1,1,1,1,1,0,0,1,0,0,1,0,0,1,1,1,0,0,1,0,1,1,0.546875,-189.4321842280181,1
1,0,1,0,0,0,1,1,0,1,0,0,1,0,0,0,1,0,0,0,1,1,0,0,1,1,1,1,1,0,1,1,0,1,1,0,0,1,0,0,1,1,1,1,1,1,1,0,0,1,0,0,1,0,0,1,0,1,0,0,1,1,1,1,0.5625,-189.43206486022422,1
1,0,1,0,0,0,1,1,0,1,0,0,1,0,0,0,1,0,0,0,1,1,0,0,1,1,1,1,1,0,1,1,0,1,1,0,0,1,0,0,1,1,1,1,1,1,1,0,0,1,0,0,1,0,0,1,0,1,0,0,1,1,1,1,0.546875,-189.43206486022422,1
1,0,1,0,0,0,1,1,1,1,0,0,0,0,0,0,0,0,1,0,1,1,1,0,1,1,1,1,1,0,1,1,0,1,1,0,0,1,0,0,1,1,1,1,1,1,1,0,0,1,0,0,0,0,0,1,0,1,0,0,1,1,1,1,0.53125,-189.43199451595697,1
1,0,1,0,0,0,1,1,1,1,0,0,0,0,0,0,0,0,0,0,1,1,1,0,1,1,1,1,1,0,1,1,0,1,1,0,0,1,0,0,1,1,1,1,1,1,1,0,0,1,0,0,1,0,0,1,0,1,0,0,1,1,1,1,0.5625,-189.43192144980299,1
1,1,1,0,0,0,1,1,0,1,1,0,0,0,0,0,0,0,1,0,1,1,0,0,1,1,0,0,1,0,1,1,0,1,1,0,0,1,0,0,1,1,1,1,1,1,1,1,0,1,0,0,1,0,0,1,0,1,0,0,1,1,1,1,0.53125,-189.4318733334248,1
1,1,1,0,0,0,1,1,1,1,0,0,0,0,0,0,0,0,1,0,1,1,0,0,1,1,1,1,1,0,1,1,0,1,1,0,0,1,0,0,1,1,1,0,1,1,1,0,0,1,0,0,1,0,0,1,0,1,0,0,1,1,1,1,0.484375,-189.43183626760134,1
1,0,1,0,0,0,1,1,0,1,0,0,1,0,0,0,0,0,0,0,1,1,1,0,1,1,1,1,1,0,1,1,0,1,1,0,0,1,0,0,1,0,1,1,1,1,1,1,0,1,0,0,0,0,0,1,1,1,0,0,1,1,1,1,0.515625,-189.43182264648092,1
1,1,1,0,0,0,1,1,1,1,0,0,0,0,0,0,0,0,1,0,1,1,1,0,1,1,1,1,1,0,1,1,0,1,1,0,0,1,0,0,1,0,1,1,1,1,1,0,0,1,0,0,1,0,0,1,0,1,0,0,1,0,1,1,0.53125,-189.43181192745087,1
1,0,1,0,0,0,1,1,0,1,0,0,0,0,0,0,0,0,1,0,1,1,1,0,1,1,1,1,1,0,0,1,0,1,1,0,0,1,0,0,1,1,1,1,1,1,1,0,0,1,0,0,1,0,0,1,1,1,0,0,1,1,1,1,0.578125,-189.43179969225375,1
1,0,1,1,0,0,1,1,0,1,0,0,0,0,0,0,0,0,0,0,1,1,1,0,1,1,1,1,1,0,1,1,0,1,1,0,0,1,0,0,1,1,1,1,1,1,1,0,0,1,0,0,1,0,0,1,0,1,0,0,1,1,1,1,0.5,-189.43178798194134,1
0,1,1,0,0,0,1,0,0,1,1,0,1,0,0,0,0,0,1,0,1,1,0,0,1,1,1,1,1,0,1,1,0,1,1,0,0,1,0,1,1,1,1,0,1,1,1,0,0,1,0,0,1,0,0,1,0,1,0,0,1,1,1,1,0.515625,-189.43174897954873,1
1,0,1,0,0,0,1,1,0,1,0,0,1,0,0,0,0,0,1,0,1,1,1,0,1,1,0,1,1,0,1,1,0,1,1,0,0,1,0,0,0,1,1,1,1,1,1,0,0,1,0,0,1,0,0,1,1,1,0,0,1,1,1,1,0.5,-189.43159680037974,1
1,0,1,0,0,0,1,1,0,1,1,0,1,0,0,0,1,0,0,0,1,1,1,0,1,1,0,1,1,0,1,1,0,1,1,0,0,1,0,0,1,1,1,1,1,1,0,0,0,1,0,0,1,0,0,1,0,1,0,0,1,1,1,1,0.546875,-189.43154543853638,1
1,1,1,0,0,0,1,1,1,1,0,0,1,0,0,0,0,0,0,0,1,1,0,0,1,1,1,1,1,0,1,1,0,1,1,0,0,1,0,0,1,1,1,1,1,1,1,0,0,1,0,0,0,0,0,1,0,1,0,0,1,1,1,1,0.546875,-189.43144578948846,1
0,0,1,0,0,0,1,1,1,1,0,0,1,0,0,0,0,0,1,0,1,1,0,0,1,1,1,1,1,0,1,1,0,1,1,0,0,1,0,0,1,1,1,1,1,1,1,0,0,1,0,0,1,0,0,1,0,1,0,0,1,1,1,1,0.515625,-189.43137771295306,1
1,1,1,0,0,0,1,1,0,1,1,0,1,0,0,0,0,0,1,0,1,1,1,0,1,1,0,1,1,0,1,1,0,1,1,0,0,1,0,0,1,0,1,1,1,1,1,0,0,1,0,0,1,0,0,1,0,1,0,0,1,0,1,1,0.5625,-189.43127323518004,1
1,0,1,0,0,0,1,1,0,1,1,0,1,0,0,0,0,0,1,0,1,1,0,0,1,1,1,1,1,0,1,1,0,1,1,0,0,1,0,0,1,1,1,1,1,1,1,0,0,1,0,0,0,0,0,1,0,1,0,0,1,1,1,1,0.5625,-189.4312129969138,1
1,0,1,0,0,0,1,1,0,1,1,0,1,0,0,0,0,0,0,0,1,1,0,0,1,1,1,1,1,0,1,1,0,1,1,0,0,1,0,0,1,1,1,1,1,1,1,0,0,1,0,0,1,0,0,1,0,1,0,0,1,1,1,1,0.546875,-189.43113993075983,1
1,0,1,0,0,0,1,1,0,1,1,0,1,0,0,0,0,0,0,0,1,1,0,0,1,1,1,1,1,0,1,1,0,1,1,0,0,1,0,0,1,1,1,1,1,1,1,0,0,1,0,0,1,0,0,1,0,1,0,0,1,1,1,1,0.546875,-189.43113993075983,1
1,0,1,0,0,0,1,0,1,1,0,0,0,0,0,0,0,0,0,0,1,1,1,0,1,1,1,1,1,0,1,1,0,1,1,0,0,1,0,0,1,1,1,1,1,1,1,0,0,1,0,0,1,0,0,1,1,1,0,0,1,1,1,1,0.5625,-189.43096140086797,1
1,0,1,0,0,0,1,1,1,1,0,0,0,0,0,0,0,0,1,0,1,1,1,0,1,1,1,1,1,0,1,1,0,1,1,0,0,1,0,0,1,1,1,1,1,1,0,0,0,1,0,0,1,0,0,1,0,1,0,0,1,1,1,1,0.46875,-189.4307201918151,1
1,1,1,0,0,0,1,1,1,1,0,0,1,0,1,0,0,0,1,0,1,1,0,0,1,1,1,0,1,0,1,1,0,1,1,0,0,1,0,0,0,1,1,1,1,1,1,0,0,1,0,0,1,0,0,1,0,1,0,0,1,0,1,1,0.53125,-189.43062530257225,1
1,1,1,0,0,0,1,1,1,1,0,0,0,0,0,0,0,0,1,0,1,1,1,0,1,1,0,1,1,0,1,1,0,1,1,0,0,1,0,0,1,1,1,1,1,1,1,0,0,1,0,0,0,0,0,1,0,1,0,0,1,1,1,1,0.546875,-189.43001929958047,1
1,1,1,0,0,0,1,1,1,1,0,0,0,0,0,0,0,0,1,0,1,1,1,0,1,1,0,1,1,0,1,1,0,1,1,0,0,1,0,0,1,1,1,1,1,1,1,0,0,1,0,0,0,0,0,1,0,1,0,0,1,1,1,1,0.53125,-189.43001929958047,1
1,0,1,0,0,0,1,1,0,1,0,0,1,0,0,0,1,0,0,0,1,1,1,0,1,1,1,1,1,0,1,1,0,1,1,0,0,1,0,0,1,1,1,1,1,1,1,0,0,1,0,0,0,0,0,1,0,1,0,0,1,1,1,1,0.578125,-189.42980402568023,1
0,0,1,0,0,0,1,1,1,1,1,0,1,0,0,0,0,0,1,0,1,1,1,0,1,1,1,1,1,0,1,1,0,1,1,0,0,1,0,0,1,0,1,1,1,1,0,0,0,1,0,0,1,0,0,1,1,1,0,0,1,0,1,1,0.5,-189.42973469879774,1
1,0,1,0,1,0,1,1,1,1,0,0,1,0,0,0,0,0,1,0,1,1,0,0,1,1,1,1,1,0,1,1,0,1,1,0,0,1,0,0,1,1,1,1,1,1,0,0,0,1,0,0,1,0,0,1,0,1,0,0,1,0,1,1,0.515625,-189.42965919589787,1
1,1,1,0,0,0,1,1,0,1,0,0,1,0,0,0,1,0,0,0,1,1,0,0,1,1,1,1,1,0,1,1,0,1,1,0,0,1,0,0,1,1,1,0,1,1,1,0,0,1,0,0,1,0,0,1,0,1,0,0,1,1,1,1,0.59375,-189.4296457773246,1
1,1,1,0,0,0,1,1,1,1,0,0,1,0,0,0,0,0,0,0,1,1,1,0,1,1,1,1,1,0,1,1,0,1,1,0,0,1,0,0,0,1,1,1,1,1,1,0,0,1,0,0,1,0,0,1,0,1,0,0,1,0,1,1,0.515625,-189.429630859484,1
1,1,1,0,0,0,1,1,1,1,1,0,0,0,0,0,0,0,1,0,1,1,1,0,1,1,1,1,1,0,1,1,0,1,0,0,0,1,0,0,0,1,1,1,1,1,0,0,0,1,0,0,1,0,0,1,0,1,0,0,1,1,1,1,0.53125,-189.42963082427408,1
1,0,1,0,0,0,1,1,0,1,1,0,0,0,0,0,0,0,1,0,1,1,0,0,1,1,1,1,1,0,1,1,0,1,1,0,0,1,0,0,1,1,1,1,1,1,1,0,0,1,0,0,1,0,0,1,0,1,0,0,1,1,1,1,0.609375,-189.4294706140794,1
1,1,1,0,0,0,1,0,1,1,0,0,0,0,0,0,0,0,0,0,1,1,1,0,1,1,1,1,1,0,1,1,0,1,1,0,0,1,0,0,1,1,1,1,1,1,1,0,0,1,0,0,1,0,0,1,0,1,0,0,1,1,1,1,0.546875,-189.429398743513,1
1,1,1,0,0,0,1,1,0,1,0,0,1,0,0,0,0,0,0,0,1,1,1,0,1,1,1,0,1,0,1,1,0,1,1,0,0,1,0,0,1,1,1,1,1,1,1,0,0,1,0,0,1,0,0,1,0,1,0,0,1,1,1,1,0.53125,-189.4293138896389,1
1,0,1,0,0,0,1,1,1,1,0,0,1,0,0,0,0,0,0,0,1,0,0,0,1,1,1,1,1,0,1,1,0,1,1,0,0,1,0,0,1,1,1,1,1,1,1,0,0,1,0,0,1,0,0,1,1,1,0,0,1,1,1,1,0.546875,-189.42928659504324,1
1,0,1,0,0,0,1,1,1,1,0,0,0,0,0,0,1,0,1,0,1,1,1,0,1,1,1,1,1,0,1,1,0,1,1,0,0,1,0,0,1,1,1,1,1,1,0,0,0,1,0,0,1,0,0,1,0,1,0,0,1,0,1,1,0.53125,-189.42903382878745,1
1,0,1,0,0,0,1,1,0,1,0,0,1,0,0,0,1,0,1,0,1,1,0,0,1,1,1,1,1,0,1,1,0,1,1,0,0,1,0,0,1,1,1,1,1,1,1,0,0,1,0,0,1,0,0,1,0,1,0,0,1,0,1,1,0.5625,-189.42901455820447,1
1,1,1,0,0,0,1,1,0,1,1,0,1,0,0,0,0,0,1,0,1,1,1,0,1,1,0,1,1,0,0,1,0,1,1,0,0,1,0,0,1,1,1,1,1,1,1,0,0,1,0,0,0,0,0,1,1,1,0,0,1,0,1,1,0.578125,-189.42895556621954,1
1,0,1,0,1,0,1,1,0,1,0,0,1,0,0,0,0,0,0,0,1,1,1,0,1,1,0,1,1,0,1,1,0,1,1,0,0,1,0,0,1,1,1,1,1,1,1,0,0,1,0,0,1,0,0,1,0,1,0,0,1,1,1,1,0.578125,-189.4289298367286,1
1,0,1,0,0,0,1,1,0,1,1,0,0,0,0,0,0,0,0,0,1,1,1,0,1,1,0,1,1,0,1,1,0,1,1,0,0,1,0,0,1,1,1,1,1,1,1,1,0,1,0,0,1,0,0,1,0,1,0,0,1,1,1,1,0.5625,-189.42859256362215,1
1,1,1,0,0,0,1,1,0,1,1,0,0,0,0,0,0,0,1,0,1,1,0,0,1,1,1,1,1,0,1,1,0,1,1,0,0,1,0,0,0,1,1,1,1,1,1,0,0,1,0,0,1,0,0,1,0,1,0,0,1,1,1,1,0.546875,-189.42856100909972,1
1,0,1,0,0,0,1,1,0,1,0,0,1,0,0,0,0,0,0,0,1,1,1,0,1,1,1,1,1,0,1,1,0,1,1,0,0,1,0,0,1,1,1,1,1,1,1,0,0,1,0,0,1,0,0,1,0,1,0,0,1,1,1,1,0.53125,-189.42836702053415,1
1,0,1,0,0,0,1,1,0,1,0,0,1,0,0,0,0,0,0,0,1,1,1,0,1,1,1,1,1,0,1,1,0,1,1,0,0,1,0,0,1,1,1,1,1,1,1,0,0,1,0,0,1,0,0,1,0,1,0,0,1,1,1,1,0.5625,-189.42836702053415,1
1,0,1,0,0,0,1,1,0,1,0,0,1,0,0,0,0,0,0,0,1,1,1,0,1,1,1,1,1,0,1,1,0,1,1,0,0,1,0,0,1,1,1,1,1,1,1,0,0,1,0,0,1,0,0,1,0,1,0,0,1,1,1,1,0.59375,-189.42836702053415,1
1,0,1,0,0,0,1,1,0,1,0,0,0,0,1,0,0,0,1,0,1,1,0,0,1,1,0,1,1,0,1,1,0,1,1,0,0,1,0,0,1,1,1,1,1,1,1,0,0,1,0,0,1,0,0,1,0,1,1,0,1,1,1,1,0.53125,-189.4282728863874,1
0,0,1,0,0,0,1,1,0,1,1,0,1,0,0,0,1,0,1,0,1,1,1,0,1,1,0,1,1,0,1,1,0,1,1,0,0,1,0,0,1,1,1,1,1,1,1,0,0,1,0,0,0,0,0,1,0,1,0,0,1,1,1,1,0.546875,-189.42827280844998,1
1,1,1,0,0,0,1,1,0,1,0,0,0,0,0,0,0,0,0,0,1,1,1,0,1,1,0,1,1,0,1,1,0,1,1,0,0,1,0,0,1,1,1,0,1,1,1,0,1,1,0,0,1,0,0,1,1,1,0,0,1,1,1,1,0.515625,-189.4282228194035,1
1,0,1,0,0,0,1,1,0,1,0,0,1,0,0,0,0,0,0,0,1,0,1,0,1,1,1,1,1,0,1,1,0,1,1,0,0,1,0,0,1,1,1,1,1,1,1,0,0,1,0,0,1,0,0,1,0,1,1,0,1,1,1,1,0.53125,-189.4282210598146,1
1,0,1,0,0,0,1,1,0,1,0,0,1,0,0,0,0,0,0,0,1,1,1,0,1,1,0,1,1,0,1,1,0,1,1,0,0,1,0,0,1,1,1,1,1,1,1,0,0,1,0,0,1,0,0,1,1,1,0,0,1,1,1,1,0.5625,-189.4279544615126,1
1,0,1,0,0,0,1,1,0,1,0,0,1,0,0,1,0,0,1,0,1,0,1,0,1,1,1,1,1,0,1,1,0,1,1,0,0,1,0,0,0,1,1,1,1,1,1,0,0,1,0,0,1,0,0,1,0,1,0,0,1,1,1,1,0.515625,-189.4279517360107,1
1,1,1,0,0,0,1,1,1,1,0,0,0,0,0,0,0,0,0,0,1,1,1,0,1,1,1,1,1,0,1,1,0,1,1,0,0,1,0,0,1,1,1,1,1,1,1,0,0,1,0,0,0,0,0,1,0,1,1,0,1,0,1,1,0.578125,-189.42789509501713,1
1,0,1,0,0,0,1,1,1,1,0,0,1,0,1,0,0,0,0,0,1,1,0,0,1,1,1,1,1,0,1,1,0,1,1,0,0,1,0,0,1,1,1,1,1,1,0,0,0,1,0,0,1,0,0,1,0,1,0,0,1,1,1,1,0.546875,-189.4278851386322,1
1,1,1,0,0,0,1,1,0,1,0,0,0,0,0,0,0,0,0,0,1,1,0,0,1,1,1,1,1,0,1,1,0,1,1,0,0,1,0,0,1,0,1,1,1,1,1,1,0,1,0,0,1,0,0,1,1,1,0,0,1,1,1,1,0.578125,-189.42786222049764,1
1,0,1,0,0,0,1,1,1,1,0,0,0,0,0,0,0,0,1,0,1,1,1,0,1,1,1,1,1,0,1,1,0,1,1,0,0,1,0,0,1,1,1,1,1,1,1,1,0,1,0,0,0,0,0,1,0,1,0,0,1,0,1,1,0.546875,-189.4278233367075,1
1,1,1,0,0,0,1,1,0,1,0,0,0,0,0,0,0,0,0,0,1,1,1,0,1,1,1,1,1,0,1,1,0,1,1,0,0,1,0,0,1,1,1,0,1,1,1,0,0,1,0,0,1,0,0,1,0,1,1,0,1,1,1,1,0.578125,-189.42778144588073,1
1,0,1,0,0,0,1,1,0,1,0,0,1,0,0,0,0,0,0,0,1,1,0,0,1,1,1,1,1,0,1,1,0,1,1,0,0,1,0,0,1,1,1,1,1,1,1,0,0,1,0,0,1,0,0,1,1,1,0,0,1,1,1,1,0.5625,-189.4277116347422,1
1,1,1,1,0,0,1,0,0,1,0,0,0,0,0,0,1,0,0,0,1,1,1,0,1,1,1,1,1,0,1,1,0,1,1,0,0,1,0,0,1,1,1,1,1,1,1,0,0,1,0,0,1,0,0,1,0,1,0,0,1,0,1,1,0.546875,-189.42757891262366,1
1,1,1,0,0,0,1,1,1,1,0,0,1,0,0,0,0,0,0,0,1,0,1,0,1,1,1,1,1,0,1,1,0,1,1,0,0,1,0,0,1,1,1,0,1,1,1,0,0,1,0,0,1,0,0,1,0,1,0,0,1,1,1,1,0.515625,-189.42752289793754,1
1,1,1,0,0,0,1,1,1,1,0,0,0,0,0,0,0,0,0,0,1,1,1,0,1,1,1,1,1,0,1,1,0,1,1,0,0,1,0,0,1,1,1,1,1,1,1,0,0,1,0,0,0,0,0,1,0,1,0,0,1,1,1,1,0.546875,-189.42744257211012,1
1,0,1,1,0,0,1,1,0,1,0,0,0,0,1,0,0,0,0,0,1,1,0,0,1,1,1,1,1,0,1,1,0,1,1,0,0,1,0,0,1,1,1,1,1,1,1,0,0,1,0,0,1,0,0,1,0,1,0,0,1,1,1,1,0.5,-189.42728361207799,1
1,1,1,0,0,0,1,1,0,1,0,0,0,0,0,0,0,0,0,0,1,1,1,0,1,1,1,1,1,0,0,1,0,1,1,0,0,1,0,0,1,1,1,1,1,1,1,0,0,1,0,0,1,0,0,1,1,1,0,0,1,1,1,1,0.546875,-189.42724774840684,1
1,1,1,0,0,0,1,1,0,1,0,0,0,0,0,0,0,0,1,0,1,1,1,0,1,1,0,1,1,0,1,1,0,1,1,0,0,1,0,0,0,1,1,1,1,1,1,1,0,1,0,0,1,0,0,1,0,1,0,0,1,1,1,1,0.5625,-189.42724394911477,1
1,0,1,0,0,0,1,1,1,1,0,0,1,0,1,0,0,0,0,0,1,1,0,0,1,1,1,1,1,0,1,1,0,1,1,0,0,1,0,0,1,1,1,1,1,1,1,0,0,1,0,0,1,0,0,1,0,1,0,0,1,1,1,0,0.5625,-189.42721978333265,1
1,1,1,0,0,0,1,0,0,1,1,0,1,0,0,0,0,0,1,0,1,1,1,0,1,1,1,1,1,0,1,1,0,1,1,0,0,1,0,0,1,1,1,0,1,1,0,0,0,1,0,0,1,0,0,1,0,1,0,0,1,1,1,1,0.53125,-189.42721492673132,1
1,0,1,0,0,0,1,1,1,1,0,0,0,0,1,0,1,0,0,0,1,1,1,0,1,1,1,1,1,0,1,1,0,1,1,0,0,1,0,0,0,1,1,1,1,1,1,0,0,1,0,0,1,0,0,1,0,1,0,0,1,0,1,1,0.5625,-189.42703915508127,1
1,1,1,0,0,0,1,0,1,1,0,0,0,0,1,0,0,0,1,0,1,1,0,0,1,1,1,1,1,0,1,1,0,1,1,0,0,1,0,0,1,1,1,0,1,1,1,0,0,1,0,0,1,0,0,1,0,1,0,0,1,1,1,1,0.546875,-189.42702723459692,1
1,1,1,0,0,0,1,1,0,1,0,0,1,0,0,0,0,0,1,0,1,1,1,0,1,1,0,1,1,0,1,1,0,1,1,0,0,1,0,0,1,1,1,1,1,1,1,0,0,1,0,0,0,0,0,1,0,1,1,0,1,0,1,1,0.515625,-189.42691739321864,1
1,1,1,0,0,0,1,1,1,1,0,0,0,0,0,0,0,0,1,0,1,1,1,0,1,1,0,1,1,0,1,1,0,1,1,0,0,1,0,0,1,1,1,1,1,1,1,0,0,1,0,0,1,0,0,1,0,1,0,0,1,0,1,1,0.546875,-189.42689593140673,1
1,0,1,0,0,0,1,1,0,1,0,0,0,0,0,0,0,0,1,0,1,1,1,0,1,1,1,1,1,0,1,1,0,1,1,0,0,1,0,0,1,1,1,1,1,1,1,0,0,1,0,0,1,0,0,1,0,1,0,0,1,1,1,1,0.5625,-189.4266977038538,1
1,1,1,0,0,0,1,1,0,1,0,0,0,0,0,0,0,0,0,0,1,1,1,0,1,1,1,1,1,0,1,1,0,1,1,0,0,1,0,0,1,0,1,1,1,1,1,0,0,1,0,0,1,0,0,1,1,1,0,0,1,1,1,1,0.546875,-189.4266491970293,1
0,1,1,0,0,0,1,1,0,1,0,0,1,0,0,0,0,0,1,0,1,1,1,0,1,1,0,1,1,0,1,1,0,1,1,0,0,1,0,0,1,0,1,1,1,1,1,0,0,1,0,0,1,0,0,1,1,1,0,0,1,1,1,1,0.5625,-189.42634828695176,1
1,1,1,0,0,0,1,1,1,1,0,0,0,0,0,0,0,0,1,0,1,0,1,0,1,1,0,1,1,0,1,1,0,1,1,0,0,1,0,0,1,1,1,1,1,1,1,0,0,1,0,0,1,0,0,1,0,1,0,0,1,1,1,1,0.5,-189.42629744778017,1
1,0,1,0,0,0,1,1,0,1,0,0,0,0,0,1,0,0,0,0,1,1,1,0,1,1,1,1,1,0,1,1,0,1,1,0,0,1,0,0,1,1,1,1,1,1,1,0,0,1,0,0,1,0,0,1,0,1,0,0,1,1,1,1,0.5625,-189.42628886610925,1
1,0,1,0,0,0,1,1,0,1,0,0,0,0,0,1,0,0,0,0,1,1,1,0,1,1,1,1,1,0,1,1,0,1,1,0,0,1,0,0,1,1,1,1,1,1,1,0,0,1,0,0,1,0,0,1,0,1,0,0,1,1,1,1,0.53125,-189.42628886610925,1
1,1,1,0,0,0,1,1,0,1,0,0,1,0,0,0,0,0,0,0,1,1,0,0,1,1,1,1,1,0,1,1,0,1,1,0,0,1,0,0,1,1,1,1,1,1,1,0,0,1,0,0,1,0,0,1,0,1,0,0,1,1,1,1,0.53125,-189.42614897738522,1
1,0,1,0,0,0,1,1,1,1,0,0,0,0,0,0,0,0,1,0,1,1,1,0,1,1,0,1,1,0,1,1,0,1,1,0,0,1,0,0,1,1,1,1,1,1,0,1,0,1,0,0,1,0,0,1,1,1,0,0,1,0,1,1,0.515625,-189.4261364535441,1
0,1,1,0,0,0,1,1,1,1,0,0,0,0,1,0,0,0,1,0,1,1,1,0,1,1,0,1,1,0,1,1,0,1,1,0,0,1,0,0,1,0,1,1,1,1,1,0,0,1,0,0,1,0,0,1,0,1,0,0,1,1,1,1,0.484375,-189.42605373215127,1
1,0,1,0,0,0,1,1,0,1,0,0,0,0,0,0,0,0,1,0,1,1,0,0,1,1,1,1,1,0,1,1,0,1,1,0,0,1,0,0,1,1,1,1,1,1,1,0,0,1,0,0,1,0,0,1,1,1,0,0,1,1,1,1,0.5625,-189.4260423180598,1
1,0,1,0,0,0,1,1,1,1,0,0,1,0,1,0,0,0,0,0,1,1,0,0,1,1,1,1,1,0,1,1,0,1,1,0,0,1,0,0,1,1,1,1,1,1,1,0,0,1,0,0,1,0,0,1,0,1,0,0,1,0,1,1,0.5625,-189.42603609460033,1
1,0,1,0,0,0,1,1,1,1,0,0,1,0,1,0,0,0,0,0,1,1,0,0,1,1,1,1,1,0,1,1,0,1,1,0,0,1,0,0,1,1,1,1,1,1,1,0,0,1,0,0,1,0,0,1,0,1,0,0,1,0,1,1,0.546875,-189.42603609460033,1
1,0,1,0,0,0,1,1,0,1,0,0,1,0,1,0,0,0,1,0,1,1,0,0,1,1,1,1,1,0,1,1,0,1,1,0,0,1,0,0,1,1,1,0,1,1,1,0,0,1,0,0,1,0,0,1,0,1,0,0,1,1,1,1,0.53125,-189.42599551161808,1
0,0,1,0,0,0,1,1,1,1,0,0,1,0,0,0,0,0,1,0,1,1,1,0,1,1,1,1,1,0,1,1,0,1,1,0,0,1,0,0,1,1,1,1,1,1,1,0,0,1,0,0,1,0,0,1,0,1,0,0,1,0,1,1,0.546875,-189.42599351023546,1
1,1,1,0,0,0,1,1,1,1,1,0,0,0,0,0,0,0,1,0,1,1,0,0,1,1,1,1,1,0,1,1,0,1,1,0,0,1,0,0,1,1,1,1,1,1,0,0,0,1,0,0,1,0,0,1,0,1,0,0,1,0,1,1,0.515625,-189.4258908561742,1
1,1,1,0,1,0,1,1,1,1,0,0,1,0,0,0,0,0,1,0,1,1,0,0,1,1,0,1,1,0,1,1,0,1,1,0,0,1,0,0,1,1,1,1,1,1,1,0,0,0,0,0,0,0,0,1,1,1,0,0,1,0,1,1,0.515625,-189.42574809022884,1
0,1,1,0,0,0,1,1,0,1,0,0,1,0,0,0,0,0,0,0,1,1,0,0,1,1,1,1,1,0,0,1,0,1,1,0,0,1,0,0,1,1,1,1,1,1,1,1,0,1,0,0,1,0,0,1,1,1,0,0,1,1,1,1,0.625,-189.4255831343273,1
1,1,1,0,0,0,1,1,0,1,1,0,1,0,0,0,1,0,0,0,1,0,0,0,1,1,1,1,1,0,1,1,0,1,1,0,0,1,0,0,1,1,1,0,1,1,1,1,0,1,0,0,0,0,0,1,0,1,0,0,1,1,1,1,0.515625,-189.42538819013026,1
1,1,1,0,0,0,1,1,0,1,1,0,1,0,0,0,0,0,0,0,1,1,0,0,1,1,1,1,1,0,1,1,0,1,1,0,0,1,0,0,1,1,1,1,1,1,0,0,0,1,0,0,1,0,0,1,0,1,0,0,1,1,1,1,0.515625,-189.425386728925,1
1,0,1,0,0,0,1,1,0,1,1,0,1,0,1,0,0,0,1,0,1,1,0,0,1,1,1,1,1,0,1,1,0,1,1,0,0,1,0,0,1,1,1,0,1,1,0,0,0,1,0,0,1,0,0,1,0,1,0,0,1,1,1,1,0.5,-189.42523326315796,1
1,0,1,0,0,0,1,1,0,1,1,0,1,0,0,0,0,0,0,0,1,1,0,0,1,1,1,1,1,0,1,1,0,1,1,0,0,1,0,0,1,1,1,1,1,1,1,0,0,1,0,0,1,0,0,1,1,1,0,0,1,0,1,1,0.59375,-189.42510034224816,1
1,0,1,0,0,0,1,0,1,1,0,0,1,0,1,0,0,0,0,0,1,1,0,0,1,1,1,1,1,0,1,1,0,1,1,0,0,1,0,0,1,1,1,1,1,1,1,0,0,1,0,0,1,0,0,1,1,1,0,0,1,0,1,1,0.5625,-189.4250760456652,1
1,1,1,0,0,0,1,1,0,1,1,0,1,0,0,0,0,0,1,0,1,0,0,0,1,1,1,1,1,0,0,1,0,1,1,0,0,1,0,0,1,1,1,1,1,1,1,0,0,1,0,0,1,0,0,1,1,1,0,0,1,0,1,1,0.578125,-189.42499088764694,1
1,0,1,0,0,0,1,1,0,1,0,0,0,0,1,0,0,0,0,0,1,1,1,0,1,1,1,1,1,0,0,1,0,1,1,0,0,1,0,0,1,1,1,1,1,1,1,0,0,1,0,0,1,0,0,1,1,1,0,0,1,1,1,1,0.5625,-189.42496142169236,1
1,1,1,0,0,0,1,1,0,1,0,0,1,0,0,0,0,0,1,0,1,1,0,0,1,1,1,1,1,0,1,1,0,1,1,0,0,1,0,0,1,1,1,1,1,1,0,0,0,1,0,0,1,0,0,1,0,1,0,0,1,1,1,1,0.546875,-189.42494771939735,1
1,1,1,0,0,0,1,1,0,1,1,0,0,0,0,0,0,0,0,0,1,1,0,0,1,1,1,1,1,0,1,1,0,1,1,0,0,1,0,0,1,1,1,1,1,1,1,0,0,1,0,0,1,0,0,1,0,1,0,0,1,1,1,1,0.546875,-189.4249186702325,1
1,0,1,0,0,0,1,1,0,1,0,0,1,0,0,0,0,0,1,0,1,1,1,0,1,1,0,1,1,0,1,1,0,1,1,0,0,1,0,0,1,1,1,1,1,1,1,0,0,1,0,0,1,0,0,1,1,1,0,0,1,0,1,1,0.578125,-189.4249041594928,1
1,1,1,0,0,0,1,1,0,1,0,0,0,0,0,0,0,0,1,0,1,1,1,0,1,1,0,1,1,0,1,1,0,1,1,0,0,1,0,0,1,1,1,1,1,1,1,0,0,1,0,0,1,0,0,1,0,1,0,0,1,1,1,1,0.578125,-189.42472248747717,1
1,1,1,0,0,0,1,1,0,1,0,0,1,0,0,0,0,0,0,0,1,1,1,0,1,1,0,1,1,0,1,1,0,1,1,0,0,1,0,0,1,1,1,0,1,1,1,1,0,1,0,0,0,0,0,1,1,1,0,0,1,1,1,1,0.546875,-189.42448756753726,1
1,1,1,0,0,0,1,1,1,1,0,0,0,0,0,0,0,0,0,0,1,1,1,0,1,1,1,1,1,0,1,1,0,1,1,0,0,1,0,0,1,1,1,1,1,1,1,0,0,1,0,0,1,0,0,1,0,1,0,0,1,0,1,1,0.515625,-189.42431920393636,1
1,1,1,0,0,0,1,1,1,1,0,0,0,0,0,0,0,0,0,0,1,1,1,0,1,1,1,1,1,0,1,1,0,1,1,0,0,1,0,0,1,1,1,1,1,1,1,0,0,1,0,0,1,0,0,1,0,1,0,0,1,0,1,1,0.515625,-189.42431920393636,1
0,0,1,0,1,0,1,1,1,1,0,0,0,0,0,0,0,0,1,0,1,1,1,0,1,1,1,1,1,0,1,1,0,1,1,0,0,1,0,0,1,1,1,1,1,1,0,0,0,1,0,0,1,0,0,1,0,1,0,0,1,1,1,1,0.53125,-189.42415932631093,1
1,0,1,0,0,0,1,1,0,1,0,0,1,0,1,0,0,0,0,0,1,1,1,0,1,1,1,1,1,0,1,1,0,1,1,0,0,1,0,0,1,1,1,0,1,1,1,0,0,1,0,0,1,0,0,1,0,1,1,0,1,0,1,1,0.5625,-189.42411413382715,1
0,0,1,0,0,0,1,1,0,1,1,0,0,0,0,0,0,0,1,0,1,1,1,0,1,1,0,1,1,0,1,1,0,1,1,0,0,1,0,0,1,1,1,1,1,1,1,1,0,1,0,0,1,0,0,1,0,1,0,0,1,1,1,1,0.578125,-189.42404560939391,1
1,0,1,0,0,0,1,1,0,1,0,0,0,0,0,0,1,0,0,0,1,1,1,0,1,1,1,1,1,0,1,1,0,1,1,0,0,1,0,0,1,1,1,1,1,1,0,0,0,1,0,0,1,0,0,1,1,1,0,0,1,1,1,1,0.53125,-189.4238710983659,1
1,0,1,0,0,0,1,1,0,1,0,0,1,0,1,0,0,0,0,0,1,1,0,0,1,1,1,1,1,0,1,1,0,1,1,0,0,1,0,0,1,1,1,1,1,1,1,0,0,1,0,0,1,0,0,1,0,1,0,0,1,1,1,1,0.59375,-189.42386265067074,1
1,0,1,0,0,0,1,1,0,1,0,0,1,0,1,0,0,0,0,0,1,1,0,0,1,1,1,1,1,0,1,1,0,1,1,0,0,1,0,0,1,1,1,1,1,1,1,0,0,1,0,0,1,0,0,1,0,1,0,0,1,1,1,1,0.5625,-189.42386265067074,1
1,0,1,0,0,0,1,1,0,1,0,0,1,0,1,0,0,0,0,0,1,1,0,0,1,1,1,1,1,0,1,1,0,1,1,0,0,1,0,0,1,1,1,1,1,1,1,0,0,1,0,0,1,0,0,1,0,1,0,0,1,1,1,1,0.578125,-189.42386265067074,1
1,1,1,0,0,0,1,1,1,1,0,0,0,0,0,0,0,0,1,0,1,0,1,0,1,1,1,1,1,0,1,1,0,1,1,0,0,1,0,0,1,1,1,1,1,1,1,0,0,1,0,0,0,0,0,1,0,1,0,0,1,1,1,1,0.53125,-189.42379378646382,1
1,1,1,0,0,0,1,1,1,1,0,0,0,0,0,0,0,0,0,0,1,0,1,0,1,1,1,1,1,0,1,1,0,1,1,0,0,1,0,0,1,1,1,1,1,1,1,0,0,1,0,0,1,0,0,1,0,1,0,0,1,1,1,1,0.53125,-189.4237207203098,1
1,1,1,0,0,0,1,1,0,1,0,0,1,0,1,0,0,0,1,0,1,0,1,0,1,1,0,1,1,0,1,1,0,1,1,0,0,1,0,0,1,0,1,1,1,1,1,0,0,1,0,0,1,0,0,1,0,1,0,0,1,1,1,1,0.515625,-189.42339747146443,1
1,1,1,0,0,0,1,1,0,1,0,0,0,0,0,0,0,0,0,0,1,1,0,0,1,1,1,1,1,0,1,1,0,1,1,0,0,1,0,0,1,1,1,1,1,1,1,1,0,1,0,0,1,0,0,1,0,1,0,0,1,1,1,1,0.546875,-189.42335878347518,1
1,1,1,0,0,0,1,1,0,1,0,0,1,0,1,0,0,0,1,0,1,1,1,0,1,1,1,1,1,0,1,1,0,1,1,0,0,1,0,0,1,0,1,1,1,1,0,0,0,1,0,0,0,0,0,1,0,1,0,0,1,1,1,1,0.59375,-189.42334133780642,1
1,1,1,0,0,0,1,0,0,1,0,0,0,0,0,0,0,0,1,0,1,1,1,0,1,1,1,1,1,0,1,1,0,1,1,0,0,1,0,0,1,1,1,0,1,1,1,0,0,1,0,0,1,0,0,1,1,1,0,0,1,1,1,1,0.5625,-189.42331857201907,1
1,0,1,0,0,0,1,1,0,1,0,0,0,0,0,1,0,0,1,0,1,0,1,0,1,1,0,1,1,0,1,1,0,1,1,0,0,1,0,0,1,1,1,0,1,1,1,1,0,1,0,0,1,0,0,1,1,1,0,0,1,1,1,1,0.515625,-189.42323950515905,1
1,1,1,0,0,0,1,1,0,1,1,0,0,0,0,0,1,0,0,0,1,1,0,0,1,1,1,1,1,0,1,1,0,1,1,0,0,1,0,0,1,1,1,1,1,1,1,0,0,1,0,0,1,0,0,1,0,1,0,0,1,0,1,1,0.53125,-189.42323230720484,1
1,1,1,0,0,0,1,1,0,1,0,0,1,0,0,0,0,0,1,0,1,1,0,0,1,1,1,1,1,0,1,1,0,1,1,0,0,1,0,0,1,1,1,1,1,1,1,0,0,1,0,0,1,0,0,1,0,1,0,0,1,0,1,1,0.578125,-189.42309867536557,1
1,0,1,0,0,0,1,1,0,1,1,0,1,0,1,0,0,0,0,0,1,1,0,0,1,1,1,1,1,0,1,1,0,1,1,0,0,1,0,0,0,1,1,1,1,1,1,0,0,1,0,0,1,0,0,1,1,1,0,0,1,1,1,0,0.5,-189.42308809928633,1
1,1,1,0,0,0,1,1,0,1,0,0,1,0,0,0,0,0,0,0,1,1,1,0,1,1,1,1,1,0,1,1,0,1,1,0,0,1,0,0,1,1,1,0,1,1,1,0,0,1,0,0,0,0,0,1,1,1,0,0,1,1,1,1,0.546875,-189.42303171729657,1
1,1,1,1,0,0,1,1,1,1,0,0,0,0,1,1,0,0,0,0,1,0,0,0,1,1,1,1,1,0,1,1,0,1,1,0,0,1,0,0,1,1,1,0,1,1,1,0,0,1,0,0,1,0,0,1,0,1,0,0,1,0,1,1,0.5625,-189.4229803497172,1
0,1,1,0,0,0,1,1,0,1,0,0,1,0,0,0,1,0,0,0,1,1,0,0,1,1,1,1,1,0,1,1,0,1,1,0,0,1,0,0,1,1,1,1,1,1,1,0,0,1,0,0,1,0,0,1,0,1,0,0,1,1,1,1,0.5625,-189.42296596214902,1
0,1,1,0,0,0,1,1,0,1,0,0,1,0,0,0,1,0,0,0,1,1,0,0,1,1,1,1,1,0,1,1,0,1,1,0,0,1,0,0,1,1,1,1,1,1,1,0,0,1,0,0,1,0,0,1,0,1,0,0,1,1,1,1,0.53125,-189.42296596214902,1
1,1,1,0,0,0,1,1,0,1,0,0,1,0,0,0,0,0,1,0,1,1,1,0,1,1,1,1,1,0,1,1,0,1,1,0,0,1,0,0,1,1,1,0,1,1,1,0,0,1,0,0,1,0,0,1,0,1,0,0,1,0,1,1,0.5625,-189.42289763561482,1
1,0,1,0,0,0,1,1,0,1,1,0,1,0,0,0,0,0,0,0,1,1,1,0,1,1,1,1,1,0,1,1,0,1,1,0,0,1,0,0,1,1,1,1,1,1,1,0,0,1,0,0,0,0,0,1,1,1,0,0,1,0,1,1,0.5625,-189.42283950770414,1
1,1,1,0,1,0,1,1,0,1,0,0,0,0,0,0,0,0,0,0,1,1,1,0,1,1,0,1,1,0,1,1,0,1,1,0,0,1,0,0,1,1,1,1,1,1,1,0,0,1,0,0,1,0,0,1,0,1,0,0,1,1,1,1,0.53125,-189.42270857620122,1
1,0,1,0,0,0,1,1,0,1,0,0,0,0,0,0,0,0,0,0,1,1,1,0,1,1,1,1,1,0,1,1,0,1,1,0,0,1,0,0,1,1,1,1,1,1,1,1,0,1,0,0,0,0,0,1,1,1,0,0,1,1,1,1,0.546875,-189.42266060628614,1
1,0,1,0,0,0,1,1,0,1,0,0,0,0,1,0,0,0,1,0,1,1,1,0,1,1,1,1,1,0,1,1,0,1,1,0,0,1,0,0,0,1,1,0,1,1,1,0,0,1,0,0,1,0,0,1,1,1,0,0,1,1,1,1,0.515625,-189.42264534661496,1
1,0,1,0,0,0,1,1,0,1,0,0,1,0,1,0,0,0,0,0,1,1,0,0,1,1,1,1,1,0,1,1,0,1,0,0,0,1,0,0,1,0,1,0,1,1,1,0,0,1,0,0,1,0,0,1,0,1,0,0,1,1,1,0,0.53125,-189.42249921389103,1
1,0,1,0,0,0,1,1,0,1,0,0,1,0,1,0,1,0,0,0,1,1,0,0,1,1,1,1,1,0,1,1,0,1,1,0,0,1,0,0,1,1,1,1,1,1,0,0,0,1,0,0,1,1,0,1,0,1,0,0,1,0,1,1,0.5,-189.42247306686164,1
1,0,1,0,0,0,1,1,0,1,1,0,0,0,0,1,0,0,0,0,1,0,0,0,1,1,1,1,1,0,1,1,0,1,1,0,0,1,0,0,1,1,1,1,1,1,1,0,0,1,0,0,1,0,0,1,1,1,0,0,1,1,1,1,0.5,-189.42242370419677,1
1,1,1,0,0,0,1,1,0,1,0,0,0,0,0,0,0,0,1,0,1,1,1,0,1,1,0,1,1,0,1,1,0,1,1,0,0,1,0,0,1,1,1,1,1,1,0,1,0,1,0,0,1,0,0,1,0,1,0,0,1,1,1,1,0.578125,-189.42240035226155,1
1,1,1,0,0,0,1,1,1,1,0,0,1,0,0,0,0,0,0,0,1,0,1,0,1,1,1,1,1,0,1,1,0,1,1,0,0,1,0,0,1,1,1,1,1,1,1,0,0,1,0,0,1,0,0,1,0,1,0,0,1,0,1,1,0.5625,-189.42233973497054,1
1,1,1,0,0,0,1,1,0,1,0,0,0,0,0,0,0,0,0,0,1,1,1,0,1,1,1,1,1,0,1,1,0,1,1,0,0,1,0,0,1,1,1,1,1,1,1,0,0,1,0,0,1,0,0,1,0,1,0,0,1,1,1,1,0.53125,-189.4221457600068,1
1,1,1,0,0,0,1,1,0,1,0,0,0,0,0,0,0,0,0,0,1,1,1,0,1,1,1,1,1,0,1,1,0,1,1,0,0,1,0,0,1,1,1,1,1,1,1,0,0,1,0,0,1,0,0,1,0,1,0,0,1,1,1,1,0.546875,-189.4221457600068,1
1,1,1,0,0,0,1,1,0,1,0,0,0,0,0,0,0,0,0,0,1,1,1,0,1,1,1,1,1,0,1,1,0,1,1,0,0,1,0,0,1,1,1,1,1,1,1,0,0,1,0,0,1,0,0,1,0,1,0,0,1,1,1,1,0.546875,-189.4221457600068,1
1,0,1,0,0,0,1,1,0,1,0,0,0,0,0,0,0,0,1,0,1,1,1,0,1,1,1,1,1,0,1,1,0,1,1,0,0,1,0,0,1,1,1,1,1,1,1,0,0,1,0,0,1,0,0,1,1,1,0,0,1,1,1,0,0.578125,-189.42184180407435,1
1,1,1,0,0,0,1,1,0,1,0,0,0,0,0,0,0,0,1,0,1,1,1,0,1,1,0,1,1,0,1,1,0,1,1,0,0,1,0,0,1,1,1,1,1,1,1,0,0,1,0,0,0,0,0,1,1,1,0,0,1,1,1,1,0.578125,-189.4218062671392,1
1,0,1,0,0,0,1,1,0,1,0,0,1,0,0,0,0,0,1,0,1,0,1,0,1,1,1,1,1,0,1,1,0,1,1,0,0,1,0,0,1,1,1,1,1,1,1,0,0,1,0,0,0,0,0,1,1,1,0,0,1,1,1,1,0.546875,-189.4218020145499,1
1,1,1,0,0,0,1,1,0,1,1,0,1,0,1,0,0,0,0,0,1,1,0,0,1,1,0,1,1,0,1,1,0,1,1,0,0,1,0,0,0,1,1,1,1,1,0,0,0,1,0,0,1,0,0,1,1,1,0,0,1,1,1,1,0.53125,-189.42177823820919,1
1,1,1,0,0,0,1,1,0,1,0,0,0,0,0,0,0,0,0,0,1,1,1,0,1,1,0,1,1,0,1,1,0,1,1,0,0,1,0,0,1,1,1,1,1,1,1,0,0,1,0,0,1,0,0,1,1,1,0,0,1,1,1,1,0.546875,-189.42173320098524,1
1,1,1,0,0,0,1,1,0,1,0,0,1,0,1,0,0,0,0,0,1,1,1,0,1,1,0,1,1,0,1,1,0,1,1,0,0,1,0,0,1,1,1,0,1,1,1,0,0,1,0,0,1,0,0,1,0,1,0,0,1,1,1,1,0.53125,-189.42168639454354,1
0,0,1,0,0,0,1,1,0,1,0,0,1,0,1,0,0,0,1,0,1,1,1,0,1,1,1,1,1,0,1,1,0,1,1,0,0,1,0,0,0,1,1,0,1,1,1,1,0,1,0,0,1,0,0,1,0,1,0,0,1,1,1,1,0.53125,-189.42163611832947,1
1,0,1,0,0,0,1,1,1,1,0,0,0,0,1,0,1,0,0,0,1,0,1,0,1,1,1,1,1,0,1,1,0,1,1,0,0,1,0,0,1,1,1,1,1,1,0,0,0,1,0,0,1,0,0,1,0,1,0,0,1,1,1,1,0.515625,-189.42159707459956,1
1,0,1,0,0,0,1,1,0,1,0,0,1,0,1,0,0,0,1,0,1,1,0,0,1,1,1,1,1,0,1,1,0,1,1,0,0,1,0,0,0,1,1,1,1,1,1,0,0,1,0,0,1,0,0,1,1,1,0,0,1,0,1,1,0.515625,-189.42146540102627,1
0,0,1,0,0,0,1,1,0,1,1,0,0,0,0,0,0,0,0,0,1,1,0,0,1,1,1,1,1,0,0,1,0,1,1,0,0,1,0,0,1,1,1,1,1,1,1,0,0,1,0,0,1,0,0,1,0,1,0,0,1,0,1,1,0.5625,-189.4214609968582,1
1,0,1,0,0,0,1,1,0,1,1,0,0,0,1,0,0,0,1,0,1,1,0,0,1,1,1,1,1,0,1,1,0,1,1,0,0,1,0,0,1,1,1,1,1,1,0,0,0,1,0,0,1,0,0,1,0,1,0,0,1,1,1,1,0.5,-189.4214310855302,1
1,1,1,0,0,0,1,1,0,1,0,0,0,0,1,0,1,0,0,0,1,1,0,0,1,1,1,1,1,0,1,1,0,1,1,0,0,1,0,0,1,1,1,0,1,1,1,0,0,1,0,0,1,0,0,1,0,1,0,0,1,1,1,1,0.53125,-189.42113819008466,1
1,0,1,0,0,0,1,1,0,1,1,0,0,0,1,0,0,0,1,0,1,1,0,0,1,1,0,1,1,0,1,1,0,1,1,0,0,1,0,0,1,1,1,1,1,1,0,0,0,1,0,0,1,0,0,1,1,1,0,0,1,1,1,1,0.4375,-189.42101852650856,1
1,0,1,0,0,0,1,1,0,1,0,0,1,0,1,0,0,0,1,0,1,1,0,0,1,1,1,1,1,0,1,1,0,1,1,0,0,1,0,0,1,1,1,1,1,1,1,0,0,1,0,0,1,0,0,1,0,1,0,0,1,0,1,1,0.5625,-189.4208123486511,1
1,1,1,0,0,0,1,1,0,1,0,0,1,0,0,0,0,0,0,0,1,1,1,0,1,1,1,1,1,0,1,1,0,1,1,0,0,1,0,0,1,1,1,1,1,1,1,0,0,1,0,0,1,0,0,1,0,1,0,0,1,0,1,1,0.5625,-189.4207647746676,1
0,1,1,0,0,0,1,1,1,1,0,0,0,0,1,0,0,0,1,0,1,1,1,0,1,1,0,1,1,0,1,1,0,1,1,0,0,1,0,0,1,1,1,0,1,1,1,0,0,1,0,0,1,0,0,1,0,1,0,0,1,1,1,1,0.53125,-189.42069386958406,1
0,0,1,0,0,0,1,1,1,1,0,0,1,0,1,0,0,0,1,0,1,1,1,0,1,1,1,1,1,0,1,1,0,1,1,0,0,1,0,0,1,1,1,0,1,0,1,0,0,1,0,0,1,0,0,1,0,1,1,0,1,0,1,1,0.5625,-189.42066665936838,1
1,0,1,0,0,0,1,1,0,1,0,0,0,0,1,0,1,0,1,0,1,1,0,0,1,1,1,1,1,0,1,1,0,1,1,0,0,1,0,0,1,1,1,1,1,1,1,0,0,1,0,0,1,0,0,1,0,1,0,0,1,0,1,1,0.5625,-189.42050697096275,1
1,0,1,0,0,0,1,1,0,1,1,0,0,0,0,0,0,0,0,0,1,0,1,0,1,1,1,1,1,0,1,1,0,1,1,0,0,1,0,0,1,1,1,1,1,1,1,0,0,1,0,0,1,0,0,1,1,1,0,0,1,1,1,1,0.546875,-189.42049864124323,1
1,0,1,0,0,0,1,1,0,1,0,0,1,0,1,0,0,0,0,0,1,1,0,0,1,1,0,1,1,0,1,1,0,1,1,0,0,1,0,0,1,1,1,1,1,1,1,1,0,1,0,0,1,0,0,1,1,1,0,0,1,1,1,0,0.5,-189.42046260113204,1
1,1,1,0,0,0,1,1,0,1,0,0,0,0,1,0,0,0,0,0,1,1,0,0,1,1,1,1,1,0,1,1,0,1,1,0,0,1,0,0,1,1,1,0,1,1,1,0,0,1,0,0,0,0,0,1,1,1,1,0,1,1,1,1,0.53125,-189.42036085567943,1
1,1,1,0,0,0,1,1,0,1,0,0,0,0,0,0,0,0,1,0,1,1,0,0,1,1,1,1,1,0,1,1,0,1,1,0,0,1,0,0,1,1,1,1,1,1,0,0,0,1,0,0,1,0,0,1,1,1,0,0,1,1,1,1,0.5,-189.42028911622495,1
1,1,1,0,0,0,1,1,0,1,0,0,1,0,0,0,0,0,0,0,1,0,1,0,1,1,1,1,1,0,1,1,0,1,1,0,0,1,0,0,1,1,1,1,1,1,1,0,0,1,0,0,1,0,0,1,0,1,0,0,1,1,1,1,0.5625,-189.42016629104103,1
1,1,1,0,0,0,1,1,0,1,0,0,1,0,0,0,0,0,0,0,1,0,1,0,1,1,1,1,1,0,1,1,0,1,1,0,0,1,0,0,1,1,1,1,1,1,1,0,0,1,0,0,1,0,0,1,0,1,0,0,1,1,1,1,0.53125,-189.42016629104103,1
0,0,1,0,1,0,1,1,1,1,1,0,0,0,1,0,0,0,0,0,1,1,0,0,1,1,1,1,1,0,1,1,0,1,1,0,0,1,0,0,1,1,1,1,1,1,0,0,0,1,0,0,1,0,0,1,0,1,0,0,1,1,1,1,0.53125,-189.4200939659753,1
1,1,1,0,0,0,1,1,0,1,0,0,0,0,1,0,0,0,1,0,1,1,1,0,1,1,0,1,1,0,1,1,0,1,1,0,0,1,0,0,1,1,1,0,1,1,1,0,0,1,0,0,1,0,0,1,0,1,0,0,1,1,1,1,0.53125,-189.42001707786312,1
1,0,1,0,0,0,1,1,0,1,0,0,0,0,1,0,0,0,0,0,1,1,1,0,1,1,0,1,1,0,1,1,0,1,1,0,0,1,0,0,1,1,1,1,1,1,1,0,0,1,0,0,1,0,0,1,1,1,0,0,1,1,1,1,0.546875,-189.41944687427082,1
1,1,1,0,1,0,1,1,0,1,0,0,0,0,0,0,0,0,1,0,1,1,0,0,1,1,1,1,1,0,1,1,0,1,1,0,0,1,0,0,1,1,1,1,1,1,1,0,0,1,0,0,1,0,0,1,0,1,0,0,1,0,1,1,0.578125,-189.41941544740916,1
0,0,1,0,0,0,1,1,1,1,0,0,0,0,1,0,0,0,1,0,1,1,1,0,1,1,1,1,1,0,1,1,0,1,1,0,0,1,0,0,1,1,1,1,1,1,0,0,0,1,0,0,1,0,0,1,0,1,0,0,1,1,1,1,0.53125,-189.41933496702552,1
1,0,1,0,0,0,1,1,0,1,0,0,0,0,1,0,0,0,0,0,1,1,0,0,1,1,1,1,1,0,1,1,0,1,1,0,0,1,0,0,1,1,1,1,1,1,1,0,0,1,0,0,1,0,0,1,1,1,0,0,1,1,1,1,0.5625,-189.41920404750044,1
1,0,1,0,0,0,1,1,0,1,0,0,0,0,1,0,0,0,0,0,1,1,0,0,1,1,1,1,1,0,1,1,0,1,1,0,0,1,0,0,1,1,1,1,1,1,1,0,0,1,0,0,1,0,0,1,1,1,0,0,1,1,1,1,0.5625,-189.41920404749843,1
1,1,1,0,0,0,1,1,0,1,0,0,0,0,0,0,0,0,1,0,1,0,1,0,1,1,1,1,1,0,1,1,0,1,1,0,0,1,0,0,0,1,1,1,1,1,1,0,0,1,0,0,1,0,0,1,1,1,0,0,1,1,1,1,0.59375,-189.41915002673582,1
1,1,1,0,0,0,1,1,0,1,0,0,0,0,0,0,0,0,1,0,1,1,1,0,1,1,1,1,1,0,1,1,0,1,1,0,0,1,0,0,1,1,1,1,1,1,1,0,0,1,0,0,1,0,0,1,0,1,0,0,1,0,1,1,0.578125,-189.41909545798714,1
1,1,1,0,0,0,1,1,0,1,0,0,0,0,1,0,0,0,1,0,1,1,1,0,1,1,1,1,1,0,1,1,0,1,1,0,0,1,0,0,0,1,1,1,1,1,1,0,0,1,0,0,0,0,0,1,0,1,0,0,1,1,1,1,0.5,-189.41902289446676,1
0,1,1,0,0,0,1,1,0,1,1,0,1,0,0,0,0,0,1,0,1,1,0,0,1,1,1,1,1,0,1,1,0,1,1,0,0,1,0,0,1,1,1,1,1,1,1,0,0,1,0,0,1,0,0,1,0,1,0,0,1,0,1,1,0.578125,-189.41899073066497,1
0,0,1,0,0,0,1,1,0,1,0,0,1,0,1,1,0,0,1,0,1,1,0,0,1,1,1,1,1,0,1,1,0,1,1,0,0,1,0,0,1,1,1,1,1,1,1,0,0,1,0,0,0,0,0,1,0,1,0,0,1,1,1,1,0.5625,-189.41897992485204,1
1,1,1,0,0,0,1,1,0,1,1,0,0,0,0,0,0,0,0,0,1,1,0,0,1,1,1,1,1,0,1,1,0,1,1,0,0,1,0,0,1,1,1,1,1,1,1,0,0,1,0,0,1,0,0,1,1,1,0,0,1,0,1,1,0.5625,-189.41887908172083,1
0,0,1,0,0,0,1,1,1,1,0,0,0,0,1,0,0,0,1,0,1,1,0,0,1,1,1,1,1,0,1,1,0,1,1,0,0,1,0,0,1,1,1,1,1,1,0,0,0,1,0,0,1,0,0,1,1,1,0,0,1,1,1,1,0.5625,-189.41867958123146,1
1,1,1,0,0,0,1,0,0,1,0,0,0,0,1,0,1,0,1,0,1,1,0,0,1,1,1,1,1,0,1,1,0,1,1,0,0,1,0,0,0,1,1,1,1,1,1,0,0,1,0,0,1,0,0,1,1,1,0,0,1,0,1,1,0.53125,-189.41863731704782,1
1,1,1,0,0,0,1,1,0,1,0,0,1,0,1,0,1,0,0,0,1,1,1,0,0,1,1,1,1,0,1,1,0,1,1,0,0,1,0,0,1,1,1,1,1,1,0,0,0,1,0,0,1,0,0,1,0,1,0,0,1,1,1,0,0.5,-189.4185784583531,1
1,1,1,0,0,0,1,1,0,1,0,0,0,0,1,0,1,0,1,0,1,1,0,0,1,1,0,1,1,0,1,1,0,1,1,0,0,1,0,0,1,1,1,1,1,1,1,0,0,1,0,0,1,0,0,1,0,1,0,0,1,0,1,1,0.546875,-189.41853175458616,1
1,1,1,0,0,0,1,1,0,1,0,0,0,0,1,0,0,0,0,0,1,1,0,0,1,1,1,1,1,0,1,1,0,1,1,0,0,1,0,0,0,1,1,1,1,1,1,0,0,1,0,0,1,0,0,1,1,1,0,0,1,1,1,1,0.578125,-189.41829444251871,1
1,0,1,0,0,0,1,1,0,1,0,0,0,0,1,1,0,0,0,0,1,1,1,0,1,1,1,1,1,0,1,1,0,1,1,0,0,1,0,0,1,1,1,1,1,1,0,0,0,1,0,0,1,0,0,1,0,1,0,0,1,1,1,1,0.5625,-189.41824933756,1
1,1,1,0,0,0,1,1,0,1,0,0,1,0,1,0,0,0,0,0,1,1,0,0,1,1,1,1,1,0,1,1,0,1,1,0,0,1,0,0,1,1,1,1,1,1,0,0,0,1,0,0,1,0,0,1,0,1,0,0,1,1,1,1,0.515625,-189.41810944883608,1
1,0,1,0,0,0,1,1,0,1,0,0,0,0,1,0,0,0,1,0,1,1,0,0,1,1,1,1,1,0,1,1,0,1,1,0,0,1,0,0,1,1,1,1,1,1,0,0,0,1,0,0,1,0,0,1,1,1,0,0,1,1,1,1,0.546875,-189.41800278951052,1
1,1,1,0,0,0,1,1,0,1,0,0,0,0,0,0,0,0,0,0,1,1,1,0,1,1,1,1,1,0,1,1,0,1,1,0,0,1,0,0,1,1,1,1,1,1,0,0,0,1,0,0,1,0,0,1,1,1,0,0,1,1,1,1,0.5625,-189.41795521552694,1
1,1,1,0,0,0,1,1,0,1,1,0,0,0,0,0,0,0,0,0,1,1,0,0,1,1,1,1,1,0,1,1,0,1,1,0,0,1,0,0,1,1,1,1,1,1,1,1,0,1,0,0,0,0,0,1,1,1,0,0,1,0,1,1,0.5625,-189.41783127064505,1
1,1,1,0,0,0,1,1,0,1,0,0,1,0,1,0,1,0,0,0,1,1,0,0,1,1,1,1,1,0,1,1,0,1,1,0,0,1,0,0,1,1,1,1,1,1,1,0,0,1,0,0,0,0,0,1,0,1,0,0,1,0,1,1,0.546875,-189.41769740995022,1
1,1,1,0,0,0,1,0,0,1,0,0,1,0,1,0,0,0,1,0,1,0,0,0,1,1,1,1,1,0,1,1,0,1,1,0,0,1,0,0,1,1,1,1,1,1,1,0,0,1,0,0,1,0,0,1,0,1,0,0,1,1,1,1,0.578125,-189.41769115873453,1
1,1,1,0,0,0,1,1,0,1,0,0,0,0,1,0,0,0,0,0,1,1,0,0,1,1,1,1,1,0,1,1,0,1,1,0,0,1,0,0,1,1,1,1,1,1,1,0,0,1,0,0,1,0,0,1,0,1,0,0,1,1,1,1,0.5625,-189.4176413901435,1
1,1,1,0,0,0,1,1,0,1,0,0,0,0,1,0,0,0,0,0,1,1,0,0,1,1,1,1,1,0,1,1,0,1,1,0,0,1,0,0,1,1,1,1,1,1,1,0,0,1,0,0,1,0,0,1,0,1,0,0,1,1,1,1,0.546875,-189.4176413901435,1
1,1,1,0,0,0,1,1,0,1,0,0,0,0,1,0,0,0,0,0,1,1,1,0,1,1,1,1,1,0,1,1,0,1,1,0,0,1,0,0,1,1,1,0,1,1,1,0,0,1,0,0,1,0,0,1,0,1,0,0,1,1,1,1,0.53125,-189.41744035039275,1
1,1,1,0,0,0,1,1,0,1,0,0,0,0,1,0,0,0,0,0,1,1,1,0,1,1,1,1,1,0,0,1,0,1,1,0,0,1,0,0,1,1,1,1,1,1,1,0,0,1,0,0,1,0,0,1,1,1,0,0,1,0,1,1,0.515625,-189.4173591758258,1
1,1,1,0,0,0,1,1,0,1,0,0,1,0,0,0,1,0,0,0,1,1,0,0,1,1,1,1,1,0,1,1,0,1,1,0,0,1,0,0,1,1,1,1,1,0,1,0,0,1,0,0,1,0,0,1,1,1,0,0,1,0,1,1,0.546875,-189.41734906168563,1
1,1,1,0,0,0,1,1,0,1,0,0,0,0,0,0,0,0,0,0,1,1,0,0,1,1,1,1,1,0,1,1,0,1,1,0,0,1,0,0,1,1,1,1,1,1,1,1,0,1,0,0,1,0,0,1,1,1,0,0,1,0,1,1,0.546875,-189.41731919496345,1
1,1,1,0,0,0,1,1,0,1,1,0,0,0,1,0,0,0,0,0,1,1,0,0,1,1,1,1,1,0,0,1,0,1,1,0,0,1,0,0,1,1,1,1,1,1,1,1,0,1,0,0,1,0,0,1,1,1,0,0,1,0,1,0,0.515625,-189.41714459553432,1
1,1,1,0,0,0,1,0,0,1,0,0,1,0,0,1,1,0,0,0,1,0,1,0,1,1,1,1,1,0,1,1,0,1,1,0,0,1,0,0,1,1,1,1,1,1,0,0,0,1,0,0,1,0,0,1,1,1,0,0,1,1,1,0,0.515625,-189.41709347207816,1
1,1,1,0,1,0,1,1,0,1,0,0,0,0,0,0,0,0,0,0,1,1,1,0,1,1,1,1,1,0,1,1,0,1,1,0,0,1,0,0,1,1,1,1,1,1,1,0,0,1,0,0,1,0,0,1,0,1,0,0,1,0,1,1,0.53125,-189.41708154671122,1
1,0,1,0,0,0,1,1,0,1,0,0,1,0,1,1,0,0,0,0,1,1,1,0,1,1,1,1,1,0,1,1,0,1,1,0,0,1,0,0,1,1,1,1,1,1,0,0,0,1,0,0,1,0,0,1,0,1,0,0,1,0,1,1,0.546875,-189.4168683522208,1
1,1,1,0,0,0,1,1,0,1,1,0,1,0,1,0,0,0,0,0,1,1,0,0,1,1,1,1,1,0,1,1,0,1,1,0,0,1,0,0,1,1,1,1,1,1,1,0,0,1,0,0,0,0,0,1,0,1,0,0,1,0,1,1,0.515625,-189.41677248048583,1
1,1,1,0,0,0,1,1,0,1,0,0,0,0,1,1,0,0,1,0,1,1,0,0,1,1,0,1,1,0,1,1,0,1,1,0,0,1,0,0,1,1,1,1,1,1,1,0,0,1,0,0,1,0,0,1,0,1,0,0,1,0,1,1,0.515625,-189.41675897784964,1
1,0,1,0,0,0,1,1,0,1,0,0,1,0,1,0,0,0,0,0,1,1,0,0,1,1,1,1,1,0,1,1,0,1,1,0,0,1,0,0,1,1,1,1,1,0,1,0,0,1,0,0,1,0,0,1,1,1,0,0,1,1,1,1,0.5625,-189.41674909799886,1
1,1,1,0,0,0,1,1,0,1,0,0,1,0,0,0,0,0,1,0,1,0,0,0,1,1,1,1,1,0,1,1,0,1,1,0,0,1,0,0,1,1,1,1,1,1,1,0,0,1,0,0,1,0,0,1,1,1,0,0,1,0,1,1,0.53125,-189.4164606032291,1
0,0,1,0,0,0,1,1,0,1,0,0,1,0,1,0,0,0,1,0,1,1,0,0,1,1,1,1,1,0,1,1,0,1,1,0,0,1,0,0,1,1,1,1,1,1,1,0,0,1,0,0,0,0,0,1,1,1,0,0,1,1,1,1,0.5625,-189.41639947610454,1
0,1,1,0,0,0,1,1,0,1,0,0,1,0,0,0,0,0,0,0,1,1,1,0,1,1,1,1,1,0,1,1,0,1,1,0,0,1,0,0,1,1,1,1,1,1,1,0,0,1,0,0,0,0,0,1,1,1,0,0,1,1,1,1,0.578125,-189.416351902121,1
0,1,1,0,0,0,1,1,0,1,0,0,1,0,1,0,1,0,1,0,1,1,0,0,1,1,0,1,1,0,1,1,0,1,1,0,0,1,0,0,0,1,1,1,1,1,1,0,0,1,0,0,1,0,0,1,1,1,0,0,1,0,1,1,0.53125,-189.41630716941344,1
1,1,1,0,0,0,1,1,0,1,0,0,1,0,1,0,0,0,0,0,1,1,0,0,1,1,1,1,1,0,1,1,0,1,1,0,0,1,0,0,1,1,1,1,1,1,1,0,0,1,0,0,1,0,0,1,0,1,0,0,1,0,1,1,0.515625,-189.41626040480418,1
1,0,1,0,0,0,1,1,0,1,0,0,0,0,1,0,0,0,1,0,1,0,1,0,1,1,1,1,1,0,1,1,0,1,1,0,0,1,0,0,1,1,1,1,1,1,1,0,0,1,0,0,1,0,0,1,0,1,0,0,1,1,1,1,0.53125,-189.41621064764618,1
1,1,1,0,0,0,1,1,0,1,0,0,0,0,0,0,0,0,1,0,1,1,1,0,1,1,1,1,1,0,1,1,0,1,1,0,0,1,0,0,1,1,1,1,1,1,1,0,0,1,0,0,0,0,0,1,1,1,0,0,1,0,1,1,0.5625,-189.41617923764912,1
1,0,1,0,0,0,1,1,0,1,0,0,0,0,1,0,0,0,1,0,1,1,0,0,1,1,1,1,1,0,1,1,0,1,1,0,0,1,0,0,1,1,1,1,1,1,1,0,0,1,0,0,1,0,0,1,1,1,0,0,1,0,1,1,0.53125,-189.4161537454787,1
1,1,1,0,0,0,1,1,0,1,0,0,0,0,0,0,0,0,0,0,1,1,1,0,1,1,1,1,1,0,1,1,0,1,1,0,0,1,0,0,1,1,1,1,1,1,1,0,0,1,0,0,1,0,0,1,1,1,0,0,1,0,1,1,0.546875,-189.41610617149513,1
1,1,1,0,0,0,1,1,0,1,0,0,0,0,1,0,1,0,0,0,1,1,0,0,1,1,1,1,1,0,1,1,0,1,1,0,0,1,0,0,1,1,1,1,1,1,1,0,0,1,0,0,1,0,0,1,0,1,0,0,1,0,1,1,0.53125,-189.4159550271158,1
1,1,1,0,0,0,1,1,0,1,0,0,0,0,0,0,0,0,0,0,1,0,1,0,1,1,1,1,1,0,1,1,0,1,1,0,0,1,0,0,1,1,1,1,1,1,1,0,0,1,0,0,1,0,0,1,1,1,0,0,1,1,1,1,0.546875,-189.41550768786865,1
1,1,1,0,0,0,1,1,0,1,0,0,1,0,1,0,0,0,0,0,1,1,0,0,1,1,1,1,1,0,1,1,0,1,1,0,0,1,0,0,1,1,1,0,1,1,1,0,0,1,0,0,1,0,0,1,1,1,0,0,1,0,1,1,0.578125,-189.4154039792594,1
1,1,1,0,0,0,1,1,1,1,0,0,0,0,1,0,0,0,0,0,1,0,0,0,1,1,1,1,1,0,1,1,0,1,1,0,0,1,0,0,1,1,1,1,1,1,0,0,0,1,0,0,1,0,0,1,1,1,0,0,1,1,1,1,0.546875,-189.41502580596662,1
1,1,1,0,0,0,1,1,0,1,1,0,0,0,1,0,0,0,0,0,1,1,1,0,1,1,1,1,1,0,1,1,0,1,1,0,0,1,0,0,1,1,1,0,1,1,1,0,0,1,0,0,1,0,0,1,0,1,0,0,1,0,1,1,0.546875,-189.41482905790073,1
1,0,1,0,1,0,1,1,0,1,0,0,0,0,1,0,0,0,0,0,1,1,1,0,1,1,1,1,1,0,1,1,0,1,1,0,0,1,0,0,1,1,1,1,1,1,1,0,0,1,0,0,1,0,0,1,0,1,0,0,1,0,1,1,0.5625,-189.4147952199968,1
0,1,1,0,0,0,1,1,0,1,0,0,1,0,1,0,0,0,0,0,1,1,0,0,1,1,1,1,1,0,1,1,0,1,1,0,0,1,0,0,1,1,1,1,1,1,1,0,0,1,0,0,1,0,0,1,0,1,0,0,1,1,1,1,0.578125,-189.41476375259566,1
1,1,1,0,0,0,1,1,0,1,0,0,1,0,0,0,0,0,1,0,1,1,1,0,1,1,1,1,1,0,1,1,0,1,1,0,0,1,0,0,1,1,1,1,1,1,0,0,0,1,0,0,1,0,0,1,1,1,0,0,1,0,1,0,0.53125,-189.41470761690033,1
0,1,1,0,0,0,1,1,0,1,0,0,1,0,1,0,0,0,0,0,1,0,0,0,1,1,1,1,1,0,1,1,0,1,1,0,0,1,0,0,1,1,1,1,1,1,1,0,0,1,0,0,1,0,0,1,0,1,1,0,1,1,1,1,0.515625,-189.41461779187605,1
0,1,1,0,0,0,1,1,0,1,0,0,1,0,1,0,0,0,0,0,1,1,1,0,1,1,1,1,1,0,1,1,0,1,1,0,0,1,0,0,1,1,1,0,1,1,1,0,0,1,0,0,1,0,0,1,0,1,0,0,1,1,1,1,0.59375,-189.41456271284494,1
1,1,1,0,0,0,1,1,0,1,0,0,1,0,1,0,0,0,0,0,1,1,1,0,1,1,1,1,1,0,1,1,0,1,1,0,0,1,0,0,1,1,1,1,1,1,1,0,0,1,0,0,0,0,0,1,0,1,0,0,1,0,1,1,0.546875,-189.41399957026024,1
0,1,1,0,0,0,1,0,0,1,0,0,0,0,1,1,0,0,0,0,1,1,0,0,1,1,1,1,1,0,1,1,0,1,1,0,0,1,0,0,1,1,1,1,1,1,1,1,0,1,0,0,1,0,0,1,0,1,0,0,1,1,1,1,0.578125,-189.41359395849804,1
0,0,1,0,0,0,1,1,0,1,0,0,1,0,1,0,0,0,1,0,1,0,1,0,1,1,1,1,1,0,1,1,0,1,1,0,0,1,0,0,1,1,1,1,1,1,1,0,0,1,0,0,1,0,0,1,0,1,0,0,1,1,1,1,0.5625,-189.41333301009834,1
1,0,1,0,1,0,1,0,0,1,0,0,0,0,1,0,0,0,1,0,1,1,0,0,1,1,1,1,1,0,1,1,0,1,1,0,0,1,0,0,1,1,1,1,1,1,1,1,0,1,0,0,1,0,0,1,1,1,0,0,1,0,1,0,0.5625,-189.4131815812427,1
1,1,1,0,0,0,1,1,0,1,1,0,1,0,1,0,0,0,0,0,1,0,0,0,1,1,1,1,1,0,1,1,0,1,1,0,0,1,0,0,1,1,1,1,1,1,1,0,0,1,0,0,1,0,0,1,0,1,0,0,1,0,1,1,0.53125,-189.4130506286856,1
1,1,1,0,0,0,1,1,0,1,1,0,0,0,0,0,0,0,1,0,1,0,1,0,1,1,1,1,1,0,1,1,0,1,1,0,0,1,0,0,1,1,1,1,1,1,1,0,0,1,0,0,0,0,0,1,1,1,0,0,1,0,1,1,0.5625,-189.41296946153054,1
1,1,1,0,0,0,1,1,0,1,0,0,0,0,0,0,0,0,1,0,1,0,1,0,1,1,1,1,1,0,1,1,0,1,1,0,0,1,0,0,1,1,1,1,1,1,1,0,0,1,0,0,1,0,0,1,1,1,0,0,1,0,1,1,0.484375,-189.41245738584888,1
1,1,1,0,0,0,1,1,0,1,0,0,0,0,1,0,0,0,1,0,1,1,1,0,1,1,1,1,1,0,1,1,0,1,1,0,0,1,0,0,1,1,1,1,1,1,1,0,0,1,0,0,0,0,0,1,0,1,0,0,1,0,1,1,0.578125,-189.4123302535815,1
1,1,1,0,0,0,1,1,0,1,0,0,0,0,1,0,0,0,0,0,1,1,1,0,1,1,1,1,1,0,1,1,0,1,1,0,0,1,0,0,1,1,1,1,1,1,1,0,0,1,0,0,1,0,0,1,0,1,0,0,1,0,1,1,0.53125,-189.41225718742584,1
1,1,1,0,0,0,1,1,0,1,0,0,0,0,1,0,0,0,0,0,1,1,1,0,1,1,1,1,1,0,1,1,0,1,1,0,0,1,0,0,1,1,1,1,1,1,1,0,0,1,0,0,1,0,0,1,0,1,0,0,1,0,1,1,0.546875,-189.41225718742584,1
1,1,1,0,0,0,1,1,0,1,0,0,0,0,1,0,0,0,0,0,1,1,0,0,1,1,1,1,1,0,1,1,0,1,1,0,0,1,0,0,1,1,1,1,1,1,1,0,0,1,0,0,1,0,0,1,1,1,0,0,1,0,1,1,0.5625,-189.41160180163178,1
1,1,1,0,0,0,1,1,0,1,0,0,0,0,1,0,0,0,0,0,1,1,1,0,1,1,1,1,1,0,1,1,0,1,1,0,0,1,0,0,1,1,1,0,1,1,1,0,0,1,0,0,1,0,0,1,1,1,0,0,1,0,1,1,0.59375,-189.41140076188103,1
0,0,1,0,0,0,1,1,0,1,0,0,1,0,1,0,0,0,0,0,1,1,1,0,1,1,1,1,1,0,1,1,0,1,1,0,0,1,0,0,1,1,1,1,1,1,1,0,0,1,0,0,1,0,0,1,1,1,0,0,1,0,1,1,0.578125,-189.4109422072329,1
1,1,1,0,0,0,1,1,0,1,0,0,1,0,1,0,0,0,0,0,1,0,1,0,1,1,1,1,1,0,1,1,0,1,1,0,0,1,0,0,1,1,1,1,1,1,1,0,0,1,0,0,1,0,0,1,0,1,0,0,1,0,1,1,0.5625,-189.41027771845995,1
0,0,1,0,0,0,1,1,0,1,0,0,0,0,0,0,0,0,0,0,1,0,1,0,1,1,1,1,1,0,1,1,0,1,1,0,0,1,0,0,1,1,1,1,1,1,1,0,0,1,0,0,0,0,0,1,0,1,0,0,1,1,1,1,0.484375,-189.41007139426816,1
1,1,1,0,0,0,1,1,0,1,0,0,0,0,1,0,0,0,1,0,1,1,0,0,1,1,1,1,1,0,1,1,0,1,1,0,0,1,0,0,1,1,1,1,1,0,1,1,0,1,0,0,1,0,0,1,0,1,0,0,1,0,1,1,0.5,-189.40934594471415,1
1,1,1,0,0,0,1,1,0,1,1,0,1,0,1,0,0,0,0,0,1,0,0,0,1,1,1,1,1,0,1,1,0,1,1,0,0,1,0,0,1,1,1,1,1,1,0,0,0,1,0,0,1,0,0,1,1,1,0,0,1,0,1,1,0.59375,-189.40886008420574,1
0,1,1,0,0,0,1,1,0,1,0,0,1,0,1,0,0,0,0,0,1,1,1,0,1,1,1,1,1,0,1,1,0,1,1,0,0,1,0,0,1,1,1,1,1,1,1,0,0,1,0,0,1,0,0,1,1,1,0,0,1,0,1,0,0.53125,-189.40452365009858,1
1,0,1,0,0,0,1,1,1,1,1,0,0,0,0,0,1,0,1,0,1,1,1,0,1,1,1,1,1,0,1,1,0,1,1,0,0,1,0,0,0,0,1,1,1,1,1,0,0,1,0,0,1,0,0,1,0,1,0,0,1,1,1,1,0.53125,-188.51871615104818,1
1,0,1,0,0,0,1,1,0,1,0,0,1,0,0,0,1,0,1,0,1,1,0,0,1,1,1,1,1,0,0,1,0,1,1,0,0,1,0,0,0,1,1,1,1,1,1,1,0,1,0,0,1,0,0,1,1,1,0,0,1,1,1,1,0.578125,-188.5135450006055,1
1,0,0,1,1,1,0,1,1,0,1,1,0,1,0,1,1,1,0,1,0,1,0,1,1,0,1,0,0,1,0,0,1,0,0,1,1,0,1,1,0,1,0,1,1,0,0,1,1,0,1,1,0,1,1,0,1,0,1,1,0,0,0,0,0.5625,-188.51341986260985,1
1,0,1,0,0,0,1,1,1,1,1,0,0,0,0,1,0,0,1,0,1,1,0,0,1,1,1,1,1,0,1,1,0,1,1,0,0,1,0,0,1,0,1,1,1,1,0,0,0,1,0,0,1,0,0,1,1,1,0,0,1,1,1,1,0.53125,-188.51144439166245,1
1,0,1,0,0,0,1,1,1,1,0,0,1,0,0,0,0,0,1,0,1,1,0,0,1,1,1,1,1,0,1,1,0,1,1,0,0,1,0,0,1,1,1,1,1,1,1,0,0,1,0,0,1,0,0,1,0,1,0,0,1,1,1,1,0.5625,-188.5097813575252,1
1,0,1,0,0,0,1,1,1,1,1,0,0,0,0,0,0,0,0,0,1,1,0,0,1,1,0,1,1,0,1,1,0,1,1,0,0,1,0,0,1,1,1,1,1,1,0,1,0,1,0,0,1,0,0,1,1,1,1,0,1,1,1,1,0.515625,-188.50931918105996,1
1,0,1,0,0,0,1,1,1,1,1,0,0,0,0,0,0,0,1,0,1,1,0,0,1,1,0,1,1,0,1,1,0,1,1,0,0,1,0,0,1,1,1,1,1,1,1,0,0,1,0,0,1,0,0,1,1,1,0,0,1,1,1,1,0.53125,-188.50813849135082,1
1,1,1,0,0,0,1,1,1,1,0,0,1,0,0,0,0,0,1,0,1,1,0,0,1,1,1,1,1,0,1,1,0,1,1,0,0,1,0,0,1,1,1,0,1,1,1,0,0,1,0,0,1,0,0,1,0,1,0,0,1,1,1,1,0.546875,-188.50736227462548,1
1,0,1,0,0,0,1,1,1,1,0,1,0,0,1,0,0,0,0,0,1,1,0,0,1,1,0,1,1,0,1,1,0,1,1,0,0,1,0,0,1,1,1,1,1,1,1,1,0,1,0,0,1,0,0,1,0,1,0,0,1,1,1,1,0.546875,-188.507197975515,1
1,0,1,0,0,0,1,1,1,1,1,0,1,0,0,0,0,0,1,0,1,0,0,0,1,1,0,1,1,0,1,1,0,1,1,0,0,1,0,0,1,1,1,0,1,1,1,1,0,1,0,0,1,0,0,1,1,1,0,0,1,1,1,1,0.515625,-188.50717100610478,1
1,0,1,0,0,0,1,1,1,1,0,0,1,0,1,0,0,0,1,0,1,1,0,0,1,1,1,1,1,0,1,1,0,1,1,0,0,1,0,0,0,1,1,1,1,1,1,0,0,1,0,0,1,0,0,1,0,1,0,0,1,1,1,1,0.5625,-188.50658542583105,1
1,0,1,0,0,0,1,1,1,1,0,0,0,0,0,0,0,0,1,0,1,1,1,0,1,1,1,1,1,0,1,1,0,1,1,0,0,1,0,0,1,1,1,1,1,1,1,0,0,1,0,0,1,0,0,1,0,1,0,0,1,1,1,1,0.578125,-188.50577814014684,1
1,0,1,0,0,0,1,1,1,1,0,0,0,0,0,0,0,0,1,0,1,1,1,0,1,1,1,1,1,0,1,1,0,1,1,0,0,1,0,0,1,1,1,1,1,1,1,0,0,1,0,0,1,0,0,1,0,1,0,0,1,1,1,1,0.515625,-188.50577814014684,1
1,1,1,0,0,0,1,1,1,1,0,0,1,0,0,0,1,0,0,0,1,1,0,0,0,1,1,1,1,0,1,1,0,1,1,0,0,1,0,0,1,1,1,1,1,1,1,1,0,1,0,0,1,0,0,1,0,1,0,0,1,0,1,1,0.546875,-188.50572775793117,1
1,1,1,1,1,0,1,1,0,1,0,0,0,0,0,0,0,0,1,0,1,1,1,0,1,1,0,1,1,0,1,1,0,1,1,0,0,1,0,0,0,1,1,1,1,1,1,0,0,1,0,0,1,0,0,1,0,1,0,0,1,1,1,1,0.515625,-188.50529788349988,1
1,0,1,0,0,0,1,1,0,1,1,0,1,0,0,0,0,0,1,0,1,1,1,0,1,1,0,1,1,0,1,1,0,1,1,0,0,1,0,0,1,1,1,1,1,1,1,0,0,1,0,0,1,0,0,1,0,1,0,0,1,1,1,1,0.546875,-188.5052394478759,1
1,1,1,0,0,0,1,1,1,1,0,0,1,0,0,0,0,0,0,0,1,1,0,0,1,1,1,1,1,0,1,1,0,1,1,0,0,1,0,0,1,1,1,1,1,1,1,0,0,1,0,0,1,0,0,1,0,1,0,0,1,1,1,1,0.546875,-188.50522941367836,1
1,1,1,0,0,0,1,1,1,1,0,0,1,0,0,0,0,0,1,0,1,1,1,0,1,1,1,1,1,0,1,1,0,1,1,0,0,1,0,0,1,1,1,0,1,1,1,0,0,1,0,0,0,0,0,1,0,1,0,0,1,1,1,1,0.546875,-188.50510144008157,1
1,0,1,0,0,0,1,1,1,1,0,0,1,0,1,0,0,0,1,0,1,1,0,0,1,1,1,1,1,0,1,1,0,1,1,0,0,1,0,0,1,1,1,0,1,1,1,0,0,1,0,0,1,0,0,1,0,1,0,0,1,1,1,1,0.578125,-188.50507594791108,1
1,0,1,0,0,0,1,1,1,1,0,0,0,0,0,0,0,0,0,0,1,1,1,0,1,1,1,1,1,0,1,1,0,1,1,0,0,1,0,0,1,1,1,1,1,1,1,0,0,1,0,0,1,0,0,1,1,1,1,0,1,1,1,0,0.5625,-188.50442506529401,1
1,0,1,0,1,0,1,1,1,1,0,0,1,0,0,0,0,0,0,0,1,1,1,0,1,1,1,1,1,0,1,1,0,1,1,0,0,1,0,0,1,1,1,1,1,1,0,0,0,1,0,0,1,0,0,1,0,1,0,0,1,1,1,1,0.546875,-188.50423228756335,1
1,1,1,0,0,0,1,1,1,1,0,0,1,0,1,0,0,0,1,0,1,1,1,0,1,1,1,1,1,0,1,1,0,1,1,0,0,1,0,0,0,0,1,1,1,1,1,0,0,1,0,0,1,0,0,1,0,1,0,0,1,0,1,1,0.5625,-188.50414200278266,1
1,0,1,0,0,0,1,1,1,1,0,0,0,0,0,0,0,0,0,0,1,1,0,0,1,1,1,1,1,0,1,1,0,1,1,0,0,1,0,0,1,1,1,1,1,1,1,1,0,1,0,0,1,0,0,1,1,1,0,0,1,1,1,1,0.515625,-188.5040018771231,1
1,1,1,0,0,0,1,1,0,1,1,0,0,0,0,0,0,0,1,0,1,1,1,0,1,1,1,1,1,0,0,1,0,1,1,0,0,1,0,0,1,1,1,0,1,1,1,0,0,1,0,0,1,0,0,1,1,1,0,0,1,1,1,1,0.5,-188.50367630922557,1
1,1,1,0,0,0,1,1,1,1,0,0,1,0,0,0,0,0,1,0,1,1,1,0,1,1,1,1,1,0,1,1,0,1,1,0,0,1,0,0,0,1,1,1,1,1,1,0,0,1,0,0,1,0,0,1,0,1,0,0,1,0,1,1,0.59375,-188.50348754982787,1
1,1,1,0,0,0,1,1,1,1,0,0,0,0,0,0,0,0,1,0,1,1,1,0,1,1,1,1,1,0,0,1,0,1,1,0,0,1,0,0,1,1,1,1,1,1,1,0,0,1,0,0,1,0,0,1,1,1,0,0,1,0,1,1,0.53125,-188.50327788268018,1
1,0,1,0,0,0,1,1,1,1,0,0,1,0,1,0,0,0,0,0,1,1,0,0,0,1,1,1,1,0,1,1,0,1,1,0,0,1,0,0,1,1,1,1,1,1,1,0,0,1,0,0,1,0,0,1,1,1,0,0,1,1,1,1,0.609375,-188.50325938498221,1
1,0,1,0,0,0,1,1,1,1,0,0,1,0,1,0,0,0,0,0,1,1,0,0,1,1,1,1,1,0,1,1,0,1,1,0,0,1,0,0,1,1,1,1,1,1,1,0,0,1,0,0,1,0,0,1,0,1,0,0,1,1,1,1,0.59375,-188.5029430869639,1
1,1,1,0,0,0,1,1,1,1,1,0,1,0,0,0,1,0,1,0,1,0,0,0,1,1,0,1,1,0,1,1,0,1,1,0,0,1,0,0,1,1,1,1,1,1,1,0,0,1,0,0,1,0,0,1,0,1,0,0,1,0,1,1,0.546875,-188.5029100020023,1
1,1,1,0,0,0,1,1,1,1,0,0,0,0,0,1,0,0,0,0,1,1,0,0,1,1,0,1,1,0,1,1,0,1,1,0,0,1,0,0,1,1,1,1,1,1,1,0,0,1,0,0,1,0,0,1,1,1,0,0,1,1,1,1,0.546875,-188.5027387002317,1
1,0,1,0,0,0,1,1,0,1,1,0,1,0,0,0,0,0,0,0,1,1,1,0,1,1,1,1,1,0,1,1,0,1,1,0,0,1,0,0,1,1,1,1,1,1,1,0,0,1,0,0,1,0,0,1,0,1,0,0,1,1,1,1,0.59375,-188.50266272040577,1
1,0,1,0,0,0,1,1,1,1,0,0,0,0,1,0,1,0,1,0,1,1,1,0,1,1,1,1,1,0,1,1,0,1,1,0,0,1,0,0,1,0,1,1,1,1,0,1,0,1,0,0,1,0,0,1,0,1,0,0,1,0,1,1,0.5625,-188.5024240948548,1
1,1,1,0,0,0,1,1,1,1,0,0,1,0,0,0,0,0,1,0,1,1,1,0,1,1,0,1,1,0,1,1,0,1,1,0,0,1,0,0,1,1,1,1,1,1,1,0,0,1,0,0,1,0,0,1,0,1,0,0,1,0,1,1,0.59375,-188.50242193843275,1
1,1,1,0,0,0,1,1,0,1,1,0,0,0,0,0,0,0,0,0,1,1,0,0,1,1,1,1,1,0,1,1,0,1,1,0,0,1,0,0,1,1,1,1,1,1,1,0,0,1,0,0,1,0,0,1,0,1,1,0,1,1,1,1,0.59375,-188.50227818550292,1
1,0,1,0,0,0,1,1,0,1,0,0,1,0,0,0,0,0,1,0,1,1,1,0,1,1,1,1,1,0,1,1,0,1,1,0,0,1,0,0,1,1,1,1,1,1,1,0,0,1,0,0,1,0,0,1,0,1,0,0,1,1,1,1,0.515625,-188.502223710878,1
1,0,1,0,0,0,1,1,0,1,0,0,1,0,0,0,0,0,1,0,1,1,1,0,1,1,1,1,1,0,1,1,0,1,1,0,0,1,0,0,1,1,1,1,1,1,1,0,0,1,0,0,1,0,0,1,0,1,0,0,1,1,1,1,0.578125,-188.502223710878,1
1,0,1,0,0,0,1,1,0,1,0,0,1,0,0,0,0,0,1,0,1,1,1,0,1,1,1,1,1,0,1,1,0,1,1,0,0,1,0,0,1,1,1,1,1,1,1,0,0,1,0,0,1,0,0,1,0,1,0,0,1,1,1,1,0.53125,-188.502223710878,1
1,0,1,0,0,0,1,1,0,1,0,0,1,0,0,0,0,0,1,0,1,1,1,0,1,1,1,1,1,0,1,1,0,1,1,0,0,1,0,0,1,1,1,1,1,1,1,0,0,1,0,0,1,0,0,1,0,1,0,0,1,1,1,1,0.5625,-188.502223710878,1
1,0,1,0,0,0,1,1,0,1,1,0,0,0,0,0,0,0,1,0,1,1,1,0,1,1,0,1,1,0,1,1,0,1,1,0,0,1,0,0,1,1,1,1,1,1,1,0,0,1,0,0,1,0,0,1,1,1,1,0,1,1,1,0,0.546875,-188.50221705634286,1
1,1,1,0,0,0,1,1,1,1,0,0,1,0,0,0,0,0,1,0,1,1,0,0,1,1,1,1,1,0,1,1,0,1,1,0,0,1,0,0,1,1,1,1,1,1,1,0,0,1,0,0,1,0,0,1,0,1,0,0,1,0,1,1,0.53125,-188.50217911165856,1
1,1,1,0,0,0,1,1,1,1,0,0,1,0,0,0,0,0,1,0,1,1,0,0,1,1,1,1,1,0,1,1,0,1,1,0,0,1,0,0,1,1,1,1,1,1,1,0,0,1,0,0,1,0,0,1,0,1,0,0,1,0,1,1,0.546875,-188.50217911165856,1
1,1,1,0,0,0,1,1,0,1,0,0,1,0,0,0,0,0,0,0,1,1,1,0,1,1,1,1,1,0,1,1,0,1,1,0,0,1,0,0,1,0,1,1,1,1,1,0,0,1,0,0,1,0,0,1,1,1,0,0,1,1,1,1,0.546875,-188.5021752040535,1
1,1,1,0,0,0,1,0,0,1,1,0,0,0,0,0,0,0,0,0,1,1,1,0,1,1,1,1,1,0,1,1,0,1,1,0,0,1,0,0,1,1,1,1,1,1,1,0,0,1,0,0,1,0,0,1,0,1,1,0,1,1,1,1,0.546875,-188.50197352236185,1
1,0,1,0,0,0,1,1,0,1,0,0,1,0,0,0,0,0,1,0,1,1,1,0,1,1,0,1,1,0,1,1,0,1,1,0,0,1,0,0,1,1,1,1,1,1,1,0,0,1,0,0,1,0,0,1,1,1,0,0,1,1,1,1,0.53125,-188.5018111518563,1
1,0,1,0,0,0,1,1,1,1,1,0,0,0,0,0,1,0,0,0,1,0,0,0,1,1,1,1,1,0,1,1,0,1,0,0,0,1,0,0,1,1,1,1,1,1,1,1,0,1,0,0,1,0,0,1,1,1,0,0,1,1,1,1,0.53125,-188.50153726790762,1
1,1,1,0,1,0,1,1,0,1,0,0,1,0,0,0,0,0,1,0,1,1,1,0,1,1,1,1,1,0,1,1,0,1,1,0,0,1,0,0,0,1,1,0,1,1,1,0,0,1,0,0,1,0,0,1,0,1,0,0,1,1,1,1,0.5625,-188.50143305556972,1
1,1,1,0,0,0,1,1,1,1,0,0,0,0,0,0,0,0,0,0,1,1,1,0,1,1,1,1,1,0,1,1,0,1,1,0,0,1,0,0,1,1,1,1,1,1,1,0,0,1,0,0,1,0,0,1,0,1,0,0,1,1,1,1,0.5625,-188.50122619629994,1
1,0,1,0,0,0,1,1,1,1,0,0,0,0,0,0,1,0,0,0,1,1,1,0,1,1,1,1,1,0,1,1,0,1,1,0,0,1,0,0,1,1,1,1,1,1,1,0,0,1,0,0,1,0,0,1,1,1,0,0,1,0,1,1,0.546875,-188.50110249062715,1
1,0,1,0,0,0,1,1,1,1,0,0,0,0,1,0,0,0,1,0,1,1,1,0,1,1,1,1,1,0,1,1,0,1,1,0,0,1,0,0,1,1,1,0,1,1,1,0,0,1,0,0,1,0,0,1,0,1,0,0,1,1,1,1,0.53125,-188.5010727305327,1
1,0,1,0,0,0,1,1,0,1,1,0,0,0,0,0,0,0,1,0,1,1,1,0,1,1,1,1,1,0,1,1,0,1,1,0,0,1,0,0,1,1,1,1,1,1,1,0,0,1,0,0,1,0,0,1,0,1,0,0,1,1,1,1,0.609375,-188.50099340372523,1
1,0,1,0,0,0,1,1,0,1,1,0,0,0,0,0,0,0,1,0,1,1,1,0,1,1,1,1,1,0,1,1,0,1,1,0,0,1,0,0,1,1,1,1,1,1,1,0,0,1,0,0,1,0,0,1,0,1,0,0,1,1,1,1,0.53125,-188.50099340372523,1
1,1,1,0,0,0,1,1,1,1,0,0,1,0,1,0,0,0,0,0,1,1,0,0,1,1,0,1,1,0,1,1,0,1,1,0,0,1,0,0,1,1,1,1,1,1,1,0,0,1,0,0,1,0,0,1,0,1,0,0,1,1,1,1,0.515625,-188.50096787058726,1
0,0,1,0,1,0,1,1,1,1,0,0,1,0,0,0,0,0,0,0,1,1,1,0,1,1,1,1,1,0,1,1,0,1,1,0,0,1,0,0,1,1,1,1,1,1,1,0,0,1,0,0,1,0,0,1,0,1,0,0,1,1,1,1,0.5625,-188.50088659132308,1
1,1,1,0,0,0,1,1,1,1,0,0,0,0,1,0,0,0,1,0,1,1,1,0,1,1,1,1,1,0,1,1,0,1,1,0,0,1,0,0,1,0,1,1,1,1,0,0,0,1,0,0,1,0,0,1,0,1,0,0,1,1,1,1,0.578125,-188.50067939126515,1
1,0,1,0,0,0,1,1,0,1,0,0,1,0,0,0,1,0,0,0,1,1,1,0,1,1,1,1,1,0,1,1,0,1,1,0,0,1,0,0,1,1,1,1,1,1,1,0,0,1,0,0,0,0,0,1,1,1,0,0,1,1,1,1,0.484375,-188.50067142953202,1
0,0,1,0,1,0,1,1,1,1,0,0,0,0,0,0,0,0,1,0,1,1,1,0,1,1,1,1,1,0,1,1,0,1,1,0,0,1,0,0,1,1,1,1,1,1,1,0,1,1,0,0,1,0,0,1,0,1,0,0,1,0,1,1,0.53125,-188.5005237300938,1
1,1,1,0,0,0,1,1,0,1,0,0,1,0,0,0,0,0,1,0,1,1,0,0,1,1,1,1,1,0,1,1,0,1,1,0,0,1,0,0,1,1,1,1,1,1,1,0,0,1,0,0,1,0,0,1,0,1,1,0,1,0,1,1,0.5625,-188.50045819063612,1
1,1,1,0,0,0,1,1,0,1,0,0,1,0,0,0,0,0,1,0,1,1,1,0,1,1,0,1,1,0,1,1,0,1,1,0,0,1,0,0,1,1,1,1,1,1,1,0,0,1,0,0,1,0,0,1,0,1,0,0,1,1,1,1,0.625,-188.50024849450142,1
1,1,1,0,0,0,1,1,0,1,0,0,1,0,0,0,0,0,1,0,1,1,1,0,1,1,0,1,1,0,1,1,0,1,1,0,0,1,0,0,1,1,1,1,1,1,1,0,0,1,0,0,1,0,0,1,0,1,0,0,1,1,1,1,0.640625,-188.50024849450142,1
1,0,1,0,1,0,1,1,1,1,0,0,1,0,0,0,1,0,1,0,1,0,0,0,1,1,1,1,1,0,1,1,0,1,1,0,0,1,0,0,1,1,1,1,1,1,0,1,0,1,0,0,1,0,0,1,0,1,0,0,1,0,1,1,0.53125,-188.50011016235783,1
1,1,1,0,0,0,1,1,0,1,0,0,1,0,0,0,0,0,1,0,1,1,0,0,1,1,1,1,1,0,1,1,0,1,1,0,0,1,0,0,1,1,1,1,1,1,1,0,0,1,0,0,1,0,0,1,0,1,0,0,1,1,1,1,0.53125,-188.50000566772908,1
1,1,1,0,0,0,1,1,0,1,0,0,1,0,0,0,0,0,1,0,1,1,0,0,1,1,1,1,1,0,1,1,0,1,1,0,0,1,0,0,1,1,1,1,1,1,1,0,0,1,0,0,1,0,0,1,0,1,0,0,1,1,1,1,0.578125,-188.50000566772908,1
1,1,1,0,0,0,1,1,0,1,0,0,1,0,0,0,0,0,1,0,1,1,0,0,1,1,1,1,1,0,1,1,0,1,1,0,0,1,0,0,1,1,1,1,1,1,1,0,0,1,0,0,1,0,0,1,0,1,0,0,1,1,1,1,0.59375,-188.50000566772908,1
1,1,1,0,0,0,1,1,0,1,1,0,0,0,0,0,1,0,0,0,1,1,1,0,1,1,1,1,1,0,0,1,0,1,1,0,0,1,0,0,1,1,1,1,1,1,1,0,0,1,0,0,1,0,0,1,1,1,0,0,1,0,1,1,0.546875,-188.49985708525068,1
1,1,1,0,0,0,1,1,0,1,0,0,1,0,0,0,0,0,1,0,1,1,1,0,1,1,1,1,1,0,1,1,0,1,1,0,0,1,0,0,1,1,1,0,1,1,1,0,0,1,0,0,1,0,0,1,0,1,0,0,1,1,1,1,0.609375,-188.4998046279783,1
1,0,1,0,0,0,1,1,1,1,0,0,0,0,0,0,0,0,1,0,1,1,1,0,1,1,1,1,1,0,1,1,0,1,1,0,0,1,0,0,1,1,1,1,1,1,1,0,0,1,0,0,1,0,0,1,1,1,0,0,1,0,1,1,0.578125,-188.4997385516351,1
1,0,1,0,0,0,1,1,0,1,1,0,1,0,0,0,1,0,0,0,1,0,0,0,1,1,1,1,1,0,1,1,0,1,1,0,0,1,0,0,1,1,1,1,1,1,1,0,0,1,0,0,1,0,0,1,1,1,0,0,1,1,1,1,0.609375,-188.49972248795746,1
1,1,1,0,0,0,1,1,0,1,0,0,1,0,0,1,0,0,0,0,1,1,0,0,1,1,1,1,1,0,1,1,0,1,1,0,0,1,0,0,1,1,1,1,1,1,1,0,0,1,0,0,1,0,0,1,0,1,0,0,1,1,1,1,0.59375,-188.49959682998457,1
1,1,1,0,0,0,1,1,0,1,0,0,0,0,0,0,1,0,1,0,1,1,1,0,1,1,1,1,1,0,1,1,0,1,1,0,0,1,0,0,1,1,1,0,1,1,1,0,0,1,0,0,1,0,0,1,0,1,0,0,1,1,1,1,0.609375,-188.49949925028992,1
1,1,1,0,0,0,1,1,1,1,0,0,0,0,0,0,0,0,1,0,1,1,0,0,1,1,1,1,1,0,1,1,0,1,1,0,0,1,0,0,1,1,1,1,1,1,0,0,0,1,0,0,1,0,0,1,1,1,0,0,1,1,1,1,0.53125,-188.49936955251795,1
1,1,1,0,0,0,1,1,1,1,0,0,0,0,1,0,0,0,1,0,1,1,0,0,1,1,0,1,1,0,1,1,0,1,1,0,0,1,0,0,1,1,1,1,1,1,1,0,0,1,0,0,1,0,0,1,0,1,0,0,1,1,1,1,0.59375,-188.49929855390687,1
1,0,1,0,0,0,1,1,0,1,0,0,1,0,0,0,0,0,0,0,1,1,1,0,1,1,1,1,1,0,1,1,0,1,1,0,0,1,0,0,1,1,1,1,1,1,1,0,0,1,0,0,1,0,0,1,1,1,0,0,1,1,1,1,0.609375,-188.49923442438597,1
1,0,1,0,0,0,1,1,0,1,0,0,1,0,0,0,0,0,0,0,1,1,1,0,1,1,1,1,1,0,1,1,0,1,1,0,0,1,0,0,1,1,1,1,1,1,1,0,0,1,0,0,1,0,0,1,1,1,0,0,1,1,1,1,0.5625,-188.49923442438597,1
1,1,1,0,0,0,1,1,1,1,0,0,0,0,1,0,0,0,0,0,1,1,0,0,1,1,1,0,1,0,1,1,0,1,1,0,0,1,0,0,1,1,1,1,1,1,1,0,0,1,0,0,1,0,0,1,1,1,0,0,1,1,1,1,0.5,-188.49923135289617,1
1,0,1,0,0,0,1,1,0,1,0,0,1,0,1,0,1,0,0,0,1,1,0,0,1,1,1,1,1,0,1,1,0,1,1,0,0,1,0,0,1,1,1,1,1,1,1,0,0,1,0,0,1,0,0,1,0,1,0,0,1,1,1,1,0.53125,-188.4990832800067,1
1,1,1,0,0,0,1,0,1,1,0,0,1,0,1,0,0,0,1,0,1,1,1,0,1,1,1,1,1,0,1,1,0,1,1,0,0,1,0,0,1,1,1,0,1,1,0,0,0,1,0,0,1,0,0,1,0,1,0,0,1,1,1,1,0.53125,-188.49901808293532,1
1,0,1,0,0,0,1,1,0,1,0,0,0,0,0,0,1,0,0,0,1,1,1,0,1,1,1,1,1,0,1,1,0,1,1,0,0,1,0,0,1,1,1,1,1,1,1,0,0,1,0,0,1,0,0,1,1,1,0,0,1,1,1,1,0.515625,-188.4989290466976,1
0,0,1,0,0,0,1,1,1,1,0,0,1,0,1,0,0,0,1,0,1,1,0,0,1,1,1,1,1,0,1,1,0,1,1,0,0,1,0,0,1,1,1,1,1,1,1,0,0,1,0,0,1,0,0,1,0,1,1,0,1,0,1,1,0.5625,-188.4988486556427,1
1,0,1,0,0,0,1,1,0,1,0,0,0,0,1,0,0,0,1,0,1,1,1,0,1,1,1,1,1,0,0,1,0,1,1,0,0,1,0,0,1,1,1,1,1,1,1,0,0,1,0,0,1,0,0,1,1,1,0,0,1,1,1,1,0.59375,-188.49881811203625,1
0,1,1,0,0,0,1,1,1,1,1,0,1,0,0,0,0,0,1,0,1,1,1,0,1,1,1,1,1,0,1,1,0,1,1,0,0,1,0,0,0,1,1,0,1,1,1,0,0,1,0,0,1,0,0,1,1,1,0,0,1,0,1,1,0.5,-188.49852317958255,1
0,1,1,0,0,0,1,1,1,1,0,0,1,0,0,0,1,0,0,0,1,1,1,0,1,1,1,1,1,0,1,1,0,1,1,0,0,1,0,0,1,1,1,1,1,1,0,0,0,1,0,0,1,0,0,1,0,1,0,0,1,1,1,1,0.5625,-188.4985112397562,1
1,0,1,0,0,0,1,1,0,1,1,0,1,0,0,0,0,0,0,0,1,1,1,0,1,1,1,1,1,0,1,1,0,1,1,0,0,1,0,0,1,1,1,1,1,1,1,1,0,1,0,0,1,0,0,1,0,1,0,0,1,0,1,1,0.5625,-188.49849154115623,1
0,0,1,0,0,0,1,1,0,1,0,0,1,0,0,0,1,0,1,0,1,1,0,0,1,1,1,1,1,0,1,1,0,1,1,0,0,1,0,0,1,1,1,1,1,1,1,0,0,1,0,0,1,0,0,1,1,1,0,0,1,1,1,1,0.578125,-188.49838530984775,1
0,1,1,1,0,0,1,1,0,1,0,0,1,0,0,0,0,0,1,0,1,1,1,0,1,1,1,1,1,0,1,1,0,1,1,0,0,1,0,0,1,1,1,1,1,1,1,0,0,1,0,0,0,0,0,1,0,1,0,0,1,1,1,1,0.53125,-188.49828815704439,1
1,1,1,0,0,0,1,1,0,1,1,0,0,0,0,0,0,0,1,0,1,1,1,0,1,1,0,1,1,0,1,1,0,1,1,0,0,1,0,0,1,1,1,0,1,1,1,0,0,1,0,0,1,0,0,1,1,1,0,0,1,1,1,1,0.578125,-188.49816176180386,1
1,1,1,0,0,0,1,1,1,1,0,0,1,0,1,0,0,0,1,0,1,1,0,0,1,1,1,1,1,0,1,1,0,1,1,0,0,1,0,0,0,1,1,0,1,1,1,0,0,1,0,0,1,0,0,1,1,1,0,0,1,0,1,1,0.5625,-188.49812675441973,1
1,0,1,0,1,0,1,1,1,1,0,0,1,0,1,0,0,0,0,0,1,1,0,0,1,1,1,1,1,0,1,1,0,1,1,0,0,1,0,0,1,1,1,1,1,1,1,0,0,1,0,0,1,0,0,1,0,1,0,0,1,0,1,1,0.53125,-188.49787887366816,1
1,1,1,0,0,0,1,1,1,1,0,0,0,0,0,0,0,0,1,0,1,1,1,0,1,1,0,1,1,0,1,1,0,1,1,0,0,1,0,0,1,1,1,1,1,1,1,0,0,1,0,0,1,0,0,1,1,1,0,0,1,0,1,1,0.546875,-188.49776333525847,1
1,0,1,0,0,0,1,1,0,1,0,0,1,0,1,0,0,0,1,0,1,1,0,0,1,1,1,1,1,0,1,1,0,1,1,0,0,1,0,0,1,1,1,1,1,1,1,0,0,1,0,0,1,0,0,1,0,1,0,0,1,1,1,1,0.546875,-188.49771934101466,1
1,1,1,0,0,0,1,1,0,1,0,0,1,0,1,0,0,0,1,0,1,1,1,0,1,1,1,1,1,0,1,1,0,1,0,0,0,1,0,0,1,0,1,1,1,1,1,0,0,1,0,0,1,0,0,1,0,1,0,0,1,1,1,1,0.53125,-188.49770744789518,1
1,1,1,0,0,0,1,1,0,1,0,0,1,0,0,0,0,0,0,0,1,1,1,0,1,1,1,1,1,0,1,1,0,1,1,0,0,1,0,0,1,1,1,1,1,1,1,0,0,1,0,0,1,0,0,1,0,1,0,0,1,1,1,1,0.578125,-188.49767176703114,1
1,1,1,0,0,0,1,1,0,1,0,0,1,0,0,0,0,0,0,0,1,1,1,0,1,1,1,1,1,0,1,1,0,1,1,0,0,1,0,0,1,1,1,1,1,1,1,0,0,1,0,0,1,0,0,1,0,1,0,0,1,1,1,1,0.53125,-188.49767176703114,1
1,1,1,0,0,0,1,1,0,1,0,0,1,0,0,0,0,0,0,0,1,1,1,0,1,1,1,1,1,0,1,1,0,1,1,0,0,1,0,0,1,1,1,1,1,1,1,0,0,1,0,0,1,0,0,1,0,1,0,0,1,1,1,1,0.59375,-188.49767176703114,1
1,1,1,0,0,0,1,1,0,1,0,0,1,0,0,0,0,0,0,0,1,1,1,0,1,1,1,1,1,0,1,1,0,1,1,0,0,1,0,0,1,1,1,1,1,1,1,0,0,1,0,0,1,0,0,1,0,1,0,0,1,1,1,1,0.59375,-188.49767176703114,1
1,1,1,0,0,0,1,1,0,1,1,0,1,0,0,0,0,0,1,0,1,1,1,0,1,1,0,1,1,0,1,1,0,1,1,0,0,1,0,0,1,1,1,1,1,1,1,0,0,1,0,0,1,0,0,1,0,1,0,0,1,0,1,1,0.578125,-188.49763720201116,1
1,0,1,0,0,0,1,1,0,1,0,0,0,0,0,0,0,0,1,0,1,1,1,0,1,1,1,1,1,0,1,1,0,1,1,0,0,1,0,0,1,1,1,1,1,1,1,0,0,1,0,0,1,0,0,1,1,1,0,0,1,1,1,1,0.609375,-188.49756510770553,1
1,1,1,0,0,0,1,1,1,1,0,0,0,0,0,0,0,0,1,0,1,1,0,0,1,1,1,1,1,0,1,1,0,1,1,0,0,1,0,0,1,1,1,1,1,1,1,0,0,1,0,0,1,0,0,1,1,1,0,0,1,0,1,1,0.578125,-188.4975205084882,1
1,1,0,0,0,0,1,1,0,1,0,0,1,0,1,0,0,0,1,0,1,1,1,0,1,1,1,1,1,0,0,1,0,1,1,0,0,1,0,0,1,1,1,1,1,1,0,0,0,1,0,0,1,0,0,1,1,1,0,0,1,1,1,1,0.484375,-188.49742590780767,1
1,1,1,0,0,0,1,1,0,1,1,0,1,0,0,0,0,0,1,0,1,1,0,0,1,1,1,1,1,0,1,1,0,1,1,0,0,1,0,0,1,1,1,1,1,1,1,0,0,1,0,0,1,0,0,1,0,1,0,0,1,0,1,1,0.546875,-188.497394375237,1
1,0,1,0,0,0,1,1,1,1,0,0,0,0,1,0,0,0,1,0,1,1,0,0,1,1,1,1,1,0,1,1,0,1,1,0,0,1,0,0,1,1,1,1,1,1,0,0,0,1,0,0,1,0,0,1,1,1,0,0,1,1,1,1,0.546875,-188.49708322580355,1
1,0,1,0,0,0,1,1,0,1,1,0,1,0,1,0,1,0,0,0,1,1,1,0,1,1,0,1,1,0,1,1,0,1,1,0,0,1,0,0,1,1,1,0,1,1,1,0,0,1,0,0,1,0,0,1,1,1,0,0,1,1,1,0,0.5625,-188.49704207747462,1
1,1,1,0,0,0,1,1,0,1,0,0,1,0,0,0,0,0,0,0,1,1,0,0,1,1,1,1,1,0,1,1,0,1,1,0,0,1,0,0,1,1,1,1,1,1,1,0,0,1,0,0,1,0,0,1,1,1,0,0,1,1,1,1,0.53125,-188.49701638123707,1
1,0,1,0,1,0,1,1,0,1,1,0,1,0,0,0,0,0,0,0,1,1,1,0,1,1,1,1,1,0,1,1,0,1,1,0,0,1,0,0,1,1,1,0,1,1,1,0,0,1,0,0,1,0,0,1,1,1,0,0,1,0,1,1,0.5625,-188.49674208156523,1
1,0,1,0,0,0,1,1,0,1,0,0,1,0,1,0,0,0,0,0,1,1,0,0,1,1,1,1,1,0,1,1,0,1,1,0,0,1,0,0,1,1,1,1,1,1,1,1,0,1,0,0,1,0,0,1,0,1,0,0,1,1,1,1,0.515625,-188.49659846378492,1
1,1,1,0,1,0,1,1,0,1,0,0,1,0,0,0,0,0,1,0,1,1,1,0,1,1,1,1,1,0,1,1,0,1,1,0,0,1,0,0,1,1,1,0,1,1,0,0,0,1,0,0,1,0,0,1,0,1,0,0,1,1,1,1,0.515625,-188.49658945871454,1
1,0,1,0,0,0,1,1,1,1,0,0,1,0,1,0,0,0,0,0,1,0,1,0,1,1,0,1,1,0,1,1,0,1,1,0,0,1,0,0,1,1,1,1,1,1,1,0,0,1,0,0,1,0,0,1,1,1,0,0,1,1,1,1,0.53125,-188.496547841598,1
0,1,1,0,0,0,1,1,1,1,0,0,1,0,0,0,0,0,1,0,1,1,0,0,1,1,1,1,1,0,1,1,0,1,1,0,0,1,0,0,1,1,1,1,1,1,1,1,0,1,0,0,1,0,0,1,0,1,0,0,1,0,1,1,0.546875,-188.49651128020258,1
1,1,1,0,0,0,1,1,0,1,0,0,1,0,0,0,0,0,1,0,1,1,1,0,1,1,1,1,1,0,1,1,0,1,1,0,0,1,0,0,1,1,1,1,1,1,0,0,0,1,0,0,1,0,0,1,0,1,0,0,1,1,1,1,0.578125,-188.49647050904318,1
1,0,1,0,0,0,1,1,0,1,0,0,1,0,0,0,0,0,1,0,1,1,1,0,1,1,1,1,1,0,1,1,0,1,1,0,0,1,0,0,1,1,1,1,1,1,1,0,0,1,0,0,1,0,0,1,1,1,0,0,1,0,1,1,0.5625,-188.49618412236632,1
1,0,1,0,0,0,1,1,0,1,0,0,1,0,0,0,0,0,1,0,1,1,1,0,1,1,1,1,1,0,1,1,0,1,1,0,0,1,0,0,1,1,1,1,1,1,1,0,0,1,0,0,1,0,0,1,1,1,0,0,1,0,1,1,0.5625,-188.49618412236632,1
1,1,1,0,0,0,1,1,0,1,1,0,1,0,1,0,0,0,0,0,1,1,0,0,1,1,0,1,1,0,1,1,0,1,1,0,0,1,0,0,1,1,1,1,1,1,1,0,0,1,0,0,1,0,0,1,0,1,0,0,1,1,1,1,0.5625,-188.49618313416565,1
1,1,1,0,0,0,1,1,0,1,0,0,0,0,0,0,0,0,1,0,1,1,1,0,1,1,1,1,1,0,1,1,0,1,1,0,0,1,0,0,1,1,1,1,1,1,1,0,0,1,0,0,1,0,0,1,0,1,0,0,1,1,1,1,0.546875,-188.49600245035072,1
1,1,1,0,0,0,1,1,0,1,0,0,0,0,0,0,0,0,1,0,1,1,1,0,1,1,1,1,1,0,1,1,0,1,1,0,0,1,0,0,1,1,1,1,1,1,1,0,0,1,0,0,1,0,0,1,0,1,0,0,1,1,1,1,0.578125,-188.49600245035072,1
1,1,1,0,0,0,1,1,1,1,1,0,0,0,1,0,0,0,0,0,1,1,0,0,1,1,1,1,1,0,1,1,0,1,1,0,0,1,0,0,1,1,1,1,1,1,0,0,0,1,0,0,1,0,0,1,0,1,0,0,1,1,1,1,0.5625,-188.4959595779763,1
1,1,1,0,0,0,1,1,0,1,0,0,1,0,1,0,0,0,1,0,1,1,0,0,1,1,0,1,1,0,1,1,0,1,1,0,0,1,0,0,1,1,1,1,1,1,1,0,0,1,0,0,1,0,0,1,0,1,0,0,1,1,1,1,0.59375,-188.495744124638,1
1,0,1,0,0,0,1,1,0,1,0,0,0,0,1,0,0,0,1,0,1,1,0,0,1,1,1,1,1,0,1,1,0,1,1,0,0,1,0,0,0,1,1,1,1,1,1,1,0,1,0,0,1,0,0,1,1,1,0,0,1,1,1,1,0.59375,-188.49558219947974,1
1,1,1,0,0,0,1,1,1,1,0,0,1,0,1,0,0,0,0,0,1,1,0,0,1,1,1,1,1,0,1,1,0,1,1,0,0,1,0,0,1,1,1,1,1,1,1,0,0,1,0,0,1,0,0,1,0,1,0,0,1,0,1,1,0.5625,-188.49534084109717,1
1,1,1,0,0,0,1,1,0,1,0,0,1,0,1,0,0,0,1,0,1,1,0,0,1,1,1,1,1,0,1,1,0,1,1,0,0,1,0,0,1,1,1,0,1,1,1,0,0,1,0,0,1,0,0,1,0,1,0,0,1,1,1,1,0.515625,-188.49530025811495,1
1,1,1,0,0,0,1,1,0,1,0,0,1,0,1,0,0,0,1,0,1,1,0,0,1,1,1,1,1,0,1,1,0,1,1,0,0,1,0,0,1,1,1,0,1,1,1,0,0,1,0,0,1,0,0,1,0,1,0,0,1,1,1,1,0.59375,-188.49530025811495,1
1,1,1,0,0,0,1,1,1,1,0,0,0,0,0,0,0,0,0,0,1,1,1,0,1,1,1,1,1,0,1,1,0,1,1,0,0,1,0,0,1,1,1,1,1,1,1,0,0,1,0,0,1,0,0,1,1,1,0,0,1,0,1,1,0.5625,-188.4951866077882,1
1,1,1,0,0,0,1,1,1,1,0,0,0,0,0,0,0,0,0,0,1,1,1,0,1,1,1,1,1,0,1,1,0,1,1,0,0,1,0,0,1,1,1,1,1,1,1,0,0,1,0,0,1,0,0,1,1,1,0,0,1,0,1,1,0.59375,-188.4951866077882,1
1,1,1,0,1,0,1,1,0,1,0,0,1,0,0,0,0,0,1,0,1,1,1,0,1,1,0,1,1,0,1,1,0,1,1,0,0,1,0,0,1,1,1,1,1,1,1,0,0,1,0,0,1,0,0,1,0,1,0,0,1,0,1,1,0.53125,-188.4951842812058,1
1,1,1,0,0,0,1,1,0,1,0,0,1,0,0,0,0,0,1,0,1,1,0,0,1,1,1,1,1,0,1,1,0,1,1,0,0,1,0,0,1,1,1,1,1,1,1,0,0,1,0,0,1,0,0,1,1,1,0,0,1,1,1,0,0.53125,-188.49514976794967,1
1,1,1,0,0,0,1,1,0,1,0,0,0,0,0,0,0,0,1,0,1,1,1,0,1,1,1,1,1,0,1,1,0,1,1,0,0,1,0,0,1,1,1,0,1,1,1,0,0,1,0,0,1,0,0,1,1,1,0,0,1,1,1,1,0.546875,-188.4951460248059,1
1,1,1,0,0,0,1,1,0,1,1,0,1,0,0,0,0,0,0,0,1,1,1,0,1,1,1,1,1,0,1,1,0,1,1,0,0,1,0,0,1,1,1,1,1,1,1,0,0,1,0,0,1,0,0,1,0,1,0,0,1,0,1,1,0.515625,-188.49506047453903,1
1,1,1,0,0,0,1,1,1,1,0,0,0,0,1,0,1,0,0,0,1,1,0,0,1,1,1,1,1,0,1,1,0,1,1,0,0,1,0,0,1,1,1,1,1,1,1,0,0,1,0,0,1,0,0,1,0,1,0,0,1,0,1,1,0.5625,-188.49503546340887,1
1,1,1,0,0,0,1,1,1,1,1,0,1,0,0,0,0,0,1,0,1,0,1,0,1,1,0,1,1,0,1,1,0,1,1,0,0,1,0,0,1,1,1,1,1,1,0,0,0,1,0,0,1,0,0,1,1,1,0,0,1,0,1,1,0.546875,-188.49502161783246,1
1,1,1,0,0,0,1,1,0,1,0,0,0,0,0,0,0,0,1,0,1,1,1,0,1,1,1,1,1,0,1,1,0,1,1,0,0,1,0,0,1,1,1,1,1,1,1,1,0,1,0,0,0,0,0,1,0,1,0,0,1,1,1,1,0.53125,-188.49495463927497,1
1,1,1,0,0,0,1,1,1,1,0,0,1,0,1,0,0,0,0,0,1,1,0,0,1,1,0,1,1,0,1,1,0,1,1,0,0,1,0,0,1,1,1,1,1,1,1,0,0,1,0,0,1,0,0,1,1,1,0,0,1,0,1,1,0.53125,-188.49492828207548,1
1,1,1,0,0,0,1,1,0,1,0,0,1,0,1,0,0,0,1,0,1,1,0,0,1,1,0,1,1,0,1,1,0,1,1,0,0,1,0,0,1,1,1,0,1,1,1,0,0,1,0,0,1,0,0,1,1,1,0,0,1,1,1,1,0.53125,-188.4948876990933,1
1,1,1,0,0,0,1,1,0,1,0,0,1,0,1,0,0,0,1,0,1,1,0,0,1,1,0,1,1,0,1,1,0,1,1,0,0,1,0,0,1,1,1,0,1,1,1,0,0,1,0,0,1,0,0,1,1,1,0,0,1,1,1,1,0.5625,-188.4948876990933,1
0,1,1,0,0,0,1,1,1,1,0,0,1,0,1,0,0,0,0,0,1,1,1,0,1,1,1,1,1,0,1,1,0,1,1,0,0,1,0,0,1,0,1,1,1,1,0,0,0,1,0,0,1,0,0,1,1,1,0,0,1,1,1,1,0.53125,-188.4948124672252,1
1,1,1,0,0,0,1,1,0,1,0,0,0,0,0,0,1,0,1,0,1,0,1,0,1,1,1,1,1,0,1,1,0,1,1,0,0,1,0,0,1,1,1,0,1,1,1,1,0,1,0,0,1,0,0,1,0,1,0,0,1,1,1,1,0.53125,-188.49472958741399,1
1,1,1,0,0,0,1,1,0,1,0,0,1,0,0,0,0,0,1,0,1,1,1,0,1,1,1,1,1,0,1,1,0,1,1,0,0,1,0,0,1,1,1,1,1,1,1,0,0,1,0,0,1,0,0,1,0,1,0,0,1,0,1,1,0.53125,-188.49462146501133,1
1,1,1,0,0,0,1,1,0,1,0,0,1,0,0,0,0,0,1,0,1,1,1,0,1,1,1,1,1,0,1,1,0,1,1,0,0,1,0,0,1,1,1,1,1,1,1,0,0,1,0,0,1,0,0,1,0,1,0,0,1,0,1,1,0.578125,-188.49462146501133,1
0,1,1,0,0,0,1,1,1,1,1,0,1,0,0,0,0,0,1,0,1,1,1,0,1,1,1,1,1,0,1,1,0,1,1,0,0,1,0,0,1,1,1,1,1,1,0,0,0,1,0,0,1,0,0,1,0,1,0,0,1,0,1,1,0.515625,-188.49453600827218,1
1,0,1,0,0,0,1,1,0,1,0,0,1,0,1,0,0,0,0,0,1,1,1,0,1,1,1,1,1,0,1,1,0,1,1,0,0,1,0,0,1,1,1,0,1,1,1,0,0,1,0,0,1,0,0,1,1,1,0,0,1,1,1,1,0.578125,-188.49452901477187,1
1,1,1,0,0,0,1,1,0,1,1,0,1,0,0,0,0,0,0,0,1,1,0,0,1,1,1,1,1,0,1,1,0,1,1,0,0,1,0,0,1,1,1,1,1,1,1,0,0,1,0,0,1,0,0,1,1,1,0,0,1,0,1,1,0.53125,-188.494405088747,1
1,1,1,0,0,0,1,1,0,1,0,0,1,0,1,0,0,0,1,0,1,1,0,0,1,1,1,1,1,0,1,1,0,1,1,0,0,1,0,0,0,1,1,1,1,1,1,0,0,1,0,0,0,0,0,1,1,1,1,0,1,0,1,1,0.578125,-188.4943460386039,1
1,1,1,0,0,0,1,1,0,1,1,0,0,0,0,0,0,0,1,0,1,1,0,0,1,1,0,1,1,0,1,1,0,1,1,0,0,1,0,0,1,1,1,1,1,1,1,1,0,1,0,0,1,0,0,1,1,1,0,0,1,0,1,1,0.578125,-188.4941916223052,1
1,0,1,0,0,0,1,1,0,1,0,0,1,0,1,0,0,0,1,0,1,1,1,0,1,1,1,1,1,0,1,1,0,1,1,0,0,1,0,0,1,1,1,1,1,1,0,0,0,1,0,0,1,0,0,1,0,1,0,0,1,1,1,1,0.5625,-188.4941841823287,1
1,1,1,0,0,0,1,0,0,1,1,0,1,0,0,0,0,0,0,0,1,1,1,0,1,1,1,1,1,0,1,1,0,1,1,0,0,1,0,0,1,1,1,1,1,1,1,0,0,1,0,0,1,0,0,1,1,1,0,0,1,0,1,1,0.609375,-188.49410042560393,1
1,1,1,0,0,0,1,1,0,1,0,0,1,0,1,0,1,0,1,0,1,1,0,0,1,1,0,1,1,0,1,1,0,1,1,0,0,1,0,0,1,1,1,1,1,1,1,0,0,1,0,0,1,0,0,1,0,1,0,0,1,0,1,1,0.53125,-188.49405776161038,1
1,1,1,0,0,0,1,1,0,1,0,0,1,0,0,0,0,0,1,0,1,0,1,0,1,1,1,1,1,0,1,1,0,1,1,0,0,1,0,0,1,1,1,1,1,1,1,0,0,1,0,0,1,0,0,1,0,1,0,0,1,1,1,1,0.59375,-188.49402298138486,1
1,1,1,0,0,0,1,1,0,1,0,0,0,0,1,0,0,0,1,0,1,1,1,0,1,1,1,1,1,0,0,1,0,1,1,0,0,1,0,0,1,1,1,1,1,1,0,0,0,1,0,0,1,0,0,1,1,1,1,0,1,0,1,1,0.5625,-188.49351743310845,1
1,0,1,0,0,0,1,1,0,1,0,0,1,0,1,0,0,0,1,0,1,1,1,0,1,1,1,1,1,0,1,1,0,1,1,0,0,1,0,0,1,1,1,0,1,1,0,0,0,1,0,0,1,0,0,1,1,1,0,0,1,1,1,1,0.5625,-188.49332775678397,1
1,0,1,0,0,0,1,1,0,1,0,0,0,0,1,0,0,0,1,0,1,1,1,0,1,1,0,1,1,0,1,1,0,1,1,0,0,1,0,0,1,1,1,1,1,1,1,0,0,1,0,0,1,0,0,1,1,1,0,0,1,1,1,1,0.59375,-188.4933035646145,1
0,1,1,0,0,0,1,1,1,1,1,0,0,0,1,0,0,0,0,0,1,1,0,0,1,1,1,1,1,0,1,1,0,1,1,0,0,1,0,0,0,1,1,1,1,1,1,0,0,1,0,0,1,0,0,1,1,1,0,0,1,1,1,1,0.59375,-188.49326693411118,1
1,1,1,0,1,0,1,1,0,1,0,0,0,0,0,1,1,0,0,0,1,0,0,0,1,1,0,1,1,0,1,1,0,1,1,0,0,1,0,0,1,1,1,1,1,1,1,0,0,1,0,0,1,0,0,1,1,1,0,0,1,1,1,1,0.546875,-188.49321619635234,1
1,1,1,0,0,0,1,1,1,1,0,0,0,0,1,0,0,0,0,0,1,1,1,0,1,1,1,1,1,0,1,1,0,1,1,0,0,1,0,0,1,1,1,1,1,1,0,0,0,1,0,0,1,0,0,1,0,1,0,0,1,1,1,1,0.5625,-188.49318666775065,1
1,1,1,0,0,0,1,1,0,1,0,0,1,0,1,0,0,0,0,0,1,1,0,0,1,1,1,1,1,0,1,1,0,1,1,0,0,1,0,0,1,1,1,1,1,1,1,0,0,1,0,0,1,0,0,1,0,1,0,0,1,1,1,1,0.5625,-188.49316739716772,1
1,1,1,0,0,0,1,1,0,1,0,0,1,0,1,0,0,0,0,0,1,1,0,0,1,1,1,1,1,0,1,1,0,1,1,0,0,1,0,0,1,1,1,1,1,1,1,0,0,1,0,0,1,0,0,1,0,1,0,0,1,1,1,1,0.515625,-188.49316739716772,1
1,1,1,0,0,0,1,1,0,1,0,0,1,0,1,0,0,0,0,0,1,1,0,0,1,1,1,1,1,0,1,1,0,1,1,0,0,1,0,0,1,1,1,1,1,1,1,0,0,1,0,0,1,0,0,1,0,1,0,0,1,1,1,1,0.578125,-188.49316739716772,1
1,1,1,0,0,0,1,1,0,1,0,0,0,0,0,0,0,0,1,0,1,1,1,0,1,1,1,1,1,0,1,1,0,1,1,0,0,1,0,0,1,1,1,1,1,1,1,0,0,1,0,0,0,0,0,1,1,1,0,0,1,1,1,1,0.546875,-188.4930862300127,1
1,1,1,0,0,0,1,1,0,1,0,0,0,0,0,0,0,0,0,0,1,1,1,0,1,1,1,1,1,0,1,1,0,1,1,0,0,1,0,0,1,1,1,1,1,1,1,0,0,1,0,0,1,0,0,1,1,1,0,0,1,1,1,1,0.578125,-188.49301316385868,1
1,1,1,0,0,0,0,1,0,1,0,0,1,0,1,0,0,0,0,0,1,1,1,0,1,1,1,1,1,0,1,1,0,1,1,0,0,1,0,0,1,1,1,1,1,1,1,0,0,1,0,0,1,0,0,1,0,1,0,0,1,1,1,1,0.5,-188.49286777191358,1
1,0,1,0,0,0,1,1,0,1,0,0,1,0,1,0,0,0,1,0,1,1,0,0,1,1,1,1,1,0,1,1,0,1,1,0,0,1,0,0,1,1,1,1,1,1,1,0,0,1,0,0,1,0,0,1,1,1,0,0,1,1,1,0,0.5625,-188.49286344123524,1
1,1,1,0,0,0,1,1,0,1,1,0,0,0,0,0,0,0,1,0,1,1,0,0,1,1,1,1,1,0,1,1,0,1,1,0,0,1,0,0,1,1,1,1,1,1,1,0,0,1,0,0,1,0,0,1,1,1,0,0,1,0,1,1,0.53125,-188.4927357720646,1
1,1,1,0,0,0,1,1,0,1,1,0,0,0,0,0,0,0,1,0,1,1,0,0,1,1,1,1,1,0,1,1,0,1,1,0,0,1,0,0,1,1,1,1,1,1,1,0,0,1,0,0,1,0,0,1,1,1,0,0,1,0,1,1,0.53125,-188.4927357720646,1
1,0,1,0,0,0,1,1,1,1,0,0,0,0,1,0,1,0,0,0,1,0,1,0,1,1,1,1,1,0,1,1,0,1,1,0,0,1,0,0,1,1,1,1,1,1,0,0,0,1,0,0,1,0,0,1,1,1,0,0,1,1,1,1,0.515625,-188.49246447845135,1
1,0,1,0,0,0,1,1,0,1,0,0,1,0,1,0,0,0,0,0,1,1,0,0,1,1,1,1,1,0,1,1,0,1,1,0,0,1,0,0,1,1,1,1,1,1,0,1,0,1,0,0,1,0,0,1,1,1,0,0,1,1,1,1,0.546875,-188.49240791930515,1
1,0,1,0,0,0,1,1,0,1,0,0,1,0,1,0,0,0,1,0,1,1,1,0,1,1,1,1,1,0,1,1,0,1,1,0,0,1,0,0,1,1,1,1,1,1,1,0,0,1,0,0,1,0,0,1,0,1,0,0,1,0,1,1,0.546875,-188.49233513829694,1
1,0,1,0,0,0,1,1,0,1,1,0,1,0,1,0,0,0,0,0,1,1,0,0,1,1,1,1,1,0,1,1,0,1,1,0,0,1,0,0,1,1,1,1,1,1,1,0,0,1,0,0,1,0,0,1,1,1,0,0,1,0,1,1,0.5625,-188.4921187620306,1
1,1,1,0,0,0,1,1,0,1,0,0,0,0,0,0,0,0,1,0,1,1,1,0,1,1,1,1,1,0,1,1,0,1,1,0,0,1,0,0,1,1,1,1,1,1,1,1,0,1,0,0,1,0,0,1,0,1,0,0,1,0,1,1,0.515625,-188.4918312711012,1
1,0,1,0,0,0,1,1,0,1,0,0,1,0,1,0,0,0,1,0,1,1,0,0,1,1,1,1,1,0,1,1,0,1,1,0,0,1,0,0,1,1,1,1,1,1,1,0,0,1,0,0,1,0,0,1,1,1,0,0,1,0,1,1,0.578125,-188.4916797525029,1
1,1,1,0,0,0,1,1,0,1,0,0,0,0,1,0,0,0,1,0,1,1,0,0,1,1,1,1,1,0,1,1,0,1,1,0,0,1,0,0,1,1,1,1,1,1,1,0,0,1,0,0,1,0,0,1,0,1,0,0,1,1,1,1,0.53125,-188.4914980804873,1
1,1,1,0,0,0,1,1,0,1,0,0,0,0,1,0,0,0,1,0,1,1,0,0,1,1,1,1,1,0,1,1,0,1,1,0,0,1,0,0,1,1,1,1,1,1,1,0,0,1,0,0,1,0,0,1,0,1,0,0,1,1,1,1,0.53125,-188.4914980804873,1
1,1,1,0,0,0,1,1,0,1,0,0,0,0,1,0,0,0,1,0,1,1,1,0,1,1,1,1,1,0,1,1,0,1,1,0,0,1,0,0,1,1,1,0,1,1,1,0,0,1,0,0,1,0,0,1,0,1,0,0,1,1,1,1,0.578125,-188.49129704073658,1
1,0,1,0,0,0,1,1,0,1,0,0,1,0,1,0,0,0,1,0,1,0,0,0,1,1,1,1,1,0,1,1,0,1,1,0,0,1,0,0,1,1,1,1,1,1,1,0,0,1,0,0,1,0,0,1,1,1,0,0,1,1,1,1,0.578125,-188.49108126887637,1
1,1,1,0,0,0,1,1,0,1,0,0,1,0,0,0,0,0,0,0,1,0,1,0,1,1,1,1,1,0,1,1,0,1,1,0,0,1,0,0,1,1,1,1,1,1,1,0,0,1,0,0,1,0,0,1,1,1,0,0,1,1,1,1,0.578125,-188.49103369489282,1
0,0,1,0,0,0,1,1,0,1,0,0,1,0,1,0,0,0,1,0,1,1,1,0,1,1,1,1,1,0,1,1,0,1,1,0,0,1,0,0,1,1,1,1,1,1,1,0,0,1,0,0,1,0,0,1,0,1,0,0,1,1,1,1,0.578125,-188.49083848608848,1
1,1,1,0,0,0,1,1,1,1,0,0,0,0,1,0,0,0,0,0,1,1,0,0,1,1,1,1,1,0,1,1,0,1,1,0,0,1,0,0,1,1,1,1,1,1,1,0,0,1,0,0,1,0,0,1,1,1,0,0,1,0,1,1,0.515625,-188.49068223792682,1
1,1,1,0,0,0,1,1,0,1,1,0,0,0,0,0,0,0,0,0,1,1,1,0,1,1,1,1,1,0,1,1,0,1,1,0,0,1,0,0,1,1,1,1,1,1,1,0,0,1,0,0,1,0,0,1,1,1,0,0,1,0,1,1,0.546875,-188.49040187136663,1
1,1,1,0,0,0,1,1,0,1,0,0,0,0,1,0,0,0,0,0,1,1,0,0,1,1,1,1,1,0,1,1,0,1,1,0,0,1,0,0,1,1,1,1,1,1,1,1,0,1,0,0,1,0,0,1,0,1,0,0,1,1,1,1,0.546875,-188.49037720325762,1
1,1,1,0,0,0,1,1,1,1,0,0,0,0,1,0,0,0,1,0,1,0,0,0,1,1,0,1,1,0,1,1,0,1,1,0,0,1,0,0,1,1,1,1,1,1,0,1,0,1,0,0,1,0,0,1,1,1,0,0,1,1,1,1,0.5,-188.4903383465511,1
0,1,1,0,0,0,1,1,1,1,0,0,1,0,1,0,0,0,0,0,1,1,1,0,1,1,1,1,1,0,1,1,0,1,1,0,0,1,0,0,1,1,1,1,1,1,0,0,0,1,0,0,1,0,0,1,0,1,0,0,1,1,1,1,0.5,-188.49030903020278,1
0,1,1,0,0,0,1,1,1,1,0,0,1,0,1,0,0,0,0,0,1,1,1,0,1,1,1,1,1,0,1,1,0,1,1,0,0,1,0,0,1,1,1,1,1,1,0,0,0,1,0,0,1,0,0,1,0,1,0,0,1,1,1,1,0.5625,-188.49030903020278,1
1,1,1,0,0,0,1,1,0,1,1,0,1,0,1,0,1,0,0,0,1,1,0,0,1,1,0,1,1,0,1,1,0,1,1,0,0,1,0,0,1,1,1,1,1,1,0,0,0,1,0,0,1,0,0,1,1,1,0,0,1,0,1,1,0.53125,-188.4903062266582,1
1,1,1,0,0,0,1,1,0,1,0,0,1,0,1,0,0,0,1,0,1,1,0,0,1,1,1,1,1,0,1,1,0,1,1,0,0,1,0,0,1,1,1,1,1,1,1,0,0,1,0,0,1,0,0,1,0,1,0,0,1,0,1,1,0.5,-188.49011709514798,1
1,1,1,0,0,0,1,1,1,1,0,0,0,0,1,0,0,0,0,0,1,0,0,0,1,1,1,1,1,0,1,1,0,1,1,0,0,1,0,0,1,1,1,1,1,1,1,0,0,1,0,0,1,0,0,1,1,1,0,0,1,1,1,1,0.59375,-188.49008375429827,1
1,1,1,0,0,0,1,1,1,1,0,0,0,0,1,0,0,0,0,0,1,0,0,0,1,1,1,1,1,0,1,1,0,1,1,0,0,1,0,0,1,1,1,1,1,1,1,0,0,1,0,0,1,0,0,1,1,1,0,0,1,1,1,1,0.546875,-188.49008375429827,1
0,1,1,0,0,0,1,1,1,1,0,0,0,0,1,0,1,0,1,0,1,1,0,0,1,1,0,1,1,0,1,1,0,1,1,0,0,1,0,0,1,1,1,1,1,1,1,0,0,1,0,0,1,0,0,1,1,1,0,0,1,0,1,1,0.5625,-188.49007595015885,1
0,0,1,0,0,0,1,1,0,1,1,0,0,0,1,0,0,0,0,0,1,1,1,0,1,1,1,1,1,0,1,1,0,1,1,0,0,1,0,0,1,1,1,1,1,1,1,1,0,1,0,0,0,1,0,1,0,1,0,0,1,1,1,1,0.484375,-188.49005840506643,1
1,1,1,0,0,0,1,1,0,1,0,0,0,0,0,0,0,0,1,0,1,1,1,0,1,1,1,1,1,0,1,1,0,1,1,0,0,1,0,0,1,1,1,1,1,1,1,0,0,1,0,0,1,0,0,1,1,1,0,0,1,0,1,1,0.578125,-188.48996286183896,1
1,1,1,0,0,0,1,1,0,1,0,0,0,0,0,0,0,0,1,0,1,1,1,0,1,1,1,1,1,0,1,1,0,1,1,0,0,1,0,0,1,1,1,1,1,1,1,0,0,1,0,0,1,0,0,1,1,1,0,0,1,0,1,1,0.59375,-188.48996286183896,1
1,1,1,0,0,0,1,1,0,1,0,0,0,0,0,0,0,0,1,0,1,1,1,0,1,1,1,1,1,0,1,1,0,1,1,0,0,1,0,0,1,1,1,1,1,1,1,0,0,1,0,0,1,0,0,1,1,1,0,0,1,0,1,1,0.5625,-188.48996286183896,1
1,1,1,0,0,0,1,1,0,1,0,0,0,0,0,0,0,0,1,0,1,1,1,0,1,1,1,1,1,0,1,1,0,1,1,0,0,1,0,0,1,1,1,1,1,1,1,0,0,1,0,0,1,0,0,1,1,1,0,0,1,0,1,1,0.5625,-188.48996286183896,1
0,1,1,0,1,0,1,1,0,1,0,0,1,0,0,0,0,0,1,0,1,1,1,0,1,1,1,1,1,0,1,1,0,1,1,0,0,1,0,0,1,1,1,1,1,1,0,0,0,1,0,0,1,0,0,1,0,1,0,0,1,1,1,1,0.578125,-188.489909643539,1
1,1,1,0,0,0,1,1,1,1,0,0,0,0,1,0,0,0,0,0,1,1,1,0,1,1,1,1,1,0,1,1,0,1,1,0,0,1,0,0,1,1,1,1,1,1,1,0,0,1,0,0,0,0,0,1,1,1,0,0,1,1,1,0,0.546875,-188.48960509211312,1
1,1,1,0,0,0,1,1,0,1,0,0,1,0,1,0,0,0,1,0,1,0,0,0,1,1,1,1,1,0,1,1,0,1,1,0,0,1,0,0,1,1,1,1,1,1,1,0,0,1,0,0,1,0,0,1,0,1,0,0,1,1,1,1,0.53125,-188.4895186115215,1
1,0,1,0,0,0,1,1,0,1,1,0,0,0,1,0,0,0,0,0,1,1,0,0,1,1,1,1,1,0,1,1,0,1,1,0,0,1,0,0,1,1,1,1,1,1,1,1,0,1,0,0,1,0,0,1,1,1,0,0,1,0,1,1,0.5625,-188.48932856812047,1
1,1,1,0,0,0,1,1,0,1,0,0,0,0,1,0,0,0,1,0,1,1,1,0,1,1,1,1,1,0,1,1,0,1,1,0,0,1,0,0,1,1,1,1,1,1,1,0,0,1,0,0,0,0,0,1,0,1,0,0,1,1,1,1,0.484375,-188.48923724594326,1
1,1,1,0,0,0,1,1,0,1,0,0,0,0,1,0,0,0,0,0,1,1,1,0,1,1,1,1,1,0,1,1,0,1,1,0,0,1,0,0,1,1,1,1,1,1,1,0,0,1,0,0,1,0,0,1,0,1,0,0,1,1,1,1,0.546875,-188.48916417978936,1
0,1,1,0,0,0,1,1,0,1,0,0,1,0,1,0,1,0,0,0,1,1,0,0,1,1,1,1,1,0,1,1,0,1,1,0,0,1,0,0,1,1,1,0,1,1,1,0,0,1,0,0,1,0,0,1,1,1,0,0,1,1,1,1,0.578125,-188.48912795638674,1
1,1,1,0,0,0,1,1,0,1,0,0,1,0,1,0,0,0,0,0,1,1,0,0,1,1,1,1,1,0,1,1,0,1,1,0,0,1,0,0,1,1,1,1,1,1,0,0,0,1,0,0,1,0,0,1,1,1,0,0,1,1,1,1,0.546875,-188.4889768526878,1
1,1,1,0,0,0,1,1,0,1,1,0,0,0,1,0,0,0,1,0,1,1,0,0,1,1,1,1,1,0,1,1,0,1,1,0,0,1,0,0,1,1,1,1,1,1,1,0,0,1,0,0,1,0,0,1,0,1,0,0,1,0,1,1,0.578125,-188.48888678799526,1
1,1,1,0,0,0,1,1,0,1,0,0,0,0,1,0,0,0,0,0,1,1,1,0,1,1,0,1,1,0,1,1,0,1,1,0,0,1,0,0,1,1,1,1,1,1,1,0,0,1,0,0,1,0,0,1,1,1,0,0,1,1,1,1,0.53125,-188.4887516207677,1
1,1,1,0,0,0,1,1,0,1,0,0,1,0,1,0,0,0,1,0,1,0,0,0,1,1,1,1,1,0,1,1,0,1,1,0,0,1,0,0,1,1,1,0,1,1,1,0,0,1,0,0,1,0,0,1,1,1,0,0,1,1,1,1,0.53125,-188.48866218597678,1
0,1,1,0,0,0,1,1,0,1,0,0,1,0,1,0,0,0,1,0,1,1,0,0,1,1,1,1,1,0,1,1,0,1,1,0,0,1,0,0,1,1,1,1,1,1,1,0,0,1,0,0,1,0,0,1,0,1,0,0,1,1,1,1,0.5625,-188.48862044293946,1
1,1,1,0,0,0,1,1,1,1,0,0,0,0,0,0,0,0,1,0,1,1,1,0,1,1,1,1,1,0,1,1,0,1,1,0,0,1,0,0,1,1,1,1,1,1,1,0,0,1,0,0,1,0,0,1,1,1,0,0,1,0,0,1,0.5,-188.48861477800418,1
1,1,1,0,0,0,1,1,0,1,1,0,0,0,1,0,0,0,0,0,1,1,1,0,1,1,1,1,1,0,1,1,0,1,1,0,0,1,0,0,1,1,1,1,1,1,0,0,0,1,0,0,1,0,0,1,0,1,0,0,1,1,1,1,0.546875,-188.48840193132907,1
1,1,1,0,0,0,1,1,0,1,0,0,1,0,1,0,0,0,0,0,1,1,1,0,1,1,1,1,1,0,1,1,0,1,1,0,0,1,0,0,1,1,1,1,1,1,1,0,0,1,0,0,1,0,0,1,0,1,0,0,1,0,1,1,0.5625,-188.48778319445,1
1,1,1,0,0,0,1,1,0,1,0,0,1,0,1,0,0,0,0,0,1,1,1,0,1,1,1,1,1,0,1,1,0,1,1,0,0,1,0,0,1,1,1,1,1,1,1,0,0,1,0,0,1,0,0,1,0,1,0,0,1,0,1,1,0.546875,-188.48778319445,1
0,1,1,0,0,0,1,1,0,1,0,0,0,0,1,1,1,0,0,0,1,1,1,0,1,1,1,1,1,0,1,1,0,1,1,0,0,1,0,0,1,1,1,0,1,1,1,0,0,1,0,0,1,0,0,1,0,1,0,0,1,1,1,1,0.5625,-188.48770518775578,1
0,1,1,0,0,0,1,1,0,1,1,0,1,0,0,0,1,0,1,0,1,0,1,0,1,1,1,1,1,0,1,1,0,1,1,0,0,1,0,0,1,1,1,0,1,1,1,0,0,1,0,0,1,0,0,1,1,1,0,0,1,0,1,1,0.53125,-188.48737224811174,1
1,1,1,0,0,0,1,1,0,1,0,0,1,0,1,0,0,0,1,0,1,1,1,0,1,1,1,1,1,0,1,1,0,1,1,0,0,1,0,0,0,1,1,1,1,1,0,0,0,1,0,0,1,0,0,1,1,1,0,0,1,0,1,1,0.5625,-188.48723498883732,1
1,1,1,0,0,0,1,1,0,1,0,0,1,0,1,0,0,0,0,0,1,1,0,0,1,1,1,1,1,0,1,1,0,1,1,0,0,1,0,0,1,1,1,1,1,1,1,0,0,1,0,0,1,0,0,1,1,1,0,0,1,0,1,1,0.578125,-188.48712780865804,1
1,1,1,0,0,0,1,1,0,1,0,0,1,0,1,0,0,0,0,0,1,1,0,0,1,1,1,1,1,0,1,1,0,1,1,0,0,1,0,0,1,1,1,1,1,1,1,0,0,1,0,0,1,0,0,1,1,1,0,0,1,0,1,1,0.546875,-188.487127808656,1
0,1,1,0,0,0,1,1,0,1,0,0,1,0,1,0,0,0,0,0,1,1,1,0,1,1,1,1,1,0,1,1,0,1,1,0,0,1,0,0,0,1,1,1,1,1,1,0,0,1,0,0,1,0,0,1,1,1,0,0,1,1,1,1,0.5625,-188.48693959461664,1
1,1,1,0,0,0,1,1,0,1,0,0,0,0,1,0,0,0,0,0,1,1,1,0,1,1,1,1,1,0,1,1,0,1,1,0,0,1,0,0,1,1,1,1,1,1,0,1,0,1,0,0,1,0,0,1,0,1,0,0,1,1,1,1,0.5,-188.4868420445719,1
0,1,1,0,0,0,1,1,0,1,0,0,1,0,1,0,0,0,0,0,1,1,1,0,1,1,1,1,1,0,1,1,0,1,1,0,0,1,0,0,1,1,1,1,1,1,1,0,0,1,0,0,1,0,0,1,0,1,0,0,1,1,1,1,0.53125,-188.48628654224152,1
1,1,1,0,0,0,1,1,0,1,0,0,0,0,1,0,0,0,1,0,1,1,1,0,1,1,1,1,1,0,1,1,0,1,1,0,0,1,0,0,1,1,1,1,1,1,1,0,0,1,0,0,1,0,0,1,0,1,0,0,1,0,1,1,0.53125,-188.4861138777696,1
1,1,1,0,0,0,1,1,0,1,0,0,0,0,1,0,0,0,1,0,1,1,1,0,1,1,1,1,1,0,1,1,0,1,1,0,0,1,0,0,1,1,1,1,1,1,1,0,0,1,0,0,1,0,0,1,0,1,0,0,1,0,1,1,0.5625,-188.4861138777696,1
1,1,1,0,0,0,1,1,0,1,0,0,1,0,1,0,0,0,1,0,1,0,1,0,1,1,1,1,1,0,1,1,0,1,1,0,0,1,0,0,1,1,1,1,1,1,0,0,0,1,0,0,1,0,0,1,0,1,0,0,1,1,1,1,0.53125,-188.4859834528355,1
1,1,1,0,0,0,1,1,0,1,0,0,0,0,1,1,0,0,1,0,1,1,1,0,1,1,1,1,1,0,1,1,0,1,1,0,0,1,0,0,1,1,1,1,1,1,1,0,0,1,0,0,0,0,0,1,0,1,0,0,1,0,1,1,0.609375,-188.4857781061792,1
1,1,1,0,0,0,1,1,0,1,1,0,1,0,1,0,0,0,0,0,1,1,0,0,1,1,1,1,1,0,1,1,0,1,1,0,0,1,0,0,1,1,1,1,1,1,1,0,0,1,0,0,1,0,0,1,1,1,0,0,1,0,1,0,0.53125,-188.48570020489632,1
0,1,1,0,0,0,1,1,0,1,0,0,1,0,1,0,0,0,0,0,1,1,0,0,1,1,1,1,1,0,1,1,0,1,1,0,0,1,0,0,1,1,1,1,1,1,1,0,0,1,0,0,1,0,0,1,1,1,0,0,1,1,1,1,0.5625,-188.48563115644743,1
1,1,1,0,0,0,1,1,0,1,0,0,1,0,1,0,0,0,1,0,1,1,1,0,1,1,0,1,1,0,1,1,0,1,1,0,0,1,0,0,1,1,1,1,1,1,1,0,0,1,0,0,1,0,0,1,1,1,0,0,1,0,1,0,0.5625,-188.48550402214096,1
0,1,1,0,0,0,1,1,0,1,1,0,0,0,0,0,1,0,1,0,1,0,1,0,1,1,1,1,1,0,1,1,0,1,1,0,0,1,0,0,1,1,1,1,1,1,1,1,0,1,0,0,1,0,0,1,0,1,0,0,1,0,1,1,0.59375,-188.4854384797464,1
0,1,1,0,0,0,1,1,0,1,0,0,0,0,1,0,0,0,1,0,1,1,0,0,1,1,1,1,1,0,1,1,0,1,1,0,0,1,0,0,1,1,1,1,1,1,1,0,1,1,0,0,1,0,0,1,1,1,0,0,1,0,1,1,0.59375,-188.4852682952183,1
1,1,1,0,0,0,1,1,0,1,1,0,0,0,1,0,0,0,1,0,1,0,0,0,1,1,1,1,1,0,1,1,0,1,0,0,0,1,0,0,1,1,1,1,1,1,1,0,0,1,0,0,1,0,0,1,1,1,0,0,1,1,1,1,0.546875,-188.4846802457877,1
1,1,1,0,0,0,1,1,0,1,0,0,1,0,1,0,0,0,0,0,1,1,1,0,1,1,1,1,1,0,1,1,0,1,1,0,0,1,0,0,1,1,1,1,1,1,1,0,0,1,0,0,1,0,0,1,1,1,0,0,1,1,0,0,0.546875,-188.47940576690647,1
0,1,1,0,0,0,1,1,0,1,1,0,0,0,1,1,0,0,0,0,1,0,1,0,1,1,1,1,1,0,1,1,0,1,1,0,0,1,0,0,1,1,1,1,1,1,1,1,0,1,0,0,0,0,0,1,1,1,0,0,1,0,1,1,0.5625,-188.4739112121105,1
1,1,1,0,0,0,1,0,1,1,0,0,1,0,0,1,1,0,0,0,1,1,0,0,1,1,1,1,1,0,0,1,0,1,1,0,0,1,0,0,1,1,1,1,1,1,1,0,0,1,0,0,1,0,0,1,1,1,0,0,1,1,1,1,0.546875,-187.2158647437775,1
1,0,1,0,0,0,1,1,1,1,0,0,1,0,0,0,0,0,0,0,1,1,0,0,1,1,1,1,1,0,1,1,0,1,1,0,0,1,0,0,1,1,1,1,1,1,1,0,0,1,0,0,1,0,0,1,1,1,1,0,1,1,1,1,0.515625,-187.2128438988546,1
1,1,1,0,0,0,1,1,1,1,0,0,0,0,0,0,0,0,0,0,1,1,1,0,1,1,1,1,1,0,0,1,0,1,1,0,0,1,0,0,1,1,1,1,1,1,1,0,0,1,0,0,1,0,0,1,1,1,1,0,1,1,1,1,0.53125,-187.2123800125213,1
1,0,1,0,0,0,1,1,1,1,0,0,1,0,1,0,0,0,1,0,1,1,0,0,1,1,1,1,1,0,0,1,0,1,1,0,0,1,0,0,1,1,1,1,1,1,1,0,0,1,0,0,1,0,0,1,1,1,0,0,1,1,1,1,0.625,-187.21059407825865,1
1,1,1,0,0,0,1,1,1,1,0,0,0,0,0,0,0,0,1,0,1,1,0,0,1,1,1,1,1,0,1,1,0,1,1,0,0,1,0,0,1,1,1,1,1,1,1,0,1,1,0,0,1,0,0,1,0,1,0,0,1,1,1,1,0.5625,-187.21046585736354,1
1,0,1,0,0,0,1,1,1,1,0,0,1,0,1,0,0,0,1,0,1,1,1,0,1,1,1,1,1,0,0,1,0,1,1,0,0,1,0,0,1,1,1,0,1,1,1,0,0,1,0,0,1,0,0,1,1,1,0,0,1,1,1,1,0.5625,-187.210393038508,1
1,0,1,0,0,0,1,1,1,1,1,0,1,0,1,0,0,0,1,0,1,1,0,0,1,1,1,1,1,0,1,1,0,1,1,0,0,1,0,0,0,1,1,1,1,1,1,0,0,1,0,0,1,0,0,1,0,1,0,0,1,1,1,1,0.484375,-187.20957343825359,1
1,1,1,0,0,0,1,1,1,1,0,0,1,0,0,0,1,0,0,0,1,1,0,0,1,1,1,1,1,0,1,1,0,1,1,0,0,1,0,0,1,1,1,1,1,1,1,0,0,1,0,0,1,0,0,1,0,1,0,0,1,1,1,1,0.578125,-187.20914235556512,1
1,1,1,0,0,0,1,1,1,1,0,0,1,0,1,0,0,0,1,0,1,1,0,0,1,1,1,1,1,0,1,1,0,1,1,0,0,1,0,0,1,0,1,1,1,1,1,0,0,1,0,0,1,0,0,1,0,1,0,0,1,1,1,1,0.5,-187.20843286952623,1
1,0,1,0,0,0,1,1,1,1,1,0,0,0,0,0,0,0,1,0,1,1,0,0,1,1,1,1,1,0,1,1,0,1,1,0,0,1,0,0,1,1,1,1,1,1,1,0,0,1,0,0,1,0,0,1,1,1,0,0,1,1,1,1,0.578125,-187.20811076677526,1
1,0,1,0,0,0,1,1,0,1,1,0,1,0,0,0,0,0,0,0,1,1,0,0,1,1,1,1,1,0,1,1,0,1,1,0,0,1,0,0,1,1,1,1,1,1,1,0,0,1,0,0,1,0,0,1,1,1,1,0,1,1,1,1,0.5625,-187.20805916243305,1
1,1,1,0,0,0,1,0,1,1,0,0,1,0,0,0,0,0,1,0,1,1,1,0,0,1,1,1,1,0,1,1,0,1,1,0,0,1,0,0,1,1,1,1,1,1,1,0,0,1,0,0,1,0,0,1,1,1,0,0,1,1,1,1,0.53125,-187.2077900514504,1
1,0,1,0,0,0,1,1,1,1,0,0,1,0,1,0,0,0,0,0,1,1,1,0,1,1,1,1,1,0,0,1,0,1,1,0,0,1,0,0,1,1,1,1,1,1,1,1,0,1,0,0,0,0,0,1,1,1,0,0,1,1,1,1,0.5625,-187.2072123664849,1
1,1,1,0,0,0,1,1,0,1,0,0,0,0,0,0,0,0,1,0,1,1,1,0,1,1,1,1,1,0,0,1,0,1,1,0,0,1,0,0,1,1,1,1,1,1,1,0,0,1,0,0,1,0,0,1,1,1,1,0,1,1,1,1,0.578125,-187.2071562665721,1
1,0,1,0,0,0,1,1,1,1,0,0,1,0,0,0,0,0,0,0,1,1,1,0,1,1,1,1,1,0,1,1,0,1,1,0,0,1,0,0,1,1,1,1,1,1,1,0,0,1,0,0,1,0,0,1,1,1,0,0,1,1,1,1,0.5625,-187.20700717323004,1
0,1,1,1,0,0,1,1,1,1,0,0,1,0,0,1,0,0,1,0,1,1,0,0,1,1,1,1,1,0,1,1,0,1,1,0,0,1,0,0,1,1,1,1,1,1,0,0,0,1,0,0,1,0,0,1,0,1,0,0,1,1,1,1,0.546875,-187.20671164470008,1
1,0,1,0,0,0,1,1,1,1,0,0,1,0,1,0,0,0,1,0,1,1,0,0,1,1,1,1,1,0,1,1,0,1,1,0,0,1,0,0,1,1,1,0,1,1,1,1,0,1,0,0,1,0,0,1,0,1,0,0,1,1,1,1,0.53125,-187.20650407357854,1
1,0,1,0,1,0,1,1,1,1,0,0,0,0,0,0,0,0,1,0,1,1,1,0,1,1,1,1,1,0,1,1,0,1,1,0,0,1,0,0,1,1,1,1,1,1,1,0,0,1,0,0,1,0,0,1,0,1,0,0,1,1,1,1,0.5,-187.20631323176568,1
1,0,1,0,0,0,1,1,0,1,0,0,0,0,1,0,0,0,1,0,1,1,1,0,1,1,1,1,1,0,1,1,0,1,1,0,0,1,0,0,1,0,1,1,1,1,1,1,0,1,0,0,1,0,0,1,0,1,1,0,1,1,1,1,0.546875,-187.20613979774234,1
1,0,1,0,0,0,1,1,1,1,1,0,0,0,0,0,0,0,0,0,1,1,1,0,1,1,1,1,1,0,1,1,0,1,1,0,0,1,0,0,1,1,1,1,1,1,1,0,0,1,0,0,1,0,0,1,1,1,0,0,1,1,1,1,0.546875,-187.2057768660773,1
0,1,1,0,0,0,1,1,0,1,1,0,1,0,0,0,1,0,1,0,1,1,1,0,1,1,1,1,1,0,1,1,0,1,1,0,0,1,0,0,0,0,1,1,1,1,1,0,0,1,0,0,1,0,0,1,1,1,0,0,1,1,1,1,0.625,-187.20562254010693,1
1,0,1,0,0,0,1,0,1,1,0,0,1,0,1,0,0,0,1,0,1,1,0,0,1,1,1,1,1,0,1,1,0,1,1,0,0,1,0,0,1,1,1,0,1,1,1,1,0,1,0,0,1,0,0,1,1,1,0,0,1,1,1,1,0.5625,-187.20554402464109,1
1,1,1,0,0,0,1,1,1,1,1,0,0,0,1,0,0,0,0,0,1,1,1,0,1,1,1,1,1,0,1,1,0,1,1,0,0,1,0,0,0,0,1,1,1,1,1,0,0,1,0,0,1,0,0,1,1,1,0,0,1,1,1,1,0.546875,-187.2055217140506,1
1,1,1,0,0,0,1,1,1,1,0,0,1,0,0,0,0,0,1,0,1,1,1,0,1,1,1,1,1,0,1,1,0,1,1,0,0,1,0,0,1,1,1,1,1,1,1,0,0,1,0,0,0,0,0,1,0,1,0,0,1,1,1,1,0.578125,-187.20551758202907,1
1,1,1,0,0,0,1,1,1,1,0,0,1,0,0,0,0,0,1,0,1,1,1,0,1,1,1,1,1,0,1,1,0,1,1,0,0,1,0,0,1,1,1,1,1,1,1,0,0,1,0,0,0,0,0,1,0,1,0,0,1,1,1,1,0.546875,-187.20551758202907,1
1,1,1,0,0,0,1,1,1,1,0,0,1,0,0,0,0,0,0,0,1,1,1,0,1,1,1,1,1,0,1,1,0,1,1,0,0,1,0,0,1,1,1,1,1,1,1,0,0,1,0,0,1,0,0,1,0,1,0,0,1,1,1,1,0.5625,-187.2054445158751,1
1,1,1,0,0,0,1,1,1,1,0,0,1,0,0,0,0,0,0,0,1,1,1,0,1,1,1,1,1,0,1,1,0,1,1,0,0,1,0,0,1,1,1,0,1,1,1,0,0,1,0,0,1,0,0,1,1,1,0,0,1,1,1,1,0.578125,-187.20458809033036,1
1,1,1,0,0,0,1,1,1,1,0,0,1,0,0,0,0,0,0,0,1,1,1,0,1,1,1,1,1,0,1,1,0,1,1,0,0,1,0,0,1,1,1,0,1,1,1,0,0,1,0,0,1,0,0,1,1,1,0,0,1,1,1,1,0.578125,-187.20458809033036,1
1,1,1,0,0,0,1,1,1,1,0,0,1,0,1,0,0,0,1,0,1,1,0,0,1,1,1,1,1,0,1,1,0,1,1,0,0,1,0,0,0,1,1,1,1,1,1,0,0,1,0,0,1,0,0,1,0,1,0,0,1,1,1,1,0.53125,-187.20458248487898,1
1,1,1,0,0,0,1,1,1,1,0,0,1,0,1,0,0,0,1,0,1,1,0,0,1,1,1,1,1,0,1,1,0,1,1,0,0,1,0,0,0,1,1,1,1,1,1,0,0,1,0,0,1,0,0,1,0,1,0,0,1,1,1,1,0.53125,-187.20458248487898,1
1,1,1,0,0,0,1,1,1,1,0,0,1,0,1,0,0,0,1,0,1,1,0,0,1,1,1,1,1,0,1,1,0,1,1,0,0,1,0,0,0,1,1,1,1,1,1,0,0,1,0,0,1,0,0,1,0,1,0,0,1,1,1,1,0.515625,-187.20458248487898,1
1,1,1,0,0,0,1,1,0,1,1,0,1,0,1,0,0,0,1,0,1,1,0,0,1,1,1,1,1,0,1,1,0,1,1,0,0,1,0,0,0,0,1,1,1,1,1,0,0,1,0,0,1,0,0,1,1,1,0,0,1,1,1,1,0.578125,-187.2043011854798,1
1,0,1,0,0,0,1,1,0,1,0,0,1,0,1,0,0,0,1,0,1,1,0,0,1,1,1,1,1,0,0,1,0,1,1,0,0,1,0,0,1,1,1,1,1,1,1,1,0,1,0,0,1,0,0,1,1,1,0,0,1,1,1,1,0.5625,-187.20424945507972,1
1,1,1,0,0,0,1,1,1,1,0,0,1,0,0,0,0,0,1,0,1,1,1,0,1,1,1,1,1,0,1,1,0,1,1,0,0,1,0,0,1,1,1,1,1,1,0,0,0,1,0,0,1,0,0,1,0,1,0,0,1,1,1,1,0.59375,-187.20424325788727,1
1,1,1,0,0,0,1,1,1,1,1,0,0,0,0,0,0,0,0,0,1,1,1,0,1,1,1,1,1,0,1,1,0,1,1,0,0,1,0,0,1,1,1,1,1,1,1,0,0,1,0,0,1,0,0,1,0,1,0,0,1,1,1,1,0.578125,-187.20421420872233,1
1,1,1,0,0,0,1,1,1,1,0,0,0,0,0,0,0,0,1,0,1,1,0,0,1,1,1,1,1,0,1,1,0,1,1,0,0,1,0,0,1,1,1,0,1,1,1,1,0,1,0,0,1,0,0,1,1,1,0,0,1,1,1,1,0.484375,-187.20413179712077,1
1,1,1,0,1,0,1,1,1,1,0,0,0,0,0,0,0,0,1,0,1,1,0,0,1,1,1,1,1,0,1,1,0,1,1,0,0,1,0,0,1,1,1,1,1,1,1,0,0,1,0,0,1,0,0,1,0,1,0,0,1,1,1,1,0.546875,-187.20409518861888,1
1,1,1,0,0,0,1,1,1,1,1,0,1,0,0,0,0,0,0,0,1,1,0,0,1,1,1,1,1,0,1,1,0,1,1,0,0,1,0,0,1,1,1,1,1,1,1,1,0,1,0,0,1,0,0,1,0,1,0,0,1,0,1,1,0.5625,-187.20404624685122,1
1,1,1,0,0,0,1,1,0,1,0,0,1,0,0,0,0,0,0,0,1,1,0,0,1,1,1,1,1,0,1,1,0,1,1,0,0,1,0,0,1,1,1,1,1,1,1,0,1,1,0,0,1,0,0,1,1,1,0,0,1,1,1,1,0.5625,-187.20392214160276,1
1,1,1,0,0,0,1,1,0,1,0,0,1,0,0,1,0,0,1,0,1,1,0,0,1,1,1,1,1,0,1,1,0,1,1,0,0,1,0,0,0,1,1,0,1,1,1,1,0,1,0,0,1,0,0,1,1,1,0,0,1,1,1,1,0.578125,-187.2038108689722,1
1,1,1,0,0,0,1,1,1,1,0,0,0,0,0,0,0,0,1,0,1,1,1,0,1,1,1,1,1,0,1,1,0,1,1,0,0,1,0,0,1,1,1,1,1,1,1,0,0,1,0,0,1,0,0,1,0,1,0,0,1,1,1,1,0.5625,-187.20377519919688,1
1,1,1,0,0,0,1,1,1,1,0,0,0,0,0,0,0,0,1,0,1,1,1,0,1,1,1,1,1,0,1,1,0,1,1,0,0,1,0,0,1,1,1,1,1,1,1,0,0,1,0,0,1,0,0,1,0,1,0,0,1,1,1,1,0.609375,-187.20377519919467,1
1,0,1,0,0,0,1,1,0,1,0,0,1,0,0,1,0,0,1,0,1,1,0,0,1,1,1,1,1,0,1,1,0,1,1,0,0,1,0,0,1,1,1,1,1,1,1,0,0,1,0,0,1,0,0,1,1,1,0,0,1,1,1,1,0.53125,-187.20370849023416,1
1,1,1,0,0,0,1,1,1,1,0,0,1,0,1,0,0,0,1,0,1,1,0,0,1,1,0,1,1,0,1,1,0,1,1,0,0,1,0,0,1,1,1,1,1,1,1,0,0,1,0,0,1,0,0,1,0,1,0,0,1,1,1,1,0.53125,-187.20351687348204,1
1,1,1,0,0,0,1,1,1,1,0,0,0,0,0,0,0,0,1,0,1,1,0,0,1,1,1,1,1,0,1,1,0,1,1,0,0,1,0,0,1,1,1,1,1,1,1,0,0,1,0,0,1,0,0,1,1,1,0,0,1,1,1,1,0.53125,-187.2031198134006,1
1,1,1,0,0,0,1,1,1,1,0,0,1,0,1,0,0,0,1,0,1,1,0,0,1,1,1,1,1,0,1,1,0,1,1,0,0,1,0,0,1,1,1,0,1,1,1,0,0,1,0,0,1,0,0,1,0,1,0,0,1,1,1,1,0.53125,-187.20307300695902,1
1,1,1,0,0,0,1,1,1,1,0,0,1,0,1,0,0,0,1,0,1,1,0,0,1,1,1,1,1,0,1,1,0,1,1,0,0,1,0,0,1,1,1,0,1,1,1,0,0,1,0,0,1,0,0,1,0,1,0,0,1,1,1,1,0.546875,-187.20307300695902,1
1,1,1,0,0,0,1,1,0,1,0,0,1,0,0,0,1,0,1,0,1,1,0,0,1,1,1,1,1,0,1,1,0,1,1,0,0,1,0,0,1,1,1,0,1,1,1,0,0,1,0,0,1,0,0,1,1,1,0,0,1,1,1,1,0.53125,-187.2030621840735,1
1,1,1,0,0,0,1,1,1,1,0,0,1,0,0,0,0,0,0,0,1,1,1,0,1,1,1,1,1,0,1,1,0,1,1,0,0,1,0,0,1,1,1,1,1,1,1,0,0,1,0,0,0,0,0,1,1,1,0,0,1,1,1,1,0.59375,-187.20252829553704,1
1,0,1,0,0,0,1,1,0,1,0,0,1,0,1,0,1,0,1,0,1,1,0,0,1,1,1,1,1,0,1,1,0,1,1,0,0,1,0,0,0,1,1,1,1,1,1,0,0,1,0,0,1,0,0,1,1,1,0,0,1,1,1,1,0.546875,-187.20228533527657,1
1,1,1,0,0,0,1,1,1,1,0,0,0,0,0,0,1,0,1,0,1,1,1,0,1,1,1,1,1,0,1,1,0,1,1,0,0,1,0,0,1,1,1,1,1,1,1,0,0,1,0,0,1,0,0,1,0,1,0,0,1,0,1,1,0.59375,-187.20208883616704,1
1,1,1,0,0,0,1,1,0,1,0,0,1,0,0,0,1,0,0,0,1,1,1,0,1,1,1,1,1,0,1,1,0,1,1,0,0,1,0,0,1,1,1,1,1,1,1,0,0,1,0,0,1,0,0,1,0,1,0,0,1,1,1,1,0.546875,-187.20158470891792,1
1,0,1,0,0,0,1,1,1,1,0,0,0,0,1,0,0,0,1,0,1,1,1,0,1,1,1,1,1,0,1,1,0,1,1,0,0,1,0,0,1,1,1,1,1,1,1,0,0,1,0,0,1,0,0,1,0,1,0,0,1,1,1,1,0.546875,-187.2014888724803,1
1,0,1,0,0,0,1,1,1,1,0,0,0,0,1,0,0,0,1,0,1,1,1,0,1,1,1,1,1,0,1,1,0,1,1,0,0,1,0,0,1,1,1,1,1,1,1,0,0,1,0,0,1,0,0,1,0,1,0,0,1,1,1,1,0.59375,-187.2014888724803,1
1,1,1,0,0,0,1,1,0,1,0,1,0,0,0,0,1,0,1,0,1,0,1,0,1,1,1,1,1,0,1,1,0,1,1,0,0,1,0,0,1,1,1,1,1,1,1,0,0,1,0,0,1,0,0,1,0,1,1,0,1,0,1,1,0.515625,-187.20118748448914,1
1,1,1,0,0,0,1,1,1,1,0,0,1,0,0,0,0,0,1,0,1,0,0,0,1,1,1,1,1,0,1,1,0,1,1,0,0,1,0,0,1,1,1,1,1,1,1,0,0,1,0,0,1,0,0,1,1,1,0,0,1,1,1,1,0.5625,-187.20114034443483,1
1,1,1,0,0,0,1,1,0,1,0,0,1,0,0,0,1,0,0,0,1,1,0,0,1,1,1,1,1,0,1,1,0,1,1,0,0,1,0,0,1,1,1,1,1,1,1,0,0,1,0,0,1,0,0,1,1,1,0,0,1,1,1,1,0.578125,-187.20092932312383,1
1,1,1,0,0,0,1,1,0,1,0,0,1,0,0,0,1,0,0,0,1,1,0,0,1,1,1,1,1,0,1,1,0,1,1,0,0,1,0,0,1,1,1,1,1,1,1,0,0,1,0,0,1,0,0,1,1,1,0,0,1,1,1,1,0.53125,-187.20092932312383,1
1,1,1,0,1,0,1,1,0,1,0,0,0,0,0,0,0,0,0,0,1,1,1,0,1,1,1,1,1,0,1,1,0,1,1,0,0,1,0,0,1,1,1,1,1,1,1,0,1,1,0,0,1,0,0,1,0,1,0,0,1,1,1,1,0.5625,-187.2008942994427,1
1,1,1,0,0,0,1,1,1,1,0,0,0,0,1,0,1,0,0,0,1,1,0,0,1,1,1,1,1,0,1,1,0,1,1,0,0,1,0,0,1,1,1,1,1,1,1,0,0,1,0,0,1,0,0,1,0,1,0,0,1,1,1,1,0.484375,-187.20063476832334,1
1,1,1,0,1,0,1,1,1,1,0,0,0,0,0,0,0,0,1,0,1,1,1,0,1,1,1,1,1,0,1,1,0,1,1,0,0,1,0,0,1,1,1,1,1,1,0,0,0,1,0,0,1,0,0,1,0,1,0,0,1,1,1,1,0.515625,-187.20056002993087,1
1,1,1,0,0,0,1,1,0,1,0,0,1,0,1,0,0,0,0,0,1,1,1,0,1,1,1,1,1,0,1,1,0,1,1,0,0,1,0,0,0,1,1,1,1,1,1,0,0,1,0,0,1,0,0,1,0,1,1,0,1,1,1,1,0.5,-187.20052766315828,1
1,1,1,0,0,0,1,1,1,1,0,0,1,0,1,0,0,0,0,0,1,1,0,0,1,1,0,1,1,0,1,1,0,1,1,0,0,1,0,0,1,1,1,1,1,1,1,0,0,1,0,0,1,0,0,1,1,1,0,0,1,1,1,1,0.546875,-187.20052758698998,1
1,1,1,0,0,0,1,1,0,1,0,0,1,0,1,1,0,0,1,0,1,1,0,0,1,1,1,1,1,0,1,1,0,1,1,0,0,1,0,0,0,1,1,1,1,1,1,0,1,1,0,0,1,0,0,1,0,1,0,0,1,0,1,1,0.578125,-187.20025635663643,1
1,1,1,0,0,0,1,1,0,1,0,0,1,0,0,0,0,0,1,0,1,1,1,0,1,1,1,1,1,0,1,1,0,1,1,0,0,1,0,0,1,1,1,1,1,1,1,0,0,1,0,0,1,0,0,1,0,1,0,0,1,1,1,1,0.546875,-187.2002207699259,1
1,1,1,0,0,0,1,1,0,1,1,0,0,0,0,0,0,0,1,0,1,1,0,0,1,1,1,1,1,0,1,1,0,1,1,0,0,1,0,0,1,1,1,1,1,1,1,1,0,1,0,0,1,0,0,1,0,1,0,0,1,1,1,1,0.5625,-187.20020348624146,1
1,1,1,0,0,0,1,1,0,1,0,0,0,0,1,0,0,0,1,0,1,1,0,0,1,1,1,1,1,0,1,1,0,1,1,0,0,1,0,0,0,1,1,0,1,1,1,1,1,1,0,0,1,0,0,1,1,1,0,0,1,1,1,1,0.5625,-187.20006887694583,1
1,1,1,0,0,0,1,1,0,1,1,0,1,0,0,0,0,0,0,0,1,1,0,0,1,1,1,1,1,0,1,1,0,1,1,0,0,1,0,0,1,1,1,1,1,1,1,0,0,1,0,0,1,0,0,1,1,1,0,0,1,1,1,1,0.515625,-187.20000439365953,1
1,1,1,0,0,0,1,1,0,1,1,0,0,0,0,0,1,0,0,0,1,1,1,0,1,1,0,1,1,0,1,1,0,1,1,0,0,1,0,0,1,1,1,1,1,1,1,0,0,1,0,0,1,0,0,1,1,1,0,0,1,1,1,1,0.546875,-187.1999418427435,1
1,0,1,0,0,0,1,1,1,1,1,0,1,0,1,0,0,0,0,0,1,1,0,0,1,1,1,1,1,0,1,1,0,1,1,0,0,1,0,0,1,1,1,1,1,1,1,0,0,1,0,0,1,0,0,1,1,1,0,0,1,0,1,1,0.5,-187.1998915108746,1
1,1,1,0,0,0,1,1,1,1,1,0,0,0,1,0,1,0,0,0,1,1,0,0,1,1,1,1,1,0,1,1,0,1,1,0,0,1,0,0,1,1,1,1,1,1,0,0,0,1,0,0,1,0,0,1,0,1,0,0,1,1,1,1,0.59375,-187.19987251986316,1
1,1,1,0,0,0,1,1,1,1,0,0,1,0,1,0,0,0,1,0,1,1,0,0,1,1,1,1,1,0,1,1,0,1,1,0,0,1,0,0,1,1,1,1,1,1,0,0,0,1,0,0,1,0,0,1,0,1,0,0,1,1,1,1,0.53125,-187.19973888802383,1
1,1,1,0,0,0,1,1,1,1,0,0,0,0,0,0,0,0,1,0,1,1,1,0,1,1,1,1,1,0,1,1,0,1,1,0,0,1,0,0,1,1,1,1,1,1,0,0,0,1,0,0,1,0,0,1,1,1,0,0,1,1,1,1,0.53125,-187.19958465471473,1
1,1,1,0,0,0,1,1,0,1,0,0,1,0,0,0,0,0,1,0,1,1,0,0,1,1,1,1,1,0,1,1,0,1,1,0,0,1,0,0,1,1,1,1,1,1,1,0,0,1,0,0,1,0,0,1,1,1,0,0,1,1,1,1,0.5625,-187.19956538413183,1
1,1,1,0,0,0,1,1,0,1,1,0,0,0,0,0,0,0,1,0,1,1,1,0,1,1,1,1,1,0,1,1,0,1,1,0,0,1,0,0,1,1,1,1,1,1,1,0,0,1,0,0,1,0,0,1,0,1,1,0,1,0,1,1,0.484375,-187.19944298568012,1
1,1,1,0,0,0,1,1,1,1,0,0,1,0,0,0,0,0,0,0,1,1,1,0,1,1,1,1,1,0,1,1,0,1,1,0,0,1,0,0,1,1,1,1,1,1,1,0,0,1,0,0,1,0,0,1,1,1,0,0,1,0,1,1,0.578125,-187.19940492736336,1
1,1,1,0,0,0,1,1,0,1,0,0,1,0,0,0,0,0,1,0,1,1,1,0,1,1,1,1,1,0,1,1,0,1,1,0,0,1,0,0,1,1,1,0,1,1,1,0,0,1,0,0,1,0,0,1,1,1,0,0,1,1,1,1,0.578125,-187.1993643443811,1
1,0,1,0,0,0,1,1,1,1,0,0,1,0,1,0,0,0,1,0,1,1,1,0,1,1,1,1,1,0,1,1,0,1,1,0,0,1,0,0,1,1,1,0,1,1,1,0,0,1,0,0,1,0,0,1,1,1,0,0,1,0,1,1,0.59375,-187.19925146159844,1
1,0,1,0,0,0,1,1,1,1,0,0,1,0,1,0,0,0,1,0,1,1,1,0,1,1,1,1,1,0,1,1,0,1,1,0,0,1,0,0,1,1,1,0,1,1,1,0,0,1,0,0,1,0,0,1,1,1,0,0,1,0,1,1,0.578125,-187.1992514615963,1
1,1,1,0,0,0,1,1,0,1,0,0,1,0,0,0,0,0,0,0,1,1,1,0,1,1,1,1,1,0,1,1,0,1,1,0,0,1,0,0,1,1,1,1,1,1,1,1,0,1,0,0,1,0,0,1,0,1,0,0,1,1,1,1,0.59375,-187.1990998926962,1
1,1,1,0,0,0,1,1,0,1,0,0,0,0,0,0,0,0,0,0,1,1,1,0,1,1,1,1,1,0,1,1,0,1,1,0,0,1,0,0,1,1,1,1,1,1,1,0,0,1,0,0,1,0,0,1,1,1,1,0,1,1,1,1,0.515625,-187.1990649916801,1
1,1,1,0,0,0,1,1,0,1,0,0,0,0,0,0,1,0,1,0,1,1,1,0,1,1,1,1,1,0,1,1,0,1,1,0,0,1,0,0,1,1,1,0,1,1,1,0,0,1,0,0,1,0,0,1,1,1,0,0,1,1,1,1,0.59375,-187.19905896669272,1
1,1,1,0,0,0,1,1,0,1,1,0,1,0,1,0,0,0,1,0,1,1,0,0,1,1,0,1,1,0,1,1,0,1,1,0,0,1,0,0,1,1,1,1,1,1,1,0,0,1,0,0,1,0,0,1,0,1,0,0,1,1,1,1,0.546875,-187.19873213706057,1
0,0,1,0,0,0,1,1,1,1,0,0,1,0,1,0,0,0,1,0,1,1,1,0,1,1,1,1,1,0,1,1,0,1,1,0,0,1,0,0,1,1,1,1,1,1,1,0,0,1,0,0,1,0,0,1,0,1,0,0,1,1,1,1,0.546875,-187.19861123493246,1
0,1,1,0,0,0,1,1,0,1,0,0,1,0,0,0,0,0,1,0,1,1,0,0,1,1,1,1,1,0,1,1,0,1,1,0,0,1,0,0,1,1,1,1,1,1,1,0,0,1,0,0,1,0,0,1,1,1,1,0,1,1,1,1,0.5625,-187.1985212548328,1
1,1,1,0,0,0,1,1,1,1,0,0,1,0,0,0,0,0,0,0,1,1,1,0,1,1,1,1,1,0,1,1,0,1,1,0,0,1,0,0,1,1,1,1,1,0,1,0,0,1,0,0,1,0,0,1,1,1,0,0,1,1,1,1,0.53125,-187.1983309632031,1
1,0,1,0,0,0,1,1,0,1,0,0,1,0,1,0,0,0,1,0,1,1,1,0,1,1,1,1,1,0,1,1,0,1,1,0,0,1,0,0,1,1,1,1,1,1,1,0,0,1,0,0,1,0,0,1,0,1,0,0,1,1,1,1,0.53125,-187.1979344432114,1
1,0,1,0,0,0,1,1,1,1,0,0,0,0,1,0,0,0,0,0,1,1,1,0,1,1,1,1,1,0,1,1,0,1,1,0,0,1,0,0,1,1,1,1,1,1,1,1,0,1,0,0,0,0,0,1,1,1,1,0,1,0,1,1,0.546875,-187.19790429781952,1
1,1,1,0,0,0,1,1,0,1,1,0,1,0,1,0,0,0,1,0,1,0,0,0,1,1,1,1,1,0,0,1,0,1,1,0,0,1,0,0,1,1,1,1,1,1,1,0,0,1,0,0,1,0,0,1,1,1,0,0,1,1,1,1,0.53125,-187.1976086123439,1
0,1,1,0,0,0,1,1,1,1,0,0,0,0,0,0,1,0,0,0,1,1,1,0,1,1,1,1,1,0,1,1,0,1,1,0,0,1,0,0,1,1,1,1,1,1,1,0,0,1,0,0,1,0,0,1,1,1,0,0,1,1,1,1,0.515625,-187.1976028974664,1
1,1,1,0,0,0,1,1,0,1,0,0,0,0,0,0,0,0,1,0,1,1,1,0,1,1,1,1,1,0,1,1,0,1,1,0,0,1,0,0,1,1,1,1,1,1,1,1,0,1,0,0,1,0,0,1,0,1,0,0,1,1,1,1,0.59375,-187.19743057601576,1
1,1,1,0,0,0,1,1,0,1,1,0,0,0,1,1,0,0,1,0,1,1,0,0,1,1,1,1,1,0,1,1,0,1,1,0,0,1,0,0,1,0,1,1,1,1,0,0,0,1,0,0,1,0,0,1,1,1,0,0,1,1,1,1,0.546875,-187.1973794341998,1
1,1,1,0,0,0,1,1,0,1,0,0,1,0,0,0,0,0,1,0,1,1,1,0,1,1,1,1,1,0,1,1,0,1,1,0,0,1,0,0,1,1,1,1,1,1,1,0,0,1,0,0,0,0,0,1,1,1,0,0,1,1,1,1,0.59375,-187.19730454958778,1
1,0,1,0,0,0,1,1,0,1,0,0,1,0,1,0,0,0,1,0,1,1,0,0,1,1,1,1,1,0,1,1,0,1,1,0,0,1,0,0,1,1,1,1,1,1,1,0,0,1,0,0,1,0,0,1,1,1,0,0,1,1,1,1,0.578125,-187.19727905741732,1
1,0,1,0,0,0,1,1,0,1,0,0,1,0,1,0,0,0,1,0,1,1,0,0,1,1,1,1,1,0,1,1,0,1,1,0,0,1,0,0,1,1,1,1,1,1,1,0,0,1,0,0,1,0,0,1,1,1,0,0,1,1,1,1,0.515625,-187.19727905741732,1
1,1,1,0,0,0,1,1,0,1,0,0,1,0,0,0,0,0,0,0,1,1,1,0,1,1,1,1,1,0,1,1,0,1,1,0,0,1,0,0,1,1,1,1,1,1,1,0,0,1,0,0,1,0,0,1,1,1,0,0,1,1,1,1,0.59375,-187.19723148343385,1
1,1,1,0,0,0,1,1,0,1,1,0,1,0,0,0,0,0,1,0,1,1,1,0,1,1,0,1,1,0,1,1,0,1,1,0,0,1,0,0,1,1,1,1,1,1,1,0,0,1,0,0,1,0,0,1,1,1,0,0,1,0,1,1,0.515625,-187.19719691841223,1
0,1,1,0,1,0,1,1,0,1,0,0,1,0,0,0,0,0,0,0,1,1,1,0,1,1,1,1,1,0,1,1,0,1,1,0,0,1,0,0,1,1,1,1,1,1,1,0,0,1,0,0,1,0,0,1,0,1,1,0,1,1,1,1,0.546875,-187.19716272934832,1
1,0,1,0,0,0,1,1,0,1,1,0,1,0,1,0,0,0,1,0,1,1,1,0,1,1,0,1,1,0,1,1,0,1,1,0,0,1,0,0,1,1,1,1,1,1,0,0,0,1,0,0,1,0,0,1,1,1,0,0,1,1,1,1,0.53125,-187.19675963572956,1
1,0,1,0,0,0,1,1,1,1,0,0,1,0,1,0,1,0,0,0,1,1,1,0,1,1,1,1,1,0,1,1,0,1,1,0,0,1,0,0,1,1,1,1,1,1,1,0,0,1,0,0,1,0,0,1,1,1,0,0,1,0,1,0,0.578125,-187.19661592635367,1
1,1,1,0,0,0,1,1,0,1,0,0,1,0,1,0,0,0,1,0,1,1,0,0,1,1,1,1,1,0,1,1,0,1,1,0,0,1,0,0,0,1,1,1,1,1,1,0,0,1,0,0,1,0,0,1,1,1,0,0,1,1,1,1,0.59375,-187.1963694524377,1
1,1,1,0,0,0,1,1,0,1,0,0,0,0,1,0,1,0,1,0,1,1,1,0,1,1,1,1,1,0,0,1,0,1,1,0,0,1,0,0,1,1,1,1,1,1,1,0,0,1,0,0,1,0,0,1,1,1,0,0,1,1,1,0,0.5625,-187.19631249679108,1
1,1,1,0,0,0,1,1,0,1,1,0,1,0,1,0,0,0,1,0,1,1,0,0,1,1,1,1,1,0,1,1,0,1,1,0,0,1,0,0,1,1,1,1,1,1,1,0,0,1,0,0,0,0,0,1,0,1,0,0,1,1,1,1,0.578125,-187.1962284757442,1
1,1,1,0,0,0,1,1,0,1,1,0,1,0,1,0,0,0,0,0,1,1,0,0,1,1,1,1,1,0,1,1,0,1,1,0,0,1,0,0,1,1,1,1,1,1,1,0,0,1,0,0,1,0,0,1,0,1,0,0,1,1,1,1,0.578125,-187.19615540959018,1
1,1,1,0,0,0,1,1,1,1,0,0,0,0,1,0,0,0,0,0,1,1,1,0,1,1,1,1,1,0,1,1,0,1,1,0,0,1,0,0,1,1,1,0,1,1,1,0,0,1,0,0,1,0,0,1,1,1,0,0,1,1,1,1,0.546875,-187.19608050308855,1
1,0,1,0,0,0,1,1,0,1,1,0,0,0,1,0,0,0,1,0,1,1,0,0,1,1,1,1,1,0,1,1,0,1,1,0,0,1,0,0,1,1,1,1,1,1,1,0,0,1,0,0,1,0,0,1,1,1,0,0,1,1,1,1,0.578125,-187.1960487502646,1
0,1,1,0,0,0,1,1,1,1,0,0,0,0,0,1,1,0,0,0,1,1,1,0,1,1,1,1,1,0,1,1,0,1,1,0,0,1,0,0,1,1,1,1,1,1,0,0,0,1,0,0,1,0,0,1,1,1,0,0,1,1,1,1,0.53125,-187.195992801734,1
1,1,1,0,0,0,1,1,0,1,0,0,1,0,1,0,0,0,1,0,1,1,1,0,1,1,0,1,1,0,1,1,0,1,1,0,0,1,0,0,1,1,1,1,1,1,1,0,0,1,0,0,1,0,0,1,0,1,0,0,1,1,1,1,0.546875,-187.1959592268349,1
1,1,1,0,0,0,1,1,0,1,1,0,1,0,1,0,0,0,1,0,1,1,0,0,1,1,1,1,1,0,1,1,0,1,1,0,0,1,0,0,1,1,1,0,1,1,1,0,0,1,0,0,0,0,0,1,1,1,1,0,1,0,1,1,0.59375,-187.19582457310645,1
1,1,1,0,0,0,1,1,0,1,0,0,1,0,1,0,0,0,1,0,1,1,0,0,1,1,1,1,1,0,1,1,0,1,1,0,0,1,0,0,1,1,1,1,1,1,1,0,0,1,0,0,1,0,0,1,0,1,0,0,1,1,1,1,0.578125,-187.19571640006254,1
1,1,1,0,0,0,1,1,0,1,0,0,1,0,1,0,0,0,1,0,1,1,0,0,1,1,1,1,1,0,1,1,0,1,1,0,0,1,0,0,1,1,1,1,1,1,1,0,0,1,0,0,1,0,0,1,0,1,0,0,1,1,1,1,0.5625,-187.19571640006254,1
1,1,1,0,0,0,1,1,0,1,0,0,1,0,1,0,0,0,1,0,1,1,0,0,1,1,1,1,1,0,1,1,0,1,1,0,0,1,0,0,1,1,1,1,1,1,1,0,0,1,0,0,1,0,0,1,0,1,0,0,1,1,1,1,0.546875,-187.19571640006254,1
1,1,1,0,0,0,1,1,0,1,0,0,0,0,0,0,0,0,1,0,1,1,1,0,1,1,1,1,1,0,1,1,0,1,1,0,0,1,0,0,1,1,1,1,1,1,1,0,0,1,0,0,1,0,0,1,1,1,0,0,1,1,1,1,0.578125,-187.19556216675338,1
0,1,1,0,0,0,1,1,0,1,0,0,1,0,1,0,0,0,1,0,1,1,0,0,1,1,1,1,1,0,1,1,0,1,1,0,0,1,0,0,1,1,1,1,1,1,1,0,1,1,0,0,1,0,0,1,0,1,0,0,1,1,1,1,0.578125,-187.19552620330515,1
0,1,1,0,0,0,1,1,1,1,1,0,0,0,0,0,0,0,1,0,1,1,1,0,1,1,1,1,1,0,1,1,0,1,1,0,0,1,0,0,1,1,1,1,1,1,0,0,0,1,0,0,1,0,0,1,1,1,0,0,1,1,1,1,0.515625,-187.19547671001416,1
1,0,1,0,0,0,1,1,1,1,0,0,0,0,1,0,0,0,1,0,1,1,1,0,1,1,1,1,1,0,1,1,0,1,1,0,0,1,0,0,1,1,1,1,1,1,1,0,0,1,0,0,1,0,0,1,1,1,0,0,1,0,1,1,0.5625,-187.19544928396854,1
1,1,1,0,0,0,1,1,0,1,0,0,1,0,0,0,0,0,1,0,1,1,1,0,1,1,1,1,1,0,1,1,0,1,1,0,0,1,0,0,1,1,1,1,1,1,1,0,0,1,0,0,1,0,0,1,1,1,0,0,1,1,1,0,0.5625,-187.19536487014884,1
1,1,1,0,0,0,1,1,0,1,0,0,1,0,1,0,0,0,1,0,1,1,0,0,1,1,0,1,1,0,1,1,0,1,1,0,0,1,0,0,1,1,1,1,1,1,1,0,0,1,0,0,1,0,0,1,1,1,0,0,1,1,1,1,0.5625,-187.19530384104084,1
1,1,1,0,0,0,1,1,0,1,0,0,0,0,0,1,0,0,0,0,1,1,1,0,1,1,1,1,1,0,1,1,0,1,1,0,0,1,0,0,1,1,1,1,1,1,1,0,0,1,0,0,1,0,0,1,1,1,0,0,1,1,1,1,0.5625,-187.1951533290114,1
1,1,1,0,0,0,1,1,1,1,0,0,1,0,1,0,0,0,0,0,1,1,1,0,1,1,0,1,1,0,1,1,0,1,1,0,0,1,0,0,1,1,1,1,1,1,1,0,0,1,0,0,1,0,0,1,1,1,0,0,1,0,1,1,0.53125,-187.1951433842724,1
1,0,1,0,0,0,1,1,0,1,0,0,1,0,1,0,0,0,0,0,1,1,1,0,1,1,1,1,1,0,1,1,0,1,1,0,0,1,0,0,1,1,1,1,1,1,1,0,0,1,0,0,1,0,0,1,1,1,0,0,1,1,1,1,0.5625,-187.19494515671934,1
1,0,1,0,0,0,1,1,0,1,0,0,1,0,1,0,0,0,0,0,1,1,1,0,1,1,1,1,1,0,1,1,0,1,1,0,0,1,0,0,1,1,1,1,1,1,1,0,0,1,0,0,1,0,0,1,1,1,0,0,1,1,1,1,0.5625,-187.19494515671934,1
1,1,1,0,0,0,1,1,0,1,1,0,0,0,0,0,0,0,1,0,1,1,1,0,1,1,1,1,1,0,1,1,0,1,1,0,0,1,0,0,1,1,1,1,1,1,0,0,0,1,0,0,1,0,0,1,1,1,0,0,1,1,1,1,0.53125,-187.19479991829314,1
1,0,1,0,0,0,1,1,0,1,0,0,0,0,1,0,0,0,1,0,1,1,1,0,1,1,0,1,1,0,1,1,0,1,1,0,0,1,0,0,1,1,1,1,1,1,1,1,0,1,0,0,1,0,0,1,1,1,0,0,1,1,1,1,0.5625,-187.1947316902796,1
1,1,1,0,0,0,1,1,0,1,1,0,1,0,0,0,0,0,0,0,1,1,1,0,1,1,1,1,1,0,1,1,0,1,1,0,0,1,0,0,1,1,1,1,1,1,1,0,0,1,0,0,1,0,0,1,1,1,0,0,1,0,1,1,0.515625,-187.19462019094183,1
1,1,1,0,0,0,1,1,1,1,0,0,0,0,1,0,0,0,0,0,1,1,1,0,1,1,1,1,1,0,1,1,0,1,1,0,0,1,0,0,0,1,1,1,1,1,1,1,0,1,0,0,1,0,0,1,1,1,0,0,1,1,1,0,0.546875,-187.19460249049138,1
1,1,1,0,0,0,1,1,1,1,1,0,0,0,1,0,0,0,0,0,1,1,1,0,1,1,1,1,1,0,1,1,0,1,1,0,0,1,0,0,1,1,1,1,1,1,1,0,0,1,0,0,1,0,0,1,0,1,0,0,1,0,1,1,0.546875,-187.19432563614131,1
1,1,1,0,0,0,1,1,0,1,1,0,0,0,0,0,1,0,0,0,1,1,1,0,1,1,1,1,1,0,1,1,0,1,1,0,0,1,0,0,1,1,1,1,1,1,1,0,0,1,0,0,1,0,0,1,1,1,0,0,1,0,1,1,0.5625,-187.19431481325347,1
1,1,1,0,0,0,1,1,0,1,0,0,1,0,0,0,0,0,1,0,1,1,1,0,1,1,1,1,1,0,1,1,0,1,1,0,0,1,0,0,1,1,1,1,1,1,1,0,0,1,0,0,1,0,0,1,1,1,0,0,1,0,1,1,0.5625,-187.1941811814142,1
1,1,1,0,0,0,1,1,0,1,0,0,1,0,1,0,0,0,0,0,1,1,1,0,1,1,1,1,1,0,1,1,0,1,1,0,0,1,0,0,0,1,1,1,1,1,1,0,0,1,0,0,1,0,0,1,1,1,0,0,1,1,1,1,0.546875,-187.19403555173972,1
1,1,1,0,0,0,1,1,1,1,0,0,0,0,1,0,0,0,1,0,1,0,0,0,1,1,1,1,1,0,1,1,0,1,1,0,0,1,0,0,1,1,1,1,1,1,1,0,1,1,0,0,1,0,0,1,1,1,0,0,1,0,1,1,0.546875,-187.19393921264427,1
1,1,1,0,0,0,1,1,0,1,0,0,1,0,1,0,0,0,0,0,1,1,1,0,1,1,1,1,1,0,1,1,0,1,1,0,0,1,0,0,1,1,1,1,1,1,1,0,0,1,0,0,1,0,0,1,0,1,0,0,1,1,1,1,0.5625,-187.19338249936456,1
1,1,1,0,0,0,1,1,0,1,0,0,0,0,1,0,0,0,1,0,1,1,0,0,1,1,1,1,1,0,1,1,0,1,1,0,0,1,0,0,1,1,1,1,1,1,1,1,0,1,0,0,1,0,0,1,0,1,0,0,1,1,1,1,0.5625,-187.1929262061524,1
1,1,1,0,0,0,1,1,0,1,0,0,1,0,1,0,0,0,0,0,1,1,0,0,1,1,1,1,1,0,1,1,0,1,1,0,0,1,0,0,1,1,1,1,1,1,1,0,0,1,0,0,1,0,0,1,1,1,0,0,1,1,1,1,0.546875,-187.1927271135705,1
1,1,1,0,0,0,1,1,0,1,0,0,1,0,1,0,0,0,0,0,1,1,0,0,1,1,1,1,1,0,1,1,0,1,1,0,0,1,0,0,1,1,1,1,1,1,1,0,0,1,0,0,1,0,0,1,1,1,0,0,1,1,1,1,0.546875,-187.1927271135705,1
1,1,1,0,0,0,1,1,0,1,0,0,1,0,1,0,0,0,0,0,1,1,0,0,1,1,1,1,1,0,1,1,0,1,1,0,0,1,0,0,1,1,1,1,1,1,1,0,0,1,0,0,1,0,0,1,1,1,0,0,1,1,1,1,0.578125,-187.1927271135705,1
1,1,1,0,0,0,1,1,0,1,0,0,1,0,1,0,0,0,0,0,1,1,0,0,1,1,1,1,1,0,1,1,0,1,1,0,0,1,0,0,1,1,1,1,1,1,1,0,0,1,0,0,1,0,0,1,1,1,0,0,1,1,1,1,0.5,-187.1927271135705,1
1,1,1,0,0,0,1,1,1,1,0,0,0,0,1,0,1,0,0,0,1,0,1,0,1,1,1,1,1,0,1,1,0,1,1,0,0,1,0,0,0,1,1,1,1,1,1,1,0,1,0,0,1,0,0,1,1,1,0,0,1,1,1,0,0.59375,-187.1923176438371,1
0,0,1,0,0,0,1,1,0,1,0,0,1,0,1,0,0,0,1,0,1,1,1,0,1,1,1,1,1,0,1,1,0,1,1,0,0,1,0,0,1,1,1,1,1,1,1,1,0,1,0,0,1,0,0,1,0,1,0,0,1,1,1,1,0.53125,-187.19226661175352,1
1,1,1,0,1,0,1,1,0,1,0,0,0,0,0,0,1,0,0,0,1,1,1,0,1,1,1,1,1,0,1,1,0,1,1,0,0,1,0,0,1,1,1,1,1,1,1,0,0,1,0,0,1,0,0,1,1,1,0,0,1,0,1,1,0.515625,-187.19186189244977,1
1,1,1,0,0,0,1,1,0,1,1,0,0,0,1,0,0,0,0,0,1,1,1,0,1,1,0,1,1,0,1,1,0,1,1,0,0,1,0,0,1,1,1,1,1,1,1,0,0,1,0,0,1,0,0,1,1,1,0,0,1,1,1,1,0.546875,-187.19173963319008,1
1,1,1,0,0,0,1,1,0,1,0,0,0,0,1,0,0,0,1,0,1,1,1,0,1,1,1,1,1,0,1,1,0,1,1,0,0,1,0,0,1,1,1,1,1,1,1,0,0,1,0,0,1,0,0,1,0,1,0,0,1,1,1,1,0.59375,-187.19171318268417,1
1,0,1,0,0,0,1,1,0,1,0,0,0,0,1,1,0,0,1,0,1,1,1,0,1,1,1,1,1,0,1,1,0,1,1,0,0,1,0,0,1,1,1,1,1,1,1,1,0,1,0,0,1,0,0,1,0,1,0,0,1,0,1,1,0.515625,-187.1916851095371,1
1,1,1,0,0,0,1,1,0,1,0,0,1,0,1,0,0,0,1,0,1,1,0,0,1,1,1,1,1,0,1,1,0,1,1,0,0,1,0,0,1,1,1,1,1,1,0,0,0,1,0,0,1,0,0,1,1,1,0,0,1,1,1,1,0.484375,-187.1915258555826,1
1,1,1,0,0,0,1,1,0,1,1,0,0,0,1,0,0,0,0,0,1,1,0,0,1,1,1,1,1,0,1,1,0,1,1,0,0,1,0,0,1,1,1,1,1,1,1,0,0,1,0,0,1,0,0,1,1,1,0,0,1,1,1,1,0.578125,-187.19149680641775,1
1,1,1,0,0,0,1,1,0,1,1,0,1,0,1,0,0,0,0,0,1,1,1,0,1,1,1,1,1,0,1,1,0,1,1,0,0,1,0,0,0,1,1,1,1,1,1,0,0,1,0,0,1,0,0,1,1,1,0,0,1,0,1,1,0.53125,-187.1914242592477,1
1,1,1,0,0,0,1,1,0,1,0,0,0,0,0,0,0,0,1,0,1,1,1,0,1,1,1,1,1,0,1,1,0,1,1,0,0,1,0,0,1,1,1,1,1,1,1,1,0,1,0,0,1,0,0,1,1,1,0,0,1,0,1,1,0.59375,-187.19139098750398,1
1,1,1,0,0,0,1,1,0,1,0,0,0,0,1,1,0,0,0,0,1,1,1,0,1,1,1,1,1,0,1,1,0,1,1,0,0,1,0,0,1,1,1,1,1,1,1,0,0,1,0,0,1,0,0,1,0,1,0,0,1,1,1,1,0.515625,-187.19130434493962,1
1,1,1,0,0,0,1,1,0,1,0,0,0,0,1,0,0,0,1,0,1,1,1,0,1,1,0,1,1,0,1,1,0,1,1,0,0,1,0,0,1,1,1,1,1,1,1,0,0,1,0,0,1,0,0,1,1,1,0,0,1,1,1,1,0.515625,-187.19130062366236,1
1,1,1,0,0,0,1,1,0,1,1,0,0,0,1,0,1,0,0,0,1,1,1,0,1,1,1,1,1,0,1,1,0,1,1,0,0,1,0,0,0,1,1,1,1,1,1,0,0,1,0,0,1,0,0,1,1,1,0,0,1,0,1,1,0.515625,-187.19111888155933,1
1,1,1,0,0,0,1,1,0,1,0,0,0,0,1,0,0,0,1,0,1,1,0,0,1,1,1,1,1,0,1,1,0,1,1,0,0,1,0,0,1,1,1,1,1,1,1,0,0,1,0,0,1,0,0,1,1,1,0,0,1,1,1,1,0.53125,-187.19105779689008,1
1,1,1,0,0,0,1,1,0,1,0,0,1,0,1,0,0,0,1,0,1,1,0,0,1,1,1,1,1,0,1,1,0,1,1,0,0,1,0,0,1,1,1,1,1,1,1,0,0,1,0,0,1,0,0,1,1,1,0,0,1,1,1,0,0.578125,-187.1908605002831,1
1,1,1,0,0,0,1,1,0,1,0,0,1,0,1,0,0,0,1,0,1,1,1,0,1,1,1,1,1,0,1,1,0,1,1,0,0,1,0,0,1,1,1,1,1,1,1,0,0,1,0,0,1,0,0,1,0,1,0,0,1,0,1,1,0.546875,-187.19033219734487,1
1,1,1,0,0,0,1,1,0,1,1,0,0,0,1,0,0,0,1,0,1,1,0,0,1,1,1,1,1,0,1,1,0,1,1,0,0,1,0,0,1,1,1,1,1,1,1,1,0,1,0,0,1,0,0,1,0,1,0,0,1,0,1,1,0.546875,-187.1903149136603,1
1,1,1,0,0,0,1,1,0,1,1,0,0,0,1,0,0,0,0,0,1,1,0,0,1,1,1,1,1,0,1,1,0,1,1,0,0,1,0,0,1,1,1,1,1,1,1,0,0,1,0,0,1,1,0,1,1,1,0,0,1,0,1,1,0.53125,-187.18994454160435,1
1,1,1,0,0,0,1,1,0,1,0,0,0,0,1,0,0,0,0,0,1,1,0,0,1,1,1,1,1,0,1,1,0,1,1,0,0,1,0,0,1,1,1,1,1,1,1,1,0,1,0,0,1,0,0,1,1,1,0,0,1,1,1,1,0.5625,-187.18993691966037,1
0,1,1,0,0,0,1,1,1,1,0,0,1,0,1,0,0,0,0,0,1,1,1,0,1,1,1,1,1,0,1,1,0,1,1,0,0,1,0,0,1,1,1,1,1,1,1,1,0,1,0,0,1,0,0,1,0,1,0,0,1,0,1,1,0.609375,-187.189888111836,1
1,1,1,0,0,0,1,1,0,1,0,0,1,0,1,0,0,0,0,0,1,1,1,0,1,1,1,1,1,0,1,1,0,1,1,0,0,1,0,0,1,1,1,1,1,1,0,0,0,1,0,0,1,0,0,1,1,1,0,0,1,1,1,1,0.53125,-187.18919195488462,1
1,1,1,0,0,0,1,1,1,1,0,0,1,0,1,0,0,0,1,0,1,0,1,0,1,1,1,1,1,0,1,1,0,1,1,0,0,1,0,0,1,1,1,1,1,1,1,0,0,1,0,0,0,0,0,1,1,1,0,0,1,0,1,1,0.546875,-187.18899093730974,1
0,1,1,0,0,0,1,1,0,1,0,0,1,0,1,0,0,0,1,0,1,1,1,0,1,1,1,1,1,0,1,1,0,1,1,0,0,1,0,0,1,1,1,1,1,1,1,0,0,1,0,0,1,0,0,1,0,1,0,0,1,1,1,1,0.5625,-187.18883554513633,1
1,1,1,0,0,0,1,1,0,1,0,0,0,0,1,0,0,0,0,0,1,1,1,0,1,1,1,1,1,0,1,1,0,1,1,0,0,1,0,0,1,1,1,1,1,1,1,0,0,1,0,0,1,0,0,1,1,1,0,0,1,1,1,1,0.515625,-187.1887238961921,1
1,1,1,0,0,0,1,1,0,1,0,0,1,0,1,0,1,0,0,0,1,1,1,0,1,1,1,1,1,0,1,1,0,1,1,0,0,1,0,0,1,1,1,1,1,1,0,0,0,1,0,0,1,0,0,1,1,1,0,0,1,1,1,0,0.515625,-187.18868928058933,1
1,1,1,0,0,0,1,1,0,1,0,0,1,0,1,0,0,0,1,0,1,1,0,0,1,1,1,1,1,0,1,1,0,1,1,0,0,1,0,0,1,1,1,1,1,1,1,1,0,1,0,0,0,0,0,1,1,1,0,0,1,0,1,1,0.546875,-187.18862900047495,1
0,1,1,0,0,0,1,1,1,1,0,0,0,0,1,0,0,0,1,0,1,1,1,0,1,1,1,1,1,0,1,1,0,1,1,0,0,1,0,0,1,1,1,1,1,1,1,1,0,1,0,0,1,0,0,1,0,1,0,0,1,0,1,1,0.546875,-187.18821879515565,1
0,1,1,0,0,0,1,1,1,1,0,0,0,0,1,0,0,0,1,0,1,1,1,0,1,1,1,1,1,0,1,1,0,1,1,0,0,1,0,0,1,1,1,1,1,1,0,0,0,1,0,0,1,0,0,1,1,1,0,0,1,1,1,1,0.53125,-187.18819942992513,1
1,1,1,0,0,0,1,1,0,1,0,0,1,0,1,0,0,0,0,0,1,0,0,0,1,1,1,1,1,0,1,1,0,1,1,0,0,1,0,0,1,1,1,1,1,1,1,1,0,1,0,0,1,0,0,1,1,1,0,0,1,1,1,1,0.59375,-187.1879574506945,1
1,1,1,0,0,0,1,1,0,1,0,0,0,0,1,0,0,0,1,0,1,1,1,0,1,1,1,1,1,0,1,1,0,1,1,0,0,1,0,0,1,1,1,1,1,1,0,0,0,1,0,0,1,0,0,1,1,1,0,0,1,1,1,1,0.53125,-187.1875226382041,1
1,1,1,0,0,0,1,1,0,1,0,0,0,0,1,0,0,0,1,0,1,1,0,0,1,1,1,1,1,0,1,1,0,1,1,0,0,1,0,0,1,1,1,1,1,1,1,1,0,1,0,0,1,0,0,1,1,1,0,0,1,0,1,1,0.5625,-187.18688661764062,1
1,1,1,0,0,0,1,1,0,1,0,0,1,0,1,0,0,0,0,0,1,0,1,0,1,1,1,1,1,0,1,1,0,1,1,0,0,1,0,0,1,1,1,1,1,1,1,0,0,1,0,0,1,0,0,1,1,1,0,0,1,1,1,1,0.515625,-187.1867444272286,1
1,1,1,0,0,0,1,1,0,1,0,0,1,0,1,0,0,0,0,0,1,0,1,0,1,1,1,1,1,0,1,1,0,1,1,0,0,1,0,0,1,1,1,1,1,1,1,0,0,1,0,0,1,0,0,1,1,1,0,0,1,1,1,1,0.59375,-187.18674442722624,1
0,1,1,0,0,0,1,1,0,1,0,0,1,0,1,1,0,0,1,0,1,1,0,0,1,1,1,1,1,0,1,1,0,1,1,0,0,1,0,0,1,1,1,1,1,1,1,0,0,1,0,0,1,0,0,1,1,1,0,0,1,0,1,1,0.625,-187.184721019578,1
1,1,1,0,1,0,1,1,1,1,0,0,0,0,1,1,0,0,0,0,1,0,1,0,1,1,1,1,1,0,1,1,0,1,1,0,0,1,0,0,1,1,1,1,1,1,1,0,0,1,0,0,1,0,0,1,1,1,0,0,1,0,1,0,0.53125,-187.18295919216757,1
0,1,1,0,1,0,1,1,0,1,1,0,0,0,1,0,0,0,1,0,1,1,1,0,1,1,1,1,1,0,1,1,0,1,1,0,0,1,0,0,1,1,1,1,1,1,1,0,0,1,0,0,1,0,0,1,0,1,0,0,1,0,1,1,0.5625,-187.18254102468796,1
1,0,1,0,0,0,1,1,1,1,0,0,1,0,0,0,0,0,1,0,1,1,1,0,1,1,1,1,1,0,1,1,0,1,1,0,0,1,0,0,1,1,1,1,1,1,1,0,1,1,0,0,1,0,0,1,0,1,0,0,1,1,1,1,0.53125,-185.5455945326387,1
1,1,1,0,0,0,1,1,1,1,0,0,1,0,0,0,0,0,0,0,1,1,1,0,1,1,1,1,1,0,1,1,0,1,1,0,0,1,0,0,1,1,1,1,1,1,1,0,0,1,0,0,1,0,0,1,0,1,1,0,1,1,1,1,0.546875,-185.5401886562475,1
1,1,1,0,0,0,1,1,1,1,1,0,0,0,0,0,0,0,1,0,1,1,1,0,1,1,1,1,1,0,1,1,0,1,1,0,0,1,0,0,1,0,1,1,1,1,1,0,0,1,0,0,1,0,0,1,1,1,0,0,1,1,1,1,0.5625,-185.53995896119056,1
1,0,1,0,0,0,1,1,1,1,0,0,1,0,0,0,1,0,1,0,1,1,1,0,1,1,1,1,1,0,1,1,0,1,1,0,0,1,0,0,1,1,1,1,1,1,1,0,0,1,0,0,0,0,0,1,1,1,0,0,1,1,1,1,0.546875,-185.53968549382188,1
1,1,1,0,0,0,1,1,1,1,0,0,1,0,0,1,1,0,0,0,1,1,0,0,1,1,1,1,1,0,1,1,0,1,1,0,0,1,0,0,1,1,1,0,1,1,1,0,0,1,0,0,1,0,0,1,1,1,0,0,1,1,1,1,0.53125,-185.53911840772167,1
1,0,1,0,0,0,1,1,0,1,0,0,1,0,0,0,0,0,1,0,1,1,1,0,1,1,1,1,1,0,1,1,0,1,1,0,0,1,0,1,1,1,1,1,1,1,1,0,0,1,0,0,1,0,0,1,1,1,0,0,1,1,1,1,0.53125,-185.53857059108904,1
1,1,1,0,0,0,1,1,1,1,0,0,0,0,0,0,0,0,1,0,1,1,1,0,1,1,1,1,1,0,1,1,0,1,1,0,0,1,0,0,1,1,1,1,1,1,1,0,0,1,0,0,1,0,0,1,0,1,1,0,1,1,1,1,0.578125,-185.5385193395671,1
1,1,1,0,0,0,1,1,0,1,1,0,1,0,0,0,0,0,1,0,1,1,0,0,1,1,1,1,1,0,1,1,0,1,1,0,0,1,0,0,1,1,1,1,1,1,1,0,0,1,0,0,1,0,0,1,0,1,1,0,1,1,1,1,0.578125,-185.5377378205239,1
1,1,1,0,0,0,1,1,1,1,0,0,0,0,0,0,0,0,0,0,1,1,1,0,1,1,1,1,1,0,1,1,0,1,1,0,0,1,0,0,1,1,1,1,1,1,1,1,0,1,0,0,1,0,0,1,0,1,1,0,1,1,1,1,0.5625,-185.5373984623373,1
1,1,1,0,0,0,1,1,1,1,0,0,1,0,0,0,0,0,1,0,1,1,1,0,1,1,1,1,1,0,1,1,0,1,1,0,0,1,0,0,0,1,1,1,1,1,1,0,0,1,0,0,1,0,0,1,1,1,0,0,1,1,1,1,0.53125,-185.53733888369612,1
1,1,1,0,0,0,1,1,1,1,0,0,1,0,0,0,0,0,1,0,1,1,1,0,1,1,1,1,1,0,1,1,0,1,1,0,0,1,0,0,1,1,1,1,1,1,1,0,0,1,0,0,1,0,0,1,0,1,0,0,1,1,1,1,0.578125,-185.53668583132097,1
1,1,1,0,0,0,1,1,0,1,1,0,1,0,0,0,0,0,0,0,1,1,1,0,1,1,1,1,1,0,1,1,0,1,1,0,0,1,0,0,1,1,1,1,1,1,1,0,1,1,0,0,1,0,0,1,0,1,0,0,1,1,1,1,0.5625,-185.5362578523702,1
1,1,1,0,0,0,1,1,1,1,0,0,1,0,0,0,0,0,1,0,1,1,0,0,1,1,1,1,1,0,1,1,0,1,1,0,0,1,0,0,1,1,1,1,1,1,1,0,0,1,0,0,1,0,0,1,1,1,0,0,1,1,1,1,0.609375,-185.5360304455269,1
1,0,1,0,0,0,1,1,0,1,1,0,1,0,0,0,0,0,1,0,1,1,1,0,1,1,1,1,1,0,1,1,0,1,1,0,0,1,0,0,1,1,1,1,1,1,1,1,0,1,0,0,1,0,0,1,0,1,0,0,1,1,1,1,0.578125,-185.53533216151655,1
1,0,1,0,0,0,1,1,1,1,0,0,1,0,1,0,1,0,1,0,1,1,0,0,1,1,1,1,1,0,1,1,0,1,1,0,0,1,0,0,1,1,1,1,1,1,1,0,0,1,0,0,0,0,0,1,1,1,0,0,1,1,1,1,0.53125,-185.53518112395852,1
1,1,1,0,0,0,1,1,0,1,0,0,1,0,1,0,1,0,1,0,1,1,0,0,1,1,1,1,1,0,1,1,0,1,1,0,0,1,0,0,1,0,1,1,1,1,1,1,0,1,0,0,1,0,0,1,0,1,0,0,1,1,1,1,0.53125,-185.53469350078507,1
1,1,1,0,0,0,1,1,1,1,0,0,0,0,0,1,0,0,1,0,1,1,1,0,1,1,1,1,1,0,1,1,0,1,1,0,0,1,0,0,1,1,1,1,1,1,1,0,0,1,0,0,1,0,0,1,0,1,0,0,1,1,1,1,0.59375,-185.53460767689603,1
1,1,1,0,1,0,1,1,0,1,0,0,1,0,0,0,0,0,1,0,1,1,1,0,1,1,1,1,1,0,0,1,0,1,1,0,0,1,0,0,1,1,1,1,1,1,1,0,0,1,0,0,1,0,0,1,1,1,0,0,1,1,1,1,0.5625,-185.53455016249578,1
1,1,1,0,0,0,1,1,1,1,0,0,0,0,0,0,0,0,1,0,1,1,1,0,1,1,1,1,1,0,1,1,0,1,1,0,0,1,0,0,1,1,1,1,1,1,1,1,0,1,0,0,1,0,0,1,0,1,0,0,1,1,1,1,0.515625,-185.53389563741084,1
1,0,1,0,1,0,1,1,1,1,0,0,1,0,1,0,0,0,1,0,1,1,0,0,1,1,1,1,1,0,1,1,0,1,1,0,0,1,0,0,1,1,1,0,1,1,1,0,0,1,0,0,1,0,0,1,1,1,0,0,1,1,1,1,0.53125,-185.53386306848378,1
1,0,1,0,1,0,1,1,1,1,1,0,1,0,1,1,0,0,0,0,1,1,0,0,1,1,1,1,1,0,1,1,0,1,1,0,0,1,0,0,1,1,1,1,1,1,0,0,0,1,0,0,1,0,0,1,0,1,0,0,1,1,1,1,0.515625,-185.53354840782373,1
1,0,1,0,0,0,1,1,1,1,0,0,1,0,1,0,0,0,0,0,1,1,1,0,1,1,1,1,1,0,1,1,0,1,1,0,0,1,0,0,1,1,1,1,1,1,1,1,0,1,0,0,1,0,0,1,0,1,0,0,1,1,1,1,0.59375,-185.53327862737683,1
1,1,1,0,0,0,1,1,0,1,1,0,1,0,0,0,1,0,0,0,1,1,1,0,1,1,1,1,1,0,1,1,0,1,1,0,0,1,0,0,1,1,1,1,1,1,1,0,0,1,0,0,1,0,0,1,0,1,0,0,1,1,1,1,0.59375,-185.53326503389147,1
1,1,1,0,0,0,1,1,1,1,0,0,0,0,1,0,1,0,1,0,1,1,1,0,1,1,1,1,1,0,1,1,0,1,1,0,0,1,0,0,0,1,1,1,1,1,1,0,0,1,0,0,1,0,0,1,0,1,0,0,1,1,1,1,0.625,-185.53318452193844,1
1,0,1,0,0,0,1,1,0,1,0,0,1,0,0,0,0,0,1,0,1,1,1,0,1,1,1,1,1,0,1,1,0,1,1,0,0,1,0,0,1,1,1,1,1,1,1,1,0,1,0,0,1,0,0,1,1,1,1,0,1,0,1,1,0.546875,-185.53235638840655,1
1,1,1,0,0,0,1,1,1,1,0,0,0,0,0,0,0,0,1,0,1,1,1,0,1,1,1,1,1,0,1,1,0,1,1,0,0,1,0,0,1,1,1,1,1,1,1,0,0,1,0,0,1,0,0,1,1,1,0,0,1,1,1,1,0.546875,-185.53202722814848,1
0,1,1,0,0,0,1,1,1,1,0,0,1,0,0,1,0,0,1,0,1,1,1,0,1,1,1,1,1,0,1,1,0,1,1,0,0,1,0,0,1,1,1,1,1,1,1,0,0,1,0,0,1,0,0,1,0,1,0,0,1,1,1,1,0.59375,-185.53173003935055,1
1,1,1,0,0,0,1,1,0,1,1,0,0,0,0,0,1,0,1,0,1,1,1,0,1,1,1,1,1,0,1,1,0,1,1,0,0,1,0,0,1,1,1,1,1,1,1,0,0,1,0,0,1,0,0,1,0,1,0,0,1,1,1,1,0.609375,-185.53159571721096,1
1,1,1,0,0,0,1,1,0,1,1,0,0,0,1,0,1,0,0,0,1,1,0,0,1,1,1,1,1,0,1,1,0,1,1,0,0,1,0,0,1,1,1,1,1,1,1,0,1,1,0,0,1,0,0,1,0,1,0,0,1,1,1,1,0.546875,-185.53144810481848,1
1,1,1,0,0,0,1,1,0,1,1,0,0,0,0,1,0,0,1,0,1,1,0,0,1,1,1,1,1,0,1,1,0,1,1,0,0,1,0,0,1,1,1,1,1,1,1,1,0,1,0,0,1,0,0,1,0,1,0,0,1,1,1,1,0.578125,-185.53103596394274,1
1,1,1,0,0,0,1,1,1,1,0,0,0,0,1,0,1,0,1,0,1,1,0,0,1,1,1,1,1,0,1,1,0,1,1,0,0,1,0,0,1,1,1,0,1,1,1,0,0,1,0,0,1,0,0,1,1,1,0,0,1,1,1,1,0.53125,-185.5310196582244,1
1,0,1,0,0,0,1,1,0,1,0,0,1,0,1,0,0,0,0,0,1,1,1,0,1,1,1,1,1,0,1,1,0,1,1,0,0,1,0,0,1,1,1,1,1,1,1,0,1,1,0,0,1,0,0,1,1,1,0,0,1,1,1,1,0.53125,-185.530543229636,1
1,1,1,0,1,0,1,1,1,1,0,0,1,0,1,0,0,0,0,0,1,1,0,0,1,1,1,1,1,0,1,1,0,1,1,0,0,1,0,0,1,1,1,1,1,1,1,0,0,1,0,0,1,0,0,1,0,1,0,0,1,1,1,1,0.59375,-185.53016755018166,1
1,1,1,0,0,0,1,1,0,1,0,0,1,0,1,0,0,0,1,0,1,1,0,0,1,1,0,1,1,0,1,1,0,1,1,0,0,1,0,0,1,1,1,1,1,1,1,0,0,1,0,0,1,0,0,1,1,1,1,0,1,1,1,1,0.625,-185.53004798141325,1
1,1,1,0,1,0,1,1,1,1,0,0,0,0,0,0,0,0,0,0,1,1,1,0,1,1,1,1,1,0,1,1,0,1,1,0,0,1,0,0,1,1,1,1,1,1,1,0,0,1,0,0,1,0,0,1,1,1,0,0,1,1,1,1,0.546875,-185.53001331687256,1
1,1,1,0,0,0,1,1,1,1,0,0,1,0,1,0,0,0,0,0,1,1,1,0,1,1,1,1,1,0,1,1,0,1,1,0,0,1,0,0,1,1,1,1,1,1,1,0,0,1,0,0,1,0,0,1,0,1,0,0,1,1,1,1,0.59375,-185.5298475607596,1
1,0,1,0,0,0,1,1,1,1,0,0,0,0,1,0,0,0,1,0,1,1,1,0,1,1,1,1,1,0,1,1,0,1,1,0,0,1,0,0,1,1,1,1,1,1,1,0,0,1,0,0,1,0,0,1,1,1,0,0,1,1,1,1,0.5625,-185.52974090143402,1
1,1,1,0,0,0,1,1,1,1,0,0,1,0,1,0,0,0,1,0,1,1,1,0,1,1,0,1,1,0,1,1,0,1,1,0,0,1,0,0,1,1,1,1,1,1,1,0,0,1,0,0,0,0,0,1,1,1,0,0,1,1,1,1,0.546875,-185.5295080678919,1
1,1,1,0,0,0,1,1,1,1,0,0,1,0,1,0,0,0,0,0,1,1,0,0,1,1,1,1,1,0,1,1,0,1,1,0,0,1,0,0,1,1,1,1,1,1,1,0,0,1,0,0,1,0,0,1,1,1,0,0,1,1,1,1,0.546875,-185.52919217496552,1
1,1,1,0,0,0,1,1,1,1,0,0,1,0,1,0,0,0,0,0,1,1,0,0,1,1,1,1,1,0,1,1,0,1,1,0,0,1,0,0,1,1,1,1,1,1,1,0,0,1,0,0,1,0,0,1,1,1,0,0,1,1,1,1,0.5625,-185.52919217496552,1
1,1,1,0,0,0,1,1,0,1,0,0,1,0,0,0,0,0,1,0,1,1,1,0,1,1,1,1,1,0,1,1,0,1,1,0,0,1,0,0,1,1,1,1,1,1,1,0,0,1,0,0,1,0,0,1,1,1,0,0,1,1,1,1,0.5625,-185.52847279888223,1
0,0,1,0,0,0,1,1,1,1,1,0,1,0,1,0,1,0,1,0,1,0,0,0,1,1,1,1,1,0,1,1,0,1,1,0,0,1,0,0,1,1,1,0,1,1,1,1,0,1,0,0,1,0,0,1,1,1,0,0,1,1,1,1,0.5,-185.52836331117518,1
1,0,1,0,0,0,1,1,1,1,0,0,1,0,1,0,0,0,1,0,1,1,1,0,1,1,1,1,1,0,1,1,0,1,1,0,0,1,0,0,1,1,1,1,1,1,1,0,0,1,0,0,1,0,0,1,1,1,0,0,1,0,1,1,0.578125,-185.52835991609484,1
1,1,1,0,0,0,1,1,1,1,0,0,0,0,1,0,0,0,1,0,1,1,1,0,1,1,1,1,1,0,1,1,0,1,1,0,0,1,0,0,1,1,1,1,1,1,1,0,0,1,0,0,1,0,0,1,0,1,0,0,1,1,1,1,0.5625,-185.52817824407919,1
1,0,1,0,0,0,1,1,0,1,0,0,1,0,1,0,0,0,1,0,1,1,1,0,1,1,1,1,1,0,1,1,0,1,1,0,0,1,0,0,1,1,1,1,1,1,1,1,0,1,0,0,1,0,0,1,0,1,0,0,1,1,1,1,0.59375,-185.52805488142755,1
1,1,1,0,0,0,1,1,1,1,0,0,1,0,1,0,0,0,1,0,1,1,0,0,1,1,1,1,1,0,1,1,0,1,1,0,0,1,0,0,1,1,1,1,1,1,1,1,0,1,0,0,1,0,0,1,0,1,0,0,1,0,1,1,0.5625,-185.52801028220807,1
1,1,1,0,0,0,1,1,1,1,0,0,1,0,1,0,1,0,0,0,1,1,0,0,1,1,1,1,1,0,1,1,0,1,1,0,0,1,0,0,1,1,1,1,1,1,1,0,0,1,0,0,1,0,0,1,1,1,0,0,1,0,1,1,0.5625,-185.52750581193797,1
1,1,1,0,0,0,1,1,0,1,0,0,0,0,1,1,0,0,1,0,1,1,1,0,1,1,1,1,1,0,1,1,0,1,1,0,0,1,0,0,1,0,1,1,1,1,1,0,0,1,0,0,1,0,0,1,1,1,0,0,1,1,1,1,0.546875,-185.5270490974079,1
1,1,1,0,0,0,1,1,1,1,1,0,1,0,1,0,0,0,0,0,1,1,0,0,1,1,1,1,1,0,1,1,0,1,1,0,0,1,0,0,1,1,1,1,1,1,1,0,0,1,0,0,1,0,0,1,1,1,0,0,1,0,1,1,0.53125,-185.5265808824736,1
1,1,1,0,0,0,1,1,1,1,0,0,1,0,1,0,0,0,1,0,1,1,1,0,1,1,0,1,1,0,1,1,0,1,1,0,0,1,0,0,1,1,1,1,1,1,1,0,0,1,0,0,1,0,0,1,1,1,0,0,1,0,1,1,0.53125,-185.5263846997183,1
1,1,1,0,0,0,1,1,1,1,0,0,1,0,1,1,0,0,1,0,1,1,1,0,1,1,0,1,1,0,1,1,0,1,1,0,0,1,0,0,1,1,1,1,1,1,1,0,0,1,0,0,0,0,0,1,1,1,0,0,1,0,1,1,0.53125,-185.52604892812766,1
1,1,1,0,0,0,1,1,0,1,0,0,0,0,0,0,0,0,1,0,1,1,1,0,1,1,1,1,1,0,1,1,0,1,1,0,0,1,0,0,1,1,1,1,1,1,1,1,0,1,0,0,1,0,0,1,1,1,0,0,1,1,1,1,0.5625,-185.52568260496946,1
1,1,1,0,1,0,1,1,1,1,0,0,1,0,1,0,0,0,1,0,1,1,0,0,1,1,0,1,1,0,1,1,0,1,1,0,0,1,0,0,1,1,1,1,1,1,1,1,0,1,0,0,0,0,0,1,1,1,0,0,1,0,1,1,0.53125,-185.52565687806444,1
1,1,1,0,0,0,1,1,0,1,1,0,0,0,0,1,0,0,1,0,1,1,1,0,1,1,1,1,1,0,1,1,0,1,1,0,0,1,0,0,1,1,1,1,1,1,0,0,0,1,0,0,1,0,0,1,1,1,0,0,1,1,1,1,0.578125,-185.52563239599456,1
1,1,1,0,0,0,1,1,1,1,0,0,0,0,1,0,0,0,0,0,1,1,1,0,1,1,1,1,1,0,1,1,0,1,1,0,0,1,0,0,1,1,1,1,1,1,1,0,0,1,0,0,1,0,0,1,1,1,0,0,1,1,1,1,0.5,-185.52518895758715,1
0,1,1,0,0,0,1,1,1,1,0,0,1,0,1,0,0,0,1,0,1,1,1,0,1,1,0,1,1,0,1,1,0,1,1,0,0,1,0,0,1,1,1,1,1,1,1,0,0,1,0,0,1,0,0,1,1,1,0,0,1,1,1,1,0.578125,-185.52488804750962,1
0,1,1,0,0,0,1,1,1,1,0,0,0,0,0,0,1,0,1,0,1,1,1,0,1,1,1,1,1,0,1,1,0,1,1,0,0,1,0,0,1,1,1,1,1,1,1,1,0,1,0,0,1,0,0,1,1,1,0,0,1,0,1,1,0.578125,-185.5246730336628,1
1,1,1,0,0,0,1,1,0,1,0,0,1,0,1,0,0,0,1,0,1,1,1,0,1,1,1,1,1,0,1,1,0,1,1,0,0,1,0,0,1,1,1,1,1,1,1,0,0,1,0,0,1,0,0,1,0,1,0,0,1,1,1,1,0.484375,-185.52462381481035,1
1,1,1,0,0,0,1,1,0,1,0,0,1,0,1,0,0,0,1,0,1,1,0,0,1,1,1,1,1,0,1,1,0,1,1,0,0,1,0,0,1,1,1,1,1,1,1,0,0,1,0,0,1,0,0,1,1,1,0,0,1,1,1,1,0.5,-185.5239684290163,1
1,1,1,0,0,0,1,1,0,1,0,0,1,0,1,0,0,0,1,0,1,1,0,0,1,1,1,1,1,0,1,1,0,1,1,0,0,1,0,0,1,1,1,1,1,1,1,0,0,1,0,0,1,0,0,1,1,1,0,0,1,1,1,1,0.546875,-185.5239684290163,1
1,1,1,0,0,0,1,1,1,1,0,0,1,0,1,0,0,0,0,0,1,1,1,0,1,1,1,1,1,0,1,1,0,1,1,0,0,1,0,0,1,1,1,1,1,1,1,0,0,1,0,0,1,0,0,1,1,1,0,0,1,0,1,1,0.5625,-185.52380797224782,1
1,1,1,0,0,0,1,1,1,1,0,0,1,0,1,0,0,0,0,0,1,1,1,0,1,1,1,1,1,0,1,1,0,1,1,0,0,1,0,0,1,1,1,1,1,1,1,0,0,1,0,0,1,0,0,1,1,1,0,0,1,0,1,1,0.546875,-185.52380797224782,1
1,1,1,0,0,0,1,1,0,1,0,0,1,0,1,0,0,0,1,0,1,1,1,0,1,1,1,1,1,0,1,1,0,1,1,0,0,1,0,0,1,1,1,0,1,1,1,0,0,1,0,0,1,0,0,1,1,1,0,0,1,1,1,1,0.53125,-185.52376738926563,1
1,1,1,0,0,0,1,1,0,1,0,0,0,0,1,0,1,0,1,0,1,1,0,0,1,1,1,1,1,0,1,1,0,1,1,0,0,1,0,0,1,1,1,1,1,1,1,0,0,1,0,0,1,0,0,1,1,1,0,0,1,1,1,1,0.578125,-185.52366305132793,1
1,1,1,0,0,0,1,1,1,1,0,0,0,0,1,0,0,0,1,0,1,0,1,0,1,1,1,1,1,0,1,1,0,1,1,0,0,1,0,0,1,1,1,1,1,1,1,1,0,1,0,0,1,0,0,1,0,1,0,0,1,1,1,1,0.5625,-185.52340858120314,1
1,1,1,0,0,0,1,1,1,1,1,0,0,0,1,0,0,0,0,0,1,1,1,0,1,1,1,1,1,0,1,1,0,1,1,0,0,1,0,0,1,1,1,1,1,1,1,0,0,1,0,0,1,0,0,1,1,1,0,0,1,0,1,1,0.546875,-185.5225776650951,1
0,1,1,0,0,0,1,1,0,1,0,0,1,0,1,0,1,0,1,0,1,1,1,0,1,1,1,1,1,0,1,1,0,1,1,0,0,1,0,0,1,1,1,0,1,1,1,1,0,1,0,0,1,0,0,1,0,1,0,0,1,1,1,1,0.5625,-185.52245278329167,1
1,1,1,0,0,0,1,1,0,1,1,0,0,0,1,0,0,0,0,0,1,1,1,0,1,1,1,1,1,0,1,1,0,1,1,0,0,1,0,0,1,1,1,1,1,1,1,1,0,1,0,0,1,0,0,1,0,1,0,0,1,1,1,1,0.59375,-185.52227263042792,1
1,1,1,0,0,0,1,1,0,1,0,0,1,0,1,0,0,0,0,0,1,1,1,0,1,1,1,1,1,0,1,1,0,1,1,0,0,1,0,0,1,1,1,1,1,1,1,0,0,1,0,0,1,0,0,1,1,1,0,0,1,1,1,1,0.515625,-185.52163452831832,1
1,1,1,0,0,0,1,1,0,1,1,0,1,0,1,0,0,0,1,0,1,1,0,0,1,1,1,1,1,0,1,1,0,1,1,0,0,1,0,0,1,1,1,1,1,1,1,0,0,1,0,0,1,0,0,1,1,1,0,0,1,0,1,1,0.53125,-185.52135713652441,1
1,1,1,0,0,0,1,1,0,1,0,0,1,0,1,0,1,0,0,0,1,1,1,0,1,1,1,1,1,0,1,1,0,1,1,0,0,1,0,0,1,1,1,1,1,1,1,0,0,1,0,0,1,0,0,1,1,1,0,0,1,0,1,1,0.515625,-185.51994816529066,1
1,1,1,0,1,0,1,1,0,1,1,0,0,0,1,0,0,0,1,0,1,1,1,0,1,1,1,1,1,0,1,1,0,1,1,0,0,1,0,0,0,1,1,1,1,0,1,0,0,1,0,0,1,0,0,1,1,1,0,0,1,1,1,1,0.515625,-185.51790838257696,1
1,0,1,0,0,0,1,1,1,1,1,0,1,0,1,0,1,0,1,0,1,1,0,0,1,1,1,1,1,0,1,1,0,1,1,0,0,1,0,0,1,1,1,1,1,1,1,0,0,1,0,0,1,0,0,1,0,1,0,0,1,1,1,1,0.609375,-183.49846998182096,1
1,0,1,0,1,0,1,1,0,1,1,0,1,0,0,0,1,0,1,0,1,1,1,0,1,1,1,1,1,0,1,1,0,1,1,0,0,1,0,0,1,1,1,1,1,1,1,0,0,1,0,0,1,0,0,1,0,1,0,0,1,1,1,1,0.5625,-183.49573669445914,1
1,0,1,0,0,0,1,1,1,1,0,0,1,0,1,0,1,0,1,0,1,1,1,0,1,1,1,1,1,0,1,1,0,1,1,0,0,1,0,0,1,1,1,1,1,1,1,0,0,1,0,0,1,0,0,1,0,1,0,0,1,1,1,1,0.5625,-183.49569707159532,1
1,1,1,0,0,0,1,1,1,1,0,0,1,0,1,0,1,0,1,0,1,1,0,0,1,1,1,1,1,0,1,1,0,1,1,0,0,1,0,0,1,1,1,1,1,1,1,0,0,1,0,0,1,0,0,1,0,1,0,0,1,1,1,1,0.53125,-183.49347902844642,1
1,1,1,0,0,0,1,1,1,1,0,0,1,0,1,0,0,0,0,0,1,1,0,0,1,1,1,1,1,0,1,1,0,1,1,0,0,1,0,0,1,1,1,1,1,1,1,0,0,1,0,0,1,0,0,1,1,1,1,0,1,1,1,1,0.5625,-183.4926286278889,1
1,1,1,0,0,0,1,1,1,1,1,0,0,0,0,0,0,0,1,0,1,1,1,0,1,1,1,1,1,0,1,1,0,1,1,0,0,1,0,0,1,1,1,1,1,1,1,0,0,1,0,0,1,0,0,1,1,1,0,0,1,1,1,1,0.546875,-183.49239986567295,1
1,1,1,0,0,0,1,1,1,1,0,0,0,0,1,0,0,0,1,0,1,1,0,0,1,1,1,1,1,0,1,1,0,1,1,0,0,1,0,0,1,1,1,1,1,1,1,0,1,1,0,0,1,0,0,1,1,1,0,0,1,1,1,1,0.5625,-183.49181324375274,1
1,0,1,0,0,0,1,1,1,1,1,0,1,0,1,0,0,0,0,0,1,1,1,0,1,1,1,1,1,0,1,1,0,1,1,0,0,1,0,0,1,1,1,1,1,1,1,0,0,1,0,0,1,0,0,1,1,1,0,0,1,1,1,1,0.578125,-183.49178285563897,1
1,1,1,0,0,0,1,1,0,1,0,0,1,0,0,1,0,0,1,0,1,1,1,0,1,1,1,1,1,0,1,1,0,1,1,0,0,1,0,0,1,1,1,1,1,1,1,1,0,1,0,0,1,0,0,1,0,1,0,0,1,1,1,1,0.59375,-183.4898659983943,1
1,1,1,0,1,0,1,1,0,1,0,0,1,0,1,0,1,0,1,0,1,1,0,0,1,1,1,1,1,0,1,1,0,1,1,0,0,1,0,0,0,1,1,1,1,1,1,1,0,1,0,0,1,0,0,1,0,1,0,0,1,1,1,1,0.53125,-183.48876283285875,1
1,1,1,0,0,0,1,1,0,1,1,0,0,0,0,0,1,0,1,0,1,1,1,0,1,1,1,1,1,0,1,1,0,1,1,0,0,1,0,0,1,1,1,1,1,1,1,0,0,1,0,0,1,0,0,1,1,1,0,0,1,1,1,1,0.53125,-183.48854005871578,1
1,1,1,0,0,0,1,1,1,1,0,0,1,0,1,0,0,0,0,0,1,1,1,0,1,1,1,1,1,0,1,1,0,1,1,0,0,1,0,0,1,1,1,1,1,1,1,0,0,1,0,0,1,0,0,1,1,1,0,0,1,1,1,1,0.578125,-183.48679190226437,1
1,0,1,0,0,0,1,1,0,1,1,0,1,0,1,0,0,0,1,0,1,1,1,0,1,1,1,1,1,0,1,1,0,1,1,0,0,1,0,0,1,1,1,1,1,1,1,0,0,1,0,0,1,0,0,1,1,1,0,0,1,1,1,1,0.578125,-183.48655910968972,1
1,0,1,0,0,0,1,1,0,1,1,0,1,0,1,0,0,0,1,0,1,1,1,0,1,1,1,1,1,0,1,1,0,1,1,0,0,1,0,0,1,1,1,1,1,1,1,0,0,1,0,0,1,0,0,1,1,1,0,0,1,1,1,1,0.546875,-183.48655910968972,1
1,1,1,0,0,0,1,1,0,1,1,0,1,0,1,0,0,0,1,0,1,1,1,0,1,1,0,1,1,0,1,1,0,1,1,0,0,1,0,0,1,1,1,1,1,1,1,1,0,1,0,0,1,0,0,1,0,1,0,0,1,1,1,1,0.609375,-183.48645230257546,1
1,1,1,0,0,0,1,1,0,1,1,0,0,0,0,0,0,0,1,0,1,1,1,0,1,1,1,1,1,0,1,1,0,1,1,0,0,1,0,0,1,1,1,1,1,1,1,1,0,1,0,0,1,0,0,1,1,1,0,0,1,1,1,1,0.546875,-183.48605524249405,1
1,1,1,0,0,0,1,1,0,1,1,0,1,0,1,0,1,0,0,0,1,1,0,0,1,1,1,1,1,0,1,1,0,1,1,0,0,1,0,0,1,1,1,1,1,1,1,0,0,1,0,0,1,0,0,1,1,1,0,0,1,1,1,1,0.546875,-183.4857050055329,1
1,1,1,0,0,0,1,1,1,1,0,0,1,0,1,0,0,0,1,0,1,1,1,0,1,1,1,1,1,0,1,1,0,1,1,0,0,1,0,0,1,1,1,0,1,1,1,1,0,1,0,0,1,0,0,1,1,1,0,0,1,0,1,1,0.546875,-183.48475358396217,1
1,1,1,0,0,0,1,1,0,1,0,0,0,0,1,0,0,0,1,0,1,1,0,0,1,1,1,1,1,0,1,1,0,1,1,0,0,1,0,0,1,1,1,1,1,1,1,1,0,1,0,0,1,0,0,1,1,1,1,0,1,1,1,1,0.546875,-183.48461468802958,1
1,1,1,0,0,0,1,1,0,1,1,0,0,0,1,0,1,0,1,0,1,1,0,0,1,1,1,1,1,0,1,1,0,1,1,0,0,1,0,0,1,1,1,1,1,1,1,0,0,1,0,0,1,0,0,1,1,1,0,0,1,1,1,1,0.578125,-183.48403568885237,1
1,1,1,0,0,0,1,1,1,1,0,0,1,0,1,0,0,0,1,0,1,1,1,0,1,1,1,1,1,0,1,1,0,1,1,0,0,1,0,0,1,1,1,1,1,1,1,0,0,1,0,0,1,0,0,1,1,1,0,0,1,0,1,1,0.5625,-183.48374160024468,1
1,1,1,0,0,0,1,1,1,1,0,0,1,0,1,0,0,0,1,0,1,1,1,0,1,1,1,1,1,0,1,1,0,1,1,0,0,1,0,0,1,1,1,1,1,1,1,0,0,1,0,0,1,0,0,1,1,1,0,0,1,0,1,1,0.5625,-183.48374160024468,1
1,1,1,0,0,0,1,1,0,1,0,0,1,0,1,0,0,0,1,0,1,1,0,0,1,1,1,1,1,0,1,1,0,1,1,0,0,1,0,0,1,1,1,1,1,1,1,1,0,1,0,0,1,0,0,1,1,1,0,0,1,1,1,1,0.59375,-183.4827811797834,1
1,1,1,0,0,0,1,1,0,1,1,0,1,0,1,0,1,0,0,0,1,1,1,0,1,1,1,1,1,0,1,1,0,1,1,0,0,1,0,0,1,1,1,1,1,1,0,0,0,1,0,0,1,0,0,1,1,1,0,0,1,1,1,1,0.515625,-183.48216984684694,1
0,1,1,0,0,0,1,1,0,1,1,0,1,0,1,0,1,0,1,0,1,1,1,0,1,1,1,1,1,0,1,1,0,1,1,0,0,1,0,0,1,1,1,1,1,1,1,0,0,1,0,0,1,0,0,1,0,1,0,0,1,1,1,1,0.578125,-183.4818134370986,1
1,1,1,0,0,0,1,1,0,1,0,0,0,0,1,0,1,0,1,0,1,1,1,0,1,1,1,1,1,0,1,1,0,1,1,0,0,1,0,0,1,1,1,1,1,1,1,0,0,1,0,0,1,0,0,1,1,1,0,0,1,1,1,1,0.5,-183.48126277862673,1
1,1,1,0,0,0,1,1,1,1,0,0,1,0,1,0,0,0,1,0,1,1,0,0,1,1,0,1,1,0,1,1,0,1,1,0,0,1,0,0,1,1,1,1,1,1,1,1,0,1,0,0,1,0,0,1,1,1,1,0,1,1,1,1,0.53125,-181.08271041867744,1
1,1,1,0,0,0,1,1,0,1,1,0,1,0,1,0,1,0,1,0,1,1,0,0,1,1,1,1,1,0,1,1,0,1,1,0,0,1,0,0,1,1,1,1,1,1,1,0,1,1,0,0,1,0,0,1,0,1,0,0,1,1,1,1,0.578125,-181.08167699004332,1
1,0,1,0,0,0,1,1,1,1,0,0,0,0,1,0,0,0,1,0,1,1,1,0,1,1,1,1,1,0,1,1,0,1,1,0,0,1,0,0,1,1,1,1,1,1,1,1,0,1,0,0,1,0,0,1,1,1,1,0,1,1,1,1,0.5625,-181.08068241767563,1
1,1,1,0,0,0,1,1,1,1,1,0,1,0,1,0,0,0,1,0,1,1,1,0,1,1,1,1,1,0,1,1,0,1,1,0,0,1,0,0,1,1,1,1,1,1,1,0,0,1,0,0,1,0,0,1,0,1,0,0,1,1,1,1,0.59375,-181.07884613883175,1
1,1,1,0,0,0,1,1,1,1,0,0,1,0,1,0,1,0,1,0,1,1,1,0,1,1,1,1,1,0,1,1,0,1,1,0,0,1,0,0,1,1,1,1,1,1,0,0,0,1,0,0,1,0,0,1,1,1,0,0,1,1,1,1,0.5625,-181.07558052381614,1
1,1,1,0,0,0,1,1,0,1,1,0,1,0,1,0,1,0,0,0,1,1,0,0,1,1,1,1,1,0,1,1,0,1,1,0,0,1,0,0,1,1,1,1,1,1,1,1,0,1,0,0,1,0,0,1,1,1,0,0,1,1,1,1,0.578125,-181.07321006885087,1
