0,1,2,3,4,5,6,7,8,9,10,11,12,13,14,15,16,17,18,19,20,21,22,23,24,25,26,27,28,29,30,31,32,33,34,35,36,37,38,39,40,41,42,43,44,45,46,47,48,49,50,51,52,53,54,55,56,57,58,59,60,61,62,63,chain_break_fraction,energy,num_occurrences
1,0,1,1,0,1,1,0,0,0,0,0,1,0,0,1,1,0,0,0,0,1,0,1,0,1,1,1,0,0,1,0,1,1,1,1,0,1,0,1,0,0,1,1,0,1,0,0,0,1,0,0,1,0,1,1,1,0,0,1,1,0,1,1,0.0,-190.20983077912496,1
0,0,0,1,0,1,0,1,1,1,1,0,1,0,0,0,1,0,0,0,0,1,1,0,0,1,1,1,0,1,0,1,1,0,0,1,0,1,1,0,1,0,0,1,1,1,0,0,0,1,0,0,1,0,1,1,1,0,1,1,0,1,0,1,0.0,-190.20747967776393,1
0,0,0,0,0,0,0,0,0,0,1,1,1,1,0,1,1,0,0,0,1,1,1,0,0,1,1,1,0,0,0,1,1,1,1,0,1,1,1,0,1,1,0,0,0,0,0,0,1,0,0,0,1,1,1,0,1,1,0,1,1,1,1,1,0.0,-190.20121338019752,1
0,0,0,0,1,0,0,1,1,0,1,0,1,0,0,1,1,0,0,0,1,1,0,0,0,1,1,0,0,0,1,1,1,1,1,0,0,1,1,0,0,0,1,0,1,1,1,1,1,0,0,1,0,1,0,1,0,0,1,1,1,0,1,1,0.0,-190.20092581210156,1
0,1,0,1,1,0,1,1,1,0,1,0,1,1,0,0,0,1,0,0,0,1,0,0,1,1,0,1,1,1,1,0,1,0,0,1,1,1,0,1,1,0,1,0,0,1,0,0,1,1,0,0,1,1,1,0,1,0,0,0,0,0,0,1,0.015625,-190.19570193604255,1
1,0,1,1,0,0,0,1,1,0,1,1,0,0,0,0,1,1,0,1,1,1,0,0,1,1,0,1,0,0,0,1,0,1,1,0,0,1,0,1,0,1,0,0,1,1,0,0,1,0,1,1,0,0,1,1,0,0,1,0,0,1,1,1,0.0,-190.19471444594757,1
0,1,1,1,0,1,1,1,1,0,0,0,0,0,0,0,1,0,1,0,0,1,0,0,1,1,1,0,0,1,0,0,1,1,1,1,0,1,0,1,1,1,1,0,1,1,0,1,0,0,0,0,1,0,1,1,1,0,0,0,1,0,1,0,0.0,-190.193041408411,1
1,1,1,0,0,0,0,1,1,0,1,0,1,0,0,0,1,0,1,1,1,1,0,1,0,0,1,0,1,1,0,0,0,1,1,0,0,1,1,0,0,1,1,1,1,0,1,0,1,0,0,0,1,0,0,1,0,0,0,1,1,0,1,1,0.0,-190.19259783218556,1
1,1,0,1,0,1,0,1,1,0,1,0,0,0,1,1,1,0,0,0,0,1,0,0,0,0,0,1,0,1,1,1,1,0,1,0,1,1,1,0,0,0,1,0,0,1,0,1,1,1,0,1,0,1,1,0,1,0,0,0,1,0,1,1,0.0,-190.1902046680971,1
0,1,1,1,1,0,0,1,0,0,1,1,1,1,0,0,1,0,1,0,1,0,1,1,0,1,0,1,1,0,1,0,1,1,0,0,0,1,1,0,0,0,1,1,1,1,0,0,1,1,0,0,0,0,0,1,1,0,0,0,0,0,1,1,0.015625,-190.18962512497518,1
0,0,1,1,0,0,1,1,1,1,0,0,0,1,1,0,1,1,0,1,1,1,0,0,0,1,0,1,0,0,0,0,1,1,1,0,0,1,1,1,1,0,0,1,1,0,1,1,0,1,1,0,0,1,0,0,0,0,0,1,0,1,1,0,0.0,-190.18836581743554,1
0,0,1,0,0,0,0,0,0,1,1,1,0,0,1,1,0,1,1,1,1,0,0,1,1,0,1,1,0,0,0,0,1,0,0,1,1,1,1,0,1,0,1,1,0,1,0,0,1,0,0,0,0,1,1,1,1,0,0,1,1,1,1,0,0.0,-190.18756516077735,1
0,0,1,1,0,1,0,0,1,1,1,0,1,0,1,0,1,0,0,0,1,0,0,0,1,1,1,0,1,0,1,0,1,0,0,1,0,0,1,1,1,0,0,1,0,1,1,1,1,0,1,0,1,1,0,1,1,0,0,1,1,0,0,0,0.015625,-190.18745621763827,1
0,1,1,0,1,1,0,1,1,1,1,1,1,1,0,0,0,1,0,0,1,0,0,0,0,1,1,1,1,0,0,0,1,0,0,0,0,1,0,0,1,0,0,0,1,0,1,0,1,1,0,1,1,1,0,1,1,0,0,0,1,0,1,1,0.0,-190.18718105941068,1
0,0,1,1,1,0,1,1,1,0,1,0,1,0,0,0,0,0,0,0,0,1,0,0,1,1,1,1,0,0,1,1,1,1,0,1,0,1,0,0,1,0,0,1,1,0,0,1,1,1,0,0,1,0,0,1,0,1,1,0,1,0,1,1,0.0,-190.18709635174756,1
0,1,1,0,1,0,1,1,0,1,0,0,1,0,0,1,0,1,0,0,0,0,0,0,0,1,1,1,1,0,1,1,1,0,1,0,1,0,1,1,1,0,0,1,0,1,0,1,1,1,0,0,0,1,0,1,1,0,1,0,1,0,1,0,0.015625,-190.18686027347078,1
0,1,1,0,1,0,1,1,0,1,0,1,0,0,0,0,1,0,0,0,0,1,0,0,1,0,0,0,0,1,1,1,0,0,0,1,0,1,1,1,1,0,1,1,1,1,0,0,1,1,0,0,1,0,1,1,1,0,1,1,1,0,1,0,0.0,-190.18663333687655,1
0,1,1,1,1,1,0,1,0,1,1,0,0,0,0,0,0,1,0,0,0,0,0,1,1,0,0,0,0,0,0,1,1,1,1,1,0,1,1,0,0,1,1,1,1,1,0,0,1,1,0,0,0,0,0,1,1,1,1,1,0,0,1,1,0.0,-190.1864430005914,1
0,1,1,1,0,0,0,1,0,0,1,0,1,0,1,0,1,1,0,0,1,1,0,1,1,1,1,1,1,0,0,0,1,0,0,1,0,1,0,0,0,0,1,0,1,1,0,1,1,0,0,1,1,1,0,1,1,0,0,0,0,1,1,0,0.0,-190.18519417586847,1
0,0,0,1,1,1,0,1,1,1,0,0,1,0,0,0,1,1,1,1,1,1,0,0,1,1,0,0,0,0,1,1,0,1,1,0,0,0,0,1,1,1,0,0,1,1,1,0,1,1,0,0,1,1,0,0,0,1,1,1,0,0,0,0,0.0,-190.1845490634658,1
0,0,0,1,0,1,1,0,0,1,0,0,1,0,0,1,0,1,0,1,0,1,0,1,1,0,1,0,0,1,1,1,1,0,1,1,0,1,0,0,0,0,0,1,0,1,1,0,1,1,0,1,1,1,0,0,1,0,1,1,0,1,0,1,0.0,-190.18414099200584,1
0,0,1,1,1,0,1,0,0,1,0,0,1,0,0,0,1,0,1,0,1,0,1,0,1,1,0,0,0,0,1,1,0,0,1,1,1,1,1,0,0,0,1,1,0,1,1,0,1,1,1,0,0,0,0,1,0,1,1,0,0,1,1,1,0.015625,-190.18409867553498,1
1,0,1,1,0,0,1,0,0,0,0,1,1,0,0,1,1,0,0,0,0,0,1,1,0,0,1,1,0,0,1,1,1,1,0,0,0,1,1,0,1,0,1,0,1,1,0,1,0,1,1,0,0,1,1,1,1,0,0,1,0,1,1,0,0.03125,-190.18399873492442,1
0,0,0,0,0,0,1,1,1,1,1,1,1,1,1,1,0,0,1,0,1,1,0,0,1,1,1,1,1,0,0,1,0,0,0,0,0,0,1,1,1,1,0,1,0,1,0,1,1,0,0,0,1,1,0,1,0,0,1,0,1,0,0,0,0.0,-190.18352633233715,1
0,0,0,1,1,1,0,0,1,1,1,1,1,0,0,0,0,1,0,1,1,1,0,0,1,1,1,1,0,0,0,0,0,1,0,1,0,1,1,0,0,0,1,1,1,0,0,0,1,1,0,1,0,0,0,1,1,0,0,1,1,1,0,1,0.0,-190.18338003629967,1
0,1,1,1,0,0,0,1,0,0,1,1,0,1,0,0,1,0,0,1,1,1,0,0,0,1,1,1,1,0,1,0,1,0,0,1,1,0,1,0,0,0,0,0,1,1,0,0,1,1,1,0,0,1,0,1,1,0,1,1,0,1,1,0,0.0,-190.18282370448958,1
1,1,1,0,1,0,1,1,0,0,1,0,0,0,0,0,1,1,0,0,1,1,0,0,0,0,0,0,0,0,1,1,1,1,1,1,1,1,0,1,0,0,1,0,0,1,0,0,1,1,0,1,0,1,1,1,1,0,0,1,0,1,1,0,0.0,-190.1827957401078,1
0,1,1,1,0,0,0,0,0,0,0,0,0,1,0,0,1,1,1,1,0,1,0,0,0,1,1,1,1,1,1,1,1,1,0,1,1,0,0,0,0,0,1,0,0,1,1,0,1,1,0,0,1,1,1,1,0,0,1,0,1,0,0,1,0.015625,-190.18217666445966,1
1,1,1,0,0,0,1,1,0,0,0,0,0,0,0,0,1,1,1,0,0,1,0,0,0,1,1,1,0,0,0,0,1,0,0,1,1,1,1,0,1,0,1,1,0,1,1,1,1,1,0,1,0,1,1,1,0,1,0,1,1,0,0,0,0.015625,-190.18151107079004,1
0,0,1,1,1,0,1,0,1,0,1,1,0,0,1,1,0,0,0,0,1,1,0,0,1,0,1,0,0,0,0,0,1,0,0,1,1,1,0,0,1,1,1,0,0,1,1,0,1,1,0,1,0,1,1,1,0,0,0,1,0,1,1,1,0.0,-190.1811886098359,1
1,0,1,0,1,0,1,1,1,0,1,0,0,0,0,0,0,0,0,0,1,1,1,0,0,0,1,0,1,0,1,0,1,1,0,1,1,0,0,1,1,0,1,0,1,1,0,0,1,1,1,0,0,0,1,1,1,0,0,1,1,0,1,1,0.0,-190.1810568137436,1
1,1,0,0,1,1,1,1,0,0,1,0,1,0,0,0,1,0,0,1,0,1,0,1,0,1,0,1,0,1,1,1,0,0,1,0,1,1,0,1,1,0,1,1,0,1,0,1,0,0,0,0,1,0,1,1,1,0,0,1,0,0,1,0,0.0,-190.18094257941337,1
0,0,1,0,0,1,1,1,0,0,1,0,0,0,1,1,0,0,0,0,0,1,1,1,0,1,1,0,0,1,1,1,1,1,1,1,0,0,1,1,0,1,0,0,1,0,1,1,0,1,0,0,0,0,1,0,1,0,1,1,0,0,1,1,0.015625,-190.18093233294522,1
1,1,0,1,0,0,1,0,0,1,0,0,0,0,1,1,1,1,1,1,0,1,0,1,1,0,0,1,0,0,0,0,1,0,1,1,1,1,1,1,0,0,1,1,0,1,0,0,1,0,1,1,0,0,1,0,0,0,1,1,1,0,0,0,0.0,-190.180464957185,1
0,0,1,1,1,1,1,1,1,1,1,0,1,1,1,0,1,0,0,0,0,1,1,0,1,1,0,0,1,0,1,1,1,0,0,1,1,1,1,0,0,1,1,0,1,0,0,0,0,0,0,0,0,1,1,0,0,0,0,1,0,0,0,1,0.0,-190.18012398529615,1
1,0,0,1,1,1,1,0,1,0,0,0,0,1,1,1,0,1,0,0,1,1,1,1,1,0,1,1,0,0,0,0,1,0,0,1,0,0,1,0,0,1,0,1,1,0,0,1,1,1,0,0,1,1,0,1,1,0,1,1,0,0,0,0,0.015625,-190.1800570214905,1
1,0,1,0,0,0,1,1,1,1,0,0,0,1,0,1,0,1,0,0,1,1,0,0,1,1,1,1,0,0,0,0,1,1,0,0,0,0,1,0,0,1,0,1,1,1,0,1,1,1,1,0,0,1,0,0,0,1,0,1,1,1,0,1,0.015625,-190.17966254082282,1
0,0,0,0,1,0,0,1,1,1,1,1,1,0,0,1,1,0,0,0,1,1,0,0,1,1,1,0,0,0,0,0,0,0,1,1,1,0,1,0,1,0,0,1,1,1,1,1,1,0,1,1,0,0,1,0,1,0,0,0,0,1,1,1,0.0,-190.17950502963294,1
1,1,1,0,0,1,1,0,1,0,0,0,0,0,0,0,0,1,0,0,0,1,0,0,1,0,0,1,0,0,1,1,1,1,1,1,0,1,0,1,0,0,1,0,0,1,1,1,1,1,0,1,1,0,1,1,1,0,1,1,0,0,0,1,0.0,-190.17888527158846,1
0,1,0,1,0,1,1,1,0,0,0,0,0,1,0,1,1,1,1,1,1,1,1,0,0,0,1,1,1,1,1,0,0,0,0,0,0,0,0,0,0,0,1,0,0,1,0,1,1,1,0,0,1,1,1,0,1,0,1,1,1,0,1,0,0.0,-190.17884930044994,1
0,0,1,0,0,1,1,0,1,0,0,0,1,0,0,0,1,1,0,0,0,1,1,0,1,0,0,1,0,0,0,1,1,0,1,1,0,1,1,0,0,1,1,1,1,1,1,0,0,1,0,1,0,0,1,1,1,1,0,1,1,0,1,0,0.015625,-190.17874837003566,1
1,0,1,0,0,1,1,1,1,0,1,0,1,0,0,1,0,0,0,0,1,1,0,1,1,1,0,1,0,0,1,1,1,0,1,1,0,1,1,0,0,1,1,0,0,1,0,1,1,1,0,1,1,0,1,0,1,0,0,0,0,0,0,0,0.0,-190.1785298210347,1
0,0,1,1,0,0,0,0,1,0,0,0,0,0,0,1,1,0,0,0,1,0,0,0,0,1,0,1,1,1,1,0,1,0,1,0,1,1,1,1,1,0,1,1,0,1,1,1,1,1,1,1,1,0,1,1,1,0,0,0,0,1,0,0,0.0,-190.1777623296882,1
0,0,1,0,1,0,1,1,0,0,1,1,0,0,1,0,1,1,0,0,0,0,0,0,1,1,1,1,0,0,1,0,1,1,1,1,1,0,1,0,0,0,0,1,1,0,0,1,1,1,0,0,0,1,0,1,1,0,1,1,1,0,1,0,0.0,-190.17701142638882,1
0,0,0,1,1,1,0,1,0,0,1,1,1,0,0,0,0,0,1,1,0,1,0,1,1,0,1,1,1,1,1,0,1,1,1,1,1,1,1,0,0,1,0,1,0,0,1,0,1,1,0,0,0,1,1,0,1,0,0,0,0,0,0,0,0.0,-190.17686975615183,1
0,1,1,0,1,0,0,0,1,0,1,0,0,1,0,0,0,1,0,0,0,1,0,0,1,0,0,1,1,0,1,1,0,0,1,1,1,1,0,0,1,1,1,1,0,1,0,1,1,0,0,0,0,1,0,1,1,0,1,1,1,0,1,1,0.0,-190.17678937696598,1
1,1,0,0,0,0,1,1,1,1,1,1,0,0,0,1,1,1,0,0,1,1,0,0,0,0,1,1,0,0,1,0,0,1,1,1,0,1,1,0,1,1,0,1,1,1,0,1,0,1,0,0,0,0,0,1,1,0,0,0,1,0,1,0,0.0,-190.17658177122172,1
1,0,0,1,1,0,0,0,0,0,1,0,1,1,0,1,1,0,0,0,1,1,0,0,0,1,1,1,0,0,0,0,1,0,0,0,1,0,0,1,0,1,1,1,0,0,1,1,1,0,1,1,1,1,1,0,0,1,1,0,1,1,0,1,0.0,-190.17645437228174,1
1,1,1,1,1,1,1,0,0,0,1,1,1,0,0,0,1,0,1,0,1,1,0,0,0,1,1,1,1,1,0,1,1,0,0,1,0,0,0,0,0,0,1,0,1,1,0,0,0,0,1,1,0,1,0,1,1,0,0,0,0,1,1,0,0.0,-190.1757285303733,1
1,0,1,0,1,0,0,0,1,0,1,0,1,1,0,0,0,1,1,0,1,0,0,0,1,1,1,1,0,1,1,0,1,0,1,0,0,1,0,0,1,1,1,1,0,0,1,1,0,1,1,0,0,0,1,0,0,0,0,1,1,1,0,1,0.015625,-190.1755819730995,1
1,1,1,1,1,1,1,1,1,0,1,0,1,1,0,1,0,0,0,0,1,0,0,1,0,1,1,1,0,1,0,1,0,1,0,0,0,0,0,0,1,0,1,0,1,0,0,1,0,0,0,0,0,1,1,1,1,0,0,1,0,0,1,1,0.0,-190.17523643762448,1
1,0,1,0,0,0,0,1,0,1,1,1,1,1,0,0,1,1,0,0,1,1,1,0,1,1,1,0,1,0,1,0,0,1,1,1,0,1,1,0,1,1,0,0,1,0,0,0,0,1,1,0,0,1,0,1,0,0,0,1,0,0,1,0,0.0,-190.1751955912409,1
1,1,0,1,0,1,0,0,1,0,1,0,0,0,0,1,0,1,1,0,0,1,1,1,1,0,0,1,0,1,1,1,1,0,0,0,0,1,0,0,0,1,0,1,0,1,1,0,1,1,1,1,1,1,1,1,0,0,0,1,0,0,0,0,0.0,-190.17477509266195,1
0,1,1,0,0,1,0,1,1,0,1,0,1,0,1,1,0,0,1,0,0,1,0,0,0,0,0,1,1,1,0,0,1,0,0,1,1,1,1,0,0,1,0,1,0,1,0,0,1,1,0,1,1,0,1,1,0,1,0,1,0,1,1,0,0.0,-190.17430741692917,1
0,1,1,0,0,0,0,0,0,1,1,0,1,0,0,0,1,0,0,1,0,1,0,1,0,0,1,1,0,0,0,0,1,0,1,1,0,1,1,1,0,1,0,1,1,1,0,0,0,1,0,1,1,0,1,1,1,0,1,1,1,1,0,1,0.0,-190.17428351257993,1
0,1,1,0,1,1,0,0,1,0,0,0,0,1,0,0,1,1,0,0,1,1,0,0,1,1,0,1,0,1,1,0,1,1,0,0,1,1,1,0,1,1,0,0,1,1,0,0,0,0,0,1,0,1,1,1,0,0,1,0,0,1,1,1,0.0,-190.17405266323175,1
1,0,1,1,1,0,1,1,0,0,1,0,0,0,0,0,0,1,0,0,0,0,0,0,1,0,1,1,0,1,1,1,1,0,1,0,1,1,0,0,1,1,1,0,1,1,1,0,1,1,1,0,0,0,1,1,0,0,1,0,0,0,1,1,0.0,-190.1736922299117,1
1,0,1,0,0,0,1,0,1,0,1,0,0,1,1,0,1,1,1,0,0,1,1,0,0,0,0,1,0,0,1,1,1,1,0,0,1,1,1,0,1,1,1,0,0,1,1,0,1,1,1,0,0,1,0,0,1,0,1,0,0,0,1,0,0.015625,-190.17366414517318,1
0,0,1,0,0,0,0,1,0,0,1,0,1,0,1,0,1,1,0,1,0,0,0,1,0,1,0,0,1,0,1,1,1,1,0,0,1,0,1,0,0,0,1,1,1,1,0,1,1,1,0,1,0,0,1,1,0,1,1,0,1,1,1,0,0.0,-190.17344322748895,1
0,1,1,0,0,1,0,0,0,1,1,1,1,0,0,0,1,0,0,1,0,1,0,1,1,1,0,1,1,0,1,1,1,1,0,1,0,1,1,0,0,0,0,0,0,0,0,1,1,1,1,1,0,1,1,0,0,0,1,1,0,1,0,0,0.0,-190.17325036585012,1
1,0,0,0,1,1,0,1,0,0,0,1,1,0,1,0,0,0,0,0,1,1,0,0,0,0,1,1,0,0,1,1,1,0,1,1,1,1,0,1,1,0,0,0,1,0,0,1,1,0,0,1,0,0,1,1,1,1,1,0,1,1,0,1,0.0,-190.17324077871362,1
1,0,1,0,0,0,1,0,1,1,1,0,0,0,1,1,1,0,0,1,0,1,0,0,1,1,1,0,0,1,1,1,1,1,0,1,1,0,1,1,0,1,1,0,0,1,0,1,1,0,0,0,0,1,1,0,0,0,0,1,0,0,0,1,0.015625,-190.17287104389965,1
0,0,1,0,1,1,0,1,0,1,1,1,0,0,0,1,0,1,0,1,1,1,0,0,1,1,1,0,1,0,1,1,0,0,0,0,1,1,0,0,0,0,1,0,1,1,0,0,1,1,0,1,1,0,0,1,1,0,1,1,0,0,1,0,0.015625,-190.17257354058532,1
0,0,1,0,0,1,0,0,0,0,1,1,1,1,1,1,1,1,0,0,1,1,0,0,0,0,0,1,0,0,1,1,0,0,1,1,0,0,1,1,1,0,0,0,1,1,1,1,0,1,0,1,0,0,1,1,1,0,1,0,0,1,1,0,0.0,-190.17216675524702,1
0,0,0,0,0,0,1,1,1,0,1,1,0,1,0,0,1,0,0,0,0,1,0,0,0,1,0,1,1,0,1,0,1,1,1,1,0,1,0,0,0,1,1,1,1,0,0,0,1,1,0,1,0,1,1,1,1,1,0,0,1,1,1,0,0.0,-190.17172125262948,1
0,0,1,1,1,0,0,1,0,0,0,1,0,0,1,0,1,0,0,0,1,1,1,0,1,1,1,1,0,0,1,1,1,0,0,1,0,1,1,1,1,1,1,0,0,0,1,0,1,1,1,0,0,1,0,1,1,0,0,0,0,0,1,0,0.0,-190.17121915806297,1
0,0,1,0,0,1,0,1,0,0,1,0,0,0,1,0,1,0,0,1,0,1,1,0,1,0,1,1,0,1,1,1,0,1,1,0,1,1,0,1,0,0,1,1,0,1,1,0,1,1,0,0,0,0,1,0,1,0,0,1,1,0,1,1,0.0,-190.1709197205579,1
0,1,1,1,1,0,0,1,0,0,1,1,0,0,0,1,1,0,0,1,0,1,0,1,0,1,1,1,0,0,1,1,1,1,1,1,0,0,1,1,0,1,0,1,0,1,0,1,0,0,0,0,0,0,1,0,1,1,1,1,0,0,0,0,0.0,-190.17086105364544,1
1,0,1,0,1,0,1,0,0,0,1,1,0,1,1,0,1,0,0,0,0,1,0,0,0,1,1,1,0,0,1,1,0,1,0,1,1,1,0,0,1,0,1,1,1,1,0,0,1,0,0,0,0,1,1,0,1,1,0,1,1,0,0,1,0.0,-190.17079856656719,1
0,0,1,1,1,0,0,0,1,1,0,0,1,0,0,1,1,0,1,1,0,1,1,0,1,0,0,0,1,0,0,1,1,1,1,1,0,0,0,0,0,0,1,1,0,1,0,1,0,1,0,1,0,0,1,1,1,0,1,0,1,0,1,1,0.0,-190.17071956754728,1
1,1,0,0,0,1,1,1,0,0,1,1,0,0,0,0,1,0,1,0,1,1,1,0,0,1,0,1,0,1,0,1,1,1,0,1,1,0,1,0,1,0,1,0,0,0,0,0,0,0,0,1,1,0,1,1,1,1,1,0,1,0,1,0,0.0,-190.17000615912397,1
0,0,1,1,1,0,0,1,1,0,0,0,0,0,0,1,1,1,0,1,1,1,1,1,0,1,1,1,0,0,1,1,0,1,1,1,1,1,0,0,0,0,0,0,0,1,0,1,0,1,0,1,1,1,0,0,1,0,0,1,0,1,0,0,0.015625,-190.1693312924846,1
0,0,0,1,1,0,1,0,0,1,0,0,1,1,1,0,1,1,1,1,0,1,1,0,1,1,0,1,0,1,1,0,1,0,0,1,0,0,0,0,0,0,1,0,0,1,0,1,1,1,0,0,0,0,0,1,1,1,0,1,1,1,1,0,0.0,-190.1693240445233,1
0,0,0,0,0,0,1,1,0,1,1,1,0,1,1,1,0,0,0,1,0,1,1,1,1,0,0,1,0,0,1,1,1,1,1,0,0,1,1,0,1,0,0,1,1,1,0,0,1,0,0,0,0,0,0,1,1,0,0,1,1,0,1,1,0.0,-190.16917464037527,1
0,1,1,0,1,0,0,1,0,0,1,1,0,0,1,1,0,1,0,0,1,0,0,0,1,1,0,1,1,1,1,1,0,0,0,1,1,0,1,0,1,0,0,1,1,1,1,0,0,1,0,0,0,1,1,1,1,0,0,0,0,1,1,0,0.0,-190.16901424354452,1
0,0,1,0,1,0,1,1,1,0,0,0,0,1,0,0,1,0,1,0,0,1,0,0,1,1,0,1,0,0,1,0,0,1,1,1,1,1,1,0,1,1,1,0,0,1,1,1,0,1,0,0,1,0,1,1,0,0,1,1,0,1,0,0,0.0,-190.1687335105266,1
1,0,0,0,0,1,1,0,1,0,1,0,0,0,0,1,1,0,1,0,0,0,0,1,1,0,0,1,0,1,1,1,0,1,1,1,1,1,0,0,0,0,1,1,1,1,0,0,1,1,0,1,0,1,0,1,0,1,0,1,0,0,1,1,0.03125,-190.168257461963,1
1,1,1,1,0,0,0,1,0,0,1,1,0,1,1,0,0,0,0,1,1,0,1,0,0,1,1,1,0,0,0,0,1,0,1,0,1,1,1,0,1,1,1,0,1,1,0,1,0,1,0,0,0,0,0,1,1,0,0,1,1,0,0,1,0.0,-190.16811567246944,1
1,0,1,0,1,1,0,0,0,0,1,1,0,1,0,0,0,0,0,0,1,1,0,0,0,0,1,1,0,1,1,0,0,0,0,1,0,1,1,1,1,0,1,1,1,1,1,1,0,0,1,1,1,1,0,1,0,0,0,0,1,1,1,0,0.015625,-190.1680600180679,1
0,0,0,0,1,0,0,1,0,1,1,0,0,0,1,1,1,0,0,0,1,0,0,0,1,1,0,1,1,1,1,1,1,0,0,1,0,0,1,0,0,1,1,0,0,0,0,1,1,1,0,0,0,1,1,0,1,1,1,1,1,1,0,1,0.0,-190.16781107550477,1
0,1,1,0,0,0,0,1,1,0,1,1,1,0,0,0,1,1,0,1,1,1,0,0,0,1,1,1,0,0,0,1,1,0,0,0,1,0,0,0,1,0,0,1,1,1,0,0,0,1,1,1,1,1,1,1,1,0,1,0,0,0,1,0,0.0,-190.16755017404415,1
0,0,1,0,0,0,1,1,1,0,1,1,1,1,0,0,0,1,0,0,0,1,0,0,1,1,0,1,0,0,0,0,0,1,1,0,0,0,0,1,1,0,1,1,1,1,0,1,1,1,1,1,1,0,0,1,0,1,0,0,1,0,1,1,0.0,-190.16750691937605,1
0,0,0,0,0,1,0,1,1,0,1,0,1,1,0,0,0,0,1,1,0,1,1,1,1,1,1,0,0,0,1,1,0,1,1,1,1,0,1,1,0,1,1,1,0,0,0,1,0,0,0,0,0,1,1,1,1,0,0,0,0,0,1,1,0.015625,-190.1674077593556,1
1,1,1,1,1,1,1,1,0,0,0,0,0,0,1,0,1,0,0,1,0,1,0,0,0,1,0,1,0,1,1,0,1,1,0,0,0,0,1,1,1,0,0,1,1,1,0,1,1,0,0,1,0,0,0,1,0,0,0,1,1,1,1,0,0.0,-190.16735381129635,1
0,0,0,0,1,0,0,1,1,0,0,1,1,0,0,1,0,1,1,0,1,0,1,1,1,0,0,0,1,0,1,1,0,1,0,1,1,1,0,0,0,0,0,1,0,0,0,1,1,0,1,1,1,1,0,1,1,1,0,0,1,0,1,1,0.015625,-190.1671590971452,1
0,0,1,1,1,0,0,1,1,0,1,0,1,1,1,1,0,1,0,1,1,1,0,0,1,1,1,1,0,1,0,0,1,0,0,0,0,0,0,0,0,0,1,1,1,1,0,0,0,0,0,1,0,1,0,1,1,0,1,0,1,0,1,1,0.0,-190.16694963002243,1
0,0,0,0,1,0,0,1,1,1,1,1,0,1,1,0,1,1,1,0,1,1,0,0,1,0,1,1,0,0,1,1,1,0,0,1,0,1,1,0,1,1,1,0,1,0,0,0,0,1,0,0,0,0,1,1,1,0,0,0,0,1,1,0,0.0,-190.16670818350045,1
1,1,1,0,0,0,1,1,0,0,0,0,1,0,0,1,0,0,0,1,0,1,1,0,1,0,0,0,1,0,1,1,1,0,1,1,1,1,1,0,1,0,1,1,0,1,1,1,1,0,0,0,0,0,0,1,1,1,1,1,0,0,0,0,0.0,-190.1666689153491,1
1,0,0,0,0,0,1,1,0,1,1,0,0,1,0,1,0,1,0,0,0,1,1,1,1,0,0,0,0,1,1,0,1,1,1,0,1,1,0,0,1,1,1,1,1,0,0,1,0,1,0,0,0,0,0,1,1,0,1,0,0,1,1,1,0.0,-190.16663553722185,1
1,0,1,0,1,1,0,1,1,0,1,1,0,0,0,0,0,0,0,0,1,1,1,0,1,0,0,1,0,0,1,1,1,1,0,0,0,0,0,0,1,1,1,1,1,1,0,0,1,0,0,1,0,1,0,1,0,0,1,0,1,1,1,1,0.0,-190.1665621154489,1
1,0,0,1,0,0,1,1,0,1,1,1,0,0,1,0,1,0,0,0,0,0,0,1,0,0,1,1,0,0,1,0,1,1,0,1,0,1,1,1,1,0,1,1,1,1,0,0,1,0,1,1,1,1,0,1,0,0,0,0,1,1,0,0,0.0,-190.16567624233338,1
0,1,1,0,0,1,0,1,1,1,1,1,0,1,0,0,0,0,0,0,1,0,1,0,1,0,1,1,0,0,0,0,0,0,1,1,1,0,0,1,1,1,1,0,1,0,0,1,1,1,0,0,0,0,1,1,1,0,1,1,1,0,1,0,0.0,-190.16538762975284,1
1,1,1,0,0,0,0,1,1,0,1,0,1,1,0,1,0,0,0,1,1,1,0,0,1,0,1,1,0,1,1,0,1,0,0,0,1,0,1,0,0,0,1,0,0,1,1,1,1,1,1,0,1,0,0,1,0,0,1,1,0,0,1,0,0.0,-190.16517609473337,1
1,0,0,1,0,0,0,1,1,0,1,0,0,1,1,0,1,1,0,1,1,0,0,0,0,0,1,1,0,0,1,0,1,1,1,1,1,1,0,1,0,0,1,1,1,1,0,0,0,1,0,1,1,0,0,1,0,0,0,1,0,0,1,1,0.0,-190.16499041389014,1
0,1,1,1,0,1,1,0,0,0,1,0,1,1,1,0,1,1,0,1,0,0,0,0,0,0,0,1,0,1,0,1,1,0,0,1,1,0,1,0,0,1,1,0,0,0,1,0,1,1,0,0,0,1,0,1,1,1,0,1,0,1,1,1,0.0,-190.1649448671079,1
1,0,1,1,0,0,0,1,0,1,0,0,0,0,1,0,0,0,1,0,1,1,0,1,0,1,1,1,1,0,1,0,1,1,0,1,1,0,0,0,1,0,1,1,0,1,1,0,0,1,0,1,0,1,1,1,0,0,0,0,0,1,1,1,0.0,-190.1639547884379,1
0,1,1,1,0,1,0,1,0,1,0,1,1,0,0,0,1,0,1,1,0,1,0,0,1,0,1,1,1,0,1,1,0,0,0,1,0,1,1,1,1,0,0,1,0,0,1,1,0,1,1,0,0,0,0,1,0,1,0,1,0,0,1,0,0.015625,-190.16392049884658,1
0,0,0,1,0,0,0,0,1,0,1,0,0,1,0,1,1,0,1,1,1,1,0,1,1,0,0,1,0,1,1,0,1,1,0,1,0,1,1,0,1,1,1,1,0,1,0,1,0,0,0,1,1,0,0,0,0,0,1,1,0,1,1,0,0.0,-190.1639044560929,1
0,1,1,1,0,1,0,0,0,1,1,0,0,0,0,0,0,0,1,0,1,1,1,0,1,1,1,0,1,0,1,1,1,1,1,1,1,0,0,0,1,1,1,1,0,1,0,0,0,0,0,0,0,1,0,1,1,0,0,1,0,0,1,1,0.0,-190.1638235543045,1
1,0,0,1,1,1,0,0,1,0,1,0,1,1,1,0,1,0,0,0,1,1,0,1,1,1,1,1,0,0,1,0,0,0,0,0,1,1,1,0,0,1,1,1,1,0,0,0,1,1,1,1,0,1,1,0,0,0,0,1,0,0,0,0,0.0,-190.1637826901923,1
0,0,1,1,0,1,1,1,0,0,1,0,0,1,1,0,1,1,1,1,1,1,1,0,0,0,0,1,0,1,0,1,0,0,0,0,0,0,0,1,1,0,0,0,0,1,1,1,1,0,0,1,1,1,1,1,0,0,0,1,0,1,0,1,0.015625,-190.16374720162605,1
0,1,1,0,0,0,0,1,1,1,1,1,0,1,1,1,1,0,0,0,1,1,0,0,1,1,0,1,0,0,0,1,1,1,0,1,0,0,0,1,0,0,1,0,1,0,0,0,0,1,0,1,0,1,0,1,0,1,1,1,1,0,1,0,0.0,-190.16363923342752,1
0,1,1,0,0,0,0,1,1,0,0,1,0,1,1,0,1,0,0,0,1,0,0,1,1,0,0,1,0,0,0,1,1,1,0,1,1,1,0,0,1,1,1,1,1,0,1,0,1,0,1,0,0,0,1,1,0,0,0,1,0,1,1,1,0.0,-190.16340191239377,1
1,0,0,0,0,0,0,1,1,0,0,0,1,0,1,0,1,0,0,0,1,0,1,1,1,0,1,1,0,0,1,1,1,0,1,0,1,1,1,0,0,1,1,1,0,1,0,1,0,0,0,1,1,0,1,1,1,0,1,0,0,1,1,0,0.015625,-190.163214603504,1
1,1,1,1,1,1,1,1,0,0,1,0,0,0,1,1,0,0,0,0,0,1,0,1,0,0,1,1,0,0,0,0,1,1,1,0,1,0,0,0,1,1,1,0,1,1,0,1,1,0,0,0,0,0,1,1,0,1,1,1,0,1,0,0,0.0,-190.16318518362314,1
0,1,1,1,1,0,0,1,1,1,1,0,1,0,0,0,1,1,0,0,1,1,0,0,1,0,1,1,0,0,1,0,0,1,1,1,0,0,0,0,0,0,1,1,1,1,1,0,1,0,1,0,0,0,1,1,1,0,0,0,0,1,1,0,0.0,-190.1628221819833,1
0,1,1,0,0,0,1,1,0,0,1,0,0,0,0,1,0,0,1,1,1,1,1,1,0,1,1,0,0,0,0,0,1,0,0,1,1,1,0,0,0,1,1,1,0,1,0,0,0,1,1,1,0,1,0,1,0,0,1,1,0,1,1,1,0.0,-190.16273242629453,1
0,1,1,1,1,1,0,1,1,0,0,0,1,0,0,1,0,1,0,1,1,0,0,1,1,0,0,1,0,1,0,0,1,0,1,1,0,0,1,0,1,0,1,0,1,1,0,0,0,1,1,0,1,0,1,1,1,1,0,0,0,0,0,1,0.0,-190.16200285331146,1
0,0,1,0,1,1,0,1,0,0,0,0,1,0,0,1,1,0,0,0,1,0,0,1,0,1,1,1,1,0,1,1,1,1,0,0,1,1,1,0,1,0,1,1,1,0,0,1,1,0,0,1,0,1,0,1,1,0,0,1,0,1,0,0,0.0,-190.1618796413949,1
1,0,1,1,0,0,0,0,0,0,1,0,0,1,1,1,1,0,0,1,0,0,0,0,0,1,0,1,0,0,1,1,1,0,0,1,1,1,1,1,1,0,1,1,1,1,0,1,0,1,1,0,0,0,1,1,1,1,0,0,0,1,0,0,0.0,-190.1617167615532,1
1,1,1,1,1,0,0,1,0,0,0,0,0,1,1,1,0,0,1,1,1,1,0,0,1,1,0,1,0,1,0,0,1,0,0,0,0,0,0,1,1,0,1,0,1,1,0,0,0,0,1,0,0,0,1,1,1,1,0,1,0,1,1,1,0.015625,-190.16152191975974,1
1,0,0,0,1,0,0,1,0,1,0,0,1,1,1,1,0,1,1,1,1,0,0,0,0,1,0,1,1,0,1,0,1,1,0,1,1,1,1,0,0,0,1,1,0,1,0,1,0,1,0,1,1,1,0,0,0,0,0,0,0,1,1,0,0.0,-190.16149474529607,1
1,1,0,1,0,1,0,1,1,0,1,1,1,0,1,0,0,0,0,0,0,1,1,1,1,1,1,0,1,0,1,0,0,1,0,0,1,1,1,0,0,0,1,0,1,0,0,0,0,0,1,1,1,0,0,1,1,1,0,1,0,1,0,0,0.0,-190.16146472832006,1
0,1,1,0,1,0,1,0,0,1,0,1,1,0,1,0,1,0,0,0,1,1,0,0,1,1,1,1,1,0,1,1,0,0,1,0,1,1,0,1,0,0,0,0,1,1,0,1,1,0,0,1,0,0,1,0,1,1,1,0,0,0,0,1,0.015625,-190.16139314835772,1
0,1,1,1,1,0,0,1,1,0,1,0,1,0,0,0,0,0,1,1,0,1,0,0,1,0,1,1,0,0,1,1,0,1,1,1,1,1,0,0,1,0,1,0,1,1,0,1,0,1,0,0,1,1,0,1,0,0,1,0,1,0,0,0,0.0,-190.1607512520095,1
0,1,1,1,0,1,0,1,0,0,1,0,0,1,1,0,1,0,0,1,1,1,0,0,0,1,0,1,1,0,1,1,1,1,0,0,1,0,0,0,1,0,0,1,0,1,1,1,1,1,0,0,1,0,1,1,1,0,0,0,0,1,0,0,0.015625,-190.16020711849063,1
0,1,1,0,0,0,1,1,0,0,1,0,0,0,0,1,1,1,0,1,1,1,0,1,0,0,0,0,1,0,1,1,1,1,1,1,0,1,1,0,1,0,1,1,0,0,0,1,1,0,0,1,0,1,0,1,0,1,0,1,0,0,1,0,0.0,-190.15999119563352,1
0,0,1,1,0,1,0,1,0,1,0,0,1,1,0,1,1,0,0,0,0,1,1,0,1,1,0,1,0,0,1,1,1,0,0,1,1,1,1,0,1,1,1,1,0,1,0,1,0,0,0,1,0,1,0,1,0,0,0,0,0,0,1,1,0.0,-190.15916235675056,1
0,0,1,1,1,0,0,0,0,0,0,0,1,1,0,0,1,1,1,0,0,1,1,0,0,0,1,1,0,0,0,0,1,1,1,1,0,1,1,0,0,1,1,1,0,0,0,1,1,1,1,1,1,0,1,1,1,0,0,0,1,1,0,0,0.015625,-190.1587931538454,1
0,0,0,0,0,0,0,1,0,1,1,1,1,0,1,1,0,0,0,1,1,1,0,0,1,0,1,1,0,1,0,0,1,1,0,1,1,1,1,0,1,0,0,1,1,1,1,0,1,0,0,1,0,1,0,1,1,0,1,0,0,0,1,0,0.0,-190.15859191226852,1
1,1,1,1,1,1,0,1,1,0,0,0,0,1,1,1,0,0,0,0,1,0,1,0,0,1,0,1,0,0,0,0,1,1,1,1,0,0,0,0,1,1,1,1,0,0,0,1,0,0,1,0,1,1,1,1,0,0,1,0,0,0,1,1,0.0,-190.15850618995654,1
1,1,1,0,0,1,0,1,0,0,0,1,0,1,0,0,1,0,1,0,1,1,0,1,1,0,0,1,0,1,1,0,0,1,1,1,1,1,0,1,1,0,0,1,1,1,0,1,0,1,0,1,0,0,1,1,0,0,1,0,0,0,0,0,0.0,-190.15835526670955,1
1,1,1,0,0,1,0,0,1,0,1,0,0,1,1,0,1,0,0,0,1,1,0,1,1,0,1,1,0,0,1,0,1,0,1,0,0,1,0,1,0,1,1,0,0,0,0,0,1,1,0,1,0,1,0,1,1,1,0,1,1,0,0,1,0.0,-190.15829867274223,1
0,1,0,0,0,0,0,0,1,1,0,0,1,1,1,0,1,0,1,1,1,1,0,0,1,1,1,1,0,0,1,0,1,0,1,1,1,1,0,1,1,0,0,1,0,1,0,1,1,1,0,1,1,0,1,0,0,0,0,0,0,0,0,1,0.0,-190.15789435728797,1
1,1,0,0,1,1,0,1,0,1,0,0,0,0,0,0,1,0,0,1,0,1,0,0,1,0,1,1,0,1,1,1,1,0,0,0,0,1,0,0,1,0,0,1,1,1,0,1,1,1,0,1,0,1,1,1,1,0,1,0,1,1,0,0,0.0,-190.1570311525471,1
0,0,0,0,1,0,1,1,1,0,1,0,1,1,0,1,0,0,1,0,0,1,0,0,0,0,1,1,0,0,1,0,1,0,0,0,1,0,0,0,0,1,1,0,1,1,0,1,1,1,0,1,1,0,1,1,1,1,1,0,1,1,1,0,0.0,-190.15535231943574,1
0,1,1,0,1,0,0,1,1,0,1,0,0,0,0,1,0,0,0,1,1,0,0,1,1,0,0,1,0,0,0,0,0,0,1,1,0,1,1,0,1,1,1,0,0,1,0,1,1,1,0,1,1,1,1,1,1,0,0,1,1,0,0,1,0.0,-190.15485669220132,1
0,1,1,0,0,0,0,1,0,0,1,0,1,1,0,0,0,1,0,1,1,1,1,0,0,0,1,1,0,1,1,0,1,1,1,1,0,1,0,0,1,0,0,1,1,1,1,1,0,1,1,0,0,1,0,0,1,0,0,0,0,1,1,0,0.0,-190.15479653336732,1
0,1,1,1,0,0,0,0,0,0,0,0,0,0,1,0,0,0,1,1,1,1,0,0,1,1,0,0,0,0,1,1,1,1,0,1,1,0,0,0,1,0,1,0,1,1,1,1,0,1,0,1,0,1,1,1,1,0,1,0,1,0,1,1,0.0,-190.15452352152508,1
0,0,1,1,1,1,0,1,1,0,0,0,0,1,1,1,0,0,0,0,1,1,0,0,1,0,0,1,1,0,1,1,0,0,0,0,0,1,1,0,0,0,1,1,1,1,1,1,0,0,1,1,1,0,1,1,0,0,1,1,0,0,0,1,0.015625,-190.15432428561226,1
0,0,0,1,1,1,0,1,0,0,1,0,0,0,1,1,0,0,0,1,1,0,1,0,1,0,0,1,0,0,1,1,0,0,0,0,0,0,0,0,1,1,1,1,1,0,1,1,1,0,0,0,0,1,1,1,1,0,1,1,1,1,1,1,0.015625,-190.15418891700486,1
0,0,1,1,1,0,1,1,0,1,1,0,0,0,0,1,1,1,0,1,1,0,0,0,0,1,1,0,0,1,0,1,1,0,1,0,0,0,1,0,1,1,1,0,0,1,0,1,0,1,1,1,0,1,0,1,0,0,1,1,0,1,0,0,0.0,-190.1539037037,1
0,1,0,0,0,1,1,1,0,0,1,0,0,1,0,0,1,0,1,1,0,1,0,0,0,1,1,1,0,1,1,1,1,0,1,1,1,1,0,0,1,0,1,0,0,0,0,0,1,0,0,1,1,1,0,1,0,1,1,0,0,0,1,1,0.0,-190.1539014794376,1
1,0,1,1,0,0,0,1,0,0,1,1,0,1,1,0,1,0,0,1,0,1,1,0,1,0,1,1,0,1,0,0,1,0,0,0,0,1,0,0,1,1,0,1,0,1,0,0,1,1,1,1,0,1,1,1,1,0,0,0,1,0,1,0,0.0,-190.15382640510154,1
0,1,0,0,1,0,1,1,1,0,0,0,0,1,1,1,1,1,0,1,0,1,1,0,1,0,0,0,0,1,0,0,0,1,0,0,1,1,0,0,0,1,1,1,0,0,1,0,1,1,1,0,1,1,0,1,1,0,0,1,1,0,1,0,0.0,-190.15358616532862,1
0,1,1,1,1,0,1,0,0,1,0,1,1,1,0,0,1,0,0,0,1,1,0,0,0,0,1,1,1,0,0,1,1,1,0,1,0,1,0,0,1,1,0,1,1,0,0,0,0,0,0,1,0,0,1,1,1,1,0,1,1,0,1,0,0.015625,-190.15323458359973,1
0,1,0,0,0,0,1,1,1,0,1,0,0,0,1,0,0,1,1,0,1,1,0,0,0,0,0,1,0,1,1,0,0,1,1,0,0,1,1,0,1,1,1,1,1,1,0,1,1,1,0,1,1,0,0,1,0,0,1,1,0,0,1,0,0.015625,-190.15300726519976,1
1,1,1,0,0,0,1,1,0,1,1,0,1,0,0,1,1,1,0,1,0,1,0,0,1,0,0,1,0,1,1,0,0,0,0,1,0,0,1,0,1,1,0,1,0,1,1,0,1,0,1,0,0,0,0,1,1,0,0,1,0,1,1,1,0.015625,-190.15297686072316,1
1,1,1,0,0,0,1,0,1,0,0,0,0,1,1,0,0,1,0,1,1,0,0,1,1,1,1,1,0,0,1,0,1,1,0,0,0,0,0,1,0,1,1,0,1,0,1,1,1,1,0,1,0,1,0,1,0,0,1,0,1,0,1,0,0.0,-190.15285276976078,1
0,1,1,0,0,0,0,1,0,1,0,1,0,1,1,1,0,0,1,1,0,1,0,1,0,0,0,0,1,0,0,1,1,1,1,1,0,1,1,0,1,0,1,1,1,1,1,0,1,1,1,1,0,0,0,1,0,0,0,0,0,0,1,0,0.0,-190.15284030943684,1
0,1,1,1,1,0,0,1,0,1,1,0,0,1,1,0,1,0,1,0,1,1,0,0,1,0,0,0,1,0,0,0,0,1,1,1,0,1,0,1,1,0,0,1,1,0,1,1,0,1,0,1,0,0,1,1,1,0,0,0,1,0,0,1,0.03125,-190.15261136438332,1
0,1,1,1,1,0,0,1,0,0,0,0,0,1,0,1,0,1,0,0,0,1,0,0,1,1,1,1,0,0,1,1,0,1,0,1,1,0,0,1,0,0,0,0,1,1,0,1,1,1,1,1,0,1,0,1,1,0,0,1,0,0,1,1,0.0,-190.15218851695994,1
0,0,0,0,0,1,0,1,0,0,1,0,1,1,0,0,1,0,1,0,1,1,0,0,1,0,1,0,1,0,1,1,0,0,0,1,1,0,1,0,1,1,1,1,1,1,1,1,0,1,0,1,0,0,1,0,0,1,0,1,0,1,1,0,0.0,-190.1515649679065,1
1,1,1,1,1,1,0,0,1,0,1,0,1,1,1,0,0,0,0,0,1,1,0,0,0,0,1,1,0,0,1,0,0,0,1,0,1,0,1,0,0,0,0,1,1,1,0,0,1,1,1,1,0,0,0,1,1,1,0,0,0,1,1,1,0.0,-190.1512213175807,1
0,0,1,1,0,0,1,0,0,0,0,1,0,0,0,1,1,0,0,1,0,1,1,0,1,0,1,1,0,1,0,0,1,1,1,1,0,0,0,0,1,0,1,0,1,1,0,0,1,1,1,1,0,1,0,1,1,0,0,1,1,1,0,1,0.0,-190.14966794014424,1
1,1,1,1,0,0,0,1,0,0,1,0,0,0,0,1,0,0,1,0,1,1,1,0,0,0,1,0,1,0,1,0,1,1,0,1,1,1,0,0,1,0,1,1,1,1,0,1,0,1,1,1,1,0,0,1,0,0,0,1,0,1,0,0,0.0,-190.14945093028615,1
0,0,1,0,1,1,0,1,0,0,0,1,1,0,1,0,0,1,0,1,0,0,0,0,0,0,1,1,1,0,1,0,1,1,1,1,1,1,1,0,1,1,0,0,1,1,0,1,0,0,0,1,0,0,1,1,0,1,1,0,1,1,0,0,0.0,-190.14907014560092,1
0,0,1,0,0,1,1,1,0,0,1,0,1,0,0,0,0,0,1,0,1,1,1,0,0,0,1,1,0,1,1,1,0,0,1,1,1,1,1,0,0,1,1,0,1,1,0,1,0,1,0,1,0,1,0,1,0,1,0,1,0,0,1,0,0.0,-190.1483232057349,1
0,1,1,1,1,0,0,1,0,0,0,0,1,0,1,0,1,1,0,1,1,1,0,1,0,0,1,1,0,0,1,1,0,0,1,0,0,1,1,0,1,0,0,1,1,0,0,1,0,0,1,1,0,0,0,1,1,0,1,0,0,1,1,1,0.0,-190.14753756509882,1
0,1,1,0,0,0,1,0,0,0,1,0,1,0,1,0,0,1,1,0,1,1,0,0,1,1,1,1,0,1,1,0,1,0,0,1,0,0,0,1,1,1,0,1,0,1,0,0,1,1,1,1,1,1,1,1,0,0,0,0,1,0,0,0,0.015625,-190.14632102264042,1
0,1,0,1,0,0,1,1,0,0,0,1,1,1,1,0,0,1,0,1,1,1,1,1,0,0,1,1,1,0,0,1,1,1,0,1,1,0,0,0,0,0,1,1,0,0,0,1,0,1,1,1,0,0,0,1,0,0,1,1,0,0,1,0,0.0,-190.14417291907662,1
1,1,1,1,0,1,1,0,1,0,0,0,0,0,0,0,0,0,1,0,0,1,0,0,1,1,1,1,0,0,1,0,0,1,0,1,0,0,0,1,1,1,1,1,1,0,0,1,0,1,0,1,0,1,1,1,1,1,0,0,0,0,1,1,0.0,-190.14415899036658,1
0,1,0,1,1,1,0,1,0,1,1,0,0,1,1,0,1,0,0,0,1,1,0,0,0,1,0,1,1,1,1,1,1,1,1,1,1,0,1,0,1,0,1,1,0,0,0,0,1,1,0,1,0,0,0,1,0,0,0,0,0,0,0,1,0.015625,-190.14355102655148,1
0,0,0,1,0,0,0,1,0,0,0,0,1,1,1,0,1,1,0,0,1,0,1,0,1,1,0,1,0,1,1,0,1,1,1,1,1,0,0,0,0,1,1,1,0,0,1,0,1,0,1,1,0,1,1,1,0,0,0,1,0,0,1,1,0.0,-190.14350211347562,1
0,1,1,0,1,1,0,1,0,0,1,1,1,0,0,1,1,1,0,1,0,0,0,1,1,0,0,1,0,0,0,1,0,1,0,1,1,0,0,1,0,0,1,1,1,0,0,1,0,1,1,1,0,0,0,1,1,0,1,1,0,0,1,0,0.0,-190.14334323966617,1
0,1,1,1,1,0,0,1,1,1,1,0,0,0,1,1,0,0,0,1,1,0,0,0,0,0,1,1,1,0,1,0,1,1,0,1,1,0,0,0,1,0,1,1,1,1,0,0,1,1,0,0,0,1,1,1,1,0,1,0,0,0,0,0,0.0,-190.14325691305575,1
0,1,0,0,0,1,0,1,0,1,0,0,1,0,0,1,0,0,1,1,0,1,0,0,1,1,1,1,0,0,1,0,0,1,1,1,0,0,0,0,1,1,1,1,1,1,0,1,1,1,1,0,0,0,1,1,0,0,0,0,0,1,1,1,0.0,-190.14308773371744,1
0,1,1,0,1,1,1,1,1,0,0,1,0,0,0,1,0,0,1,0,1,1,0,0,1,0,0,1,0,1,1,0,1,1,0,1,0,0,0,0,1,1,0,0,0,0,0,1,1,1,1,1,0,0,0,1,1,0,1,0,1,1,1,0,0.0,-190.142635851002,1
1,1,1,0,0,1,0,1,0,1,0,0,1,0,0,1,0,0,0,0,1,1,0,0,0,1,1,1,0,1,1,1,0,0,1,1,1,0,1,1,1,1,1,1,0,0,0,0,1,1,0,1,1,0,0,1,1,0,0,1,0,0,0,0,0.015625,-190.14239587215343,1
0,0,0,0,0,0,1,1,0,1,1,1,1,1,1,0,0,1,0,0,0,0,0,0,1,0,1,1,0,0,1,1,0,0,0,1,1,1,0,0,1,1,1,1,0,0,0,1,0,0,0,1,0,1,1,1,1,0,1,0,1,1,1,1,0.0,-190.14231776627344,1
0,1,0,0,1,0,1,1,0,1,0,0,1,0,0,0,0,1,0,1,1,1,1,0,1,1,1,1,0,0,0,0,1,1,1,1,0,0,1,1,1,0,0,0,1,0,1,0,0,1,1,1,1,0,1,1,1,0,0,0,0,0,0,1,0.0,-190.14079466411997,1
1,1,0,0,0,0,0,1,0,0,0,1,0,0,1,1,0,0,1,0,1,0,1,0,1,0,1,1,0,0,1,1,1,1,1,1,1,1,1,0,0,0,1,1,0,0,1,0,0,0,1,1,0,1,1,1,1,0,0,0,1,1,0,0,0.0,-190.1405119684022,1
0,0,1,0,1,0,1,0,0,0,0,0,0,1,0,0,1,1,0,1,1,1,0,0,1,1,1,1,0,0,0,1,1,1,1,0,1,0,0,0,1,1,1,1,1,1,0,1,1,1,0,1,1,0,1,1,0,0,0,0,0,0,0,1,0.0,-190.14000941284692,1
1,0,1,0,0,1,1,0,0,0,1,0,0,1,0,0,0,0,1,1,1,1,0,0,1,0,1,1,0,0,1,0,1,1,1,1,1,1,0,0,0,0,1,1,1,0,0,1,1,0,1,1,0,0,0,1,1,0,1,1,0,0,1,0,0.0,-190.1395035113483,1
1,1,1,0,1,0,1,1,0,1,1,1,0,0,1,1,1,1,0,0,1,0,0,0,0,0,0,0,0,1,1,1,1,0,0,1,0,1,0,0,0,1,1,0,1,1,1,1,0,0,1,1,0,1,1,1,1,0,0,0,0,0,0,0,0.0,-190.1392556915467,1
1,0,1,1,0,0,0,1,0,0,1,0,1,0,1,1,1,0,0,1,1,0,1,0,1,1,0,0,1,0,1,1,0,0,1,1,0,0,1,0,1,0,1,1,0,0,1,0,0,1,1,1,0,0,1,1,0,1,0,1,0,0,0,1,0.0,-190.13796200836933,1
1,1,1,0,1,0,0,0,0,0,1,0,0,0,1,0,0,1,0,0,1,1,1,0,0,0,0,1,0,1,0,1,0,1,1,0,0,0,0,1,1,1,1,1,1,1,0,1,0,1,0,1,1,0,1,1,1,1,0,0,0,0,1,1,0.0,-190.137916084109,1
0,1,0,1,1,0,1,1,0,1,1,0,1,1,0,0,1,0,1,1,0,1,1,0,0,0,1,1,1,0,1,0,1,1,1,0,1,0,0,1,0,0,0,0,1,0,0,1,1,1,1,1,0,0,0,0,1,0,0,1,1,0,0,0,0.015625,-190.1368230780119,1
0,1,0,1,0,0,0,1,0,0,1,0,0,0,1,1,0,0,0,1,1,0,0,0,1,1,1,0,0,0,1,0,0,0,1,0,1,0,1,0,1,0,1,1,1,0,0,1,1,1,1,1,0,0,1,1,1,1,0,1,1,1,1,0,0.0,-190.13649149053288,1
0,1,1,0,0,0,1,1,1,1,1,0,1,0,1,1,0,1,0,1,1,0,0,1,0,1,1,0,0,0,0,0,0,1,0,1,1,0,1,0,0,1,1,1,1,0,0,1,0,1,1,1,1,0,0,1,0,0,0,1,0,0,1,0,0.0,-190.1334165571186,1
0,1,1,0,0,0,0,0,0,0,1,0,1,1,1,1,1,1,0,0,1,1,0,0,0,1,0,1,0,1,1,1,1,0,0,1,0,0,1,0,1,1,1,1,0,0,0,1,0,1,1,1,1,1,1,0,1,0,0,1,0,0,0,0,0.0,-190.13257106502465,1
0,1,1,0,0,1,1,1,0,0,0,0,1,0,0,1,0,0,0,1,0,0,1,0,1,1,1,1,0,0,1,1,1,1,1,1,1,0,1,0,0,1,0,1,0,1,0,1,0,0,0,1,1,1,0,1,1,0,0,1,1,0,0,0,0.0,-190.13077481299487,1
1,1,0,0,1,1,1,1,1,0,1,0,0,0,0,0,0,0,0,1,1,1,1,0,1,0,0,1,1,0,1,0,1,1,1,0,0,0,0,1,1,1,0,1,1,0,0,0,0,0,0,1,1,1,1,1,1,1,0,0,0,0,0,1,0.0,-190.13033824105872,1
0,1,1,0,1,1,0,1,0,1,0,0,0,0,1,1,1,0,0,0,1,1,0,0,1,0,1,1,0,1,1,0,1,1,1,0,0,0,1,1,1,1,0,0,0,0,0,1,0,1,1,1,0,0,1,1,0,0,0,1,0,0,1,1,0.015625,-190.12651853384833,1
0,1,1,0,1,1,0,1,0,0,0,0,1,1,0,1,0,0,1,1,1,1,0,0,1,0,1,1,0,0,1,0,1,1,1,1,1,1,0,0,0,1,1,0,0,1,0,1,0,1,0,1,1,0,0,1,1,0,0,1,0,0,0,0,0.0,-190.1220643488263,1
0,0,1,1,1,1,0,1,0,0,1,0,0,0,1,0,1,0,0,1,0,1,0,0,0,0,1,1,0,0,1,0,1,1,0,1,1,0,1,0,1,0,1,1,1,1,0,1,0,1,1,1,0,1,0,1,1,1,0,1,0,0,0,0,0.0,-190.11780163744533,1
1,0,0,1,1,0,0,1,1,0,1,1,1,0,0,1,0,0,1,0,0,1,0,0,0,1,0,0,0,1,1,0,1,1,0,0,1,0,1,1,1,0,1,1,0,1,1,1,0,1,0,0,0,0,1,1,1,0,0,0,1,1,1,1,0.0,-190.0287052932346,1
0,1,0,1,0,1,1,1,0,1,1,0,0,0,0,0,1,1,0,0,0,1,1,0,1,1,1,1,1,0,0,0,1,0,0,1,0,0,1,1,1,0,0,1,1,1,0,0,1,0,1,0,1,1,1,1,0,0,0,0,1,0,1,1,0.03125,-190.01749977466537,1
0,0,1,0,0,1,0,1,0,0,1,0,1,0,0,0,0,1,0,0,0,0,1,0,0,1,0,1,1,0,1,1,0,0,1,1,0,1,1,0,0,0,1,1,1,1,0,1,1,1,0,0,0,1,1,1,1,0,1,0,1,1,1,0,0.0,-190.0172366391661,1
0,1,1,0,1,1,0,1,1,1,1,0,1,0,0,0,0,1,0,0,0,1,0,1,0,1,0,1,1,1,0,1,1,0,1,1,0,0,0,0,1,0,0,0,1,1,1,0,0,1,1,0,0,1,0,1,1,0,1,0,1,1,1,0,0.015625,-190.01655371312933,1
1,0,1,1,0,1,0,0,0,0,0,0,0,1,0,0,1,1,0,0,0,0,1,0,1,1,0,1,0,1,0,1,0,0,1,1,1,0,1,1,1,0,1,1,1,1,0,1,1,1,0,0,0,1,0,1,1,0,1,0,1,1,0,1,0.0,-190.01537218854102,1
1,1,1,0,1,1,0,1,1,0,1,1,1,1,1,1,0,0,0,0,1,1,0,1,0,0,0,1,0,0,0,0,0,0,1,1,1,1,1,0,1,0,0,0,0,1,1,1,1,0,0,0,0,1,1,1,1,0,0,0,0,0,1,1,0.0,-190.01429714386677,1
1,1,1,1,0,0,0,1,1,1,1,0,0,0,1,1,0,0,0,0,1,1,0,0,0,0,0,1,0,0,0,1,1,0,0,1,1,0,1,0,0,0,1,1,0,1,1,1,1,1,0,0,0,0,1,1,1,0,1,0,1,1,1,1,0.0,-190.0139899057313,1
1,0,1,0,1,0,0,0,1,0,1,0,1,1,0,1,1,1,1,0,0,1,0,1,1,1,0,0,1,0,1,0,1,0,0,0,1,0,0,1,1,1,0,1,1,1,0,0,1,1,0,0,0,0,1,0,1,0,1,0,0,1,0,0,0.0,-190.01375381644507,1
1,0,1,1,0,1,0,1,0,1,1,1,1,0,1,0,1,0,1,0,0,1,0,1,0,0,1,1,0,0,0,0,1,0,0,1,1,1,1,0,0,1,0,0,1,0,0,1,1,1,0,0,1,0,0,1,0,0,1,1,0,0,1,0,0.015625,-190.01304248726453,1
1,0,1,1,0,0,0,1,0,0,1,1,0,0,1,0,1,1,1,0,1,1,0,0,0,1,1,1,0,0,1,1,1,0,0,1,0,0,1,1,0,0,0,0,1,0,1,1,1,1,1,0,0,0,1,1,1,0,1,1,0,1,0,0,0.0,-190.01244562845665,1
0,0,1,0,0,1,0,0,1,0,1,1,1,1,0,0,0,1,1,0,1,1,0,1,1,0,1,1,0,0,0,0,1,1,0,1,1,1,1,0,1,0,1,1,1,1,0,0,0,1,0,0,0,1,1,1,1,0,0,0,1,0,0,1,0.0,-190.01209872634556,1
0,1,0,0,0,0,1,0,1,0,1,1,1,0,0,0,0,0,1,0,1,1,0,0,1,1,0,1,0,1,0,0,1,1,1,1,1,1,0,0,1,0,1,0,1,1,0,0,1,1,0,0,0,0,1,1,1,0,0,1,0,0,1,1,0.015625,-190.01009682859316,1
1,1,0,1,0,0,0,1,0,0,1,0,0,0,0,0,1,0,0,0,1,0,0,0,1,0,1,0,0,0,1,1,0,1,1,1,0,1,1,1,0,0,1,0,0,1,1,1,0,1,0,0,1,1,0,1,1,0,1,1,1,0,1,1,0.0,-190.00956678756856,1
1,0,1,0,0,0,1,1,0,0,1,0,0,1,0,0,1,1,0,0,1,1,0,1,1,1,1,1,1,0,0,1,1,0,1,1,0,0,1,0,0,0,1,0,1,0,0,0,1,1,0,0,1,0,1,1,1,0,0,0,1,1,0,0,0.0,-190.00925972455508,1
0,1,0,1,0,0,0,1,1,0,1,0,0,0,0,0,0,0,1,0,1,0,0,1,1,1,1,0,0,1,1,1,1,1,0,1,1,1,0,1,1,0,1,1,0,0,0,1,1,1,1,0,0,1,0,1,0,0,0,1,1,1,1,0,0.0,-190.00829231849534,1
0,0,1,1,0,0,1,0,0,0,1,0,0,0,0,1,0,1,0,0,0,1,1,0,0,0,0,1,0,0,1,1,1,1,0,0,1,1,0,0,1,0,0,1,0,1,1,1,1,1,0,0,0,1,1,1,1,0,1,1,0,1,1,1,0.0,-190.00808728471574,1
0,1,0,1,1,0,0,1,1,0,1,0,0,1,0,1,1,0,0,0,1,1,0,1,0,0,0,1,0,1,1,1,1,0,0,0,1,0,0,0,1,0,1,0,0,1,0,1,1,1,0,0,0,1,0,1,1,0,1,1,1,1,1,1,0.03125,-190.00783520604367,1
0,1,0,1,1,0,1,1,0,0,1,0,0,1,0,0,1,0,0,0,0,1,1,0,0,0,1,0,1,0,1,1,1,0,0,1,0,1,1,1,0,0,1,0,1,1,0,0,1,1,0,0,0,0,1,1,1,0,1,1,0,1,0,1,0.0,-190.00760735148458,1
0,0,1,0,0,1,0,0,0,0,1,0,1,0,0,0,1,0,0,0,1,1,0,0,1,1,0,1,1,0,1,1,1,0,1,0,1,0,1,1,0,0,0,1,1,1,1,1,1,0,0,1,1,1,0,0,1,0,1,0,1,0,1,0,0.0,-190.006370248439,1
0,1,1,1,1,1,0,1,1,0,0,0,0,1,0,0,0,0,0,0,1,0,0,1,1,1,0,1,0,1,1,1,1,1,1,0,0,1,0,0,0,0,1,1,1,0,1,1,0,1,0,0,0,1,1,1,0,0,1,0,1,1,1,0,0.0,-190.00624482023173,1
0,0,1,0,0,1,0,1,1,1,1,1,1,0,1,1,0,1,0,0,0,1,0,0,1,0,1,1,1,0,0,1,0,1,1,1,0,1,0,1,0,0,1,1,1,0,0,1,1,1,0,0,0,0,0,1,1,0,1,0,0,0,1,1,0.0,-190.0048228597787,1
0,0,1,0,0,0,0,1,1,0,1,0,0,1,0,1,0,1,1,1,1,1,0,0,1,1,1,0,0,0,0,0,1,1,1,0,0,1,1,0,1,0,0,1,0,1,0,1,0,0,1,0,0,0,1,1,1,0,0,0,1,1,1,1,0.0,-190.00428233025346,1
1,0,1,0,0,1,0,1,0,0,1,0,0,0,0,0,1,0,1,1,1,1,0,0,0,1,1,0,0,1,1,1,1,0,1,1,1,1,1,1,1,1,1,1,0,0,0,1,0,0,0,0,0,0,1,1,1,0,1,0,1,0,1,0,0.0,-190.00403436743937,1
0,1,1,1,0,0,0,1,0,0,1,0,0,0,1,0,1,1,0,0,1,1,0,0,1,1,1,0,0,1,0,1,1,0,1,1,0,1,1,0,0,0,1,0,1,0,0,1,1,1,0,0,1,0,1,1,1,1,0,0,0,0,1,0,0.0,-190.00320709059656,1
0,1,1,0,0,0,1,0,0,1,0,1,1,0,1,0,0,0,1,0,1,1,0,0,1,1,1,0,1,0,0,0,1,1,0,1,1,1,1,1,1,1,0,0,1,1,0,1,0,0,1,0,0,1,0,0,1,0,1,1,1,0,1,0,0.0,-190.00309993751185,1
0,1,1,0,0,0,1,1,0,0,0,1,1,0,0,0,1,0,0,0,1,1,1,1,0,0,1,1,0,1,1,0,1,0,0,0,0,1,1,1,1,0,1,0,1,1,0,0,1,0,1,0,0,0,1,0,1,0,1,1,0,1,1,0,0.015625,-190.00280717860113,1
0,1,0,1,1,0,0,1,1,0,1,1,0,0,0,0,1,1,0,0,0,0,0,0,1,0,1,1,1,1,1,0,1,0,1,1,0,1,1,1,0,0,0,1,1,1,0,1,1,0,0,1,0,1,1,1,0,0,0,0,0,0,1,0,0.0,-190.00269592338194,1
1,0,1,1,0,1,1,1,0,0,1,1,1,1,0,0,0,1,0,1,1,1,1,0,0,1,1,0,0,1,0,1,1,1,0,0,0,1,0,0,0,0,1,1,0,1,0,1,1,0,0,1,1,0,0,1,0,0,1,1,0,0,0,1,0.0,-190.00253697739615,1
0,0,0,1,0,0,1,1,0,0,1,0,1,1,1,1,1,1,0,0,0,1,0,1,0,0,1,1,0,1,1,1,0,0,0,1,1,0,1,1,0,0,1,1,0,1,1,0,1,0,0,0,1,1,1,1,0,1,0,0,1,0,1,0,0.0,-190.00215433705617,1
1,0,1,0,1,0,1,1,1,0,1,1,1,0,1,1,0,1,0,0,1,1,0,0,1,1,1,1,1,1,0,0,0,0,1,1,0,1,0,0,1,1,0,0,1,0,0,1,1,0,0,0,1,0,0,1,1,0,0,0,0,0,1,1,0.0,-190.00212386311,1
1,1,0,0,0,0,0,1,1,0,1,1,0,0,0,0,1,0,0,0,1,1,0,0,0,0,1,1,0,1,0,1,0,0,1,1,0,0,1,0,0,0,1,1,1,0,0,1,1,1,1,0,1,0,1,1,1,0,1,0,1,1,1,0,0.0,-190.0016109685754,1
0,1,0,0,0,1,0,0,0,1,1,0,0,1,0,0,0,1,0,0,1,1,0,1,0,1,1,1,1,0,1,1,0,1,1,0,1,1,1,1,0,0,1,1,1,1,0,0,0,1,0,0,0,1,0,1,1,0,1,0,1,0,0,0,0.0,-190.0013898078252,1
1,0,1,1,1,1,0,0,1,0,0,0,1,0,0,1,1,1,1,0,1,1,0,0,0,1,0,1,0,1,1,0,1,0,0,0,1,1,0,0,1,0,0,0,0,1,1,1,1,1,1,1,1,1,0,1,1,0,0,1,0,0,0,0,0.0,-190.0010751767391,1
0,0,0,1,1,1,0,1,0,0,1,1,1,0,0,0,0,1,0,0,1,1,0,1,1,0,0,0,1,0,1,1,0,0,1,1,0,1,0,1,1,0,1,1,0,0,1,0,1,0,0,1,1,0,1,1,1,0,0,1,1,0,0,0,0.03125,-190.00098939071418,1
1,0,1,1,1,0,0,0,1,0,1,1,0,0,1,0,0,0,0,1,0,1,1,1,1,1,0,1,0,0,0,0,0,0,1,1,0,1,0,0,0,0,1,1,1,1,0,1,1,1,1,0,1,1,0,0,1,0,1,0,0,1,0,0,0.0,-190.00032478571438,1
0,1,1,0,1,1,1,0,1,0,1,0,1,0,0,0,0,0,0,0,1,1,0,1,1,0,1,1,0,1,0,0,0,1,0,0,1,1,1,0,0,0,1,1,1,0,0,0,1,0,0,0,1,0,1,1,1,0,0,0,1,1,1,1,0.0,-190.00026207380932,1
0,1,1,0,1,1,1,1,0,1,1,0,0,0,0,0,1,0,0,0,0,1,0,1,0,0,1,1,1,1,0,1,1,1,1,1,1,1,1,0,0,0,0,1,1,1,0,0,1,1,0,0,0,1,0,0,1,0,0,0,0,0,1,0,0.015625,-189.99972425404184,1
0,1,0,0,0,1,1,0,1,0,1,0,1,1,0,0,1,0,0,1,1,1,1,0,0,1,0,1,0,0,0,0,1,1,1,1,1,1,0,1,1,0,0,0,0,0,1,0,1,1,0,1,1,0,0,0,0,0,1,0,0,1,1,1,0.0,-189.99961959012353,1
1,0,0,1,0,0,1,1,1,0,1,1,1,0,0,1,1,0,0,0,0,0,1,0,1,1,1,0,0,1,1,1,1,0,1,0,1,1,0,0,0,0,1,0,1,0,1,1,1,0,1,1,1,0,1,0,1,0,0,0,0,1,1,0,0.015625,-189.999556422577,1
1,0,1,0,0,1,1,0,1,0,0,0,1,1,1,0,1,1,0,0,0,1,0,1,0,1,1,1,1,0,0,0,1,1,1,1,0,0,0,0,0,0,1,1,1,0,0,1,1,0,0,1,1,1,0,1,1,0,1,0,1,0,1,0,0.0,-189.99932471523883,1
0,0,0,1,1,0,0,0,1,0,1,0,1,0,0,1,0,1,1,0,0,0,0,0,0,0,1,1,0,0,1,1,1,1,1,1,1,1,0,1,1,1,0,1,0,0,1,1,1,1,1,0,1,0,1,1,0,0,0,1,1,1,0,0,0.0,-189.999229359644,1
1,0,0,0,0,0,1,1,1,0,0,0,0,0,0,1,1,0,1,0,1,1,0,1,0,1,1,1,0,1,0,1,0,1,1,1,1,1,1,0,1,1,0,1,0,1,0,0,1,1,0,1,1,1,0,0,1,0,0,1,0,0,1,0,0.0,-189.99915240517058,1
0,0,1,0,0,0,0,1,0,0,1,0,1,1,0,1,1,0,1,0,1,1,0,0,1,1,1,0,1,1,0,0,0,1,0,1,0,1,0,1,1,0,0,1,1,1,1,0,1,1,0,1,1,0,1,1,1,0,0,0,1,0,1,0,0.0,-189.99892271526878,1
1,0,0,1,0,0,0,1,0,0,1,0,1,0,0,0,1,0,0,0,1,0,1,1,1,0,1,1,0,0,1,0,0,0,0,1,1,1,1,0,0,1,1,1,1,0,1,0,1,1,0,0,0,0,1,1,1,0,1,1,1,0,1,0,0.0,-189.9984648753807,1
1,1,0,1,0,0,0,1,0,1,1,0,1,1,0,0,1,1,0,0,0,0,0,1,0,0,1,1,0,0,0,1,1,0,1,0,0,1,0,0,1,0,1,1,1,0,1,1,0,0,1,0,1,1,1,1,0,0,1,1,0,0,1,0,0.0,-189.9981747512752,1
1,0,1,0,0,1,1,1,1,0,1,0,1,1,0,1,1,1,1,1,1,1,0,0,0,1,0,1,0,0,1,1,1,1,0,1,0,0,0,0,1,0,1,1,0,1,0,0,0,0,0,0,1,1,0,1,0,0,1,0,0,0,1,1,0.0,-189.99791465939916,1
0,0,0,1,1,1,0,1,1,0,1,0,1,0,1,0,0,0,0,0,1,1,0,0,1,1,1,0,0,1,1,1,0,0,1,1,1,0,0,0,0,0,1,1,1,1,1,0,1,1,1,0,0,1,1,1,1,0,0,0,1,0,1,0,0.0,-189.99783097989058,1
1,0,1,1,0,1,1,0,0,0,1,0,1,0,0,0,0,0,0,1,1,0,1,0,0,1,1,1,0,0,1,0,1,0,0,1,1,1,0,0,0,0,1,1,1,1,1,0,1,1,0,0,1,0,1,1,1,0,0,1,1,0,0,0,0.0,-189.9978087369252,1
1,1,1,0,1,0,0,0,1,1,1,1,0,1,0,0,1,1,0,0,1,1,0,1,0,0,0,0,0,1,1,1,0,0,0,0,0,0,1,0,1,0,1,1,0,0,0,1,1,1,0,0,1,1,1,1,1,0,0,0,0,1,1,0,0.0,-189.99774348528945,1
0,1,1,0,0,1,1,1,1,0,0,1,1,1,0,0,1,0,0,0,1,1,0,0,0,1,1,1,0,0,1,0,0,1,0,0,0,0,0,0,1,0,1,1,0,1,0,1,1,1,0,0,1,1,1,1,1,0,1,0,1,0,1,1,0.015625,-189.99690962315313,1
1,0,1,1,1,1,1,1,1,0,1,0,0,1,0,1,0,0,1,1,1,1,0,0,1,1,1,0,0,0,1,0,0,0,1,0,1,0,1,1,0,1,0,0,1,1,0,0,1,0,0,1,0,0,1,0,0,0,1,1,0,0,1,1,0.0,-189.99670941093765,1
0,1,1,1,1,0,1,1,1,1,1,0,0,0,0,1,1,1,0,1,0,1,0,0,0,1,0,1,0,0,0,1,0,0,0,1,1,1,1,1,1,0,0,0,0,1,0,0,1,1,1,0,0,1,0,0,1,1,0,1,0,0,0,0,0.0,-189.99663777691848,1
0,1,0,0,0,0,0,1,0,1,1,1,0,0,0,0,1,0,0,0,1,1,0,1,1,1,1,0,1,0,1,0,1,0,1,1,0,0,1,1,1,0,1,1,1,1,1,1,1,1,1,0,0,0,1,1,0,1,1,0,0,0,0,0,0.0,-189.99633083418448,1
1,0,1,0,0,1,0,0,0,1,1,0,0,0,0,1,1,1,0,1,0,1,0,0,1,0,0,1,0,0,0,1,0,0,1,1,0,1,1,0,0,0,1,0,0,1,1,1,0,1,0,1,0,1,0,1,1,0,1,1,1,0,1,1,0.0,-189.99606050992526,1
1,0,0,0,0,0,1,0,0,1,0,0,1,1,1,1,1,0,0,0,1,1,1,0,0,1,0,1,0,0,1,1,0,0,1,0,0,1,1,0,0,0,1,1,0,1,0,1,0,1,0,0,1,1,0,1,1,0,1,1,0,0,1,1,0.015625,-189.99509685559428,1
0,1,0,0,0,1,0,1,0,0,1,0,1,0,0,0,0,0,1,1,1,1,0,0,0,1,1,1,1,0,0,1,1,1,0,1,1,1,1,0,1,1,0,0,1,1,1,1,1,0,0,1,0,0,1,1,0,0,0,0,1,1,1,0,0.0,-189.995063642239,1
0,0,0,0,0,0,0,1,0,1,0,0,1,0,0,0,1,0,1,0,0,1,0,1,0,1,0,0,1,0,1,1,1,1,1,1,1,1,0,1,1,0,1,0,1,1,0,0,0,1,1,1,0,0,1,0,1,0,1,1,0,0,1,1,0.0,-189.99480509666753,1
0,1,1,0,0,1,1,1,0,0,1,0,1,0,0,0,1,1,0,1,1,1,0,0,1,1,0,1,1,1,0,1,0,0,0,1,0,0,1,0,1,1,0,1,0,1,0,0,1,0,0,0,0,0,0,1,1,0,0,0,1,1,1,1,0.0,-189.99443336366943,1
0,1,1,1,0,0,1,1,1,0,1,0,0,0,0,0,0,1,0,1,1,1,0,0,0,1,0,0,1,0,1,1,1,1,0,1,1,1,0,0,1,1,1,1,0,1,1,1,1,1,0,0,0,0,0,0,1,1,0,1,1,0,0,0,0.0,-189.99434699330683,1
1,0,0,1,0,1,1,1,0,1,0,1,0,0,1,0,1,0,0,0,0,1,1,0,0,0,1,0,1,0,1,0,0,1,1,1,1,0,0,0,0,0,1,0,1,0,0,1,1,0,0,0,1,1,1,1,1,0,1,0,1,0,1,1,0.0,-189.99430037080967,1
0,0,0,1,0,1,0,1,0,0,1,0,1,0,1,0,1,0,0,0,1,0,0,1,1,0,1,1,0,0,1,1,1,0,0,1,1,1,0,0,0,1,1,1,0,1,0,0,1,1,1,0,0,1,1,1,1,0,0,1,1,1,1,0,0.0,-189.99416479078357,1
0,0,1,1,1,0,1,0,1,1,0,1,0,1,0,1,0,1,1,0,0,1,1,0,1,1,0,1,0,1,1,1,0,1,0,0,1,1,1,1,0,0,1,0,0,1,0,1,0,1,0,1,0,1,0,1,0,0,1,0,0,0,1,0,0.0,-189.99414257184236,1
1,1,1,1,1,0,1,0,1,0,1,0,0,1,1,0,1,1,0,0,0,1,0,1,1,0,0,1,0,1,0,0,0,0,0,1,1,0,0,0,0,1,1,0,1,1,0,1,1,1,0,0,1,1,1,1,0,0,1,0,0,1,0,1,0.0,-189.99405307446582,1
0,1,1,0,0,0,0,1,0,1,1,0,0,1,0,1,1,0,1,1,0,1,0,1,1,1,1,1,0,0,0,0,1,1,0,0,1,0,1,0,0,0,0,0,1,1,0,0,1,1,1,0,1,1,1,1,0,0,0,1,1,0,1,1,0.0,-189.99371842221726,1
1,0,1,1,1,0,0,1,1,0,0,0,0,1,0,0,0,0,1,0,1,1,1,0,1,0,0,1,0,0,1,0,1,0,1,0,1,1,0,1,1,1,1,1,0,1,0,0,1,1,1,0,0,1,0,1,1,0,1,0,0,1,1,0,0.0,-189.99367648637966,1
0,1,1,0,1,1,0,1,1,1,1,0,1,0,0,0,0,0,0,0,1,1,0,1,0,1,0,1,0,0,1,1,0,0,0,1,1,1,1,0,0,1,1,0,0,1,0,0,1,0,0,1,0,0,1,1,0,0,0,0,1,1,1,1,0.015625,-189.99363239066685,1
0,0,1,0,1,1,1,1,0,0,0,1,0,1,0,0,1,0,0,0,0,1,0,0,1,0,1,1,0,1,1,1,0,0,0,0,0,0,1,0,1,0,1,1,0,1,1,0,1,1,0,0,0,1,1,1,0,0,1,0,1,1,1,1,0.0,-189.99355150010575,1
1,0,1,1,0,1,0,1,0,0,0,1,0,0,0,0,1,1,0,1,1,1,0,0,1,1,0,1,1,1,0,1,1,1,1,0,1,0,1,1,0,1,1,1,1,0,0,0,1,0,0,1,1,0,1,0,1,0,0,0,0,1,0,0,0.0,-189.99326096684325,1
0,1,1,0,0,1,0,1,0,1,1,0,0,0,0,1,1,0,1,0,1,1,0,1,0,1,1,1,0,0,0,1,1,1,0,1,0,1,0,1,1,0,0,0,0,1,0,0,1,1,1,1,0,0,1,1,1,0,0,1,0,0,1,1,0.0,-189.99324109946963,1
1,1,0,0,0,1,0,0,0,0,1,0,0,0,0,1,1,1,1,0,1,0,0,1,1,1,1,1,1,1,1,1,0,0,1,0,0,1,0,1,1,1,1,0,1,0,0,0,0,1,1,0,1,0,0,1,1,0,1,1,0,0,1,0,0.03125,-189.9930473160231,1
0,1,0,1,0,0,0,1,1,0,1,0,1,0,0,1,1,0,1,0,0,0,0,1,0,1,0,0,0,0,1,1,1,1,0,1,0,0,0,1,1,1,1,1,1,1,0,1,1,0,0,0,0,0,1,1,1,1,0,1,1,0,0,0,0.0,-189.9930322660478,1
0,1,0,0,0,1,0,1,0,0,1,0,0,1,0,0,1,0,0,1,0,1,1,0,0,1,0,0,1,1,1,1,1,0,1,1,1,1,0,1,0,1,1,0,0,1,1,1,0,1,0,0,1,0,1,1,0,0,1,1,0,0,0,0,0.0,-189.9923838396726,1
0,1,1,1,0,0,1,0,0,0,1,0,1,1,0,0,1,1,0,0,0,0,0,0,1,1,0,1,0,1,1,1,0,0,0,1,1,1,1,1,1,0,1,1,1,0,0,1,1,1,1,0,1,0,1,0,1,0,0,0,0,0,1,1,0.015625,-189.99227630910036,1
0,0,1,0,1,0,1,1,1,0,1,0,1,0,0,0,1,1,0,1,1,1,0,1,0,0,0,0,1,1,1,1,1,0,0,1,1,1,0,1,1,0,1,1,1,0,0,0,1,1,0,1,0,0,1,1,0,0,1,0,0,0,0,1,0.0,-189.99221816877613,1
0,0,1,0,1,0,0,0,0,1,1,1,1,1,0,0,1,0,0,0,0,0,0,0,1,0,0,0,1,1,1,1,1,1,0,1,1,1,0,1,1,0,0,1,0,1,1,1,1,1,0,0,0,0,1,1,0,1,1,0,0,1,0,0,0.015625,-189.99218083485158,1
0,1,0,1,1,0,0,0,0,0,1,0,1,0,1,0,0,1,0,0,1,0,0,0,0,1,1,1,1,1,0,0,1,1,1,1,0,0,0,0,1,1,0,1,1,0,0,0,0,1,1,0,0,1,1,1,1,0,1,1,1,1,1,1,0.0,-189.99180130677937,1
0,1,1,0,0,1,1,1,1,0,1,0,0,0,0,1,1,1,1,0,0,1,0,0,1,0,1,1,0,0,0,1,1,0,0,1,1,0,0,0,1,0,1,0,1,1,0,1,1,1,0,0,1,1,1,1,0,0,1,0,0,0,0,0,0.015625,-189.9912713508577,1
0,1,1,0,0,1,1,1,0,0,1,0,1,0,0,0,1,1,0,1,1,1,0,0,0,1,0,1,0,1,1,1,1,0,0,1,0,0,1,1,1,0,1,1,0,0,0,0,1,1,0,0,0,0,0,1,1,0,0,1,1,1,0,0,0.0,-189.990581675325,1
0,1,1,0,0,1,0,1,1,0,0,1,1,1,0,1,1,0,0,0,1,1,0,1,0,1,1,0,0,1,0,1,0,0,0,0,1,1,0,0,1,1,0,1,0,1,0,0,1,1,1,1,0,0,1,1,1,0,1,1,0,1,0,0,0.015625,-189.99032687512042,1
0,1,1,1,0,0,0,0,1,0,1,0,0,0,1,0,1,1,1,0,1,0,0,0,1,0,1,0,1,0,1,0,0,0,1,1,0,1,0,0,0,0,1,0,1,1,1,1,1,1,0,1,0,0,1,0,1,0,1,1,1,0,0,1,0.0,-189.98975494779503,1
1,1,1,0,0,0,0,1,1,0,0,0,0,0,1,0,0,0,0,0,0,0,0,0,1,1,0,1,0,0,1,1,1,1,0,1,1,1,1,0,1,0,1,0,1,1,0,0,1,1,1,0,1,1,1,0,1,0,1,1,0,0,1,0,0.0,-189.98948033276835,1
1,1,0,0,0,1,1,1,1,0,1,0,0,1,0,0,1,0,0,0,1,1,1,0,0,0,0,1,0,0,1,0,1,0,1,0,1,0,1,1,1,0,1,0,1,1,1,0,1,1,1,0,0,0,1,1,1,0,0,0,0,0,1,0,0.0,-189.98930058488244,1
0,0,0,0,0,1,0,1,1,1,1,0,1,1,0,1,1,1,0,0,1,1,0,0,1,1,1,1,0,0,1,0,1,1,1,0,1,1,0,0,0,0,0,1,1,0,0,0,0,1,0,1,0,1,1,1,1,0,1,1,1,0,0,0,0.0,-189.98927641816996,1
0,0,1,0,1,0,0,0,0,1,0,1,0,0,1,0,1,0,1,1,1,1,0,0,1,1,0,1,1,0,0,1,0,0,1,1,1,0,0,0,0,0,1,1,1,1,1,1,1,1,0,0,0,1,0,1,0,0,1,1,0,0,1,0,0.015625,-189.98926274408217,1
0,0,0,1,0,1,0,0,0,1,1,1,1,1,1,1,1,1,1,0,0,1,0,0,1,1,0,1,0,1,1,1,0,1,1,0,0,0,1,0,1,1,1,0,1,0,1,0,1,1,0,0,0,1,0,0,1,0,0,1,0,0,1,0,0.0,-189.98925115672318,1
0,1,0,1,0,0,0,0,0,0,1,1,0,1,0,0,0,1,0,1,0,0,1,0,0,1,1,0,0,0,0,1,1,1,0,0,1,0,0,1,1,0,1,1,0,1,0,1,1,0,1,1,1,1,1,0,0,0,1,1,1,1,0,1,0.0,-189.98919352150668,1
1,0,1,0,0,0,0,1,0,1,1,1,0,1,0,1,0,0,0,0,1,1,0,0,1,0,0,1,0,0,1,1,1,1,0,1,1,0,0,1,0,0,1,1,0,1,1,1,0,1,0,0,0,0,1,1,1,1,0,0,1,1,1,1,0.015625,-189.9891363273738,1
1,1,1,0,0,1,1,0,1,1,1,0,1,0,0,0,1,0,0,1,0,1,0,0,1,0,0,0,0,0,1,1,1,1,0,1,0,1,1,0,0,0,1,1,0,1,0,1,1,0,1,0,1,0,0,1,1,0,0,0,1,0,1,0,0.0,-189.98892228134184,1
1,0,0,0,0,0,1,1,1,0,0,0,0,0,1,0,1,1,0,1,1,1,1,0,1,1,0,1,0,0,1,0,1,0,1,1,0,0,0,1,1,0,1,0,0,1,1,1,1,0,0,1,1,0,1,1,1,0,0,1,1,0,1,0,0.03125,-189.98876681674705,1
0,0,1,1,0,0,1,1,1,0,0,1,0,0,0,0,0,1,0,0,1,1,0,0,1,0,0,1,0,0,1,1,1,0,0,0,1,0,1,0,1,0,0,1,0,0,0,0,1,1,0,1,1,0,1,1,1,1,1,1,0,1,1,1,0.0,-189.9887535321711,1
1,0,1,0,0,0,1,0,0,1,0,1,0,0,1,1,1,0,1,0,0,1,1,1,1,1,0,1,0,0,1,1,1,1,1,1,1,0,0,0,0,0,0,1,1,1,0,0,0,1,0,0,0,0,0,1,1,0,0,1,1,0,1,0,0.0,-189.98855645958392,1
0,0,0,1,0,0,1,1,0,0,0,1,1,0,1,1,0,1,0,0,0,0,0,1,1,0,1,1,0,0,1,1,1,1,1,1,0,1,1,0,0,1,1,1,0,1,0,1,1,1,1,0,0,0,0,1,1,0,1,0,0,0,1,1,0.0,-189.98851367597447,1
1,0,1,0,1,1,1,1,1,1,1,1,0,0,0,1,0,1,0,1,1,1,0,1,1,1,0,0,0,0,1,0,1,0,0,1,0,0,0,0,1,1,1,1,1,1,0,1,1,1,0,0,0,1,0,1,1,0,0,0,0,0,0,0,0.03125,-189.98838141667036,1
1,0,0,0,0,1,0,0,1,1,1,0,0,0,0,0,0,1,1,0,0,1,0,0,0,0,1,1,0,0,1,1,1,0,1,1,0,1,1,0,0,0,1,1,1,0,1,0,1,1,0,1,1,0,0,1,1,1,1,1,0,0,0,1,0.015625,-189.98818236328003,1
0,1,1,0,0,1,0,1,1,0,1,1,1,1,1,0,0,0,0,1,0,1,0,0,1,1,0,1,0,0,0,0,1,0,1,0,0,1,1,0,1,1,0,0,1,1,0,1,0,1,1,0,1,0,0,0,0,1,0,0,1,0,1,1,0.0,-189.98810135492283,1
0,0,1,1,0,1,0,1,0,0,0,0,1,1,1,1,1,0,0,1,1,1,0,0,0,1,0,1,0,0,1,0,0,0,0,1,0,1,0,0,0,1,1,1,1,1,0,0,0,0,0,0,1,0,1,1,1,0,1,1,1,1,1,0,0.0,-189.9879095719055,1
0,0,0,1,0,1,0,0,0,0,1,0,0,1,0,0,1,0,1,0,1,0,0,0,1,1,0,1,0,0,1,0,1,1,1,0,0,0,1,0,1,0,0,0,1,1,1,1,1,1,0,1,1,1,1,1,1,0,1,0,1,1,0,0,0.015625,-189.98781972006196,1
0,1,1,1,1,0,0,1,0,1,0,0,0,1,1,1,1,1,0,0,1,1,0,0,1,1,0,1,0,1,1,0,0,1,1,1,0,0,1,0,0,1,0,0,0,1,0,0,1,0,0,0,0,1,1,1,1,0,1,0,1,0,1,1,0.0,-189.98755076521536,1
1,1,1,0,1,0,0,0,0,0,1,1,0,1,0,0,1,1,0,1,1,1,0,0,0,0,1,1,0,0,1,0,0,0,0,1,1,1,1,0,1,0,1,1,1,0,0,1,0,1,0,0,0,1,0,1,0,0,1,0,1,0,1,1,0.03125,-189.9875335629532,1
1,0,0,1,1,1,0,0,1,0,1,0,0,1,0,0,0,1,1,0,1,1,1,0,1,0,0,0,1,0,1,0,0,1,1,1,0,1,0,1,0,0,1,1,1,0,0,1,0,1,1,1,1,1,0,1,1,0,1,0,0,0,1,0,0.0,-189.98724772936953,1
1,1,1,0,0,0,0,1,0,0,1,0,1,1,1,0,1,0,1,1,1,1,0,0,1,1,1,0,1,1,1,0,0,0,0,0,0,0,0,0,0,0,0,1,0,1,0,1,1,1,0,0,0,0,1,1,1,0,1,1,1,0,1,0,0.0,-189.98722450518537,1
1,1,1,0,0,1,0,0,0,0,0,0,0,0,1,0,0,0,1,1,0,1,0,0,0,1,0,1,1,0,1,1,1,1,0,1,1,1,0,0,1,1,1,0,0,1,0,0,0,0,0,0,1,0,1,1,1,0,1,1,1,1,1,0,0.0,-189.98703163784194,1
0,1,0,1,1,0,1,1,1,0,1,0,1,1,0,0,1,1,0,0,1,1,0,0,0,0,1,1,0,1,1,0,1,1,1,0,1,1,1,0,0,0,1,1,0,0,1,0,1,0,0,1,0,0,1,1,0,1,0,0,1,0,1,0,0.015625,-189.98692229089036,1
0,1,1,1,0,1,1,0,0,0,1,1,0,0,0,1,0,0,0,0,0,1,0,0,1,0,1,1,1,1,1,0,1,1,1,1,0,0,1,0,0,0,1,0,1,1,1,1,1,0,0,0,1,0,1,1,1,1,1,0,0,0,0,1,0.015625,-189.98692016700772,1
0,1,0,0,0,1,0,1,0,0,0,0,1,0,1,0,1,0,0,0,1,1,0,1,1,0,1,1,0,0,0,1,1,1,1,1,0,1,0,1,1,1,1,1,1,1,1,0,0,1,0,0,0,1,1,0,1,0,0,0,0,0,1,0,0.0,-189.98684818894165,1
0,1,1,0,1,0,1,1,1,0,1,0,1,0,0,0,0,1,0,1,1,1,0,0,1,0,1,0,1,1,1,1,0,1,0,1,1,1,0,1,0,1,1,1,1,1,0,0,1,0,0,0,0,0,0,1,0,0,0,1,0,0,1,1,0.0,-189.98620948810955,1
0,0,1,0,0,0,0,1,1,0,1,1,1,1,0,1,1,0,0,1,0,0,1,0,0,1,1,1,0,0,1,1,1,1,0,1,0,0,1,0,0,0,1,0,0,1,0,0,1,0,1,0,0,1,0,1,1,0,1,0,0,1,1,1,0.0,-189.98614694712893,1
1,0,0,0,0,0,1,1,0,0,1,0,0,0,0,0,1,0,0,0,0,1,0,0,1,1,1,0,0,0,1,0,1,1,0,1,0,1,1,1,1,0,1,0,0,0,1,0,1,1,1,1,0,1,1,1,1,1,1,1,0,0,1,0,0.0,-189.98600646712083,1
0,0,1,1,0,1,1,1,1,0,1,0,1,0,0,0,0,0,0,1,1,1,0,0,0,1,1,1,0,0,0,0,1,1,0,1,0,1,1,0,1,1,1,1,0,1,1,0,1,0,0,1,0,0,1,1,0,0,1,0,0,0,0,1,0.0,-189.985853309857,1
0,1,1,0,0,0,1,1,0,0,1,0,0,0,1,0,1,1,0,0,0,1,0,0,0,1,1,1,0,1,1,1,1,0,1,1,0,1,1,0,1,0,1,1,1,0,0,1,1,1,0,0,1,0,0,0,0,1,1,0,1,0,0,0,0.0,-189.9858377394311,1
1,1,1,1,0,0,1,1,0,0,1,0,0,0,0,0,0,0,1,0,1,0,0,1,1,0,0,1,0,0,1,0,1,1,1,1,1,0,1,0,0,0,1,0,1,1,1,1,1,1,0,0,0,0,1,0,1,1,0,1,0,0,1,0,0.0,-189.9855830824903,1
0,0,1,0,1,1,1,1,0,1,1,1,0,1,0,1,0,0,1,0,1,0,0,1,0,0,0,0,0,1,0,0,0,0,1,1,1,1,0,0,1,1,0,1,0,1,1,0,1,0,0,1,0,0,1,0,1,0,0,1,1,0,1,1,0.0,-189.9855500320264,1
0,1,0,1,1,1,0,0,0,1,1,0,1,0,0,0,1,1,0,0,0,1,1,1,0,1,1,1,0,1,1,0,1,0,1,1,1,0,0,0,1,0,1,0,0,1,1,0,0,1,0,1,0,1,1,1,1,0,0,0,1,0,0,1,0.015625,-189.98540035417736,1
0,0,0,0,1,1,1,1,0,0,1,0,0,1,0,0,1,1,0,0,0,1,0,1,0,0,1,1,0,1,1,1,0,1,0,1,0,1,0,0,1,1,1,1,1,1,0,1,1,1,0,0,1,1,1,0,1,0,0,1,0,0,1,0,0.0,-189.98520007232975,1
0,0,1,0,0,1,0,1,0,0,0,0,1,0,0,0,1,0,0,0,0,1,0,0,1,0,0,0,1,1,1,0,1,0,1,1,1,1,0,0,1,1,0,1,0,1,1,1,1,0,1,1,1,0,1,1,0,1,0,1,1,1,1,1,0.0,-189.9851247201052,1
0,0,0,0,1,0,0,1,0,0,1,0,1,1,0,0,1,0,0,0,1,1,0,1,1,0,0,1,0,0,1,1,1,0,0,1,0,1,1,0,1,1,1,1,1,1,0,0,0,1,0,0,1,1,1,1,1,0,0,1,0,0,1,0,0.0,-189.9848215287442,1
1,1,0,0,1,1,1,1,0,1,1,0,0,1,1,0,0,1,0,0,0,0,1,0,0,1,1,0,0,1,0,1,1,0,1,0,0,0,0,1,0,1,1,1,1,0,1,1,0,1,1,0,0,0,1,1,0,0,1,1,0,0,1,1,0.0,-189.9848111212284,1
0,1,1,1,0,0,0,1,0,0,0,0,0,0,1,1,0,0,0,0,0,1,1,0,1,1,0,0,1,0,1,0,0,1,0,1,1,1,0,0,0,0,1,0,0,1,1,1,1,1,0,1,1,1,1,1,0,0,1,1,0,1,1,0,0.0,-189.98468503144838,1
0,0,0,0,1,1,1,0,1,1,1,1,1,1,1,0,0,1,0,0,0,1,1,0,1,1,0,1,0,1,1,1,0,0,1,0,1,0,0,0,0,0,0,0,1,0,0,1,0,1,0,0,1,1,0,1,1,0,0,1,0,0,1,1,0.015625,-189.98464444397788,1
0,0,1,1,1,1,1,1,0,1,0,0,0,1,0,0,1,1,0,1,0,1,0,1,1,1,0,0,1,1,1,1,1,1,1,1,0,1,0,0,0,1,1,0,0,0,1,0,0,1,0,0,1,0,0,1,0,1,0,0,0,1,0,1,0.0,-189.98457834257138,1
1,1,0,0,0,0,1,1,1,0,1,1,1,1,0,0,0,0,1,0,1,1,1,1,0,0,1,1,0,0,1,0,1,0,0,0,1,0,0,0,0,0,1,1,1,1,0,1,0,0,0,1,1,0,1,1,1,0,1,1,1,0,1,0,0.0,-189.98445653329296,1
1,1,1,1,0,1,0,1,0,0,1,0,1,0,0,1,0,1,0,0,0,0,0,0,1,0,1,1,0,1,1,0,1,0,0,1,0,1,1,0,0,1,0,1,0,0,1,0,1,1,0,1,0,1,0,1,1,0,0,1,1,0,1,0,0.0,-189.98424341795962,1
0,0,1,0,1,0,0,1,0,0,1,0,1,1,0,1,1,0,0,0,1,1,0,0,1,1,0,1,0,0,1,1,1,1,1,0,1,1,0,0,1,0,0,0,0,1,0,1,0,1,1,0,0,0,0,1,1,0,1,1,0,0,1,1,0.0,-189.9841880309431,1
1,0,0,0,0,0,1,1,1,0,0,0,1,1,0,1,0,1,0,1,0,1,0,0,1,0,0,0,1,0,1,1,0,1,0,1,0,1,1,1,0,0,1,0,0,1,0,1,1,0,1,1,1,0,1,1,1,1,0,1,0,0,1,1,0.0,-189.9841672557688,1
1,1,0,1,0,1,0,1,1,0,0,0,1,1,0,0,1,0,1,1,1,0,0,0,0,1,1,1,0,0,1,1,0,0,0,1,1,1,0,0,1,1,1,0,0,0,0,0,0,1,0,0,1,0,1,0,1,0,1,1,0,1,0,1,0.0,-189.98407531897325,1
0,1,1,0,1,1,0,1,0,0,1,0,1,1,0,0,1,0,1,0,1,1,0,1,0,1,0,1,1,0,0,1,0,0,1,1,1,0,1,0,1,0,1,1,0,1,0,1,0,0,1,0,0,0,1,0,1,0,0,1,0,0,0,1,0.0,-189.98330733176644,1
1,0,1,0,0,0,0,1,0,1,1,0,1,0,0,0,0,0,0,0,0,1,0,0,1,1,0,0,1,0,1,1,1,1,0,1,1,1,0,1,0,1,1,1,1,1,0,0,0,1,1,1,0,0,1,0,0,0,0,1,1,1,0,1,0.0,-189.98329492878554,1
0,0,1,0,1,1,0,1,0,0,0,0,1,0,0,0,0,0,0,1,1,1,1,1,1,1,1,0,0,0,1,0,1,0,0,1,0,1,0,0,0,1,0,0,1,0,1,1,1,1,0,1,1,1,1,0,1,0,1,1,0,0,1,0,0.0,-189.98286881841395,1
0,1,1,1,1,1,0,1,0,1,1,0,0,0,1,1,0,1,0,0,0,0,0,0,1,1,1,1,1,0,1,0,0,1,0,1,1,1,1,1,0,0,0,0,1,0,1,0,1,0,0,1,0,0,0,1,1,0,0,1,0,1,1,1,0.0,-189.9826203053701,1
1,0,1,1,0,1,1,1,0,0,0,1,1,0,0,0,1,1,0,1,0,0,1,0,0,1,1,1,0,0,1,1,0,1,1,1,0,0,0,0,0,0,0,0,1,1,0,1,1,1,0,1,1,1,0,1,0,0,0,1,0,0,1,0,0.0,-189.98212181708945,1
1,0,1,0,0,0,0,1,0,1,1,0,0,0,1,0,1,1,0,0,0,0,0,0,0,1,0,0,1,0,1,1,1,1,0,1,1,1,1,1,0,0,1,1,0,1,0,1,1,1,1,1,0,0,1,1,1,0,1,0,0,0,0,0,0.0,-189.98177286793046,1
0,1,0,0,0,1,1,1,0,1,1,0,0,1,0,0,1,1,1,1,0,1,1,0,1,1,1,1,1,0,1,1,0,0,1,0,0,0,0,0,0,0,1,0,0,1,1,1,1,1,0,0,1,0,1,1,1,0,1,0,1,0,0,0,0.015625,-189.98167086228463,1
0,1,1,0,1,1,1,1,1,0,0,0,0,0,1,0,1,1,0,0,0,0,0,0,0,0,1,1,1,0,1,0,1,0,1,1,0,0,0,1,0,0,1,1,1,0,0,1,1,1,0,0,0,0,1,1,0,1,1,1,0,1,0,1,0.0,-189.98163675858734,1
0,0,0,0,0,0,0,1,0,0,0,1,0,0,0,1,0,0,0,1,1,1,0,0,0,0,1,1,1,0,1,1,1,0,0,1,1,1,1,0,1,0,1,1,0,1,1,0,1,1,0,1,1,0,0,1,0,1,1,1,0,1,1,0,0.0,-189.98160659696612,1
1,1,0,0,0,0,0,1,1,0,1,0,1,0,0,0,1,1,1,0,1,1,0,0,1,1,0,1,1,0,1,0,1,1,0,1,1,1,0,0,1,0,1,1,1,1,0,1,0,1,0,1,1,1,0,1,1,0,0,0,0,0,0,0,0.0,-189.98143881135354,1
0,1,1,0,0,1,1,1,1,0,0,1,0,0,0,0,0,0,0,1,0,0,0,0,1,1,1,1,0,0,1,1,1,0,0,1,1,1,0,1,0,0,0,1,1,1,1,1,0,1,1,1,0,0,1,1,1,0,1,0,1,0,1,0,0.015625,-189.98132630228983,1
0,0,1,0,0,0,0,1,0,0,1,0,0,1,1,0,0,1,0,1,0,1,0,0,0,1,1,1,0,1,1,0,1,1,1,1,1,1,1,0,1,0,1,0,1,0,1,1,1,1,0,0,1,1,0,1,1,0,0,0,0,0,1,1,0.0,-189.9812551053426,1
0,1,1,0,0,0,1,0,1,0,1,1,0,0,0,0,0,1,1,1,0,0,1,0,0,0,1,1,0,1,1,1,1,0,1,1,0,0,1,0,1,0,1,0,0,1,0,1,0,0,1,0,0,1,1,0,1,0,0,1,1,0,1,1,0.0,-189.98120283740556,1
1,1,1,1,1,1,1,0,1,0,1,0,1,0,1,0,1,1,0,1,1,0,0,1,1,0,0,1,0,0,0,0,0,0,1,1,0,0,0,0,0,0,1,1,0,1,0,0,1,1,0,1,0,1,1,1,1,0,1,1,0,0,0,1,0.0,-189.9811563422497,1
0,1,1,0,0,0,0,0,0,1,1,1,0,0,1,1,0,1,1,1,0,1,1,0,1,1,0,1,1,1,1,0,1,0,0,1,0,1,0,0,1,1,1,1,0,1,0,0,1,1,0,0,1,0,1,1,0,0,1,0,0,1,0,0,0.0,-189.98074368243488,1
0,0,1,0,0,0,0,1,0,0,0,0,0,0,1,0,0,1,0,1,1,1,0,0,1,1,1,1,1,1,0,1,1,0,1,1,1,1,0,1,0,1,0,1,1,1,0,0,1,0,1,1,0,1,1,1,1,0,1,0,0,0,1,0,0.03125,-189.9806454456778,1
1,1,1,1,0,1,1,1,0,0,0,0,0,0,1,0,0,0,0,0,0,1,1,0,1,1,1,1,0,0,0,0,0,1,1,1,0,0,1,1,1,0,0,0,0,1,1,1,1,0,0,1,0,1,1,1,1,0,0,1,0,0,1,0,0.0,-189.9805727155652,1
1,1,0,0,0,1,1,0,1,0,0,0,1,0,0,0,0,0,1,1,1,0,1,1,1,0,1,1,1,0,0,1,0,1,1,1,1,1,1,0,0,0,1,1,0,0,0,1,1,1,0,1,0,1,0,0,1,0,1,1,0,0,0,1,0.015625,-189.98042663530316,1
0,0,1,0,0,0,0,1,1,0,1,0,1,1,0,0,0,0,0,0,1,1,0,1,1,1,1,1,1,0,1,0,1,0,0,1,0,0,0,0,0,0,0,1,0,1,1,0,1,1,1,1,1,1,0,1,0,1,1,0,1,1,0,0,0.015625,-189.98040927722835,1
0,0,1,0,1,0,0,1,0,0,0,0,1,1,1,0,1,0,0,0,0,1,0,1,0,1,0,1,1,1,1,1,1,0,1,0,1,0,1,0,0,0,0,0,1,1,0,0,1,1,1,1,1,1,0,1,1,1,0,0,1,1,1,0,0.03125,-189.9803649453831,1
1,0,1,1,0,0,0,1,0,1,1,0,1,1,1,0,1,0,1,1,1,1,0,0,1,0,0,1,0,0,1,1,1,0,1,1,0,1,1,0,1,0,1,1,1,1,1,0,0,1,0,0,0,0,0,1,1,0,0,0,0,0,1,0,0.0,-189.98031494142595,1
1,0,1,0,0,1,1,1,0,0,1,0,0,1,0,1,1,0,1,1,1,0,0,1,1,0,0,1,0,0,1,1,1,0,0,1,0,0,0,0,0,1,1,0,1,0,1,0,1,1,0,0,1,0,1,1,1,0,1,1,0,1,1,0,0.0,-189.9801154081865,1
1,1,1,0,1,0,1,0,0,0,1,0,1,1,1,1,0,1,0,0,1,1,0,0,1,1,1,1,0,0,0,0,0,0,1,0,0,0,1,0,0,0,1,1,0,0,1,1,1,1,1,0,1,0,0,1,1,0,0,0,1,0,1,0,0.015625,-189.98000117290732,1
0,0,0,0,1,1,0,0,0,0,1,0,0,0,1,0,1,1,0,0,0,1,1,0,1,1,1,1,0,1,1,0,1,1,1,0,0,1,1,0,0,0,1,1,0,1,0,1,1,0,1,1,1,1,0,1,0,1,1,0,0,1,1,0,0.0,-189.97997817670083,1
0,1,1,1,0,1,0,0,0,0,1,0,1,1,1,1,1,1,0,0,1,0,1,0,0,0,0,1,0,0,1,1,1,1,1,0,0,1,0,0,1,0,1,1,1,1,1,1,0,1,0,0,0,1,0,1,0,0,0,0,0,0,1,0,0.0,-189.97996148044308,1
1,0,1,0,0,0,0,0,0,0,0,1,0,0,0,1,1,1,0,0,1,0,1,0,0,0,1,1,0,0,1,1,1,1,1,1,1,1,0,1,1,1,1,1,0,0,0,1,1,0,0,1,0,1,1,1,0,0,0,0,1,0,1,0,0.0,-189.97991046889928,1
0,1,1,1,1,0,0,0,0,0,1,0,1,1,0,1,0,0,0,1,0,1,0,0,0,1,1,1,0,1,1,0,1,0,0,1,1,0,0,0,1,0,1,1,0,0,0,1,1,1,1,0,1,1,0,1,0,0,0,1,1,1,1,1,0.0,-189.97986949667498,1
1,1,1,0,1,0,1,1,0,0,1,0,0,1,0,1,1,0,0,0,0,0,1,0,0,1,1,1,1,1,0,1,0,1,0,0,1,1,0,1,0,0,1,0,0,0,0,1,0,1,1,0,0,1,0,1,1,0,0,0,0,1,1,1,0.0,-189.97972108494181,1
1,0,1,0,0,1,0,1,0,0,1,0,1,1,0,0,1,0,0,0,0,1,1,0,1,1,0,1,0,0,1,0,1,0,1,0,0,1,0,0,1,1,1,1,1,0,1,1,1,1,0,1,0,0,1,1,1,0,0,0,0,1,1,1,0.0,-189.97928059477587,1
0,0,1,0,1,1,0,1,0,0,1,0,0,1,0,0,1,0,0,0,1,1,0,0,1,1,1,1,0,0,1,1,1,1,1,0,1,1,0,0,0,0,1,1,0,1,0,1,1,1,0,1,0,0,1,1,1,0,0,1,1,1,0,0,0.0,-189.97922337221877,1
1,1,1,0,1,0,0,1,1,1,0,0,1,0,1,0,0,0,0,1,0,1,0,0,1,1,1,0,0,0,0,0,0,1,0,1,1,0,0,1,1,1,0,0,1,1,0,1,0,0,0,0,1,0,1,1,1,0,0,1,1,0,1,1,0.0,-189.97907882898596,1
1,0,1,0,0,0,0,1,0,0,0,0,0,1,0,1,1,0,0,0,0,1,0,1,0,1,0,1,0,0,1,1,1,1,0,1,1,1,1,1,1,1,1,1,1,0,0,1,0,0,0,1,0,0,1,1,1,1,0,0,1,0,1,1,0.0,-189.97870711277116,1
1,0,0,1,1,1,0,1,0,1,0,0,1,0,0,0,0,0,0,0,1,0,1,0,0,1,1,1,0,1,1,0,1,1,0,0,1,0,0,0,1,0,1,1,1,1,0,1,0,1,0,1,0,1,1,1,1,0,1,0,1,0,1,1,0.0,-189.9786654670749,1
1,1,0,0,0,0,0,1,0,1,1,1,0,0,0,0,1,0,0,0,1,1,0,1,1,1,1,1,1,1,1,1,1,1,1,0,0,0,1,0,0,0,0,0,1,1,0,0,1,0,1,1,0,1,0,1,1,0,0,0,0,0,1,0,0.015625,-189.97826005853048,1
0,0,0,0,1,0,1,0,1,0,1,1,1,0,0,0,0,0,1,0,1,1,0,0,0,1,1,1,1,0,1,1,0,1,1,1,0,0,0,0,0,1,0,1,1,1,0,1,0,0,0,1,1,1,0,1,1,0,1,0,1,0,1,0,0.0,-189.97816535616803,1
0,0,1,0,1,1,0,0,1,1,0,1,0,0,1,1,1,1,1,1,0,1,0,0,1,0,0,1,0,1,0,1,0,0,1,1,1,1,1,0,0,0,1,1,0,0,1,1,1,0,0,1,0,0,0,0,1,0,0,1,0,0,1,0,0.0,-189.97804790230583,1
1,1,1,0,1,0,0,1,0,0,0,0,0,1,0,1,0,0,1,0,1,1,1,1,0,0,1,1,1,1,1,0,0,1,0,1,1,1,1,1,1,0,1,1,0,0,1,0,0,0,0,0,1,0,1,1,1,0,1,1,0,0,0,0,0.0,-189.97791799272287,1
0,0,0,1,0,0,1,1,1,0,1,0,1,1,0,1,0,0,1,1,0,0,0,0,1,1,1,1,1,0,1,1,0,1,1,1,1,0,1,0,0,0,1,0,1,0,0,0,0,1,1,0,1,1,1,1,0,0,0,1,0,0,1,1,0.0,-189.977915250809,1
1,1,1,0,0,1,0,1,0,1,1,0,1,0,0,0,0,1,0,0,1,1,0,0,0,0,1,1,1,0,1,1,1,1,0,1,1,1,0,0,0,1,0,0,1,1,0,1,0,1,0,1,0,1,1,1,1,0,1,0,1,0,0,0,0.03125,-189.9779074299418,1
0,0,1,1,0,0,0,1,1,1,1,0,0,1,0,0,1,0,1,0,1,1,0,1,0,0,1,1,0,0,1,1,0,0,0,1,1,1,0,0,1,1,1,1,0,1,0,1,1,1,0,1,0,1,1,1,0,0,1,0,0,0,1,0,0.0,-189.97785453655433,1
0,1,0,0,0,0,0,0,1,0,0,0,0,1,1,1,1,0,0,1,1,1,1,0,1,1,0,0,0,0,1,1,1,0,1,1,1,1,1,1,1,0,1,1,1,0,0,0,0,1,0,1,1,0,0,1,1,0,0,0,1,0,1,1,0.0,-189.97762725116712,1
0,1,1,1,0,1,1,0,1,0,1,0,0,1,1,1,1,1,0,0,1,0,0,1,0,0,0,1,0,0,1,0,0,1,1,1,0,1,1,0,1,1,1,0,0,1,0,1,0,0,0,1,1,0,0,0,1,0,0,1,1,1,1,0,0.0,-189.97690788603117,1
1,0,0,0,0,0,1,1,1,0,1,0,1,1,0,1,0,1,0,0,0,0,0,0,1,1,1,1,0,1,1,1,0,0,0,1,1,0,1,0,0,0,1,1,1,1,1,1,1,0,1,1,0,1,0,1,0,0,1,1,0,1,0,0,0.0,-189.9766755098569,1
0,0,1,0,0,1,0,1,0,0,1,0,1,0,0,1,1,1,0,0,1,1,0,0,1,1,0,1,0,0,1,0,0,0,0,1,0,0,0,0,0,0,1,1,0,1,1,0,1,1,1,1,1,0,0,1,1,1,1,0,1,0,1,1,0.0,-189.9761886939351,1
1,1,1,0,0,0,1,1,0,0,1,0,0,1,0,0,0,1,1,0,0,1,0,0,1,1,0,1,0,0,1,1,1,0,1,0,0,0,0,0,1,1,1,1,1,1,1,1,0,1,1,0,1,1,1,1,0,0,0,0,1,1,0,0,0.0,-189.9760677023886,1
1,1,1,0,0,0,0,1,1,0,1,0,0,1,0,0,0,0,1,0,1,1,0,1,0,0,1,1,0,0,1,0,0,1,0,1,1,0,1,1,0,0,1,1,0,1,0,0,0,1,0,1,0,0,1,1,1,0,0,1,1,0,1,1,0.0,-189.9759509833366,1
0,1,1,1,0,1,1,1,1,0,0,1,0,1,1,1,1,1,0,1,1,1,0,0,0,0,0,1,0,0,0,1,1,0,1,1,0,1,0,0,1,1,0,0,1,1,0,0,1,1,1,1,1,0,0,1,0,0,0,0,0,0,1,0,0.0,-189.97585533100903,1
0,1,1,0,1,1,0,1,1,0,1,0,0,1,0,0,0,1,0,1,0,1,0,0,1,1,1,1,0,1,1,0,1,0,1,0,0,0,1,0,1,1,0,1,0,0,0,0,1,1,0,1,1,1,1,0,0,0,1,1,0,0,1,1,0.03125,-189.97584716864907,1
0,0,0,0,1,1,0,0,0,0,1,0,0,1,0,0,1,0,0,0,1,1,0,1,1,1,1,1,1,0,0,0,0,1,1,0,1,0,1,1,1,0,1,1,1,1,0,1,0,0,1,1,0,0,0,1,1,0,0,0,1,0,1,1,0.0,-189.97519032327875,1
1,0,0,1,1,0,1,1,0,1,1,0,1,0,1,0,0,0,0,0,1,0,1,0,1,0,0,1,0,1,0,0,1,1,0,1,0,1,0,0,0,0,0,1,1,1,1,1,1,0,0,1,0,1,0,1,0,1,0,1,1,1,0,0,0.0,-189.97496628137884,1
0,0,0,0,0,1,1,0,0,0,1,0,1,1,0,0,1,1,0,1,1,1,0,0,0,1,1,1,1,0,1,1,0,1,0,0,1,0,0,0,0,1,1,1,0,1,0,1,0,1,0,1,1,1,1,0,1,0,1,0,1,0,1,1,0.015625,-189.97474419825164,1
0,1,1,1,1,0,0,1,1,0,1,0,0,1,0,0,1,1,0,0,1,1,0,0,1,0,1,0,0,1,0,1,1,0,0,1,0,0,1,0,1,1,1,1,1,0,1,1,1,1,0,1,0,1,1,1,0,0,0,0,0,0,0,1,0.0,-189.9742643073716,1
0,1,1,1,1,0,0,0,1,1,1,0,0,1,0,0,0,1,1,1,1,0,0,1,0,1,1,1,0,0,1,1,0,1,1,1,0,0,0,0,0,0,0,1,1,1,1,1,0,1,1,0,0,1,0,1,1,0,0,0,0,0,1,1,0.0,-189.97419456090964,1
0,1,1,1,0,0,0,1,0,0,1,0,1,1,0,0,1,0,1,0,1,1,1,0,0,0,1,1,0,0,0,0,0,1,0,1,0,1,0,0,1,0,1,1,1,1,0,1,1,1,0,1,1,0,0,1,0,0,0,1,1,0,1,0,0.015625,-189.97404006291524,1
0,0,0,0,0,0,1,0,1,0,1,0,1,0,1,1,1,1,0,0,0,0,1,0,0,1,1,1,0,0,1,0,0,1,0,0,1,1,0,0,1,0,1,1,0,1,0,0,1,1,0,1,0,0,1,1,1,1,0,1,0,1,1,1,0.015625,-189.97389363574433,1
0,1,0,0,0,0,1,1,0,0,1,0,1,0,1,1,1,0,0,0,0,0,0,0,1,0,1,0,0,0,1,1,1,1,0,1,1,1,0,0,0,1,1,1,1,1,1,1,1,1,0,0,0,1,0,1,0,0,0,1,0,0,1,1,0.0,-189.97389280221415,1
0,1,1,1,0,1,0,1,1,0,0,0,1,0,1,1,0,1,0,0,1,0,0,1,0,1,1,1,0,0,1,0,0,1,1,1,0,0,0,1,1,0,1,0,1,1,0,0,0,1,1,1,0,0,1,0,0,0,1,1,1,0,0,0,0.0,-189.9738832868297,1
1,1,0,0,0,0,0,1,0,0,0,1,0,0,0,0,0,1,0,1,0,1,0,1,0,1,1,1,0,0,1,0,1,0,1,1,0,0,0,1,1,0,1,1,0,1,1,1,0,0,1,1,1,1,0,1,0,1,0,1,0,0,1,1,0.0,-189.97385256420742,1
0,0,1,0,0,0,1,1,0,1,1,0,1,0,0,1,1,1,1,1,0,1,1,0,0,1,1,0,0,1,1,0,0,1,1,1,0,0,1,0,0,0,1,0,0,1,0,1,1,1,0,1,0,1,0,1,0,1,0,1,0,1,1,0,0.015625,-189.97374480119478,1
1,0,1,1,0,0,1,1,0,1,1,0,1,0,1,1,1,0,0,0,1,0,0,1,0,1,0,1,0,0,0,0,0,1,0,1,1,1,0,0,1,0,1,1,0,0,0,0,1,1,0,1,1,0,0,1,1,0,1,1,0,0,0,1,0.0,-189.9735726443477,1
0,1,1,0,1,0,0,1,0,0,1,1,1,1,0,0,1,0,0,0,1,1,0,1,1,1,1,0,0,1,1,1,0,1,0,0,0,0,0,0,1,1,1,1,1,0,1,0,0,0,0,0,0,1,1,0,1,0,1,1,0,0,1,0,0.0,-189.9735029886465,1
0,1,1,0,0,1,0,1,1,0,1,0,1,1,1,1,1,0,0,0,1,1,0,1,1,0,0,1,0,1,1,1,0,0,0,1,1,0,0,0,0,0,1,0,0,1,0,1,1,1,1,0,0,1,1,0,0,0,1,1,0,0,0,0,0.015625,-189.97341341864114,1
1,0,1,1,1,0,1,0,0,1,0,0,1,0,1,1,1,0,0,0,0,1,0,0,0,0,0,1,0,0,0,1,0,0,1,1,0,1,0,0,1,1,0,1,1,1,1,1,0,1,0,1,1,0,1,1,1,1,1,1,1,0,0,0,0.0,-189.97281053533163,1
1,1,0,0,0,1,1,1,0,1,1,0,0,1,0,0,1,0,0,1,1,1,0,0,1,0,0,1,0,0,0,0,1,0,0,1,1,1,0,0,0,0,1,1,0,1,0,1,1,1,0,1,0,1,0,1,1,0,0,1,0,0,1,1,0.0,-189.97279896764357,1
0,0,1,1,0,0,1,1,0,0,1,0,0,1,1,1,0,0,0,0,0,1,0,0,0,0,1,1,0,0,1,1,1,0,0,1,1,1,0,1,1,0,1,1,1,1,0,1,1,1,0,0,0,0,1,1,1,1,0,0,0,0,0,1,0.0,-189.97259843013717,1
0,0,1,0,0,0,0,1,0,0,1,0,1,1,0,0,1,0,1,0,1,0,0,0,0,1,0,0,1,1,1,0,0,0,1,1,0,0,1,0,1,1,1,1,1,1,0,1,1,1,1,1,0,1,1,1,1,0,1,0,1,0,1,0,0.0,-189.97244830593482,1
1,0,1,0,0,0,1,1,1,0,0,0,1,0,0,0,1,1,0,0,0,0,0,0,1,0,1,1,0,1,1,1,1,1,1,1,0,0,0,0,1,0,1,1,1,1,0,0,1,1,0,1,0,0,0,1,1,0,0,0,1,1,1,0,0.0,-189.97230068239858,1
0,1,1,0,0,1,1,0,0,0,0,0,1,1,1,0,1,1,0,1,0,0,0,0,0,0,0,1,0,1,1,0,0,1,1,0,1,1,1,0,1,0,1,1,0,0,1,0,1,1,0,0,0,1,1,1,1,0,1,0,0,1,1,0,0.0,-189.97190967639216,1
0,1,0,0,0,0,1,1,0,0,1,0,1,0,1,1,0,1,0,0,1,1,0,0,1,1,1,1,0,1,0,0,0,0,1,0,1,1,0,1,1,1,0,1,1,1,1,1,1,1,0,1,1,0,0,1,1,0,0,0,0,0,0,1,0.0,-189.97174765891415,1
1,1,1,0,0,0,0,1,0,1,1,0,1,0,1,1,0,1,0,1,1,1,0,1,1,0,1,0,0,0,1,1,1,0,1,1,0,0,0,0,0,1,0,0,0,1,1,0,1,0,1,0,0,0,1,1,1,0,0,1,0,0,1,0,0.0,-189.9717305323071,1
1,1,1,0,0,1,0,1,1,1,0,0,1,0,1,0,0,0,1,1,1,0,0,0,1,0,1,1,1,0,1,1,1,0,1,1,0,1,0,0,1,0,0,1,0,1,0,0,1,1,0,0,1,0,0,1,1,0,0,0,0,0,0,1,0.015625,-189.97142520293718,1
0,0,0,0,1,0,1,1,0,1,1,1,0,1,1,0,0,0,1,1,1,0,0,1,1,1,0,0,1,0,1,0,0,0,1,1,1,1,1,0,1,0,1,1,0,1,0,0,0,1,0,0,0,0,0,1,1,1,0,0,1,0,0,1,0.015625,-189.97140798380883,1
1,1,0,1,0,0,0,1,0,0,1,0,1,1,0,0,0,1,0,1,1,1,0,1,1,1,1,1,1,0,1,0,1,1,1,0,0,0,0,0,1,0,0,1,0,0,1,0,0,1,0,1,0,0,1,1,1,0,0,0,0,0,1,1,0.0,-189.9714017285414,1
1,1,1,1,0,1,1,1,0,0,1,0,0,0,0,0,1,0,0,0,0,1,0,0,0,1,1,1,1,0,1,1,0,1,0,0,1,1,1,0,0,1,1,1,1,0,0,0,0,0,0,1,1,1,0,1,1,1,0,1,0,0,1,1,0.0,-189.97137776479653,1
0,1,1,1,0,0,1,1,1,0,1,0,1,0,0,1,0,1,1,0,1,1,0,0,0,0,0,1,0,0,1,0,1,1,0,1,1,1,0,0,0,0,1,0,1,0,0,1,0,1,0,1,0,0,1,1,1,1,0,0,1,1,0,0,0.015625,-189.97130080006355,1
0,1,1,1,0,0,0,1,0,0,0,0,1,0,0,0,1,1,0,0,1,0,1,0,0,1,0,1,0,0,1,1,0,0,1,1,1,1,0,0,1,0,1,1,1,1,0,0,0,1,1,1,0,0,1,1,1,0,1,0,0,0,1,1,0.015625,-189.97110909044716,1
0,0,1,0,0,0,0,1,1,1,1,0,1,0,0,0,1,0,1,0,1,0,0,0,0,1,1,1,0,1,1,0,1,1,0,0,1,0,0,0,1,1,0,1,1,0,1,1,1,1,0,1,1,1,1,1,0,0,1,0,0,0,1,1,0.0,-189.9707671986422,1
0,1,1,0,0,1,0,1,0,1,0,1,0,0,1,0,0,0,1,1,1,1,0,1,1,0,1,1,0,0,0,1,0,1,1,0,1,1,0,0,1,1,1,1,0,1,0,0,0,1,0,0,1,0,1,1,1,0,0,1,1,0,1,0,0.015625,-189.9706925354259,1
0,0,1,0,0,1,1,1,0,0,1,0,1,1,1,1,1,0,0,1,1,1,0,1,0,1,0,0,1,1,1,0,0,1,1,1,1,0,0,0,0,0,1,0,0,1,0,0,0,1,0,1,1,1,0,1,1,0,0,1,1,0,1,0,0.0,-189.97062213531743,1
1,0,1,1,0,0,1,0,0,1,1,1,0,1,0,1,0,1,1,1,1,1,0,0,1,0,0,1,0,0,1,0,1,1,1,1,0,0,0,0,0,0,1,1,0,1,1,0,1,1,0,1,0,0,0,1,0,1,0,1,1,0,0,1,0.0,-189.9705020303965,1
0,0,0,1,0,0,1,1,1,0,1,0,1,0,1,0,1,1,1,1,1,0,1,1,0,0,1,1,0,0,1,1,1,0,0,1,0,1,0,0,1,1,1,0,1,0,0,0,0,1,0,1,0,0,0,1,1,0,1,0,0,1,1,1,0.0,-189.9702778861265,1
0,1,1,0,0,1,0,1,1,1,1,0,0,1,0,0,0,1,0,0,1,0,0,1,1,1,0,1,1,1,1,1,1,0,0,1,1,0,1,0,1,0,1,0,0,0,1,0,1,0,0,1,0,0,1,1,1,0,1,0,0,0,0,0,0.015625,-189.97027234643426,1
0,1,0,0,0,0,1,1,1,0,1,0,0,1,0,0,0,1,1,0,0,1,0,1,0,1,0,1,0,0,0,1,1,1,1,0,1,0,0,0,0,0,1,1,1,0,0,1,1,1,1,1,1,0,1,1,1,0,0,1,0,0,0,1,0.0,-189.97008803426206,1
0,0,1,0,1,1,1,1,0,0,1,1,0,1,1,0,0,1,0,0,1,0,0,1,1,0,0,1,0,0,0,1,1,0,1,0,0,0,1,0,1,1,0,0,1,0,1,0,1,1,1,1,0,0,1,0,1,0,0,1,1,0,1,0,0.0,-189.97004225933205,1
1,1,1,1,0,0,0,0,1,0,1,1,1,1,1,0,0,0,0,0,0,0,0,0,1,0,1,1,1,1,1,0,1,1,0,0,1,1,0,0,1,1,1,1,1,1,1,0,1,0,0,1,0,1,0,0,1,0,1,0,1,0,0,0,0.0,-189.96991558585117,1
1,1,1,1,0,0,0,0,0,0,1,0,1,0,1,1,0,0,1,1,0,1,0,0,0,0,0,1,0,0,1,0,0,0,1,1,1,1,1,0,1,1,1,1,1,1,0,0,0,1,1,0,1,1,1,1,1,0,0,0,0,0,1,1,0.015625,-189.96983582146416,1
0,1,1,0,0,0,1,1,1,1,1,0,0,0,1,0,0,0,1,0,1,1,0,0,1,0,0,1,1,0,1,1,1,0,0,1,1,0,0,1,1,0,1,1,1,0,0,0,0,0,0,0,0,1,1,1,1,0,0,1,1,1,0,0,0.015625,-189.9694763199041,1
0,1,1,1,0,0,0,1,0,0,0,0,1,0,0,0,0,1,1,0,0,1,0,0,1,1,1,0,1,0,1,1,1,0,1,0,0,0,0,0,0,1,1,1,1,0,0,1,1,0,1,1,1,0,1,1,1,0,0,1,0,0,1,1,0.0,-189.9690216168162,1
0,0,1,0,1,1,0,0,1,0,1,0,0,0,1,1,0,0,1,0,1,0,0,1,1,0,0,1,0,1,1,0,0,0,1,1,1,1,0,0,1,0,1,1,0,0,0,0,1,0,1,1,0,0,1,1,0,0,1,1,1,0,1,1,0.0,-189.96865844250144,1
1,0,1,1,1,0,1,1,0,1,1,0,1,0,1,1,1,0,0,0,1,1,0,0,1,0,0,0,1,1,1,1,0,1,1,0,0,0,1,0,0,0,1,1,0,0,0,1,0,1,1,0,1,0,0,1,0,0,0,0,0,0,1,1,0.0,-189.96842010222454,1
0,1,1,1,0,0,1,1,1,1,0,1,0,0,1,1,0,0,0,1,0,1,0,0,1,1,1,1,0,1,1,1,1,0,0,1,0,0,0,0,0,0,0,1,0,0,1,1,0,0,1,0,1,1,1,0,1,0,0,1,0,0,1,0,0.0,-189.96840319118851,1
1,1,0,0,1,0,1,0,1,0,1,0,0,0,1,1,0,1,0,1,1,0,0,0,1,1,1,1,0,1,1,0,0,0,1,1,0,0,0,0,1,0,1,0,1,1,1,0,0,1,1,0,1,1,1,1,1,0,0,0,0,0,1,1,0.0,-189.96824419892198,1
0,0,1,0,1,0,1,0,0,0,1,1,1,1,1,0,1,0,0,0,0,0,1,1,0,1,1,0,0,0,1,1,1,1,1,1,0,1,0,0,0,1,1,0,1,1,0,1,0,0,1,1,0,1,1,1,1,0,0,0,1,0,1,0,0.0,-189.96815829936324,1
1,0,1,1,0,0,1,1,0,0,0,1,1,0,0,0,0,1,1,0,0,0,0,1,1,0,1,1,1,0,1,1,0,0,1,1,0,0,0,0,0,1,1,1,1,0,1,0,0,1,0,1,0,0,1,1,0,1,1,0,1,0,0,1,0.0,-189.9677659389779,1
0,0,1,0,1,1,1,1,1,0,0,1,0,1,0,1,1,0,0,1,0,0,0,0,1,1,1,1,1,0,1,0,0,0,1,1,0,0,1,0,1,0,1,1,1,0,0,1,1,0,1,1,1,0,0,0,0,0,1,0,1,0,1,1,0.0,-189.9670571712891,1
1,1,1,1,0,0,1,1,0,0,0,1,1,0,0,0,0,0,0,1,1,0,0,1,1,0,1,1,0,1,1,1,1,1,0,0,1,0,1,1,0,0,1,1,0,1,0,1,0,1,1,1,0,0,0,0,1,0,1,0,0,1,1,0,0.015625,-189.96695416971784,1
0,1,1,0,1,0,1,0,1,1,1,0,1,0,1,0,1,1,0,0,1,0,0,0,1,1,1,1,0,0,0,1,1,1,1,1,0,0,1,0,1,0,1,1,0,1,0,0,1,1,0,1,0,1,0,1,1,0,0,1,0,0,0,0,0.0,-189.9669211663595,1
0,0,1,1,0,1,0,1,0,0,1,1,1,1,0,0,1,0,0,1,1,0,0,1,1,0,1,1,0,1,1,1,1,0,1,1,1,1,0,0,0,1,1,1,0,1,1,0,0,0,0,1,0,1,0,1,1,0,0,0,0,0,1,0,0.0,-189.96679400221305,1
0,1,1,0,1,0,0,0,0,0,1,1,1,1,1,0,0,1,1,0,0,1,0,0,0,1,0,1,0,1,0,1,0,0,1,0,0,0,0,0,1,0,0,1,1,1,1,1,1,1,0,1,1,1,0,1,1,1,0,0,0,1,0,0,0.0,-189.9666723570886,1
1,1,1,0,1,0,0,1,0,0,1,1,0,1,0,1,1,0,0,0,0,0,0,0,0,0,0,0,0,1,1,1,1,1,1,1,0,1,0,0,1,0,1,1,1,1,0,1,1,0,0,1,0,1,1,1,1,0,0,0,0,1,0,0,0.0,-189.96634691694265,1
1,0,0,1,1,1,0,1,0,1,1,0,0,0,1,0,1,1,0,1,1,1,0,0,1,1,0,1,1,0,0,1,1,1,1,1,0,0,1,0,0,1,1,0,0,0,0,1,0,1,1,1,0,1,0,1,0,0,0,1,0,0,0,1,0.0,-189.9662391156297,1
1,1,1,0,0,0,1,1,1,0,1,1,1,0,0,1,0,0,1,0,0,0,1,0,0,1,1,1,0,1,1,1,0,1,0,0,0,0,0,0,1,0,1,0,0,1,0,1,1,1,1,1,0,1,0,1,1,0,1,0,1,1,0,0,0.015625,-189.96617147490366,1
0,1,1,1,0,0,0,1,0,0,0,0,0,0,0,0,1,1,0,1,1,1,1,0,0,1,1,1,0,1,1,1,0,1,1,0,1,1,1,0,1,0,0,0,0,0,0,1,0,1,1,1,0,0,0,1,0,0,1,1,0,0,1,1,0.0,-189.965917124956,1
0,1,1,0,1,1,1,1,0,1,1,0,1,1,0,0,1,0,0,1,1,1,0,0,1,0,1,1,0,0,1,0,0,0,1,1,1,0,1,1,1,0,1,0,1,1,0,0,1,1,1,0,1,0,0,0,0,0,0,1,0,0,1,0,0.0,-189.96520442822882,1
0,0,1,1,0,0,0,1,1,1,1,1,1,0,0,1,0,1,0,1,0,1,0,0,1,0,0,1,0,1,0,1,0,0,1,1,0,0,0,0,1,1,1,1,0,0,0,0,0,1,1,1,0,1,1,1,1,0,1,1,0,0,1,1,0.0,-189.9651084323266,1
0,0,0,1,1,0,0,1,0,0,0,1,0,1,0,0,1,0,0,0,1,0,0,1,1,1,1,1,0,0,1,0,0,1,1,0,1,1,0,0,1,1,1,1,0,0,1,1,1,0,0,1,1,1,0,1,1,0,1,0,0,0,1,0,0.0,-189.9648744365467,1
1,0,1,1,1,0,0,1,0,0,1,0,0,1,0,1,0,0,1,0,0,1,0,0,1,0,1,1,0,0,1,1,1,1,1,1,0,1,1,1,0,1,1,0,1,1,0,1,0,0,0,1,0,0,0,1,1,1,0,0,0,1,0,1,0.0,-189.96486928579242,1
0,1,0,0,0,1,0,1,1,0,1,0,1,1,0,0,0,1,0,1,0,1,0,0,1,1,1,1,1,1,1,0,0,1,0,0,0,0,1,0,0,0,1,1,1,0,1,1,0,1,0,1,1,0,1,1,0,0,0,0,0,1,1,0,0.0,-189.96461592993418,1
0,0,0,1,1,1,1,0,0,0,1,0,1,1,1,1,1,0,1,0,0,1,0,1,1,0,0,1,0,0,1,1,0,0,1,0,0,0,1,0,0,1,1,1,1,0,0,1,1,0,0,1,0,1,1,1,0,1,0,1,0,0,1,1,0.0,-189.96455477631304,1
1,1,1,0,0,0,0,1,0,0,0,0,0,0,0,0,1,1,1,1,1,1,0,1,1,0,1,1,0,0,1,0,0,1,1,1,0,1,1,0,0,0,1,1,1,0,1,0,0,1,1,0,0,1,0,1,1,1,0,0,0,0,1,0,0.015625,-189.9645469650217,1
1,0,0,0,0,1,1,1,0,0,1,0,1,1,0,0,1,0,1,1,1,1,0,0,0,0,0,1,0,0,1,0,0,0,0,1,1,0,0,0,0,0,1,0,1,0,0,1,1,1,0,1,1,1,0,1,1,1,1,1,1,0,1,0,0.0,-189.96443443774285,1
0,1,1,1,0,1,0,0,0,1,1,0,0,0,1,1,1,0,0,0,1,1,0,0,0,0,1,1,1,0,1,1,0,1,1,1,0,0,0,1,1,0,0,1,1,0,1,1,1,1,0,1,1,0,1,0,1,0,1,0,0,1,0,0,0.0,-189.96437658928815,1
1,1,0,1,1,0,0,1,1,1,0,0,1,1,1,1,1,0,0,1,1,0,0,1,0,1,1,0,0,0,0,0,0,0,1,0,1,0,0,0,1,1,1,1,1,0,0,1,1,1,0,1,0,0,1,1,1,0,1,0,1,0,0,0,0.015625,-189.96399452208183,1
0,0,1,0,1,0,0,0,0,0,0,0,0,1,1,0,1,0,0,1,0,1,0,0,0,0,0,1,1,0,1,1,1,1,1,0,1,1,1,1,1,1,1,1,0,1,0,0,1,1,1,0,0,0,1,1,1,0,1,0,0,0,0,1,0.015625,-189.96384096726055,1
1,1,1,0,0,0,1,1,0,0,1,1,0,0,1,0,1,1,0,0,0,0,1,0,1,0,0,1,0,0,1,1,0,1,1,1,0,0,0,1,0,1,1,1,1,1,1,0,0,1,0,1,1,0,0,0,1,0,1,1,1,0,1,0,0.0,-189.96355778424538,1
0,1,1,0,1,0,0,1,1,1,1,1,0,0,1,0,1,0,0,0,1,1,0,1,0,1,0,0,0,1,1,1,0,1,0,1,1,1,0,0,1,1,0,1,0,0,0,0,1,1,0,1,1,1,1,0,1,0,0,0,0,0,0,0,0.0,-189.9632805283504,1
0,1,1,1,1,1,0,1,0,0,0,0,1,1,0,1,1,1,0,0,0,0,0,0,1,1,1,1,0,0,1,0,0,0,1,0,1,0,0,0,1,0,1,1,1,1,0,0,1,1,0,1,0,1,0,1,1,0,0,0,0,0,1,1,0.0,-189.96326102014083,1
0,1,0,1,1,0,1,1,1,0,1,1,0,1,1,0,0,1,0,0,0,1,0,0,1,0,1,1,0,0,1,1,1,1,0,1,0,0,1,0,0,1,1,0,1,1,1,1,0,0,0,1,0,1,0,1,1,0,1,0,0,0,1,0,0.0,-189.96267821759912,1
1,0,1,0,1,0,0,0,0,1,1,0,1,1,1,1,1,1,0,1,0,1,0,0,0,1,1,1,0,0,1,0,0,0,0,0,0,1,1,0,0,1,1,1,1,1,0,1,0,1,0,1,0,1,0,0,1,0,0,0,0,0,1,1,0.0,-189.962539694535,1
1,1,1,0,0,0,0,1,0,1,1,0,1,0,1,1,1,0,0,0,1,1,0,0,0,0,1,0,0,0,1,1,1,1,0,1,1,0,1,1,1,0,0,1,1,0,0,0,0,1,0,1,0,1,1,1,0,0,0,0,0,1,0,1,0.0,-189.9624103370206,1
0,0,1,0,1,1,0,1,0,0,0,0,1,1,1,1,0,0,0,0,1,1,0,0,1,0,0,1,1,0,1,1,1,1,0,0,1,1,0,0,1,0,1,1,1,0,0,1,1,0,0,1,1,0,0,1,0,0,1,0,1,0,1,0,0.0,-189.96226225931167,1
0,1,1,0,0,1,0,1,0,0,1,0,0,0,1,1,0,0,0,1,1,1,1,0,1,0,1,1,0,0,1,0,0,1,1,0,1,1,1,0,1,0,1,1,0,1,0,0,1,1,0,0,1,0,1,1,1,1,0,0,0,1,1,0,0.0,-189.96219236364246,1
0,0,0,1,0,0,0,1,0,0,1,0,1,1,0,0,1,0,0,0,1,1,0,0,1,0,1,1,0,1,1,0,1,0,1,1,1,0,1,0,1,1,1,0,0,1,1,0,1,1,0,1,0,0,1,1,1,0,0,1,0,0,0,1,0.015625,-189.96196123206957,1
0,1,1,0,1,0,0,0,0,0,1,0,0,1,0,0,1,0,0,1,1,0,0,0,1,1,1,1,0,0,1,1,1,0,1,1,1,1,0,1,1,0,1,1,1,0,0,0,0,1,0,1,1,1,0,1,1,0,1,1,0,0,1,0,0.0,-189.96188161214653,1
1,1,1,0,1,1,0,1,0,0,1,0,0,0,1,0,1,0,0,0,1,1,1,0,1,0,1,1,0,1,1,1,0,1,1,1,0,1,1,0,0,1,1,1,1,0,0,1,0,0,0,0,0,1,0,1,1,0,0,1,0,0,1,0,0.015625,-189.96184276384938,1
1,0,1,0,0,0,1,0,1,1,1,0,1,1,0,1,0,1,0,1,0,1,0,1,1,0,0,1,0,1,1,0,1,1,0,1,1,1,0,0,1,1,0,0,0,1,0,1,0,0,1,1,0,0,1,1,1,0,1,0,0,0,1,0,0.0,-189.96180660893637,1
0,1,1,1,0,0,0,1,1,1,1,0,0,0,0,0,1,1,0,1,1,0,0,1,1,0,1,0,0,0,1,1,0,1,0,1,0,1,0,0,1,0,0,0,1,0,0,1,1,1,1,1,1,0,0,1,1,1,1,0,1,1,0,0,0.0,-189.9614758741255,1
0,1,1,1,1,1,1,1,0,0,0,0,1,0,1,0,1,0,0,1,0,1,1,0,0,1,1,1,0,0,1,1,1,0,0,1,0,1,0,0,0,0,1,0,1,1,1,0,1,0,1,1,0,0,0,1,0,0,1,1,0,0,0,0,0.0,-189.9613116377549,1
0,1,1,1,0,1,0,1,0,0,1,0,0,0,1,0,0,0,1,0,0,1,1,1,0,0,0,1,1,0,1,1,1,0,1,0,1,0,0,1,0,1,1,1,1,1,0,1,0,1,0,1,0,0,0,1,1,0,0,1,0,0,1,0,0.0,-189.96120498692378,1
0,1,1,0,0,0,1,1,0,0,0,0,0,0,0,1,1,1,1,1,1,0,0,0,0,0,1,1,1,0,1,0,0,1,0,0,0,0,0,1,1,0,1,1,0,1,1,1,1,0,0,1,0,0,0,1,1,0,1,1,1,0,1,1,0.0,-189.96104581412064,1
1,1,1,0,0,0,0,1,1,0,1,0,0,0,1,1,0,0,0,0,1,0,0,0,0,0,1,1,1,1,1,1,0,0,0,1,1,0,0,0,1,0,1,0,0,1,0,1,1,1,0,1,0,1,0,1,1,0,0,1,0,1,1,1,0.03125,-189.96064743673966,1
0,0,0,0,1,1,1,1,0,0,0,0,1,1,1,0,1,1,0,1,1,1,0,1,0,0,0,0,1,0,1,0,0,0,0,1,1,0,0,0,1,1,1,1,1,1,0,1,1,1,0,1,0,0,0,0,1,0,0,1,1,0,1,0,0.0,-189.9606160578864,1
0,0,1,0,1,1,1,1,0,0,1,0,0,0,1,0,0,0,0,1,1,0,0,0,0,0,0,1,0,0,1,1,1,1,1,1,1,1,0,1,0,1,1,1,0,0,0,1,1,1,1,0,1,0,0,1,0,0,1,0,0,0,1,1,0.0,-189.96050281195244,1
1,1,1,0,1,0,0,1,0,0,1,0,0,1,1,1,1,1,1,0,0,0,0,1,0,0,1,1,0,0,1,1,1,0,0,1,0,0,1,0,1,0,1,1,0,1,0,0,0,1,0,1,1,0,1,0,1,0,1,0,0,1,0,0,0.0,-189.9588511142255,1
0,0,1,0,1,0,1,1,0,1,0,1,0,0,0,1,1,1,0,1,1,0,0,0,1,0,1,0,0,0,1,0,1,1,1,1,0,1,1,0,0,1,1,1,0,1,0,1,1,0,0,1,1,0,0,0,1,0,0,1,0,1,0,0,0.0,-189.9587647023309,1
0,1,0,0,0,0,1,0,0,0,0,0,0,1,0,1,0,0,0,1,1,1,1,1,1,1,0,1,0,1,1,0,0,0,1,0,1,0,0,1,0,1,1,0,0,1,0,1,1,1,0,1,1,1,0,1,1,0,1,1,0,0,1,0,0.0,-189.958654276058,1
0,1,0,1,0,0,1,1,0,1,1,0,0,1,0,1,0,0,1,0,0,1,0,1,0,0,1,1,0,0,1,0,1,1,0,1,1,1,0,1,1,0,1,1,1,1,0,0,1,1,1,1,1,0,1,1,1,0,0,0,0,0,0,0,0.0,-189.95790606448398,1
0,0,0,0,0,0,0,1,0,1,0,0,1,0,0,1,1,1,1,1,1,1,0,0,0,0,1,1,0,1,1,1,0,0,0,1,0,1,0,0,1,1,0,1,1,0,0,1,1,1,0,1,1,1,0,1,1,1,0,1,1,1,0,0,0.0,-189.95785922115368,1
0,0,1,0,0,1,1,1,0,0,1,0,0,0,0,0,1,0,0,1,1,1,1,1,0,1,1,1,0,0,1,0,0,0,1,1,1,1,0,0,0,1,1,1,0,1,0,0,0,0,0,1,0,1,1,1,1,1,1,0,0,1,0,0,0.0,-189.95753265089087,1
1,1,1,0,1,0,0,1,0,1,0,0,0,0,0,1,1,0,0,0,0,0,1,0,1,1,1,1,1,1,1,0,1,1,1,1,0,1,0,0,0,1,1,1,0,0,0,1,0,1,0,1,0,1,0,1,0,1,0,0,1,0,1,1,0.0,-189.95746226965147,1
0,0,1,0,0,1,1,1,1,1,1,0,0,0,1,0,0,0,0,0,1,1,0,1,1,1,1,1,0,0,1,0,0,1,0,1,1,1,0,0,1,0,1,0,1,0,0,1,0,1,0,1,1,0,1,1,0,0,1,1,0,0,0,0,0.015625,-189.95745724210275,1
0,0,1,0,0,0,0,1,0,1,0,0,1,1,0,0,1,1,1,1,1,1,0,0,1,0,1,1,0,0,1,0,0,0,0,0,1,0,1,0,1,1,0,1,0,0,1,0,1,0,0,1,1,1,1,1,0,0,1,0,0,1,1,1,0.0,-189.95734901533575,1
1,0,1,0,0,0,0,0,1,1,1,0,0,1,0,0,1,0,0,1,1,1,0,1,1,1,0,1,0,0,1,0,0,1,1,1,1,1,0,0,1,1,0,0,1,1,0,0,0,0,1,1,1,1,1,1,0,1,0,1,0,0,0,1,0.0,-189.95707266722573,1
0,1,0,1,0,1,1,1,0,0,0,0,0,1,0,1,1,0,0,0,1,1,0,0,1,0,1,1,0,0,1,1,0,0,0,1,0,1,1,1,1,1,0,1,0,1,0,0,1,1,1,1,1,0,1,1,1,1,0,1,0,0,0,0,0.0,-189.95682934505075,1
1,1,1,1,0,0,1,0,0,1,1,0,0,1,0,0,1,1,0,1,1,0,0,0,0,1,0,1,0,0,1,1,1,0,1,1,1,0,0,0,1,0,1,1,1,1,0,0,1,0,1,1,0,0,0,0,1,0,1,0,0,0,0,1,0.0,-189.95637281090728,1
0,0,1,1,0,0,1,1,0,1,0,0,1,1,0,0,0,0,0,0,1,1,1,0,0,0,1,1,0,1,1,1,0,1,1,1,0,1,1,0,0,0,0,0,1,0,0,1,0,1,1,1,1,0,0,0,1,0,1,1,0,1,0,1,0.0,-189.95634130438884,1
0,1,1,0,0,0,0,1,0,1,0,0,1,0,0,0,0,1,0,1,1,0,0,0,1,1,0,1,1,1,1,0,0,1,1,0,0,0,0,1,1,0,1,1,0,1,0,0,1,0,1,1,0,0,1,1,1,0,1,1,0,1,1,0,0.0,-189.95623988377767,1
0,0,1,0,1,1,0,1,0,1,0,0,1,1,1,0,1,1,0,1,1,1,0,1,0,0,0,1,0,0,1,1,1,1,1,0,1,1,0,0,0,0,1,1,1,1,0,0,0,1,0,1,0,1,0,1,0,0,0,1,0,0,0,0,0.0,-189.95611169671753,1
1,1,1,0,0,1,0,1,0,0,1,1,1,0,1,0,1,0,0,0,0,1,1,1,0,0,1,1,0,1,1,0,0,1,1,1,0,0,0,0,1,0,1,1,1,1,0,1,0,0,1,1,0,0,0,0,1,0,0,1,0,1,1,1,0.015625,-189.9556124138842,1
1,0,1,0,0,1,1,1,0,1,1,0,1,0,1,0,1,0,0,0,0,0,0,0,1,0,0,1,0,1,1,1,0,0,0,1,1,1,0,0,0,1,1,1,1,1,0,1,0,0,1,0,0,1,1,1,1,0,0,0,0,1,0,1,0.0,-189.95557367804352,1
1,0,0,1,1,0,1,1,0,0,1,0,1,0,1,0,1,0,1,1,1,1,0,0,1,0,1,1,1,0,1,1,0,1,0,1,0,0,1,0,0,0,0,1,1,1,0,0,0,1,1,1,1,0,0,1,1,0,0,0,0,1,1,0,0.0,-189.95418105372488,1
0,1,1,0,0,1,1,1,0,1,1,1,0,0,0,0,0,0,1,1,1,0,1,0,1,0,1,1,0,0,1,0,1,0,0,1,1,0,1,0,0,1,1,1,1,0,0,1,1,1,0,0,0,0,0,1,0,1,0,0,1,0,1,0,0.0,-189.95340185021942,1
0,1,1,0,1,0,0,1,0,0,1,0,0,1,0,0,1,0,0,0,1,1,1,0,1,1,1,0,0,0,1,0,0,0,1,1,0,0,0,0,1,1,1,1,1,1,0,1,0,1,0,1,1,1,1,1,1,0,1,0,1,0,0,1,0.0,-189.953075680884,1
0,1,1,1,0,0,0,1,0,0,1,0,1,0,0,1,0,0,0,1,1,0,1,0,0,1,0,1,0,0,1,0,0,1,0,1,1,0,0,1,0,0,1,1,1,1,1,1,1,0,0,1,0,1,0,1,1,1,1,1,0,0,0,0,0.015625,-189.9529317636168,1
1,1,1,0,1,0,0,0,1,0,1,0,0,0,1,0,1,0,1,1,0,1,1,0,0,0,1,1,0,0,1,0,0,0,1,1,1,1,0,0,0,0,1,1,0,1,0,1,0,1,1,1,1,0,0,1,0,0,0,1,0,1,1,0,0.0,-189.95264801291447,1
0,1,1,0,0,0,0,0,0,0,1,0,0,1,0,0,1,0,0,1,1,1,1,0,1,0,1,1,0,0,1,0,1,1,1,1,1,1,0,1,0,1,0,1,1,1,1,1,1,0,1,1,0,1,0,1,0,0,0,1,1,0,0,0,0.0,-189.9526117100194,1
1,1,0,0,0,1,0,0,1,0,0,0,1,1,0,1,1,0,0,1,0,1,0,0,1,1,1,1,1,0,1,1,0,1,1,0,0,0,0,0,0,1,1,1,1,1,1,0,0,0,0,1,0,1,0,1,1,1,0,0,0,0,1,0,0.015625,-189.9514358411559,1
0,1,0,0,0,0,1,1,0,1,0,0,0,0,0,1,0,0,0,1,1,1,1,0,1,0,1,1,0,1,1,0,0,1,1,1,1,1,1,0,1,0,1,1,0,0,0,0,1,1,0,1,1,0,1,1,1,0,0,0,1,0,1,1,0.015625,-189.95050293419098,1
0,0,0,0,0,0,1,1,0,0,0,0,1,1,0,0,0,1,1,1,1,1,0,0,1,1,0,1,0,0,1,1,1,1,0,1,0,1,0,1,1,1,0,1,1,1,0,1,0,1,1,1,0,0,0,1,1,0,0,0,0,0,0,1,0.0,-189.95019971776173,1
1,1,1,0,1,0,0,0,0,0,0,1,0,1,1,1,0,0,0,1,0,1,0,0,0,0,1,1,0,0,1,1,0,0,0,1,1,1,0,0,1,1,1,1,0,1,0,1,1,1,1,0,0,1,1,1,1,0,0,0,0,0,0,1,0.0,-189.94770364525644,1
0,1,1,0,0,0,0,1,1,0,0,0,0,0,1,0,1,0,0,1,1,1,0,0,1,0,0,1,0,0,1,0,1,1,0,0,1,1,1,0,1,1,1,0,1,0,0,1,1,1,1,1,1,0,1,1,1,0,1,0,0,0,1,1,0.0,-189.94751628728116,1
0,0,1,0,1,1,0,0,0,1,1,0,1,1,1,0,1,0,1,1,0,1,0,0,0,0,0,1,1,1,1,0,0,0,1,1,1,0,0,0,1,0,1,1,1,1,0,0,1,1,0,1,0,1,0,1,1,1,1,0,0,0,1,0,0.0,-189.94726098007314,1
0,1,1,1,0,0,0,1,0,0,0,1,0,1,1,0,0,1,1,1,0,1,0,0,0,1,1,0,1,1,0,1,0,1,1,1,0,0,0,1,1,1,1,1,0,0,1,1,0,0,1,1,1,0,0,1,0,0,0,0,0,0,0,1,0.0,-189.94606714389693,1
0,1,1,0,0,0,1,1,0,0,0,1,1,0,1,1,1,1,0,1,1,1,0,0,1,0,0,1,0,1,1,1,0,0,0,1,0,0,0,0,0,0,1,1,1,1,0,1,0,1,0,1,0,1,1,1,1,0,1,0,0,0,0,0,0.0,-189.94354187926967,1
0,1,1,0,1,0,1,0,0,0,0,0,0,0,0,0,1,1,0,0,1,0,0,0,1,0,1,1,1,1,1,1,1,1,1,1,0,0,0,0,1,1,0,1,0,1,0,1,0,1,0,1,1,0,0,1,1,0,1,1,0,0,0,1,0.0,-189.94267846159758,1
0,0,1,0,0,0,0,1,1,1,1,1,1,1,0,0,0,0,0,0,1,0,0,0,0,1,1,0,0,1,1,1,0,1,0,1,0,0,1,0,0,1,1,1,1,0,0,1,0,1,1,1,0,0,1,1,1,1,1,1,0,0,0,0,0.0,-189.94223443006135,1
0,0,1,0,1,0,1,1,0,1,1,1,0,0,0,0,1,0,1,0,1,1,0,0,1,1,1,1,1,0,1,0,1,1,1,0,1,0,0,0,1,1,1,1,1,0,0,0,0,1,1,1,0,0,1,1,1,0,0,0,0,0,0,1,0.0,-189.93866884187196,1
0,1,1,0,1,1,0,1,0,0,1,1,1,0,0,0,0,0,0,1,1,0,0,0,1,0,1,1,0,1,1,1,0,0,0,0,0,0,0,0,1,1,1,1,1,1,1,1,0,1,1,1,0,1,1,1,0,0,0,1,0,1,0,1,0.0,-189.93450092240565,1
1,1,1,1,0,0,0,1,0,1,0,1,0,1,1,0,1,0,0,1,1,1,0,0,1,0,0,1,1,1,0,1,0,0,0,1,1,0,0,0,1,1,0,1,1,0,0,0,0,1,1,1,0,1,0,1,1,0,0,0,0,0,1,0,0.0,-189.93399655200844,1
1,0,1,1,0,0,1,1,0,0,1,0,0,1,0,0,1,0,1,1,0,0,1,0,0,1,0,1,0,1,1,0,0,0,0,1,1,0,0,0,0,1,1,0,1,1,1,1,0,1,1,1,0,0,1,1,1,1,0,1,0,0,0,0,0.0,-189.9337324781329,1
0,1,0,0,0,0,1,0,1,0,0,1,0,0,0,1,1,1,1,0,1,1,0,0,0,1,1,1,1,0,0,0,1,1,1,1,1,0,1,0,0,0,1,1,0,1,0,0,1,1,1,0,1,1,1,1,0,0,1,0,0,1,1,1,0.0,-189.4671455027123,1
1,0,0,1,0,0,0,1,0,0,1,0,0,1,1,1,1,0,1,1,1,1,0,1,0,1,1,1,0,0,0,1,1,0,0,1,0,1,1,1,1,0,1,1,0,1,0,1,1,1,0,0,0,1,1,0,0,1,1,0,0,0,1,0,0.015625,-189.46525126190986,1
0,0,0,0,1,0,0,0,1,1,0,0,1,0,0,0,1,1,0,0,1,1,0,0,1,1,0,1,1,1,0,0,1,1,0,1,1,1,0,1,0,0,0,1,0,1,1,1,1,1,0,1,0,1,1,1,1,0,1,1,1,1,0,0,0.0,-189.46479031955522,1
0,1,1,0,1,1,0,1,1,0,1,0,0,0,0,0,1,1,0,0,1,1,0,0,0,1,1,0,0,0,0,0,1,0,1,0,1,1,1,1,1,0,0,1,0,1,1,0,1,1,0,1,0,0,0,1,0,0,1,0,1,0,1,0,0.0,-189.46450144456497,1
0,0,0,1,0,0,0,1,1,1,1,0,1,0,0,0,1,1,0,0,1,1,1,1,1,1,0,1,0,1,1,0,1,1,0,0,0,1,0,0,0,0,1,1,1,1,1,1,0,1,1,0,0,1,1,1,0,0,1,0,1,1,0,0,0.0,-189.4579117254913,1
1,0,1,0,0,0,1,1,0,0,1,1,0,0,0,1,0,0,1,0,1,1,1,0,0,1,1,1,1,1,0,1,1,0,1,0,0,0,1,1,1,0,1,1,1,1,0,0,1,1,1,0,0,0,0,1,1,0,0,0,1,0,1,1,0.03125,-189.4566081953579,1
0,0,1,0,0,0,0,0,0,0,1,1,1,0,0,0,1,0,1,1,1,1,0,1,0,1,1,1,0,0,0,0,0,0,1,1,1,1,1,1,1,1,1,1,1,1,1,0,0,0,1,0,0,1,1,0,1,0,0,1,1,0,1,1,0.03125,-189.45598387141013,1
1,1,0,1,1,0,1,0,0,0,1,0,1,0,0,0,0,0,0,0,1,1,1,1,0,1,1,0,0,0,1,1,0,1,1,0,1,0,0,1,0,0,1,1,1,0,1,1,1,1,0,0,1,1,1,1,1,0,0,0,1,1,1,0,0.015625,-189.45540952816975,1
1,0,1,1,1,0,1,0,1,0,0,0,0,0,0,0,0,1,1,0,0,1,0,0,1,1,1,1,0,0,0,0,1,1,0,1,0,1,1,1,1,0,1,1,1,1,0,1,1,0,1,0,0,0,0,1,0,0,0,0,0,0,1,1,0.0,-189.45524968427753,1
0,1,1,1,0,0,0,1,1,0,1,1,0,0,0,0,0,1,1,0,0,1,0,1,0,1,0,0,0,0,1,0,0,1,1,1,0,0,1,1,1,0,1,1,1,0,1,1,1,0,0,0,0,0,0,1,1,0,0,0,1,0,1,1,0.03125,-189.45495854310994,1
0,1,0,1,1,0,1,0,1,0,1,0,0,0,1,1,1,1,0,0,0,1,0,0,0,0,0,1,0,0,1,1,1,0,0,1,1,1,1,0,1,0,1,1,0,1,0,1,1,0,0,0,1,1,1,1,1,0,0,1,0,1,1,1,0.0,-189.4545268192487,1
1,0,1,0,0,0,1,0,0,1,1,0,0,0,0,0,1,1,0,0,1,1,0,1,1,0,1,0,0,1,1,0,1,0,1,1,0,1,1,0,0,0,0,1,0,0,1,1,1,1,0,0,0,0,0,1,1,0,0,1,0,1,1,1,0.015625,-189.45299582681434,1
1,0,1,0,0,0,0,1,0,0,0,1,1,1,1,0,1,0,0,0,1,1,0,1,1,1,1,1,1,0,0,0,1,1,0,1,0,0,1,1,0,0,1,1,1,1,1,0,1,1,0,1,0,0,1,1,0,0,0,1,1,0,1,0,0.0,-189.4506520344295,1
1,0,1,1,0,1,0,1,1,1,1,0,0,0,0,0,1,0,0,1,0,0,0,1,1,0,1,1,1,0,0,1,0,1,1,1,1,1,1,0,1,0,0,1,0,1,1,0,1,1,1,0,1,1,0,0,0,0,1,1,0,1,0,0,0.0,-189.4502822980042,1
1,0,0,1,1,1,1,1,1,1,1,0,0,0,1,0,1,0,1,1,0,0,0,1,0,1,0,1,1,0,0,0,1,1,1,1,0,0,0,0,0,0,0,1,0,1,1,1,0,0,1,0,0,1,0,1,0,1,1,1,1,0,1,1,0.0,-189.44984826871087,1
1,1,0,1,0,1,0,1,1,0,1,1,0,0,1,0,0,1,0,1,1,1,0,0,0,1,1,1,0,0,0,0,1,0,1,1,1,1,0,0,0,0,1,0,1,0,0,1,0,0,0,0,1,1,0,1,1,0,0,0,0,0,1,1,0.0,-189.44955796815208,1
1,0,0,0,0,0,0,1,0,0,1,0,0,1,0,0,0,0,0,0,1,1,1,1,0,1,1,0,0,0,1,0,1,1,1,1,0,1,1,1,0,1,1,0,0,1,0,0,1,1,1,0,1,0,1,0,1,0,0,1,0,1,1,0,0.0,-189.44931811640902,1
0,0,0,1,0,1,0,0,1,0,1,0,1,0,1,0,0,0,0,0,1,1,1,0,1,1,0,1,0,0,1,1,0,0,1,1,0,1,0,0,1,0,1,0,1,1,0,1,1,0,0,0,0,1,1,1,1,0,0,1,1,0,1,0,0.0,-189.449175780104,1
1,0,1,0,0,1,1,0,0,0,1,0,1,1,1,0,1,1,0,0,0,1,0,0,1,1,1,1,0,0,1,1,1,0,0,0,1,0,0,1,0,1,1,1,1,1,0,1,1,1,0,0,0,0,1,0,1,0,1,0,1,0,1,1,0.0,-189.4490644189428,1
0,1,1,0,0,0,0,1,0,0,0,0,1,1,0,0,1,1,0,0,1,1,0,1,0,1,1,1,0,0,1,1,1,0,1,0,0,1,1,0,0,0,1,1,0,1,0,0,1,1,0,0,0,0,1,1,1,0,1,1,0,0,0,1,0.015625,-189.44770416917893,1
1,0,0,1,1,0,1,1,1,1,1,0,0,0,0,1,0,1,1,0,0,0,0,0,1,1,1,1,0,0,1,1,1,0,1,1,1,0,0,0,0,0,1,0,1,0,0,0,1,1,1,0,0,1,0,1,1,0,0,1,1,1,1,1,0.0,-189.44760192646547,1
1,0,0,0,1,0,0,1,0,0,0,0,1,1,0,1,0,1,1,1,1,0,1,1,0,0,1,1,0,1,0,0,0,1,0,1,1,1,1,0,1,1,0,0,1,1,1,1,1,0,0,0,0,1,1,1,0,0,1,1,1,0,1,0,0.015625,-189.44734356867824,1
0,0,1,1,0,1,1,1,0,0,1,0,0,0,0,1,1,0,0,1,0,1,1,1,0,1,1,0,0,0,0,1,1,0,0,0,1,0,1,0,0,0,1,1,0,1,0,1,1,1,0,0,0,0,1,1,1,0,1,1,0,0,0,1,0.0,-189.44730571430262,1
1,0,1,0,0,0,1,1,0,0,1,0,1,0,0,0,1,1,1,0,1,1,0,0,1,1,0,0,1,1,1,0,1,1,0,1,0,1,0,0,1,0,0,1,0,1,1,1,0,0,1,0,0,1,1,0,0,0,0,1,1,0,0,0,0.0,-189.44694761426499,1
1,0,1,0,0,1,0,0,0,0,0,0,1,0,0,0,1,1,1,1,1,0,1,0,0,1,1,0,1,0,0,1,0,1,0,1,0,0,1,1,1,1,1,1,0,1,0,0,1,1,0,0,0,0,0,0,1,0,1,1,0,0,1,1,0.0,-189.44679352051153,1
1,0,1,0,0,1,1,1,1,1,1,1,1,0,0,1,0,1,0,1,1,0,0,0,1,0,0,1,0,1,0,1,1,0,1,0,0,1,1,0,0,0,1,0,0,1,0,0,1,1,0,0,0,0,1,1,1,0,0,1,0,0,0,0,0.015625,-189.44676359324419,1
0,0,0,0,1,0,1,1,0,0,1,1,0,0,0,0,0,1,1,0,0,1,0,0,0,1,1,1,0,1,1,1,1,0,1,1,0,1,0,1,0,0,1,1,0,1,0,1,1,1,1,1,0,0,0,1,0,1,1,1,1,1,1,0,0.0,-189.44625196412431,1
1,0,0,1,1,1,0,1,1,0,1,0,0,0,1,1,0,0,0,0,0,0,1,0,0,1,1,1,1,0,0,1,1,1,1,1,0,0,0,0,0,0,1,0,1,1,0,1,0,0,0,0,0,1,1,1,1,0,0,1,1,0,1,0,0.0,-189.4462400834332,1
0,0,0,0,0,0,0,1,1,1,1,0,1,0,0,0,0,0,0,0,1,1,1,0,0,1,1,1,0,0,0,1,0,1,1,1,0,1,1,1,0,1,1,1,1,1,0,0,1,1,0,0,1,1,1,0,0,1,0,0,0,0,1,0,0.0,-189.4461901983979,1
0,0,1,1,1,1,0,1,1,0,1,0,1,0,0,1,0,1,0,1,1,1,0,0,0,0,1,1,0,0,0,0,1,0,1,1,0,0,1,0,0,0,1,0,0,0,1,0,1,0,0,1,1,1,0,0,0,0,0,1,1,1,1,1,0.0,-189.44582781959699,1
0,0,1,1,1,1,1,1,1,0,0,0,1,1,1,0,0,1,1,0,0,1,0,0,1,1,0,1,0,1,0,1,0,1,0,0,1,0,1,0,0,1,1,0,0,1,0,1,1,1,0,0,0,1,0,1,1,0,1,1,0,1,1,0,0.0,-189.4449083068508,1
0,0,0,1,0,1,1,0,0,0,0,1,0,1,1,1,0,0,0,1,1,1,0,0,1,1,1,1,0,0,1,0,1,0,0,1,1,1,0,0,0,0,1,1,1,0,1,1,1,0,0,0,1,1,0,1,0,1,1,1,1,1,1,0,0.0,-189.44475135674745,1
1,1,1,0,0,1,0,1,1,0,1,1,0,0,0,1,1,1,0,1,0,0,1,0,0,1,0,0,1,1,1,0,0,0,0,1,1,1,1,1,1,0,1,1,1,1,0,1,1,1,1,0,0,0,0,1,1,0,0,1,0,0,0,0,0.0,-189.44461421614315,1
0,1,1,1,1,1,0,1,0,1,1,0,0,0,0,0,1,0,0,0,1,1,1,0,1,1,1,1,1,0,0,0,0,0,1,0,0,1,1,1,0,0,1,0,1,0,0,1,1,0,1,0,1,0,1,0,0,0,0,0,0,0,1,1,0.0,-189.4442285594336,1
1,0,0,0,0,1,0,1,0,1,0,0,0,1,0,0,1,0,1,0,1,1,1,0,0,1,0,0,1,1,1,1,1,0,1,1,0,0,1,0,1,1,1,0,1,1,1,1,0,1,0,0,0,1,1,1,1,0,0,1,1,0,0,1,0.0,-189.44353712815933,1
1,0,1,0,0,1,0,1,0,0,0,0,0,1,0,0,0,1,1,1,0,0,0,1,0,1,0,1,1,0,1,1,0,0,1,0,1,0,1,0,1,1,1,0,0,1,0,1,1,1,0,0,0,0,1,0,0,0,0,1,1,1,1,1,0.0,-189.4428199277532,1
1,0,0,0,1,0,0,1,1,1,1,1,1,0,0,0,1,0,1,0,1,1,0,0,1,1,0,0,0,1,1,1,1,0,0,1,0,1,1,0,1,0,0,1,0,0,0,0,1,1,0,1,0,1,0,0,1,0,0,0,0,1,0,1,0.015625,-189.44165024874889,1
0,0,1,0,0,0,1,0,0,0,1,1,1,0,1,1,0,1,0,1,1,1,0,1,1,0,1,0,0,1,1,0,1,0,0,0,1,1,0,1,0,0,1,0,1,0,0,1,0,1,0,0,0,1,1,0,1,0,0,1,1,0,1,0,0.0,-189.4413886804698,1
1,0,1,0,0,0,0,0,0,0,0,0,0,0,0,0,1,1,1,0,1,0,0,1,1,1,0,1,0,0,1,0,1,1,1,1,0,1,1,0,1,1,1,1,1,1,1,0,1,0,0,0,0,1,1,1,1,0,0,0,0,0,1,0,0.015625,-189.44132694496815,1
1,0,0,0,0,0,0,0,1,0,0,0,1,1,0,0,0,1,1,0,1,1,1,0,1,0,0,1,0,0,1,0,1,0,1,1,1,1,1,0,1,0,1,1,0,0,0,0,1,1,1,0,0,0,1,1,1,0,0,1,1,0,1,0,0.0,-189.44080847878945,1
1,1,1,1,1,0,0,0,1,0,1,1,0,1,0,1,1,0,0,0,0,1,0,0,0,0,1,1,0,0,1,0,1,1,1,0,0,1,0,1,0,0,1,1,1,0,0,1,1,0,0,1,1,1,0,1,1,0,0,1,1,0,1,1,0.0,-189.44079947528772,1
0,1,0,0,0,0,0,0,1,0,0,0,1,1,1,1,0,1,1,0,0,0,0,0,0,1,1,1,1,0,0,0,1,0,0,0,1,1,1,0,1,1,0,1,0,1,0,0,1,1,1,0,1,1,1,1,0,0,1,0,0,1,0,1,0.03125,-189.44070559499332,1
1,1,0,1,0,0,1,0,0,1,1,1,0,1,1,1,0,1,0,0,0,0,0,0,1,0,1,1,1,0,0,1,0,1,0,0,0,1,0,0,1,1,1,1,0,1,0,1,1,1,0,0,1,1,1,1,0,0,0,1,1,1,1,0,0.0,-189.44067050627498,1
1,1,1,0,0,0,0,0,1,0,0,1,1,0,1,0,1,0,1,1,1,0,1,1,0,0,0,0,1,1,1,0,0,0,1,1,1,1,1,0,0,1,1,1,0,1,1,1,1,1,0,0,1,0,0,1,1,0,0,0,0,1,1,0,0.0,-189.439728392455,1
0,1,1,0,0,0,1,1,1,1,1,1,0,1,0,0,1,1,0,0,1,1,1,0,1,0,1,0,0,0,1,0,1,1,0,1,0,1,1,1,1,0,0,0,1,0,0,0,0,1,0,0,1,0,1,1,1,1,1,0,1,0,0,1,0.015625,-189.43969591355972,1
1,0,1,1,0,0,1,0,0,1,1,0,0,0,1,0,1,0,1,0,1,1,0,1,1,1,1,1,0,0,1,1,1,1,1,1,1,1,1,1,0,0,1,1,1,0,0,1,0,1,0,0,1,0,1,1,0,0,0,0,0,0,0,0,0.0,-189.43912048026237,1
1,0,1,0,0,1,1,1,0,1,1,0,1,0,0,0,1,1,0,0,0,1,0,0,0,0,1,0,0,1,1,0,1,1,0,1,0,0,0,1,1,0,0,1,1,1,0,0,1,0,0,1,0,1,1,1,1,1,0,1,1,1,1,1,0.0,-189.43912018457948,1
0,1,1,0,1,0,1,1,1,0,1,1,0,0,0,0,0,1,0,0,1,0,1,1,0,1,0,1,1,1,1,0,0,1,1,1,1,1,0,0,0,1,1,0,1,1,0,0,1,0,1,0,0,1,0,1,1,0,0,1,1,0,1,0,0.0,-189.4383311587518,1
0,0,1,0,0,0,0,0,1,0,1,1,1,1,1,0,1,0,1,0,1,1,0,1,1,1,1,0,1,0,1,0,1,1,1,1,1,0,1,0,1,0,0,1,1,0,0,1,1,1,1,0,0,1,1,1,0,0,1,0,0,0,0,0,0.0,-189.43831671110243,1
0,1,0,1,0,1,0,0,1,0,0,0,1,0,1,0,0,0,0,1,0,0,1,0,1,1,1,1,1,0,1,0,1,0,0,1,0,1,0,0,0,0,1,1,1,1,0,1,1,1,0,0,0,0,0,1,1,0,0,1,1,1,1,0,0.0,-189.43769209681807,1
0,1,1,0,0,1,0,1,0,1,1,0,1,0,1,0,1,1,1,0,1,1,0,0,1,0,1,1,1,1,1,1,0,1,0,1,0,1,1,0,1,0,0,0,0,1,1,1,1,1,0,0,0,0,0,1,0,0,1,0,1,1,0,0,0.0,-189.43727061345805,1
0,0,1,1,1,1,1,1,1,0,1,1,1,1,0,1,1,1,1,0,1,0,0,0,0,1,1,0,0,0,0,0,1,1,1,1,0,1,0,0,1,1,1,1,0,0,0,1,1,1,0,1,0,0,0,1,0,0,0,1,0,1,0,0,0.0,-189.43723421808895,1
1,0,1,0,1,1,1,1,0,0,0,0,0,0,0,0,0,0,0,0,1,0,1,1,1,0,0,1,0,0,1,1,0,0,0,0,1,1,1,0,1,0,1,1,1,1,0,0,1,1,0,0,1,0,0,1,0,0,1,1,0,1,1,1,0.015625,-189.43691126375234,1
0,1,1,0,1,1,0,1,0,0,0,1,0,1,0,0,0,0,1,0,1,1,0,1,0,1,1,0,1,1,1,1,1,1,1,1,0,0,0,0,1,0,0,0,1,0,1,1,1,1,0,1,0,1,1,1,0,0,1,0,1,0,1,0,0.015625,-189.43676285601885,1
1,0,1,0,1,1,1,1,0,0,1,0,0,0,0,0,1,1,0,0,1,1,1,1,1,0,1,1,0,0,1,1,1,1,1,0,1,1,0,0,0,0,1,1,0,0,0,1,1,1,0,0,0,1,0,0,1,1,1,1,0,0,0,1,0.0,-189.4367232349235,1
0,0,1,1,1,0,1,1,0,1,1,1,1,0,0,0,0,1,1,0,0,1,1,1,0,1,0,0,1,0,1,1,0,1,0,1,1,0,0,0,1,0,1,0,1,1,1,0,0,1,0,1,0,0,1,0,0,1,0,1,0,1,1,1,0.0,-189.43655452136937,1
0,1,1,0,0,1,1,1,1,0,1,0,0,0,0,0,0,0,0,1,1,1,1,0,1,1,0,1,0,1,0,0,0,0,1,1,0,0,1,1,0,0,1,1,1,1,0,1,0,1,0,0,0,1,0,1,0,0,0,1,1,0,1,0,0.046875,-189.4364152869505,1
1,1,1,1,1,0,0,1,0,1,0,0,1,0,0,1,0,0,0,0,0,1,0,1,0,0,0,1,1,0,0,1,1,1,0,0,1,1,1,0,1,0,1,1,1,1,0,0,0,0,1,0,1,0,1,1,0,0,0,1,0,0,1,0,0.0,-189.43639111266165,1
0,1,1,0,1,1,1,0,0,0,0,0,0,1,1,1,1,0,0,0,0,1,0,0,1,1,1,1,0,0,1,0,1,0,0,1,1,0,1,1,0,0,1,0,0,1,0,1,1,1,0,0,0,0,1,1,1,1,1,1,0,1,1,1,0.0,-189.43601395482233,1
1,1,0,0,0,1,0,1,0,0,1,0,0,1,0,0,1,0,1,0,1,0,1,0,1,1,1,1,0,1,1,0,1,0,0,1,0,0,1,0,1,0,1,1,1,1,1,0,1,1,1,0,1,0,0,1,0,0,1,1,1,0,1,0,0.0,-189.43544184170867,1
0,1,1,0,0,0,0,1,1,1,1,0,1,1,0,1,1,1,1,1,0,1,0,0,1,1,0,0,0,0,1,0,0,1,1,0,1,1,0,0,0,0,0,1,1,1,1,0,0,1,0,1,1,0,0,0,1,0,1,0,1,1,1,1,0.0,-189.43488290951402,1
0,0,1,1,0,1,0,1,1,1,0,1,1,0,0,0,1,0,0,1,0,1,1,0,1,1,1,1,0,0,1,0,1,0,0,1,1,0,1,0,0,0,1,0,1,1,0,0,0,1,1,0,0,1,1,1,1,1,0,1,0,0,1,1,0.0,-189.43468560550053,1
0,0,0,1,0,1,1,1,0,0,1,0,0,1,1,0,1,0,1,1,0,1,1,1,1,1,0,0,1,0,1,1,1,0,1,1,1,0,0,0,0,1,1,0,1,0,0,0,1,1,0,0,1,0,0,1,1,0,1,1,0,0,1,1,0.0,-189.43322058874008,1
0,1,0,0,0,1,1,1,1,0,1,0,1,1,0,0,0,0,1,0,0,1,0,1,1,0,1,1,0,0,1,0,1,1,0,1,0,1,0,0,0,0,0,1,0,0,0,1,0,1,0,0,0,1,0,0,1,1,0,1,1,1,1,1,0.0,-189.43305960788086,1
1,0,0,0,0,0,1,0,0,0,1,1,0,0,0,0,0,0,0,1,1,1,1,0,0,0,1,1,0,0,1,1,0,1,1,0,1,1,1,0,1,0,1,0,0,0,1,1,1,1,0,0,1,1,1,1,0,0,0,0,0,1,1,1,0.0,-189.43262835894038,1
1,0,1,1,1,1,0,1,1,0,1,0,0,1,1,0,0,0,1,1,1,1,1,0,0,0,0,1,0,1,1,0,0,1,1,1,0,1,1,0,1,0,1,1,1,0,0,0,1,0,0,0,0,1,1,1,0,0,1,0,0,0,1,1,0.0,-189.43259690001756,1
1,0,0,0,0,0,0,1,1,0,1,0,1,1,0,0,1,0,1,0,1,1,0,0,1,0,0,0,0,0,1,0,1,1,1,1,1,1,0,0,1,1,0,1,0,0,0,1,1,1,0,0,1,0,1,1,1,0,0,1,0,0,1,0,0.0,-189.43246844852519,1
0,0,1,0,0,0,1,0,0,1,1,0,1,0,1,1,0,1,0,0,1,1,1,0,0,0,1,0,1,0,0,1,1,0,1,1,1,1,0,0,0,1,1,1,0,0,1,0,1,1,0,1,0,1,1,1,1,0,1,1,0,0,1,1,0.0,-189.43236295219958,1
0,1,1,1,0,0,1,1,0,1,1,0,1,1,0,1,1,1,0,0,1,1,0,0,0,1,1,1,0,0,1,1,1,1,1,1,1,1,1,0,0,0,1,1,0,0,0,0,0,1,0,0,0,1,0,1,0,1,0,1,0,0,0,1,0.015625,-189.43169601867768,1
0,0,1,1,0,1,0,0,0,1,0,0,1,0,1,0,0,1,0,0,0,1,1,1,1,0,0,1,1,1,1,1,0,0,1,1,0,0,1,0,0,1,1,1,0,1,0,1,1,0,1,0,1,1,1,1,1,0,0,1,1,0,1,0,0.015625,-189.43155522381898,1
0,1,0,0,0,0,0,1,0,0,0,1,1,0,0,0,1,1,1,0,1,1,0,0,1,1,0,1,0,0,0,0,1,1,0,1,1,1,1,0,0,0,0,1,1,1,0,1,1,0,1,1,1,0,0,1,1,0,0,0,1,0,0,1,0.0,-189.43144654361612,1
0,1,0,0,0,0,0,1,1,1,1,0,1,1,1,0,0,1,1,0,0,1,0,1,1,1,0,0,1,1,1,0,1,0,1,0,0,1,1,0,1,0,1,1,0,0,1,1,0,1,0,1,1,1,0,1,1,0,0,1,0,0,1,0,0.0,-189.43127912284712,1
1,1,1,0,0,0,0,1,0,1,1,0,1,1,0,0,1,0,0,0,1,1,0,0,1,0,0,0,0,0,1,1,0,0,0,0,1,1,1,1,1,1,0,0,0,0,1,1,1,1,0,0,0,0,1,1,1,0,0,1,0,0,1,1,0.0,-189.4311876365275,1
0,0,1,0,1,0,1,1,1,1,0,0,1,1,0,1,1,0,0,1,0,1,1,1,1,1,1,1,0,0,0,1,1,1,1,0,0,1,1,0,0,0,1,1,0,0,1,0,0,0,1,0,1,0,0,1,1,0,1,1,0,0,1,0,0.015625,-189.43085649831377,1
0,1,1,0,0,1,0,1,1,1,0,0,0,0,0,0,0,0,0,0,1,1,0,0,1,0,1,1,1,0,1,0,0,1,1,0,0,0,0,1,1,0,0,1,1,1,0,1,1,1,0,0,1,1,0,1,0,0,1,1,1,0,1,0,0.0,-189.43076369830095,1
1,0,1,0,0,0,1,1,1,0,0,0,0,1,0,1,1,1,0,0,1,1,0,0,0,0,0,0,0,0,1,0,0,1,1,0,0,1,0,0,1,0,1,1,1,1,1,1,1,1,1,0,1,1,1,0,1,0,1,0,0,0,0,0,0.0,-189.43074556971777,1
1,0,0,0,0,1,1,0,1,0,0,0,0,1,0,0,0,1,1,0,0,1,1,1,0,0,0,0,0,1,1,1,1,1,1,0,1,1,0,0,1,1,1,1,1,0,0,0,1,0,0,0,0,1,0,1,1,1,0,1,1,0,0,0,0.0,-189.43061628594037,1
1,1,1,0,1,0,1,1,1,0,0,0,1,0,0,0,1,0,0,1,1,0,0,0,0,1,1,1,1,0,1,1,0,0,1,1,1,0,1,0,0,0,0,0,0,1,0,1,1,1,0,0,0,1,0,1,1,0,0,1,0,0,1,0,0.0,-189.43059134354516,1
0,0,1,0,1,1,1,1,1,0,0,0,0,0,0,0,0,1,1,1,0,0,0,0,1,1,0,1,1,0,1,0,1,0,0,1,0,1,0,1,1,1,1,0,1,1,0,1,1,1,0,1,0,1,1,1,0,1,1,0,0,0,1,1,0.0,-189.42992149165724,1
0,1,0,0,0,1,1,1,0,1,1,1,1,1,0,0,1,0,1,1,1,1,0,0,1,0,1,0,1,1,1,1,0,0,0,0,1,0,1,1,0,0,1,1,1,1,1,1,0,1,0,0,0,0,0,0,0,1,0,0,0,1,1,1,0.0,-189.42991235048254,1
1,0,1,0,1,1,0,1,1,0,1,0,0,0,0,0,0,0,1,1,1,1,0,1,1,0,0,0,1,0,1,0,0,1,0,0,1,1,0,1,0,1,0,1,0,1,1,1,0,1,0,1,0,0,0,0,0,0,1,1,0,1,1,0,0.0,-189.429755729707,1
0,0,1,0,1,1,0,1,0,1,1,1,0,1,1,0,1,1,0,1,1,1,1,0,1,1,1,1,0,1,0,1,0,1,0,1,0,1,1,0,0,0,1,0,0,1,0,1,0,0,0,0,0,1,0,1,0,1,0,1,1,0,0,1,0.0,-189.42961528602183,1
0,0,1,0,1,0,0,1,1,0,0,0,0,1,0,1,1,1,0,0,1,1,1,0,0,1,1,0,0,0,1,1,1,1,0,1,1,1,1,0,1,0,0,1,1,0,1,0,0,1,0,1,1,1,0,1,1,0,0,1,0,1,0,1,0.0,-189.4295533674039,1
0,1,0,1,0,0,1,1,0,1,1,1,1,0,1,0,1,1,0,0,0,0,0,1,1,1,1,1,0,0,0,1,1,1,0,0,1,1,1,0,1,1,0,0,1,1,0,0,1,1,0,1,0,0,1,0,1,1,0,1,0,1,0,0,0.0,-189.42940679829002,1
0,0,1,0,0,1,0,1,0,0,1,1,1,0,1,1,0,1,0,0,0,0,1,1,1,0,0,1,0,0,1,1,1,0,1,1,0,1,0,0,0,0,0,1,1,0,0,1,0,1,1,0,1,1,0,1,0,0,0,1,0,1,1,0,0.015625,-189.42891716224878,1
1,1,1,1,0,0,1,0,0,0,1,0,0,0,0,1,1,1,0,1,1,1,1,0,1,1,1,1,0,0,1,0,0,0,0,1,0,1,0,0,1,0,1,1,1,0,0,1,1,1,0,0,1,1,0,1,1,1,0,0,0,1,1,0,0.0,-189.42886776278922,1
1,1,1,0,0,1,1,1,0,0,0,1,1,0,0,0,1,0,1,1,1,1,0,1,1,0,1,1,0,0,1,1,1,0,1,1,0,1,0,0,1,0,0,1,0,0,1,0,0,1,0,1,1,0,0,1,0,0,0,1,1,0,1,1,0.0,-189.42846346425605,1
1,1,1,0,1,1,1,1,0,0,1,0,1,1,0,0,0,1,1,0,1,1,0,1,0,1,1,1,0,0,0,1,1,0,0,0,0,0,0,1,0,1,1,0,0,1,1,0,0,1,1,1,1,0,1,1,1,0,0,0,0,0,1,1,0.015625,-189.42832114929774,1
1,1,1,0,0,0,1,0,1,1,1,1,0,0,0,0,0,0,1,1,1,1,1,0,0,0,0,1,1,0,1,0,1,0,1,1,1,1,1,0,1,0,1,0,1,0,1,1,0,1,1,0,0,1,1,1,1,0,0,0,0,0,1,0,0.0,-189.42829263301843,1
0,0,1,1,1,0,0,1,1,0,0,0,1,0,0,0,1,0,0,1,0,1,1,0,1,1,1,1,1,1,1,1,0,1,0,1,1,0,0,0,0,0,1,0,0,1,1,0,1,1,1,0,1,1,1,1,1,0,0,0,0,1,1,0,0.0,-189.4282922094202,1
0,1,1,0,0,0,0,1,0,1,0,0,1,1,1,0,1,1,1,1,1,1,0,0,0,1,0,0,0,1,1,1,1,0,0,1,0,0,0,1,1,1,1,1,1,1,0,1,1,0,0,0,0,1,0,1,1,0,1,0,1,0,1,0,0.0,-189.42801320703953,1
0,1,0,1,0,1,0,1,1,0,1,0,1,0,1,1,0,1,1,0,1,0,0,0,0,1,1,1,0,1,1,1,1,0,1,1,0,0,0,0,1,0,1,0,0,1,0,0,0,1,0,0,0,0,1,1,1,0,0,1,0,0,0,1,0.015625,-189.42800934358155,1
0,1,1,0,0,0,1,1,1,0,0,0,1,0,1,1,0,1,0,0,0,1,0,0,0,1,1,1,0,0,1,1,1,1,0,0,0,1,0,0,1,1,0,1,0,0,0,1,1,1,0,0,1,0,1,0,1,0,0,0,0,1,1,1,0.0,-189.42778053973998,1
0,1,1,0,1,1,1,1,1,1,1,1,1,0,1,0,0,0,0,0,0,0,0,0,1,0,1,1,0,0,0,0,1,1,0,1,0,1,0,0,0,0,1,1,0,0,1,1,1,1,0,0,1,0,0,1,0,0,0,0,1,0,1,1,0.0,-189.42716385924285,1
1,1,1,0,1,0,1,1,1,1,1,1,1,0,0,0,1,0,0,0,0,1,0,1,0,0,1,0,0,0,1,0,0,1,0,1,1,0,0,0,1,0,1,0,0,0,1,0,1,0,0,0,1,1,0,1,1,0,1,0,1,0,0,1,0.015625,-189.42678646255817,1
1,0,1,0,0,0,0,1,0,0,1,1,0,1,0,0,0,0,0,0,0,0,1,1,1,0,0,1,0,0,1,1,1,0,1,0,1,0,1,1,0,1,1,1,0,1,1,1,1,0,0,0,0,1,0,1,0,1,1,1,0,0,0,1,0.03125,-189.4263003878767,1
0,1,1,0,1,0,0,1,0,1,1,1,1,1,0,1,0,0,0,0,0,1,0,0,0,0,1,1,0,0,0,0,1,1,0,1,1,1,1,0,1,1,0,1,1,0,1,1,1,1,0,0,0,1,1,1,1,1,0,0,0,1,1,0,0.0,-189.4261119603967,1
1,1,1,0,0,0,0,1,1,0,0,0,0,1,0,1,0,1,0,0,0,0,0,0,0,1,1,0,1,1,1,0,1,1,1,0,0,0,1,1,1,0,1,1,1,0,1,0,0,1,1,0,0,0,0,1,0,1,0,1,0,0,1,1,0.0,-189.4259397998859,1
0,1,1,0,1,0,0,1,1,0,1,1,1,1,1,0,0,1,0,0,1,1,0,0,1,0,1,1,0,0,0,0,0,0,0,0,0,1,0,1,1,0,0,1,1,1,1,0,1,1,0,1,0,0,1,1,0,0,0,1,1,0,0,0,0.03125,-189.4256723251883,1
0,0,1,0,0,1,1,1,1,1,0,1,0,1,0,1,0,0,0,1,1,1,0,0,1,0,1,1,1,0,1,0,1,1,0,1,0,1,0,0,1,0,1,1,0,1,1,0,0,1,0,0,1,1,1,1,1,0,0,0,1,1,0,0,0.0,-189.42563100221136,1
1,0,1,0,1,1,0,1,1,0,1,0,1,0,0,0,0,0,0,0,1,0,0,0,0,1,1,1,1,1,0,0,0,0,1,1,1,0,0,0,1,1,1,1,1,0,1,1,1,1,1,1,0,0,1,1,0,0,0,0,1,1,1,1,0.0,-189.4253282420109,1
0,0,0,0,0,1,0,1,0,1,1,0,1,0,0,1,0,1,1,0,0,1,1,0,0,0,1,1,0,0,1,0,1,1,0,1,1,0,1,1,1,1,0,1,0,1,1,1,1,1,0,1,1,0,0,1,1,0,1,0,1,0,1,0,0.015625,-189.4248022548685,1
0,1,1,0,0,1,0,0,1,0,1,1,1,0,0,1,0,0,1,0,1,1,0,0,0,0,1,1,0,1,0,1,0,0,0,1,1,0,0,1,1,1,1,1,1,1,0,0,1,1,1,1,0,0,1,1,0,0,1,1,0,0,1,1,0.015625,-189.42472414579439,1
1,1,0,0,0,0,0,1,0,0,0,1,0,0,0,0,1,1,1,0,0,1,0,0,0,1,1,1,0,1,0,1,0,1,1,1,1,1,1,0,1,0,0,1,0,1,0,0,1,1,1,1,0,1,0,1,1,0,0,0,0,0,0,1,0.0,-189.42469768382247,1
1,1,1,1,0,0,0,0,0,0,1,1,0,1,0,0,0,0,0,1,0,1,1,0,1,0,1,1,0,0,1,0,1,0,1,1,0,1,0,0,0,0,1,0,0,0,0,1,1,1,1,0,1,1,1,0,1,0,1,1,1,0,0,0,0.0,-189.4245135689112,1
0,1,0,1,0,1,0,1,0,1,0,0,1,0,1,1,1,1,0,0,0,1,0,1,0,0,0,0,0,0,1,0,1,0,0,1,1,0,1,0,0,0,1,0,0,1,0,0,1,1,1,1,0,1,1,1,1,0,0,1,0,0,1,1,0.015625,-189.4244689684774,1
0,1,1,0,0,0,1,0,0,0,1,1,1,0,0,0,1,0,1,0,1,1,0,0,1,0,1,1,0,1,1,1,1,0,0,0,1,1,0,0,1,1,0,1,0,0,1,1,1,1,0,0,0,0,0,0,1,0,0,1,0,1,1,0,0.0,-189.42429689540216,1
0,1,1,1,0,0,1,1,0,0,1,0,0,0,0,0,0,0,1,0,1,1,0,1,0,0,1,0,1,0,1,1,1,0,0,1,1,1,0,0,0,0,1,0,0,1,1,1,0,1,1,1,0,0,1,1,0,0,1,1,0,0,1,0,0.0,-189.42420800326533,1
1,1,0,0,0,1,0,1,0,0,1,0,0,1,0,0,0,1,1,0,0,0,0,0,0,0,1,1,0,1,0,1,0,1,1,1,0,1,0,1,0,0,1,0,1,0,0,1,1,1,0,1,0,1,1,1,1,0,0,1,0,0,1,1,0.0,-189.42385270981882,1
0,1,1,0,1,1,0,1,1,0,0,0,1,1,0,0,0,0,0,0,1,0,0,0,1,1,0,1,0,1,1,0,1,1,1,1,0,1,1,1,1,0,0,0,1,1,0,1,1,0,0,1,0,0,0,0,1,0,0,0,0,0,1,1,0.0,-189.42379787864007,1
0,0,1,0,0,1,0,1,1,0,0,1,0,0,0,0,1,0,0,0,1,1,0,0,1,0,0,1,0,0,0,0,0,1,1,1,1,1,0,0,1,0,1,1,1,0,1,0,1,1,0,1,1,1,0,1,1,0,0,0,0,1,1,1,0.0,-189.42373579117918,1
0,0,0,0,1,1,1,0,0,0,0,0,1,1,0,0,1,1,1,1,0,1,1,1,1,1,1,0,0,0,1,1,1,1,0,1,0,1,1,1,1,0,1,1,1,0,1,1,1,0,0,1,0,0,0,1,1,0,0,1,0,0,0,0,0.0,-189.42372451939227,1
1,1,1,0,0,0,0,1,1,0,1,0,1,1,1,0,1,0,0,0,1,1,1,0,0,1,1,1,1,1,0,0,0,1,0,1,1,1,1,1,0,1,1,0,0,0,0,0,0,1,0,0,0,0,0,1,1,0,1,0,0,0,0,0,0.0,-189.42352859889684,1
1,0,1,1,0,0,0,1,0,1,1,0,1,0,0,1,1,0,1,1,1,1,0,1,0,0,1,0,0,1,1,0,1,0,0,0,1,1,1,0,0,1,1,1,0,1,1,0,0,1,0,1,0,1,0,1,1,1,0,1,0,0,1,0,0.015625,-189.4234359708404,1
1,1,1,0,1,0,1,0,1,1,1,0,0,0,0,1,0,1,0,0,0,0,0,1,0,0,0,1,0,0,0,1,1,0,1,1,1,0,1,1,0,0,1,1,0,0,1,0,0,1,0,1,1,0,1,1,1,0,1,1,0,0,0,0,0.015625,-189.423420085954,1
0,0,1,1,1,0,0,0,0,0,1,1,0,0,0,1,1,1,0,0,1,1,1,0,1,1,0,1,0,1,1,0,0,1,1,1,1,0,1,0,0,0,1,1,1,1,0,1,0,1,1,1,0,1,0,1,0,0,1,0,1,1,0,0,0.0,-189.42278037643433,1
0,0,1,0,1,1,0,0,1,1,0,0,1,1,1,0,1,0,0,1,0,0,1,0,1,0,1,1,0,0,1,0,1,0,1,0,1,1,0,0,0,1,1,0,0,1,1,1,1,1,0,0,1,1,1,1,1,0,0,0,1,0,1,1,0.0,-189.42277249482802,1
0,1,0,0,0,0,1,1,0,0,1,0,0,0,0,1,1,0,1,1,1,1,1,0,0,1,1,1,0,0,0,1,1,0,0,1,1,1,0,0,1,0,0,1,0,1,1,1,1,0,1,1,1,0,1,1,1,0,1,0,1,0,0,1,0.0,-189.4225046893735,1
1,1,0,0,0,1,0,0,1,0,1,1,1,1,0,1,1,0,0,1,0,0,0,0,1,0,0,1,0,1,0,1,0,0,1,0,0,1,0,1,0,1,1,1,0,0,1,1,1,1,0,1,0,0,1,1,0,0,0,1,0,0,1,0,0.0,-189.42201320329684,1
0,1,0,1,0,1,0,0,1,1,1,1,1,0,0,1,1,0,0,0,1,1,0,0,1,0,1,1,1,0,1,1,0,0,1,1,1,0,0,0,0,0,1,1,0,1,0,1,0,1,0,1,0,0,1,1,1,1,0,0,0,1,1,1,0.0,-189.42192444459465,1
0,1,1,0,1,1,0,1,0,1,0,0,1,0,0,0,0,1,0,1,0,0,0,1,1,0,1,0,1,1,1,1,0,1,0,0,1,1,1,0,0,0,1,0,1,1,0,0,1,1,0,1,1,1,1,1,1,0,1,1,0,0,1,0,0.0,-189.42158507444998,1
1,0,1,0,0,1,0,0,1,0,0,0,1,1,1,0,0,0,0,0,1,0,1,0,1,0,0,0,1,0,1,1,1,1,1,0,1,1,0,0,0,0,1,1,1,1,0,0,0,1,1,1,0,0,1,0,0,0,1,1,1,0,1,0,0.03125,-189.4214809894302,1
1,1,0,0,0,0,0,1,0,0,1,0,0,0,1,0,1,0,0,0,1,1,1,1,1,1,1,1,0,0,0,1,0,0,1,0,0,1,0,1,0,1,1,1,0,1,1,1,1,1,1,1,0,1,1,1,1,0,0,1,0,0,0,1,0.0,-189.42122682135866,1
0,1,0,0,0,1,1,1,1,0,1,0,0,1,0,0,0,1,1,0,0,1,1,1,1,0,0,1,0,1,1,0,0,0,1,1,1,1,0,1,1,0,1,1,1,0,0,0,1,1,0,1,0,0,0,1,1,1,0,1,1,0,1,0,0.0,-189.42119959137426,1
0,1,0,1,0,1,0,0,1,0,0,0,0,0,0,0,1,0,0,1,0,1,1,1,1,0,1,1,0,0,0,0,0,1,1,1,1,0,0,0,0,1,1,1,1,1,0,1,1,0,0,0,0,0,1,0,1,1,1,1,1,0,0,1,0.015625,-189.42096913932852,1
0,1,1,0,0,1,0,1,0,0,1,0,1,0,0,0,1,0,0,0,0,1,0,1,1,0,0,1,1,0,1,1,1,1,1,1,1,0,0,0,0,0,1,1,1,0,1,0,1,0,0,1,1,1,1,1,0,1,1,1,0,0,1,1,0.0,-189.42094498528286,1
0,0,1,1,1,0,1,0,0,0,1,1,1,0,0,1,0,1,0,1,1,0,0,0,1,1,1,1,1,0,0,1,1,0,1,1,1,0,0,0,1,0,1,0,0,1,0,1,0,0,1,0,0,0,1,1,0,1,1,0,0,0,0,0,0.0,-189.4208709698458,1
1,1,1,0,0,0,0,0,0,1,1,0,1,1,0,0,1,0,0,0,1,0,1,1,1,0,0,1,0,0,1,0,1,1,1,1,1,1,0,0,0,0,1,1,1,1,0,0,1,1,0,1,0,0,1,1,1,0,1,0,1,1,0,1,0.0,-189.42086797332595,1
0,1,1,1,1,1,0,1,1,0,0,0,1,1,1,0,0,0,1,0,1,1,1,1,1,1,1,1,1,1,1,1,0,0,0,0,0,0,1,0,0,1,1,0,1,0,0,0,1,0,1,0,0,1,1,1,0,0,1,0,0,0,0,1,0.0,-189.42020715232823,1
1,0,1,0,0,0,1,1,0,1,1,0,0,1,1,0,1,0,1,1,1,1,0,0,1,1,0,1,0,0,1,1,0,0,1,1,1,0,1,1,1,0,1,1,0,1,1,0,1,1,1,0,1,1,0,0,0,0,0,0,0,0,1,0,0.0,-189.42003997750393,1
1,1,1,0,0,1,1,1,1,1,1,0,0,1,1,1,0,1,0,1,0,1,1,0,1,0,0,1,1,1,1,1,0,1,1,1,0,1,0,0,0,0,1,1,0,1,0,1,1,0,0,0,0,0,1,0,1,0,0,0,0,0,1,0,0.015625,-189.41989772807455,1
1,0,0,0,1,0,0,0,0,0,1,0,1,0,0,0,1,0,0,0,1,0,0,0,1,1,0,1,0,0,1,1,1,0,1,1,1,1,0,1,0,1,0,1,0,0,0,1,0,1,1,1,0,1,1,1,1,0,0,0,0,1,1,1,0.0,-189.41983669442922,1
0,0,1,0,0,1,0,1,1,0,1,1,0,0,1,0,0,0,0,0,0,1,1,0,1,0,1,1,1,0,1,1,0,1,0,1,1,1,1,0,1,1,0,1,0,1,0,1,1,0,0,1,0,1,1,1,1,0,1,0,0,1,1,0,0.0,-189.4195538273699,1
1,1,1,0,0,0,0,1,0,0,0,0,0,0,1,0,1,1,0,0,1,1,1,0,1,1,1,1,0,0,0,1,1,0,0,1,0,0,1,0,1,1,1,1,0,0,0,1,1,1,1,0,1,0,0,0,0,0,0,1,0,0,1,1,0.0,-189.41954951804198,1
1,0,1,0,1,0,0,0,1,0,0,0,0,1,1,0,0,0,0,1,1,0,0,0,1,0,0,0,1,0,1,0,1,1,0,1,1,1,1,0,0,1,1,1,1,1,0,0,1,0,1,0,0,1,0,1,0,0,1,1,0,1,1,0,0.0,-189.4194524725402,1
0,0,1,0,0,0,0,0,0,0,1,0,1,0,1,0,1,0,0,0,0,1,1,1,1,1,1,1,0,0,1,1,1,1,0,1,0,0,1,1,0,0,1,1,1,1,0,0,1,1,1,0,0,0,0,1,1,0,0,1,0,0,0,1,0.0,-189.4186838836277,1
0,0,1,1,0,0,1,1,1,1,1,0,1,0,1,1,0,1,1,0,0,0,0,0,1,1,0,1,0,1,1,0,1,0,0,1,0,1,0,0,0,1,1,1,0,1,0,1,1,0,1,1,0,0,1,1,1,0,0,1,0,1,1,0,0.0,-189.41866447499876,1
0,1,1,1,1,0,0,0,0,0,0,0,1,0,0,1,1,0,0,0,0,1,0,0,0,1,1,1,0,1,1,0,1,1,1,0,1,1,0,0,1,1,1,1,1,1,0,0,1,1,0,1,1,0,1,1,1,0,1,1,0,1,0,0,0.0,-189.41853075544373,1
1,1,0,1,0,0,1,1,0,1,1,0,0,0,0,0,0,0,1,0,1,1,0,1,1,0,1,1,0,0,1,1,0,0,1,1,0,1,0,0,0,0,0,1,1,0,1,1,0,0,1,1,0,0,1,1,1,1,1,1,1,0,1,1,0.0,-189.41850561525223,1
0,1,1,0,0,0,1,1,0,0,1,0,1,0,0,0,1,1,0,0,0,0,1,0,1,1,0,1,0,0,0,0,1,1,1,1,1,1,1,0,1,1,0,1,0,1,1,1,0,0,0,1,1,1,0,0,0,0,0,1,1,0,0,0,0.0,-189.41849031773506,1
0,1,1,0,0,0,0,1,0,0,0,1,0,1,1,1,0,0,0,0,1,0,0,0,1,1,0,1,0,0,1,0,0,1,1,1,1,0,0,0,1,0,1,0,0,1,1,1,1,1,0,0,1,0,1,0,1,0,1,0,1,1,1,0,0.015625,-189.4181754406438,1
1,1,1,0,1,0,0,0,1,0,1,1,1,1,0,1,1,0,0,1,1,0,1,1,1,0,1,0,0,0,1,1,0,1,0,1,1,0,1,1,1,0,0,1,0,0,0,0,0,1,0,0,1,0,0,1,1,1,1,1,0,0,0,1,0.0,-189.41803959464,1
0,1,0,1,1,0,1,0,1,0,1,1,1,0,1,1,0,1,1,1,1,0,0,0,1,0,0,1,0,0,1,1,1,0,1,1,0,0,0,0,0,0,0,1,1,1,0,0,1,0,1,1,0,1,1,1,1,0,1,1,0,0,1,0,0.0,-189.41768980892036,1
0,1,1,1,1,0,0,1,0,0,0,0,1,1,0,0,1,0,0,0,0,1,1,0,0,0,1,1,1,1,1,1,0,0,1,1,1,1,0,1,1,0,1,1,0,1,1,0,1,1,1,1,0,0,1,0,1,0,1,0,0,0,1,0,0.0,-189.41756663848727,1
1,1,1,0,0,1,1,1,0,0,1,0,0,1,0,0,0,1,0,1,1,0,0,0,1,1,1,1,0,1,0,0,0,1,1,1,0,0,0,0,1,0,1,0,0,1,0,1,1,1,0,0,1,1,0,1,0,0,0,1,0,0,1,0,0.0,-189.4174129825697,1
0,0,1,0,0,0,0,1,0,1,1,1,1,0,0,0,0,0,0,0,0,0,0,0,1,1,1,0,1,1,1,0,0,1,0,1,1,1,1,0,0,0,1,1,1,0,0,1,0,1,0,1,1,0,1,1,1,0,1,0,1,0,1,0,0.0,-189.41739089809425,1
1,0,1,0,0,0,1,1,1,0,0,1,1,1,0,1,0,1,0,1,1,1,0,1,0,1,0,1,0,0,0,1,0,1,0,1,0,0,0,0,0,1,1,0,1,1,1,0,0,1,0,1,0,1,0,1,0,0,0,1,0,0,0,1,0.015625,-189.41731999777872,1
1,0,1,0,1,0,0,1,0,0,1,1,0,0,0,0,1,0,0,0,1,0,0,0,0,0,0,0,0,0,1,1,0,1,0,1,0,1,1,0,1,1,1,0,1,0,1,0,0,1,1,0,1,1,1,1,1,1,1,0,1,1,0,0,0.0,-189.4172272434548,1
1,0,0,0,1,1,0,0,0,1,1,0,0,1,1,1,1,0,0,0,1,0,0,0,1,1,0,1,1,0,1,0,0,1,0,1,0,1,1,0,1,0,1,0,0,0,0,1,0,1,1,0,1,0,0,1,0,0,1,0,1,1,0,1,0.0,-189.4171953826864,1
0,1,1,1,0,0,0,1,0,0,1,0,1,1,0,1,0,0,0,1,0,1,1,0,0,0,1,1,1,0,1,0,0,0,0,0,1,1,1,1,1,0,1,1,0,0,0,1,1,1,0,1,1,1,0,0,1,1,0,1,1,0,1,1,0.0,-189.4169412634094,1
0,1,1,0,0,0,0,0,1,1,0,1,0,1,0,1,0,0,0,0,0,1,0,0,1,0,0,1,1,0,1,0,1,1,1,1,0,1,0,1,0,0,1,1,1,0,0,0,1,1,0,1,0,0,0,1,0,1,0,1,0,1,1,1,0.0,-189.41655609575687,1
1,0,0,0,1,0,0,0,0,1,0,0,0,0,0,1,0,1,1,1,1,1,0,0,1,1,0,1,1,1,1,0,0,0,1,1,1,0,0,0,0,1,1,1,0,0,0,1,0,0,1,0,1,0,0,1,0,0,1,0,1,1,1,1,0.0,-189.41623847746098,1
0,0,1,0,1,1,0,1,1,1,0,0,0,0,0,0,1,1,1,0,0,1,0,1,0,0,1,1,0,0,1,0,1,1,1,1,0,0,0,1,1,0,1,1,0,1,0,0,1,0,0,1,1,0,1,1,1,0,0,0,1,0,0,0,0.0,-189.41605399536266,1
0,1,1,0,0,0,1,1,1,1,1,1,1,1,0,0,1,1,0,1,0,1,0,0,1,0,1,1,0,1,1,0,0,0,0,0,0,1,1,0,1,0,1,0,0,0,1,0,0,1,0,0,1,0,0,1,1,0,1,0,0,0,1,0,0.015625,-189.41585625712412,1
1,0,1,1,0,0,1,1,0,0,1,0,1,1,0,1,0,0,0,1,0,0,0,0,1,0,0,1,0,0,1,0,1,0,0,1,1,1,0,0,0,1,1,1,0,1,1,1,1,1,1,1,1,0,0,0,1,0,1,1,1,1,1,0,0.0,-189.4158207380703,1
1,0,1,1,0,0,1,1,0,0,0,0,0,0,1,0,1,0,0,1,1,0,0,0,1,0,0,1,0,0,1,1,1,1,0,1,1,1,1,1,0,1,0,1,0,1,0,1,1,1,1,1,1,0,0,1,0,0,1,1,0,1,1,0,0.0,-189.41523191348776,1
0,1,1,0,0,1,0,1,0,1,1,0,1,0,0,0,0,0,0,1,1,0,0,1,0,1,1,1,0,0,1,1,0,1,1,0,0,1,0,1,1,0,1,0,1,1,1,1,0,1,0,0,1,0,0,1,0,1,0,0,0,0,1,0,0.015625,-189.4150928178968,1
1,1,0,0,1,1,0,1,0,0,1,1,0,0,0,1,0,0,0,1,0,0,0,0,1,0,0,1,1,0,0,0,0,0,1,1,0,1,0,1,1,0,1,1,0,0,1,1,0,0,1,1,0,0,0,1,1,0,1,0,1,1,1,1,0.0,-189.4150443150295,1
0,0,0,0,0,0,0,0,1,0,1,1,0,1,1,1,1,0,1,0,1,0,0,0,1,0,1,0,0,1,1,1,1,1,1,0,0,1,0,0,0,1,1,1,0,1,0,0,0,1,1,0,0,1,1,1,1,0,0,0,0,0,1,1,0.0,-189.41484124312083,1
1,0,1,1,0,1,0,1,1,0,0,0,0,0,1,1,1,0,0,1,0,1,1,0,1,0,1,1,0,0,1,0,1,0,1,1,0,1,0,0,1,1,1,1,0,1,0,0,1,0,0,1,1,1,1,1,1,0,0,1,0,0,1,0,0.0,-189.41464043333923,1
0,0,1,0,0,0,1,1,0,1,1,0,1,1,0,1,1,0,1,0,1,1,0,0,0,0,1,0,0,1,1,1,0,0,0,1,1,1,0,0,0,1,1,0,1,0,1,0,0,1,0,0,0,0,1,1,1,0,1,1,1,0,0,0,0.0,-189.4145868445506,1
0,1,1,0,0,0,1,1,0,1,0,1,0,0,0,0,1,1,0,0,1,0,1,1,0,1,1,1,0,1,1,0,0,1,0,0,1,1,1,0,0,0,1,1,0,1,0,0,0,1,1,1,0,1,1,1,1,1,1,0,0,1,1,0,0.015625,-189.4144927890922,1
0,1,0,1,1,0,0,1,1,0,1,0,1,0,1,1,1,0,1,1,0,1,0,0,0,0,1,0,0,0,1,1,1,1,0,0,0,1,1,0,1,0,1,0,0,1,1,1,1,0,0,1,0,0,0,1,0,0,1,1,0,0,0,0,0.0,-189.414402839597,1
0,1,0,1,0,1,1,1,1,0,1,0,0,1,1,0,1,0,0,1,0,1,0,0,1,1,0,0,0,1,1,0,0,0,1,1,1,1,0,0,1,1,1,0,0,1,0,0,0,1,0,1,0,0,0,1,1,1,1,1,1,0,1,1,0.015625,-189.41424674469792,1
0,0,1,0,0,1,1,1,0,1,1,1,0,1,0,0,1,0,1,0,1,1,0,1,1,1,0,1,0,0,1,1,0,1,1,0,1,0,0,0,0,0,1,1,0,0,1,1,0,1,0,0,1,0,0,0,1,0,0,0,0,1,0,1,0.015625,-189.41422731231887,1
0,1,1,0,1,1,1,0,1,0,1,0,1,0,0,0,1,0,0,0,0,1,0,1,1,1,1,1,1,0,0,1,1,1,0,0,1,0,0,0,0,0,0,1,0,0,0,1,0,0,1,1,1,0,0,1,1,0,0,0,0,1,1,1,0.0,-189.41414704311953,1
1,0,0,0,1,1,0,1,0,0,1,0,1,0,0,1,0,1,0,0,1,1,1,0,0,0,1,1,0,1,1,1,1,0,1,1,0,0,0,0,0,1,0,0,0,0,0,1,1,0,0,1,0,0,1,1,1,1,1,0,0,1,1,0,0.0,-189.4138848577054,1
0,0,0,0,0,1,1,1,0,0,1,1,1,1,0,1,0,0,0,0,1,0,0,0,1,1,0,1,0,0,1,0,1,0,1,0,1,0,1,0,0,0,0,1,1,1,1,0,1,0,1,1,0,1,0,0,1,1,1,1,0,0,0,1,0.015625,-189.41371429101878,1
0,0,1,1,0,1,1,0,0,1,1,0,1,1,1,1,0,1,0,0,1,1,1,1,0,0,0,1,0,0,1,1,1,1,0,0,0,0,0,1,0,0,1,0,1,1,0,0,1,1,0,1,0,1,0,1,0,0,0,0,0,1,0,0,0.03125,-189.41346372648024,1
1,0,1,0,1,0,0,0,0,0,1,0,0,1,1,1,1,1,0,1,1,0,0,1,0,1,0,1,0,0,0,1,1,0,1,0,1,0,1,0,1,1,1,1,1,1,0,0,0,1,1,1,0,0,1,1,0,0,1,1,0,1,0,1,0.0,-189.41337479776075,1
1,1,1,1,0,0,0,0,1,0,0,1,0,0,1,0,0,0,0,0,1,1,1,0,0,0,0,1,0,1,1,1,1,1,1,1,0,1,0,0,1,0,1,1,0,1,0,1,0,0,1,1,0,0,0,0,1,0,0,0,1,1,1,0,0.0,-189.41330942619783,1
0,1,1,0,0,0,0,1,0,0,1,1,1,1,0,1,1,0,1,1,1,1,1,0,0,0,0,1,0,0,0,1,0,0,0,1,0,1,0,1,0,1,0,1,0,1,0,0,1,1,1,1,0,1,0,1,0,0,0,0,1,0,1,0,0.0,-189.41318612230538,1
0,0,1,1,1,1,1,1,0,0,0,0,0,1,0,0,1,0,0,0,0,1,0,0,1,1,0,1,1,0,1,1,1,0,1,0,1,1,0,0,1,1,1,1,1,0,0,0,1,0,1,1,1,1,0,1,0,1,1,1,0,0,1,0,0.015625,-189.41311199176982,1
1,1,1,0,1,0,0,1,1,1,1,0,1,1,0,0,0,0,1,1,1,0,0,0,0,0,1,1,0,0,1,0,0,0,1,0,1,1,0,1,1,0,0,1,0,1,0,1,1,1,0,1,1,1,1,1,1,0,0,1,1,0,0,0,0.0,-189.4130690983699,1
1,0,1,1,1,0,1,1,0,0,0,0,1,0,0,0,0,1,0,1,1,0,0,0,1,1,1,1,0,1,1,0,0,0,0,0,0,0,1,1,0,1,1,1,1,1,1,1,0,1,0,1,0,0,0,1,1,1,1,1,0,0,1,1,0.015625,-189.4128880069902,1
0,0,1,1,0,0,1,1,0,0,1,0,0,0,0,0,0,0,1,1,1,0,0,0,0,1,1,1,1,0,1,1,0,0,0,0,1,0,1,1,1,1,1,1,0,0,1,1,1,0,0,1,0,0,0,0,0,0,1,1,0,1,1,1,0.0,-189.41217797384215,1
0,0,1,1,1,1,0,1,0,0,1,1,0,0,1,0,0,0,0,1,1,1,0,0,0,0,0,1,1,0,0,0,1,1,0,0,1,1,0,0,0,0,1,1,1,0,1,1,1,1,0,1,0,0,1,1,1,0,0,1,0,0,0,1,0.0,-189.4120244654663,1
0,1,1,0,0,0,0,0,0,0,1,0,1,0,1,0,1,0,1,0,1,1,0,1,1,1,1,1,0,0,1,1,1,0,0,1,1,0,0,0,1,1,1,1,0,1,1,1,0,0,0,0,0,1,1,1,0,0,0,0,1,0,0,0,0.0,-189.41158941914125,1
0,1,1,0,1,0,1,1,1,0,1,0,1,1,0,1,0,1,0,1,1,0,0,1,0,0,1,1,0,1,0,1,0,0,1,1,0,1,0,0,0,0,1,0,1,1,0,1,1,1,1,1,1,1,0,1,0,0,0,1,0,0,0,1,0.0,-189.4115312091032,1
0,0,0,1,0,1,0,1,0,0,0,0,1,1,1,0,1,0,1,0,0,0,0,0,1,0,0,0,0,0,1,0,1,0,1,1,0,0,0,1,1,1,1,1,0,1,1,1,1,1,1,0,0,0,1,1,1,1,0,1,0,0,1,0,0.0,-189.41134520158442,1
0,0,1,0,0,0,1,0,1,0,0,0,1,0,1,0,0,1,0,0,1,1,1,0,1,1,0,1,0,0,1,1,0,1,0,1,1,0,1,0,0,0,1,1,1,1,0,1,0,0,0,1,0,0,1,1,1,0,0,1,1,0,1,0,0.015625,-189.41092815043763,1
0,0,1,0,1,0,0,1,0,1,1,1,1,0,1,0,0,1,0,0,1,0,0,0,0,0,1,1,1,0,0,1,0,0,1,1,0,0,0,0,1,1,0,1,1,0,0,0,1,1,0,1,1,0,1,0,1,0,0,1,1,1,1,0,0.0,-189.4104752103971,1
1,0,0,0,1,1,0,1,1,0,0,0,1,1,0,0,1,0,0,1,0,1,0,0,0,0,1,1,0,0,1,0,0,1,1,1,0,1,0,0,1,0,1,1,1,1,1,0,1,0,1,1,1,1,1,1,1,0,0,1,0,1,0,1,0.0,-189.410456843653,1
1,0,0,0,1,1,1,1,1,0,1,1,1,1,0,0,1,0,1,1,1,1,0,0,1,0,1,1,0,0,1,1,0,1,0,1,1,1,0,0,0,0,1,1,0,0,0,1,0,1,0,1,0,0,0,1,1,0,0,1,0,0,1,1,0.015625,-189.41011163231184,1
0,1,1,0,1,0,0,1,0,1,0,0,0,0,0,0,0,0,0,0,1,1,1,1,1,0,0,1,1,1,0,1,1,0,1,1,0,0,1,0,0,1,1,1,1,0,1,1,0,1,0,0,0,0,1,0,1,1,0,1,1,0,0,0,0.0,-189.4100331566688,1
0,1,1,0,0,1,0,1,0,1,1,0,0,0,1,1,0,1,0,0,1,0,0,0,1,0,1,0,0,0,1,0,1,1,1,1,0,1,0,0,1,0,1,1,1,1,0,1,0,1,0,1,0,1,0,1,1,0,1,1,1,1,0,1,0.0,-189.40987014503972,1
0,0,0,1,1,1,0,1,1,0,1,0,0,1,0,0,0,0,0,0,1,1,0,0,1,1,1,0,0,1,1,1,0,1,0,1,0,0,0,1,1,0,1,1,1,1,0,1,1,1,0,1,0,0,1,1,1,0,0,0,0,0,0,0,0.0,-189.4096749421268,1
1,1,0,0,0,1,0,1,0,0,1,0,0,1,0,1,1,0,1,1,0,0,1,0,1,1,1,1,1,0,1,1,1,0,1,0,1,0,0,0,0,1,0,0,0,1,0,1,0,0,0,0,0,1,1,0,1,1,1,1,0,0,0,0,0.0,-189.4095908663279,1
1,0,1,0,0,1,0,1,1,0,0,1,1,1,1,1,1,0,0,0,1,1,0,0,0,0,1,1,1,0,1,0,1,1,0,0,1,1,0,0,0,1,1,0,0,0,1,0,1,0,0,1,0,0,0,1,1,0,0,1,0,1,0,0,0.0,-189.40929009914112,1
1,1,1,0,0,0,1,1,0,1,1,0,0,1,0,0,1,1,0,0,0,1,0,1,1,0,1,1,1,0,1,0,0,0,1,1,1,1,0,0,1,0,1,1,0,1,0,1,1,1,0,1,1,1,0,1,1,0,0,0,0,0,0,1,0.0,-189.40924348006774,1
1,1,1,0,0,0,0,0,1,0,0,0,1,1,1,0,0,1,0,0,1,1,0,0,0,1,0,1,1,0,1,0,0,1,1,1,0,1,1,0,1,1,1,0,1,0,0,1,1,1,0,1,0,0,0,1,1,0,0,0,0,0,1,0,0.0,-189.40904036098382,1
0,1,1,0,0,0,1,1,1,1,1,1,1,0,1,0,0,1,1,1,0,1,0,0,1,0,1,1,0,1,0,0,1,1,1,0,1,1,0,0,0,1,1,0,1,0,0,1,1,0,0,1,0,1,0,1,0,0,0,1,1,0,0,1,0.0,-189.40901935569684,1
1,1,1,0,1,0,1,1,1,1,1,0,0,0,1,0,0,1,1,0,0,1,0,0,0,0,0,1,0,0,1,1,1,1,1,0,0,0,1,0,0,0,1,1,0,0,0,1,0,1,0,0,0,1,1,1,1,1,0,0,1,0,0,0,0.015625,-189.40890698192612,1
0,1,1,0,1,1,1,1,1,1,1,1,1,0,1,1,0,1,0,1,0,1,0,0,1,1,1,1,0,1,1,0,0,1,1,0,0,0,1,1,0,1,0,0,0,1,0,1,0,0,0,1,0,1,0,0,1,0,0,1,0,0,1,0,0.0,-189.40869536988984,1
0,0,1,0,1,1,1,1,0,0,1,0,1,0,0,0,0,0,0,1,1,1,0,1,1,0,0,1,0,1,1,1,1,1,0,1,1,1,0,0,0,1,1,1,0,1,1,0,1,1,0,0,1,0,0,0,1,0,0,0,0,0,0,0,0.0,-189.40856688120064,1
0,1,1,1,0,1,1,1,1,0,0,1,1,0,1,0,0,0,0,1,0,0,0,0,1,0,1,1,0,0,1,1,1,0,1,1,1,0,0,0,0,0,0,0,1,0,1,1,0,1,0,0,1,0,1,1,1,0,0,1,0,1,0,0,0.0,-189.40851429179168,1
0,1,1,0,0,1,1,0,1,1,0,0,0,1,1,0,1,1,1,1,0,1,0,0,0,0,0,1,0,0,1,0,1,0,0,1,1,0,0,0,1,0,1,1,0,0,1,0,1,1,0,0,1,1,1,0,1,0,1,0,0,0,0,1,0.03125,-189.4084712287988,1
0,1,1,0,0,0,0,1,0,0,1,1,0,0,0,0,0,1,1,0,1,1,0,0,0,1,1,1,0,0,1,1,0,1,0,1,1,1,0,0,1,0,1,1,0,0,1,0,1,1,0,1,0,0,0,1,1,1,0,0,0,1,1,0,0.0,-189.4080207250611,1
1,1,1,1,0,0,0,1,1,1,0,0,0,0,1,0,0,0,0,1,1,0,0,0,1,0,0,1,0,0,1,1,0,1,0,1,0,1,0,0,0,0,0,1,1,1,0,1,1,0,1,0,0,1,0,0,1,1,0,1,1,1,0,1,0.0,-189.40799016948142,1
0,1,1,0,0,0,0,1,0,0,1,1,1,1,1,1,1,0,0,0,0,0,0,0,0,1,1,1,0,0,1,0,1,1,1,1,0,0,1,0,1,1,1,1,1,0,0,1,1,1,1,0,0,0,1,1,1,0,1,0,1,1,0,0,0.015625,-189.40759758260205,1
1,1,1,0,0,1,0,1,0,0,1,0,0,0,1,0,1,0,0,0,1,0,0,0,1,1,1,1,0,0,1,1,1,1,0,0,1,0,1,1,1,1,1,1,1,1,1,1,0,1,0,1,0,1,0,1,0,0,1,0,0,0,1,0,0.0,-189.40743965083402,1
1,1,1,1,0,0,1,1,0,1,1,0,0,0,0,1,1,0,0,1,1,1,0,0,0,0,1,1,1,0,1,1,0,1,1,1,0,1,1,0,0,0,0,0,0,0,1,1,0,1,0,1,0,0,0,1,0,0,0,0,0,0,1,1,0.015625,-189.40740954313532,1
0,1,1,1,0,1,0,1,0,0,1,0,1,1,0,0,0,0,1,1,0,0,1,0,1,0,1,1,0,0,1,1,0,0,0,1,1,1,0,0,1,0,1,0,0,1,0,0,1,1,0,0,0,0,0,1,1,1,0,0,0,1,1,1,0.015625,-189.40678101032947,1
0,0,1,0,1,0,1,1,0,1,1,0,0,1,1,1,1,0,0,0,0,0,1,0,1,0,0,0,0,0,1,1,1,1,0,1,1,1,1,1,1,1,0,0,1,1,0,0,1,0,0,1,0,0,1,1,1,1,0,0,1,0,1,1,0.0,-189.406308753463,1
1,1,1,1,0,1,1,1,0,1,0,0,0,1,0,1,0,1,0,0,0,1,1,0,0,1,0,1,0,0,1,1,1,0,0,1,0,0,0,0,0,1,1,1,1,1,0,1,0,1,0,1,0,0,0,1,0,0,0,0,0,0,1,1,0.015625,-189.40619434091826,1
0,1,1,1,1,1,0,1,1,0,1,0,1,1,0,0,0,1,0,1,1,0,0,1,1,0,1,1,0,0,1,1,1,0,1,0,1,0,0,0,0,1,0,0,0,1,1,1,1,0,1,1,0,0,1,1,1,0,0,0,1,0,0,1,0.0,-189.4061682114346,1
0,1,1,0,0,0,0,1,0,1,0,0,1,1,0,0,1,1,1,1,0,0,0,0,1,1,1,1,1,1,1,0,1,0,0,0,1,1,0,1,1,0,1,0,0,0,0,0,1,1,1,1,1,1,1,0,1,1,0,0,1,0,0,1,0.0,-189.40605916594097,1
0,1,1,0,0,0,0,1,0,1,1,0,1,0,0,1,0,0,0,0,1,1,0,0,1,1,1,1,1,1,0,1,1,0,1,1,0,0,0,0,1,0,1,0,0,0,0,1,0,1,1,1,1,0,0,1,0,0,1,0,1,0,1,0,0.015625,-189.40598375033858,1
0,0,1,1,0,1,1,1,0,1,0,0,1,0,1,1,0,0,0,0,0,0,0,1,0,1,0,1,0,0,1,0,0,0,0,1,0,0,1,0,1,0,1,0,0,1,1,1,0,1,1,1,0,1,1,1,1,0,1,0,0,0,1,1,0.015625,-189.40596473741866,1
0,0,0,1,0,0,0,1,1,0,1,1,0,0,0,0,0,0,0,0,1,1,0,0,0,0,1,0,1,1,1,1,1,1,0,1,0,0,0,0,1,1,1,0,1,1,1,1,0,1,1,1,1,0,1,0,0,1,0,1,0,1,0,0,0.0,-189.40571190094488,1
0,0,1,0,1,0,0,1,0,0,1,0,0,0,0,0,1,0,0,1,0,0,0,0,1,1,0,1,0,1,1,1,0,0,0,1,1,0,1,1,1,1,1,1,0,0,1,0,0,1,1,0,1,0,1,0,1,0,1,1,0,1,1,0,0.0,-189.40567515585602,1
1,1,1,0,1,1,0,1,1,0,1,1,0,0,1,0,1,0,0,0,1,1,0,0,1,0,1,1,1,1,1,0,1,1,0,1,0,1,1,0,1,0,1,1,0,1,0,0,0,0,1,1,0,0,0,1,1,0,0,1,0,0,0,1,0.0,-189.40561206795667,1
0,1,1,1,0,0,0,1,0,0,1,0,1,1,1,0,0,1,1,1,0,1,1,0,0,1,0,1,0,0,0,0,0,1,0,0,0,0,0,0,0,1,1,0,1,0,0,1,1,1,0,1,1,0,1,1,0,0,0,1,1,1,1,0,0.0,-189.40528215427116,1
1,0,0,0,1,0,1,1,0,1,1,0,1,0,1,0,0,0,0,1,1,0,0,0,1,1,1,1,1,1,0,0,1,0,0,1,1,0,0,0,0,1,0,1,1,0,0,1,1,1,0,1,1,0,0,1,1,1,0,1,1,0,1,1,0.015625,-189.40423433429962,1
0,0,1,1,1,0,0,1,1,1,1,0,0,1,1,0,1,1,0,0,0,1,0,1,0,0,0,1,0,0,1,0,0,1,0,0,0,1,0,0,1,0,0,1,1,1,1,0,0,0,1,1,0,0,1,1,1,0,0,1,0,1,0,1,0.0,-189.40301314141453,1
0,0,1,0,0,0,0,1,0,0,1,0,0,1,1,1,0,0,0,0,0,1,0,0,1,1,1,1,0,1,1,1,0,0,0,0,1,0,1,0,1,0,1,1,0,0,0,0,0,1,1,0,1,0,1,1,1,0,1,1,1,1,0,1,0.015625,-189.40298938548185,1
1,1,0,0,1,0,1,1,0,0,0,0,1,1,1,0,0,1,0,0,1,1,1,0,0,1,1,1,0,0,1,1,0,1,1,1,0,1,0,0,1,0,1,1,0,0,1,1,1,1,0,1,1,0,1,1,1,0,0,0,0,0,0,1,0.0,-189.40271394810458,1
0,0,1,0,1,1,1,1,0,0,0,0,1,0,0,1,0,0,0,1,0,0,0,1,1,1,1,1,0,0,1,0,0,0,1,0,1,0,0,1,0,1,1,0,0,1,0,1,0,1,0,1,0,0,0,1,0,1,1,1,1,0,1,1,0.0,-189.40228209737472,1
0,1,1,0,0,0,0,1,0,0,1,1,1,0,1,1,1,1,1,0,0,1,0,1,0,0,1,1,0,0,1,0,1,1,1,0,1,0,1,0,0,0,1,1,0,0,0,1,1,0,0,1,0,1,0,1,1,0,0,0,0,1,0,0,0.015625,-189.4022335385695,1
0,1,1,1,0,0,0,1,0,1,1,1,0,0,1,0,1,1,1,0,1,0,0,0,0,1,1,1,1,1,1,0,0,1,1,0,0,1,0,0,1,0,0,1,0,0,0,1,1,0,0,1,1,0,1,1,1,0,0,0,0,0,0,0,0.015625,-189.40200509340596,1
0,0,1,1,1,1,0,0,1,0,0,0,0,1,1,1,0,0,0,1,1,1,1,0,1,0,0,1,0,0,1,0,0,0,0,0,1,0,1,1,1,0,1,1,0,1,1,1,0,0,1,1,0,1,0,1,1,1,0,0,1,1,1,1,0.0,-189.40042880950605,1
0,0,1,0,1,0,0,1,0,0,1,0,1,0,0,1,1,0,0,1,1,0,1,1,0,1,0,1,1,0,1,0,1,1,0,1,0,0,0,0,0,1,1,1,1,1,0,0,1,1,0,1,1,0,0,1,0,0,0,0,1,0,0,1,0.0,-189.39953236648554,1
0,0,1,1,0,0,0,0,0,0,1,1,0,1,1,0,1,1,0,1,1,1,0,0,1,0,0,1,0,0,1,1,0,0,1,0,1,0,0,1,1,0,1,0,1,1,1,1,0,1,0,1,1,0,0,1,1,0,0,0,0,0,1,0,0.0,-189.3994091740567,1
0,1,1,0,0,0,0,1,0,1,1,0,1,0,0,1,1,0,0,1,1,0,1,0,1,0,1,1,0,0,0,1,1,0,1,1,1,0,0,0,1,0,0,1,0,0,0,0,1,1,1,0,0,1,1,0,1,1,0,0,0,0,1,1,0.0,-189.39932001221402,1
0,1,1,0,1,0,0,1,0,0,1,0,1,0,1,0,1,0,0,1,1,1,0,0,1,0,1,1,0,0,1,1,1,0,1,1,0,0,1,0,0,0,0,1,0,1,1,0,1,1,1,1,1,1,1,1,1,0,0,1,1,0,0,0,0.0,-189.39922189073718,1
0,0,1,0,0,0,1,1,0,0,1,1,0,0,1,0,0,0,0,0,1,0,1,0,0,0,1,1,0,0,1,1,1,1,0,1,1,1,0,0,1,0,1,0,1,1,1,1,1,1,0,1,0,0,0,1,1,0,0,0,1,1,0,0,0.0,-189.39795017637616,1
0,1,1,0,0,0,0,1,0,0,1,1,1,1,0,0,1,0,1,0,1,1,0,0,1,1,1,1,0,0,1,0,0,0,1,0,1,1,0,0,1,0,1,1,0,1,1,0,0,0,0,1,0,1,1,1,1,1,0,0,0,0,0,0,0.0,-189.39776097508434,1
0,0,1,1,1,0,0,1,0,0,1,0,0,0,1,0,0,0,1,0,1,0,0,0,1,1,0,1,0,1,1,0,0,0,1,1,1,0,1,0,1,1,0,1,1,1,0,1,0,1,0,1,1,1,1,1,1,1,1,1,0,1,0,0,0.0,-189.39775793821974,1
0,1,1,0,0,0,1,1,1,0,1,0,1,0,1,1,0,0,0,0,0,1,1,0,1,1,1,1,0,0,1,1,1,0,1,0,1,1,0,0,1,1,0,1,1,0,1,0,1,1,1,1,0,0,1,1,1,0,1,0,0,0,0,0,0.0,-189.3975406591492,1
0,1,1,1,1,1,1,0,0,0,1,1,1,0,1,0,0,0,0,1,1,1,1,0,1,0,1,0,0,0,1,0,0,1,0,1,0,0,0,0,1,0,1,1,0,0,0,1,0,1,0,0,1,0,0,1,1,0,1,0,0,0,1,1,0.0,-189.39698445436306,1
0,1,1,0,0,1,0,1,0,0,0,1,1,1,1,0,1,1,1,0,1,0,1,0,1,0,1,0,0,1,1,1,1,1,1,0,1,0,0,0,1,0,1,0,1,1,0,1,0,1,0,1,1,1,0,0,1,1,0,0,0,0,1,0,0.0,-189.3960839351408,1
0,0,1,1,1,0,1,1,0,0,1,0,1,0,1,1,0,0,0,1,1,0,0,1,0,0,0,1,0,1,1,0,0,0,0,0,1,0,0,0,1,1,1,1,0,0,0,0,1,1,1,0,1,1,1,0,1,0,1,0,0,1,1,0,0.0,-189.39606073198937,1
0,0,0,1,0,1,0,1,0,0,0,0,0,1,1,0,1,1,0,1,0,0,0,1,0,1,1,1,0,0,1,0,1,0,1,1,0,0,0,0,1,1,1,0,1,1,0,0,1,1,1,1,1,0,0,1,1,0,0,0,0,0,1,1,0.0,-189.39550305389673,1
0,1,1,0,0,1,0,1,0,0,1,1,0,0,1,1,0,0,0,1,1,1,1,1,1,0,0,1,1,0,1,0,0,0,1,1,1,1,0,0,1,0,1,1,1,0,0,1,0,1,0,1,1,0,1,1,1,0,1,1,0,0,0,0,0.0,-189.39480814106966,1
0,1,1,0,1,0,0,1,0,0,0,1,0,1,1,1,0,1,0,1,0,0,0,0,0,1,0,0,0,0,1,1,1,1,1,0,1,0,0,0,1,0,0,1,1,0,0,1,1,1,1,1,0,0,0,1,0,0,1,0,0,1,1,1,0.0,-189.39465400449598,1
0,0,1,0,1,1,0,1,0,1,1,1,0,1,0,0,0,0,0,1,0,0,0,0,1,0,1,1,0,1,1,0,0,0,0,1,1,0,0,1,1,1,1,1,0,0,1,1,0,1,0,0,0,1,0,1,0,0,1,1,1,0,0,1,0.015625,-189.39381482841708,1
0,0,0,1,0,0,1,1,0,1,1,0,1,0,1,0,1,0,0,0,1,1,1,1,1,1,1,1,0,0,0,1,0,0,0,1,1,0,1,0,1,1,0,1,1,0,0,1,0,1,0,1,0,0,1,1,1,0,0,0,0,0,0,0,0.015625,-189.39352998421734,1
0,1,1,1,1,0,1,1,0,0,0,0,0,1,1,1,0,1,0,0,0,0,0,0,1,0,1,1,0,0,1,1,1,1,1,0,1,1,0,0,1,0,0,0,0,0,0,0,1,1,0,1,0,0,1,1,0,1,1,0,0,1,0,1,0.0,-189.39329278116105,1
0,0,0,1,1,1,0,1,0,1,0,0,1,1,1,1,1,0,0,1,0,1,0,0,1,0,0,1,0,0,1,1,1,0,0,1,1,1,0,0,0,1,1,1,0,1,0,1,0,0,1,1,1,1,0,1,1,0,0,1,0,1,0,1,0.0,-189.39007922918992,1
1,1,1,0,0,1,0,0,0,0,1,0,1,0,0,0,0,0,0,0,0,1,0,1,1,0,1,1,0,1,1,1,0,0,1,1,1,1,0,0,1,0,1,1,0,0,1,1,0,1,1,1,1,0,0,1,1,0,0,1,0,0,0,0,0.0,-189.3899483816157,1
0,1,1,0,0,1,0,0,0,0,0,0,0,0,1,0,0,0,0,0,1,1,0,1,1,0,1,1,0,0,1,1,1,1,1,1,0,1,0,0,1,1,0,1,1,1,0,1,1,1,0,1,1,0,1,1,1,0,0,0,0,0,0,0,0.0,-189.38953366414265,1
1,0,1,0,0,0,1,0,0,0,0,0,0,1,1,1,0,0,0,1,0,0,0,1,0,1,1,0,0,0,1,1,0,1,1,1,0,0,1,1,1,0,1,0,1,1,1,1,0,1,0,1,1,0,1,1,1,1,0,0,0,0,0,0,0.015625,-189.38908507582946,1
0,0,1,0,0,1,1,0,0,1,1,0,0,0,1,1,0,0,0,0,1,1,0,0,1,0,0,1,0,1,1,1,1,1,0,1,1,1,0,0,0,1,1,1,1,0,1,1,0,0,0,1,0,0,1,0,1,0,0,0,0,0,1,1,0.0,-189.38808708803012,1
0,1,1,0,0,1,0,1,0,0,1,0,0,0,1,0,1,0,0,1,0,1,0,0,1,0,1,1,1,0,1,0,0,0,0,1,1,1,0,0,1,1,1,0,1,1,0,0,1,1,0,1,0,1,0,0,1,0,1,1,0,0,0,1,0.015625,-189.38714335610072,1
0,0,1,1,0,0,0,1,0,1,1,0,1,1,1,1,1,0,1,1,1,0,0,0,1,1,1,1,0,0,0,0,0,0,1,1,1,0,0,0,0,1,1,1,0,1,1,0,0,1,1,1,1,0,1,1,1,0,1,0,0,1,0,0,0.0,-189.38705479836426,1
0,1,1,1,0,0,1,1,0,1,0,0,1,0,1,0,1,1,1,1,1,1,0,0,0,0,1,1,0,1,1,1,0,0,0,1,0,0,1,0,1,1,1,1,0,1,1,0,0,0,1,1,0,0,1,1,1,0,1,0,0,0,1,0,0.0,-189.38429357702663,1
1,1,1,0,0,0,1,1,0,0,1,0,0,0,1,1,0,0,0,0,0,0,0,0,1,1,1,1,1,0,1,1,0,1,1,1,1,0,0,0,1,0,0,1,1,1,0,0,0,1,1,1,0,0,0,1,0,0,0,1,1,1,0,0,0.015625,-189.38358980687954,1
1,1,1,1,0,0,1,1,0,0,1,0,0,1,1,0,0,0,1,1,0,1,1,1,0,0,0,0,0,0,1,1,1,1,0,0,0,1,0,0,0,1,1,1,1,0,0,1,0,1,0,1,1,0,0,1,1,0,0,0,0,0,0,1,0.0,-189.38196549029811,1
0,1,1,0,0,0,1,0,1,1,0,0,1,1,0,1,0,1,1,1,1,0,0,1,1,0,0,1,1,0,1,0,0,1,1,1,0,0,0,0,0,0,1,1,0,0,1,1,1,1,1,1,0,0,0,1,0,0,1,0,0,0,0,0,0.0,-189.37918584693534,1
1,1,0,1,1,1,1,0,1,0,1,0,0,1,0,1,0,1,1,0,0,1,0,0,0,1,1,0,0,1,0,0,1,0,1,1,0,0,1,0,1,0,1,1,0,0,0,1,1,0,0,1,1,1,1,1,1,0,0,1,1,0,1,1,0.0,-188.5290654934943,1
1,1,0,0,1,0,1,1,0,0,1,1,1,0,0,1,1,0,0,1,1,1,0,1,0,1,0,0,0,0,1,1,0,0,0,1,1,1,1,0,0,0,1,1,0,1,0,1,0,1,0,0,1,1,1,1,1,1,0,0,1,0,1,1,0.0,-188.52826526937335,1
1,0,0,1,0,0,0,0,1,0,0,0,0,0,1,1,0,0,1,0,1,1,1,0,1,0,0,1,0,0,0,1,0,0,1,1,1,1,0,1,0,1,0,1,0,1,1,0,1,1,0,0,0,0,1,0,1,0,1,1,1,1,0,0,0.0,-188.52655695906995,1
1,1,1,0,0,0,0,1,1,1,0,1,0,0,0,1,0,1,0,0,0,1,0,1,1,0,0,1,0,1,1,0,0,1,0,1,1,1,0,1,1,1,1,1,0,1,1,1,1,1,0,0,0,1,0,0,0,0,1,1,0,1,1,1,0.0,-188.52625454389192,1
1,1,0,0,0,0,0,0,0,0,1,0,0,1,0,0,0,0,1,0,1,1,0,0,1,1,0,1,1,0,1,0,1,1,0,0,1,1,0,0,1,0,0,0,1,1,1,0,1,0,0,0,0,1,1,1,0,0,1,1,1,0,1,1,0.015625,-188.52551287410552,1
0,0,0,1,0,0,1,1,0,0,1,0,0,0,0,0,1,0,0,0,1,1,0,1,0,1,0,1,0,0,1,1,1,1,1,1,1,1,1,1,1,1,1,1,1,0,1,1,1,1,0,0,1,0,0,1,1,0,0,1,0,0,1,1,0.0,-188.52493412461462,1
0,1,0,1,0,0,1,1,1,1,1,0,1,0,0,0,1,0,0,1,0,1,0,1,0,1,0,1,0,1,1,0,1,0,1,1,1,1,1,0,1,0,1,0,1,1,0,1,1,0,1,0,0,1,0,1,1,0,0,1,1,0,1,0,0.0,-188.52343436601547,1
0,0,1,1,1,0,0,1,0,0,0,0,1,1,1,1,1,1,1,0,1,1,0,1,0,1,0,1,1,0,1,1,1,1,1,1,0,0,1,1,0,0,1,0,1,1,0,0,1,1,1,0,1,1,0,1,0,0,1,0,0,0,0,0,0.0,-188.52006479829785,1
0,0,0,1,1,0,0,1,0,0,1,1,1,0,0,1,1,1,0,0,0,0,0,1,0,0,0,1,0,0,1,1,1,0,0,1,0,1,0,0,0,0,0,1,1,1,0,0,1,1,0,1,0,1,1,1,1,0,0,0,1,1,1,0,0.0,-188.51932626556305,1
1,0,1,0,1,1,1,0,0,0,0,0,1,0,0,0,1,1,0,0,1,0,1,1,1,1,0,1,0,0,1,1,0,0,0,0,1,0,1,0,0,0,1,0,0,1,0,0,1,1,0,0,0,1,0,1,1,0,0,1,1,0,1,1,0.015625,-188.5192575628622,1
1,1,1,1,1,1,0,1,0,1,1,1,1,0,1,1,1,0,0,0,1,1,0,0,0,0,0,1,0,0,1,0,0,1,0,0,0,1,0,1,1,0,1,1,1,0,1,0,1,0,0,0,0,1,1,1,0,1,1,1,1,0,1,0,0.0,-188.51913237610881,1
1,1,1,0,0,1,1,1,0,1,1,0,0,0,1,1,1,1,0,1,0,1,1,1,0,1,1,1,0,0,0,0,1,0,1,1,1,0,1,0,0,0,1,1,0,1,0,1,0,1,0,0,0,0,0,1,1,0,1,0,1,0,1,1,0.0,-188.51719290748719,1
0,1,0,1,0,1,1,1,0,1,1,0,1,1,0,1,1,0,0,0,1,0,0,0,0,1,1,1,1,0,1,1,1,1,1,0,1,1,0,1,0,0,1,0,0,1,0,1,0,0,0,1,0,0,1,1,0,0,1,1,1,0,1,1,0.0,-188.51631729902724,1
0,0,0,0,0,1,1,0,1,0,1,0,1,1,1,0,1,1,1,0,0,1,0,1,1,1,1,0,1,1,1,1,1,1,1,0,1,1,1,0,1,1,0,0,1,1,0,0,1,0,1,0,0,1,0,1,0,1,0,0,0,1,0,0,0.0,-188.51597410183513,1
0,1,0,0,0,0,1,1,1,0,1,0,0,0,0,0,0,0,0,1,1,1,0,1,0,1,0,1,1,0,1,1,1,0,1,1,1,0,0,1,0,0,1,1,1,1,1,0,1,0,0,0,0,1,0,1,0,0,0,0,0,1,1,0,0.0,-188.5138077924146,1
0,0,0,1,0,0,1,1,0,0,1,1,0,1,0,0,1,0,0,0,0,1,0,0,0,1,1,0,1,1,0,0,0,0,1,0,1,0,0,1,0,1,0,1,0,1,1,0,1,1,0,1,1,1,0,1,1,0,1,0,1,0,1,0,0.015625,-188.51356336446656,1
1,1,0,0,1,0,0,1,0,0,1,0,0,0,0,0,1,0,1,0,1,1,0,1,1,1,1,1,0,0,1,1,1,0,0,1,1,1,0,0,1,1,1,1,1,1,1,0,1,1,1,0,0,0,1,1,0,0,1,0,0,0,1,1,0.0,-188.51300463102436,1
0,1,0,0,1,1,0,1,1,1,1,1,1,0,0,0,0,0,1,0,0,1,0,0,0,0,0,1,1,0,1,0,1,1,0,1,0,1,0,0,1,0,1,1,0,0,1,0,1,0,0,0,0,1,1,0,1,0,0,0,1,0,1,1,0.0,-188.5128857542937,1
0,1,1,0,0,0,1,0,1,1,0,1,0,1,0,0,1,0,0,1,1,1,0,0,0,0,0,1,0,0,1,1,0,1,1,0,1,1,1,0,1,0,1,0,1,1,1,1,1,0,0,0,1,1,1,1,1,0,1,0,1,0,1,1,0.0,-188.51271706539163,1
1,0,1,0,0,1,0,1,1,0,0,0,1,0,1,0,1,0,1,1,0,1,0,1,1,0,1,1,1,0,1,0,1,0,1,0,1,1,1,0,1,0,0,0,1,1,0,1,1,0,1,0,0,1,1,1,1,1,0,0,0,0,1,1,0.015625,-188.51262275423352,1
1,0,1,0,1,1,0,1,0,1,1,0,0,0,0,0,1,1,0,0,1,0,1,0,1,1,1,1,0,0,0,0,1,0,1,1,1,1,0,0,1,0,0,1,0,1,1,0,1,0,1,1,1,1,1,1,1,0,1,1,0,0,1,0,0.0,-188.5117781076934,1
1,1,1,1,0,1,1,1,0,0,0,0,0,1,1,0,0,0,0,0,0,1,1,0,1,1,1,1,1,0,0,1,0,1,0,0,0,1,1,1,0,1,1,0,0,1,1,1,1,1,0,0,0,1,1,1,1,1,1,0,0,0,0,1,0.0,-188.51163514350262,1
1,1,1,1,1,1,0,1,1,0,1,1,1,0,0,1,0,1,0,0,0,0,0,0,1,1,0,1,0,0,1,1,1,0,1,1,0,1,0,0,1,0,1,1,0,1,0,0,1,1,0,1,0,1,0,1,1,1,0,1,0,0,0,1,0.015625,-188.51145477703454,1
0,1,0,1,1,1,0,1,0,0,0,0,1,0,0,0,1,0,0,0,1,1,1,0,0,1,1,0,0,0,1,1,1,1,0,0,0,1,0,0,0,0,1,0,1,0,1,0,1,1,0,0,0,1,1,1,1,1,0,1,0,0,1,0,0.015625,-188.51129780069414,1
1,1,0,1,0,0,1,0,0,0,1,0,0,0,0,1,0,1,1,1,0,0,0,1,1,0,0,1,0,1,1,1,1,0,1,1,1,0,0,0,1,0,1,1,1,1,0,1,1,0,0,0,1,1,1,1,1,0,0,1,0,1,1,1,0.015625,-188.51113502175588,1
0,0,1,1,1,0,1,0,0,0,0,1,0,0,0,1,0,1,0,0,0,0,1,0,1,1,1,0,1,0,1,1,1,1,1,0,0,1,0,1,1,1,1,1,1,0,1,1,1,1,0,1,1,0,1,1,0,0,0,0,0,1,1,1,0.0,-188.5101100146774,1
1,0,0,1,1,1,0,1,0,1,1,1,0,0,1,0,1,1,0,0,1,0,0,1,0,0,0,1,0,0,1,0,1,1,0,0,1,0,1,0,1,0,0,0,0,1,0,1,1,0,1,1,1,1,1,1,1,0,1,1,1,1,0,1,0.0,-188.50875288208925,1
0,1,0,0,0,1,0,1,1,0,0,0,1,1,0,1,0,1,0,0,0,1,0,0,1,1,1,0,1,0,0,1,1,0,0,1,0,1,0,0,0,1,1,0,1,1,0,1,0,1,1,0,0,0,1,1,1,0,1,1,0,0,0,0,0.0,-188.5083403484221,1
0,1,1,1,0,0,1,1,0,0,1,1,0,0,1,0,1,1,0,1,0,1,1,0,0,1,1,1,0,1,1,0,0,0,1,1,0,1,0,1,0,0,0,0,0,1,1,1,1,0,0,1,1,0,0,1,1,1,1,1,1,0,1,0,0.0,-188.5081246155669,1
0,1,1,1,1,0,0,1,0,0,1,1,1,0,1,1,1,0,0,0,1,0,0,1,0,0,0,1,0,0,1,0,1,0,0,1,1,1,1,0,0,0,1,0,0,1,0,1,0,1,0,0,1,1,0,0,1,0,1,0,0,0,1,0,0.0,-188.50802608351623,1
1,1,0,1,1,0,1,1,1,1,0,0,1,0,1,1,1,0,0,0,0,1,0,1,1,1,1,1,0,0,1,1,1,1,1,0,1,1,1,0,0,0,0,0,1,0,0,1,0,1,1,0,0,0,1,1,1,0,0,1,0,0,0,1,0.015625,-188.5071991352529,1
1,0,1,1,0,0,1,1,0,0,0,0,1,0,0,1,1,1,0,0,0,1,1,0,1,1,0,1,0,1,1,0,1,0,1,0,1,0,0,0,0,0,1,1,1,1,1,1,1,0,1,1,1,1,1,0,1,0,0,1,0,0,1,1,0.015625,-188.50718454125388,1
0,1,1,1,0,0,0,1,1,0,1,1,1,0,1,0,1,1,1,1,0,1,0,0,1,1,0,1,1,0,1,1,0,0,0,0,0,1,0,1,1,1,1,1,0,1,0,1,1,0,1,0,0,1,0,1,1,0,0,0,0,1,0,1,0.0,-188.50629218044057,1
0,0,1,0,1,1,0,1,0,0,1,1,0,1,0,1,1,1,0,1,0,1,0,0,1,1,1,1,0,0,1,1,1,1,0,1,0,0,1,1,0,0,1,1,0,1,0,1,0,1,0,1,1,0,0,1,0,0,1,0,1,0,1,1,0.0,-188.5040654023588,1
0,1,1,0,0,0,0,0,1,0,1,0,1,0,0,0,0,0,1,0,0,1,1,0,1,0,0,1,1,0,0,1,0,1,1,1,1,1,0,0,0,1,1,1,1,1,1,0,0,0,0,0,0,1,1,1,0,0,1,1,0,0,1,0,0.0,-188.50209244419275,1
0,0,0,1,0,0,0,1,0,0,1,1,0,1,0,0,0,0,1,0,1,1,0,0,1,1,1,1,1,0,1,0,1,0,1,0,0,0,0,1,0,0,1,1,1,1,0,1,1,1,0,1,0,0,0,1,0,0,1,0,1,0,0,1,0.0,-188.50182768868987,1
0,0,1,0,0,0,1,0,0,0,1,0,1,1,0,0,1,1,0,0,0,1,1,0,1,1,1,1,0,1,0,0,1,1,1,1,1,1,0,1,1,1,1,1,1,1,1,0,1,1,0,1,0,1,0,1,0,0,1,1,0,0,0,0,0.015625,-188.50174484660266,1
0,0,1,1,0,1,0,1,1,1,1,0,1,0,0,0,1,1,1,1,0,1,0,0,1,1,1,0,0,1,1,0,1,1,0,1,0,0,0,1,1,1,1,1,1,1,1,0,0,0,0,1,1,0,1,0,1,0,0,0,1,0,1,0,0.0,-188.5014441170132,1
0,0,0,0,0,0,1,0,1,1,0,1,0,0,0,0,0,1,1,0,0,1,0,0,1,0,1,1,0,1,1,0,0,1,0,1,0,1,0,0,1,1,1,1,1,0,1,0,1,1,0,0,0,0,0,1,0,0,1,1,1,1,1,0,0.0,-188.50113076177166,1
1,0,0,0,1,1,0,1,1,0,1,1,1,0,1,0,1,1,0,1,0,1,0,1,1,1,0,1,0,1,0,1,1,0,0,1,0,0,1,0,0,1,1,1,1,0,0,1,0,0,1,1,0,0,0,1,1,0,0,1,0,1,1,1,0.0,-188.50086466021136,1
1,0,1,1,1,1,1,1,0,0,0,0,0,1,0,0,0,1,0,0,1,1,1,0,0,0,0,1,0,0,1,1,0,0,0,1,1,1,1,0,0,1,1,1,1,0,1,0,0,1,0,0,1,1,0,0,0,0,0,1,0,0,1,0,0.0,-188.49986286164196,1
1,0,0,1,1,0,1,0,0,0,1,0,1,1,1,0,1,1,0,0,1,1,0,1,1,0,0,1,0,0,1,1,1,1,1,1,0,1,0,0,1,0,0,1,1,1,0,1,1,0,1,1,0,1,1,1,0,0,1,0,0,0,0,1,0.0,-188.4992771322945,1
0,1,0,0,0,1,0,1,0,0,1,0,1,0,1,0,0,1,0,0,1,1,0,1,0,0,1,0,0,0,1,1,1,1,0,1,0,0,1,0,1,0,1,1,1,1,0,1,0,1,0,0,0,1,0,1,0,0,0,1,1,1,0,0,0.0,-188.49849248561154,1
1,0,1,0,0,0,1,1,0,0,1,1,0,1,1,1,1,0,0,0,1,1,1,1,0,1,1,0,1,1,0,1,0,1,1,1,0,0,1,0,1,0,1,0,1,1,0,0,0,0,1,1,0,0,1,1,1,0,1,0,0,0,1,1,0.0,-188.49715590701356,1
0,1,1,0,0,0,1,1,0,0,0,1,0,0,0,0,1,1,0,0,1,0,0,0,1,0,0,0,0,0,1,1,1,0,1,1,0,1,1,0,0,1,1,1,1,0,0,0,1,1,0,1,1,0,0,0,0,0,1,1,0,1,1,1,0.0,-188.49674590451585,1
1,1,1,0,1,0,1,0,1,0,1,0,0,1,1,1,1,1,1,0,1,1,0,0,1,1,1,1,0,0,1,0,1,0,0,1,1,1,1,0,0,1,1,1,0,0,0,1,0,1,0,0,1,1,0,1,1,0,0,1,0,0,0,0,0.0,-188.49652148869296,1
0,1,1,0,1,0,0,0,1,0,0,0,1,1,1,1,1,0,0,1,0,0,0,0,0,1,1,1,1,0,1,0,1,1,0,0,1,0,1,1,0,0,1,0,1,0,0,1,1,1,0,0,0,1,1,0,0,0,0,0,1,0,1,0,0.015625,-188.4964847676827,1
1,0,1,1,0,1,1,1,0,1,1,1,0,0,1,1,1,1,0,0,0,1,0,0,1,1,0,1,0,0,0,0,1,1,0,1,1,0,1,0,0,1,1,1,0,1,1,0,0,1,1,1,0,0,1,1,1,0,0,0,1,1,0,0,0.0,-188.49621844681934,1
1,0,1,1,0,1,1,1,0,1,1,0,1,1,1,0,0,1,0,1,1,1,0,0,0,1,0,1,0,0,1,0,1,1,1,0,0,1,0,0,1,1,1,0,0,0,0,1,0,1,1,0,1,0,0,1,1,0,0,1,1,0,1,1,0.0,-188.49608892612997,1
0,0,0,0,0,1,0,0,1,0,1,0,1,1,0,0,0,0,1,0,1,1,0,0,1,0,0,1,1,1,0,1,0,1,1,1,0,1,0,0,0,0,1,1,1,0,1,0,1,1,0,1,0,1,1,0,0,1,0,0,1,0,0,1,0.0,-188.4956556065186,1
0,1,0,0,0,1,0,0,0,0,0,0,1,0,0,0,1,1,0,0,1,1,1,0,1,0,0,1,0,0,1,1,1,0,1,0,0,1,0,0,0,0,1,0,1,1,1,0,1,0,1,1,1,1,0,1,1,0,0,1,1,0,1,0,0.015625,-188.49546623262864,1
0,0,0,1,0,0,0,0,0,1,1,0,1,0,0,1,1,0,1,0,0,1,1,0,1,1,1,1,0,0,1,0,0,1,0,1,0,0,1,1,1,0,0,1,0,1,0,1,1,1,0,1,0,0,1,1,0,0,0,0,1,0,1,0,0.015625,-188.49522713444617,1
1,1,0,0,1,1,0,0,0,1,0,0,1,1,0,0,0,0,1,1,0,1,1,0,1,0,0,0,1,0,1,0,0,0,1,1,0,1,0,1,1,0,1,1,1,0,0,0,1,1,1,1,0,1,1,1,1,0,1,0,1,1,1,1,0.0,-188.49514503090907,1
0,1,1,1,0,0,0,0,1,0,0,0,1,1,1,1,1,0,0,0,1,1,0,0,1,0,0,1,0,0,1,1,1,1,0,0,1,1,1,0,0,1,1,1,0,0,0,1,1,1,0,0,0,0,1,0,0,0,0,0,0,1,1,0,0.0,-188.49511715892285,1
1,0,1,0,1,1,0,0,0,1,0,0,1,0,1,0,1,1,0,0,1,1,1,0,1,1,0,1,0,1,1,0,1,0,0,1,0,0,1,0,0,1,1,0,0,1,0,1,0,0,0,0,0,0,0,1,1,0,1,1,1,0,0,0,0.03125,-188.49479886895165,1
0,1,0,0,0,0,1,0,0,0,0,1,0,0,0,0,1,0,0,1,0,0,1,1,1,1,0,1,0,1,1,0,0,1,0,1,1,1,1,0,0,0,1,0,0,0,0,1,1,0,1,0,0,1,0,1,0,1,1,1,1,1,1,0,0.0,-188.49462629599154,1
1,1,1,0,0,0,0,1,0,0,1,0,1,0,1,0,1,1,0,0,1,1,0,1,1,1,1,1,0,0,0,1,0,0,1,1,0,0,0,0,1,1,1,1,1,1,0,0,1,1,0,1,1,1,1,1,1,0,0,1,0,0,1,0,0.0,-188.4946248574566,1
0,0,1,0,0,1,1,1,0,0,1,0,0,0,0,0,0,0,0,1,1,1,0,1,1,1,1,1,1,0,1,1,1,0,0,1,1,0,0,0,0,0,1,1,1,1,1,0,1,1,0,1,0,1,1,1,1,1,0,1,0,1,1,0,0.0,-188.49420584111354,1
0,0,1,0,0,1,1,1,0,0,0,1,0,1,0,0,1,1,0,0,0,1,1,0,1,1,0,0,1,0,1,1,1,1,0,1,0,0,0,1,0,0,1,1,0,1,1,1,0,0,0,1,1,0,0,1,0,0,0,0,1,0,0,1,0.0,-188.4941400792119,1
1,1,1,1,1,1,0,0,0,0,0,0,1,1,1,1,0,1,0,0,0,1,1,0,0,0,0,1,0,1,1,1,0,0,1,1,1,1,0,0,0,0,1,1,1,0,0,0,0,1,0,0,0,0,0,1,0,0,1,1,1,0,0,0,0.015625,-188.49370002651136,1
1,0,1,0,0,1,0,0,0,0,1,0,0,1,1,0,1,1,0,0,1,1,0,0,0,0,0,1,1,0,1,0,1,1,1,1,1,1,0,0,1,1,1,0,1,0,0,1,0,0,0,0,0,0,1,1,0,0,1,1,1,0,0,0,0.0,-188.4934835825237,1
0,1,0,1,0,1,0,1,0,0,0,0,1,1,0,1,0,0,0,0,1,1,1,1,0,0,1,1,1,0,1,0,1,1,1,1,0,1,1,0,1,1,0,1,0,0,0,0,0,1,0,0,1,0,0,0,1,0,0,0,1,0,0,1,0.015625,-188.49311479930878,1
1,0,0,0,0,1,0,1,0,1,1,1,1,1,0,0,1,0,1,0,1,1,1,0,1,0,1,1,0,1,0,1,0,1,0,1,0,1,0,0,0,1,1,1,1,1,1,1,1,1,0,1,0,1,0,0,1,0,0,0,0,1,0,1,0.0,-188.49278136646015,1
0,0,1,0,0,0,0,1,0,0,1,1,0,1,0,0,1,1,0,0,0,0,0,1,0,0,1,1,0,0,1,1,0,1,0,0,1,0,0,1,1,0,1,0,1,1,1,0,0,1,0,0,1,0,0,1,1,1,1,1,0,1,1,0,0.0,-188.4927443879587,1
0,1,1,1,0,1,0,1,0,0,1,0,0,0,0,0,1,0,0,1,0,1,0,0,0,1,1,1,1,0,1,0,0,1,1,1,0,0,0,1,1,0,1,0,1,0,0,0,1,0,1,0,1,0,1,1,0,0,0,0,1,0,1,1,0.0,-188.49215298479623,1
0,1,0,1,0,1,0,1,1,0,1,0,1,0,1,0,0,1,1,1,0,1,0,1,0,0,1,0,0,0,1,0,1,1,0,1,0,1,0,0,1,1,1,1,0,0,0,1,0,1,0,0,0,0,1,0,1,0,0,1,1,0,0,0,0.015625,-188.4919149566988,1
0,1,0,1,0,0,0,0,0,0,0,0,1,0,0,0,1,0,0,0,1,1,0,0,1,1,1,1,0,1,1,1,1,1,1,1,0,1,0,0,0,0,1,0,1,1,0,0,1,0,1,1,0,1,0,0,1,0,0,1,1,1,0,0,0.0,-188.49184968050312,1
1,0,1,1,1,1,1,0,0,1,0,0,1,1,0,0,1,0,1,1,0,1,0,0,1,1,0,1,0,1,1,0,1,1,0,1,0,1,0,0,0,1,1,1,0,1,0,0,0,1,0,1,0,1,1,1,1,0,1,1,0,0,1,0,0.0,-188.49140882586082,1
1,1,0,0,0,1,0,1,1,1,0,0,0,0,0,0,1,0,0,0,1,0,0,0,1,1,0,1,0,0,1,1,1,0,0,1,1,1,0,0,0,0,0,1,1,1,0,1,0,0,0,1,1,1,1,1,1,0,0,1,0,0,0,1,0.0,-188.49084317685936,1
0,0,1,1,1,0,0,1,0,0,1,0,0,0,1,0,1,0,0,0,0,1,0,1,1,0,1,0,0,1,1,1,1,1,0,0,0,0,1,1,0,0,0,0,1,0,0,0,0,1,0,1,0,1,1,1,1,0,0,1,0,1,1,1,0.0,-188.49035007017267,1
0,0,1,0,0,0,0,1,1,0,0,0,0,0,0,0,1,0,0,0,0,1,0,0,1,0,0,1,0,0,1,0,1,0,0,1,0,1,0,0,1,0,1,1,0,1,1,1,1,1,1,1,0,1,1,1,0,1,0,1,1,1,1,0,0.015625,-188.4901366842121,1
0,0,1,1,1,0,0,1,1,0,1,0,0,1,1,0,0,1,0,0,0,1,0,0,1,0,1,1,1,0,1,1,0,1,0,0,0,1,0,1,1,1,0,1,0,0,1,0,1,1,0,0,0,0,1,1,1,0,0,0,0,0,1,0,0.0,-188.49012430242175,1
0,1,0,0,0,0,1,1,0,1,1,0,1,0,1,0,0,1,1,0,1,1,1,1,0,0,1,1,0,1,1,0,0,1,0,0,0,0,0,1,1,0,1,0,1,1,0,0,1,1,0,1,1,0,1,1,1,0,0,1,1,1,1,1,0.0,-188.4899020786207,1
0,0,1,0,1,1,1,1,0,0,1,0,1,0,1,1,1,1,0,0,1,1,0,0,1,0,0,1,0,1,1,0,1,1,1,1,0,1,1,0,1,0,1,1,0,0,0,1,1,1,0,1,0,1,0,1,0,1,0,0,1,0,1,0,0.015625,-188.4898299201447,1
0,0,0,0,0,1,0,0,0,0,1,0,0,0,1,0,1,0,0,1,0,1,1,0,1,0,1,1,1,0,0,0,0,1,1,1,1,1,1,0,1,0,1,1,1,0,0,0,1,1,0,0,0,0,0,1,1,0,1,1,1,0,0,1,0.0,-188.48978282060494,1
0,1,1,0,0,0,0,1,1,1,1,0,0,1,1,0,1,0,0,0,1,0,0,0,1,0,1,1,1,0,1,1,1,1,1,1,1,0,1,1,0,0,1,1,0,1,0,0,1,1,1,0,0,1,1,1,1,0,0,0,0,0,1,1,0.015625,-188.4896920968822,1
1,0,0,0,0,0,0,1,0,0,0,0,0,1,1,0,1,1,0,1,1,1,0,1,0,1,1,0,1,1,1,0,1,0,1,1,0,0,1,0,1,0,1,1,1,1,1,1,0,1,1,1,1,1,1,1,0,1,0,0,1,0,0,0,0.0,-188.48939186475084,1
0,1,1,0,0,0,1,1,1,0,0,0,0,1,1,1,1,0,0,0,0,1,1,1,0,0,0,0,0,1,1,1,1,1,0,1,1,1,0,0,0,0,0,1,1,1,0,1,1,1,1,1,0,1,1,1,1,0,0,1,1,1,0,0,0.0,-188.48921556272683,1
0,0,1,0,1,0,0,1,1,0,1,0,1,0,1,1,0,1,0,0,1,1,1,0,1,0,0,1,0,0,1,0,1,1,0,1,1,1,1,0,0,0,1,1,0,1,0,0,1,1,1,1,0,1,1,1,1,1,0,0,0,1,1,0,0.0,-188.48878869175482,1
1,0,1,0,1,0,1,1,0,1,1,0,0,0,0,0,0,0,1,0,0,0,1,0,0,1,1,1,0,0,0,1,1,0,1,1,0,1,0,1,0,0,0,1,1,1,0,0,1,1,1,1,0,0,1,1,1,0,0,1,0,0,0,0,0.0,-188.48875727218103,1
0,1,1,1,1,0,0,1,0,0,0,0,0,1,0,1,0,0,0,0,1,0,0,0,0,1,1,1,1,1,0,0,1,0,0,0,1,0,1,0,1,0,1,1,1,0,0,0,0,0,0,1,1,1,1,1,0,0,0,1,1,1,1,0,0.0,-188.48865171620037,1
0,1,1,1,1,1,0,1,1,0,1,0,0,0,0,1,1,0,1,1,1,0,0,1,1,1,0,1,0,0,1,0,0,0,0,1,0,0,1,0,1,1,0,1,0,1,1,0,1,1,0,1,1,1,0,1,1,0,0,1,0,1,0,1,0.015625,-188.48858989621144,1
0,1,1,0,1,1,0,1,1,0,1,0,0,0,0,0,0,1,0,0,0,1,0,0,0,0,0,0,0,1,1,1,1,0,1,1,0,0,0,0,1,0,1,1,1,1,0,1,1,0,0,1,0,1,0,1,1,0,0,1,0,0,1,1,0.0,-188.48831892895754,1
1,1,0,0,1,0,1,1,0,1,0,1,1,0,1,1,0,0,0,1,0,0,1,1,0,1,1,1,0,0,0,0,1,1,1,1,1,0,0,0,1,0,1,1,1,0,0,1,1,1,0,1,0,1,0,1,0,0,1,1,1,0,1,0,0.0,-188.48757896925036,1
0,0,1,0,0,1,0,1,0,1,1,1,0,0,0,1,1,1,1,0,1,0,0,0,1,0,0,1,0,0,0,1,1,0,1,0,1,0,1,1,1,0,0,1,0,1,1,1,1,1,1,1,0,0,0,0,1,0,0,0,0,0,0,0,0.03125,-188.48684526381516,1
0,0,1,0,0,0,0,1,0,0,0,1,1,1,0,0,1,1,1,0,1,1,0,0,1,0,0,0,1,1,1,0,0,1,0,1,1,1,0,0,0,0,1,1,0,1,1,1,0,0,0,1,1,0,1,0,1,0,1,0,0,0,0,1,0.0,-188.48676249107865,1
0,1,1,1,0,0,1,1,1,0,0,0,1,1,1,0,1,0,0,1,1,0,0,1,0,0,0,1,0,0,1,0,1,1,1,1,0,1,0,1,0,1,1,1,0,1,0,1,0,1,0,1,0,1,0,1,1,0,0,1,1,0,1,1,0.0,-188.48650307487003,1
1,1,1,0,0,1,1,1,0,0,1,0,1,0,0,1,0,1,0,1,1,1,1,1,0,0,1,0,0,0,1,1,0,0,1,0,1,0,1,0,1,1,1,1,0,1,1,1,0,1,1,0,0,1,0,1,1,0,0,1,0,1,0,0,0.0,-188.48628907179426,1
0,0,1,0,0,1,1,0,1,0,1,0,0,1,0,0,0,1,0,0,1,0,0,0,1,0,0,0,1,1,1,1,0,1,0,0,0,0,0,0,0,0,1,1,0,1,1,1,0,1,0,1,1,1,1,1,1,0,1,0,1,0,1,0,0.0,-188.48617670437164,1
0,1,1,1,1,0,1,1,0,1,0,0,1,1,0,1,1,1,1,0,1,0,0,0,1,0,0,1,0,0,1,0,1,0,0,1,1,0,0,0,0,0,0,1,0,0,0,0,1,1,0,0,0,1,1,1,1,0,0,0,1,0,0,1,0.0,-188.48585140950456,1
0,1,1,1,1,0,0,1,0,0,1,0,0,0,0,0,1,1,0,1,1,0,0,0,1,0,0,1,0,0,1,1,1,0,1,1,1,1,0,0,1,0,1,1,1,1,0,1,0,1,1,1,0,1,1,1,0,0,1,1,0,0,1,1,0.015625,-188.48547014300027,1
1,0,1,0,0,1,0,1,0,1,1,0,1,1,0,0,0,0,0,0,0,1,0,0,0,1,1,1,0,0,1,1,1,0,1,1,1,1,0,0,0,0,0,1,0,1,0,0,1,0,1,1,1,1,0,1,1,0,0,0,0,1,0,0,0.0,-188.48513840888648,1
0,1,1,1,0,0,0,0,0,0,0,0,0,0,0,1,1,1,0,1,1,1,0,1,1,0,0,1,0,0,1,0,1,1,1,1,0,0,0,0,0,0,1,0,1,1,0,0,1,1,1,0,1,0,0,1,1,0,0,1,0,1,0,1,0.0,-188.4849483247156,1
0,1,0,0,0,0,1,1,0,0,1,1,0,0,0,1,1,0,0,0,1,1,0,0,1,0,1,1,0,1,0,1,0,0,1,1,0,1,1,0,1,0,0,1,0,1,0,1,1,1,0,1,0,0,0,1,1,0,0,1,0,0,0,1,0.0,-188.484936556724,1
1,0,1,0,0,1,0,0,0,1,1,1,0,1,1,0,0,1,0,0,0,1,0,1,1,0,0,1,1,0,1,0,1,1,1,1,0,1,0,1,0,0,1,0,0,0,0,0,0,1,0,1,1,0,1,0,1,1,0,1,0,0,0,0,0.015625,-188.48399298810122,1
0,0,0,0,1,0,0,1,0,0,1,1,0,1,1,1,1,0,0,0,0,1,0,0,1,0,1,1,0,0,0,1,0,1,1,1,0,0,1,1,1,1,1,1,1,1,0,1,1,0,0,1,0,0,0,1,1,1,0,1,1,1,1,1,0.0,-188.48352161433905,1
0,1,0,1,0,0,1,1,0,0,1,0,1,1,0,1,1,0,0,1,0,1,1,0,1,0,0,1,0,0,1,0,0,1,1,0,1,0,1,1,0,0,0,0,1,1,0,1,1,0,1,0,0,1,0,1,0,0,0,0,0,0,1,1,0.015625,-188.4832915533137,1
0,1,1,1,0,0,1,1,1,0,0,0,0,1,0,1,1,0,0,0,1,1,1,0,1,0,1,1,0,1,0,1,1,0,0,1,1,1,0,0,1,1,1,0,1,1,0,1,0,1,0,1,1,0,1,1,0,1,0,1,1,0,0,0,0.0,-188.48288713875718,1
1,1,1,0,0,0,0,1,1,0,1,0,0,1,0,0,1,1,0,0,0,0,1,0,1,1,1,1,0,0,0,1,0,1,0,1,1,0,0,0,0,0,1,1,1,1,0,1,0,1,1,0,1,0,0,0,0,1,0,0,1,0,0,1,0.0,-188.48250688007633,1
1,0,1,1,0,0,1,0,0,1,0,0,0,1,0,0,0,1,0,0,1,1,1,1,1,0,0,1,0,1,1,1,1,1,0,0,0,0,0,0,1,1,0,1,1,1,0,0,0,0,1,0,0,0,1,1,0,0,0,1,0,0,1,1,0.0,-188.4824212533658,1
1,0,1,0,0,0,0,1,0,0,1,1,1,0,0,1,1,1,0,1,0,0,1,0,1,1,1,1,0,0,1,1,0,1,1,1,0,0,1,0,1,0,1,0,0,0,1,1,1,1,1,1,1,0,0,1,1,0,0,1,0,1,1,0,0.015625,-188.48210462279704,1
0,0,1,0,0,1,0,1,1,1,0,1,1,1,1,0,0,0,0,0,1,1,0,1,0,0,0,1,1,0,1,1,0,1,1,1,0,1,0,0,1,1,1,0,1,0,1,1,1,1,1,1,0,0,0,1,1,0,0,0,1,0,1,1,0.0,-188.48176645298508,1
0,0,1,0,1,1,1,1,0,1,1,0,1,1,0,0,0,0,0,0,1,1,1,0,1,0,0,1,0,1,1,1,0,0,1,0,0,0,0,0,1,0,0,1,1,1,0,1,0,1,0,0,0,1,0,1,0,0,0,1,1,0,1,0,0.0,-188.4817336604496,1
0,1,1,0,1,1,0,1,0,0,1,0,0,0,0,0,1,1,0,0,0,1,0,0,0,1,0,1,0,0,1,0,1,1,1,1,1,1,0,0,0,1,1,1,0,0,0,0,0,0,0,1,1,1,1,1,1,0,1,0,0,0,1,0,0.0,-188.4810028658776,1
1,0,1,0,0,0,1,1,1,0,1,0,0,0,0,1,0,1,0,0,1,0,0,0,1,1,1,1,0,1,1,0,1,0,1,1,0,0,0,0,0,1,1,1,0,1,1,0,1,0,0,1,1,0,1,1,0,0,0,0,0,0,0,1,0.0,-188.48098489966245,1
0,1,0,0,0,0,1,1,1,0,1,0,1,1,1,0,0,1,1,0,0,0,1,0,1,1,1,1,0,1,1,1,0,0,0,1,0,0,1,0,0,0,0,1,1,1,0,1,0,1,1,0,0,0,1,0,0,0,1,1,0,0,0,0,0.0,-188.48065433885807,1
0,0,0,1,0,1,1,1,0,0,1,0,1,0,1,1,1,0,0,0,0,0,1,0,1,0,0,1,0,0,1,1,0,0,0,0,1,1,0,0,0,1,1,1,1,1,0,0,1,1,0,1,1,0,1,0,0,0,1,1,0,0,1,0,0.0,-188.48055360153992,1
1,0,1,0,0,1,1,1,0,0,0,0,1,0,1,1,0,0,0,1,0,1,1,0,1,0,0,1,1,1,1,1,1,1,0,1,1,0,0,0,0,1,1,1,1,1,1,0,1,0,0,1,1,1,0,0,0,0,1,1,0,0,1,1,0.0,-188.47913507314726,1
0,0,1,0,0,1,0,1,1,1,1,1,1,1,1,0,0,0,1,0,1,1,0,0,0,0,1,1,0,0,0,0,1,1,1,0,1,0,1,0,0,0,0,1,0,0,1,1,1,0,0,1,0,1,1,1,1,0,0,0,0,0,0,0,0.0,-188.47878610205862,1
1,1,1,0,0,1,0,1,0,1,1,0,0,1,1,0,1,1,1,0,1,1,0,1,1,0,0,0,0,0,1,0,0,1,1,1,1,0,0,0,1,0,0,1,0,1,0,0,0,1,0,0,0,0,0,1,1,0,0,0,0,1,0,1,0.0,-188.47873931070208,1
0,1,1,0,1,1,1,1,0,0,1,0,0,1,0,1,1,0,1,0,0,1,0,0,1,1,1,1,0,1,1,1,1,1,0,1,1,1,0,0,1,0,1,0,0,0,1,1,1,1,0,1,1,1,1,0,1,0,0,0,0,0,0,0,0.0,-188.47817464251938,1
0,1,1,0,1,0,1,0,1,0,1,1,1,1,1,0,1,0,0,1,1,1,0,1,0,1,0,0,1,1,1,1,1,0,1,0,1,0,0,0,1,0,1,0,1,0,0,0,0,1,1,1,1,1,0,1,1,0,0,1,0,1,0,0,0.0,-188.4778903440318,1
0,1,1,0,1,1,0,1,0,0,1,1,1,0,1,0,0,0,0,0,1,1,0,0,1,0,1,0,0,1,1,0,0,1,1,1,1,1,1,0,0,1,1,0,0,0,0,1,0,0,0,0,0,1,0,1,1,0,0,1,0,0,1,0,0.0,-188.4778064219758,1
0,1,1,1,0,0,0,1,1,1,0,1,0,0,1,0,0,0,1,0,1,1,0,0,1,0,0,1,0,1,1,1,0,0,0,0,1,1,1,0,1,0,0,0,1,1,1,1,0,0,0,1,0,0,1,1,0,1,0,0,0,0,1,0,0.0,-188.47762505572683,1
0,1,1,1,0,0,0,1,0,1,1,0,1,0,1,1,1,1,0,0,0,1,0,0,1,1,0,1,0,1,1,1,0,0,1,1,0,0,0,0,1,1,1,0,0,1,0,0,1,1,1,1,1,0,1,1,1,0,0,1,0,1,1,0,0.015625,-188.47753762987662,1
0,1,1,0,0,1,0,0,1,0,1,1,0,0,0,0,1,0,1,1,1,1,0,0,0,0,1,1,1,0,1,0,0,0,1,1,1,1,0,0,0,1,1,0,1,1,0,1,0,1,0,1,0,0,0,1,0,0,0,1,0,0,1,0,0.0,-188.4774663969822,1
0,1,0,0,0,1,1,1,0,0,1,0,0,0,0,1,1,1,1,0,1,0,0,0,1,0,0,0,0,0,1,1,1,1,0,1,0,1,0,0,1,0,1,1,1,1,0,1,0,0,0,1,0,0,1,1,0,1,0,0,0,0,1,1,0.0,-188.47712417359358,1
1,1,1,0,0,1,1,1,0,0,0,0,1,1,1,0,0,0,0,0,1,1,1,1,1,0,0,0,0,0,1,1,1,0,0,1,1,1,0,0,0,1,0,0,0,1,0,0,0,1,0,1,1,0,0,1,1,0,0,1,0,0,1,0,0.0,-188.4755136123533,1
0,0,0,0,1,1,0,1,0,0,1,1,0,0,0,1,0,1,0,1,1,0,0,1,1,0,0,1,0,0,1,0,0,0,1,1,1,0,0,0,1,0,1,1,0,1,0,1,1,0,0,1,0,1,1,1,1,0,0,1,0,0,1,0,0.0,-188.47470351687883,1
1,1,1,0,1,0,1,0,1,0,1,0,0,0,0,0,1,0,0,0,0,1,0,1,0,1,0,1,0,0,1,1,0,1,1,1,0,0,0,1,1,0,0,1,1,0,1,0,0,1,0,1,1,0,1,1,1,1,0,0,0,0,0,0,0.015625,-188.47349073046874,1
0,1,1,0,0,0,0,1,0,0,0,1,1,1,0,0,0,0,0,0,0,0,0,0,1,0,1,1,0,0,1,1,0,1,0,0,0,1,0,0,1,1,1,1,1,0,1,1,1,1,0,0,1,0,1,1,1,0,1,1,0,0,1,0,0.0,-188.47273447833786,1
0,1,1,1,1,0,0,0,0,1,1,1,0,0,0,1,0,0,0,0,0,0,0,0,1,0,0,1,0,0,1,1,1,0,0,1,1,0,0,0,1,1,0,1,1,1,1,0,1,1,0,1,0,1,0,1,0,0,0,1,1,1,0,0,0.0,-188.47234044492993,1
0,1,0,0,0,1,0,1,0,0,1,0,1,1,1,1,1,0,1,1,0,1,0,0,1,1,0,1,0,0,0,0,1,0,1,0,1,0,0,0,1,1,1,1,0,1,0,0,0,1,0,1,1,0,0,0,0,0,1,1,0,0,1,0,0.0,-188.4699631372489,1
1,1,1,0,1,0,0,1,0,0,1,0,0,0,1,1,0,1,1,1,0,1,1,0,1,0,1,1,0,0,1,0,0,1,1,1,1,1,0,0,0,1,1,1,0,0,1,1,1,0,1,0,0,1,0,1,1,0,0,1,1,0,0,1,0.0,-188.46982039455264,1
0,1,1,0,0,0,0,1,1,0,1,1,0,0,1,0,1,1,0,1,0,1,1,0,1,1,0,1,0,0,1,1,0,1,0,1,0,0,1,0,1,1,1,1,0,1,1,1,1,1,0,1,0,0,0,1,1,1,0,1,1,0,0,0,0.0,-188.4690499325135,1
0,1,1,0,1,1,1,1,0,1,1,0,0,0,0,1,0,0,1,1,0,1,1,1,0,0,1,1,0,0,0,1,0,0,0,1,1,0,0,0,0,0,1,0,1,1,0,0,0,1,1,0,0,0,1,0,1,1,0,1,0,0,1,0,0.015625,-188.4689552879982,1
0,1,0,1,0,0,1,1,0,0,1,0,0,0,0,1,0,0,0,1,0,1,0,0,1,0,0,1,1,0,0,0,1,0,0,1,1,1,0,0,1,1,1,1,1,1,0,0,0,0,0,1,1,1,0,1,1,1,1,0,1,0,0,0,0.015625,-188.46816006477232,1
1,0,0,0,0,0,0,1,0,1,0,0,1,1,0,0,0,0,0,0,0,1,1,0,0,1,1,0,0,0,1,0,1,1,1,1,0,0,1,0,1,0,1,1,1,0,1,1,0,1,0,1,0,1,1,1,1,1,0,0,0,0,0,1,0.0,-188.46785713827765,1
0,1,0,0,0,0,0,1,1,1,0,0,0,1,0,1,1,0,1,1,0,1,0,1,0,0,1,0,0,0,1,0,1,1,0,1,0,0,0,1,1,1,0,1,1,1,0,1,0,1,0,1,0,0,1,0,0,1,1,0,0,0,1,0,0.0,-188.46777063173167,1
0,0,0,1,0,0,1,1,0,0,0,1,1,1,1,1,1,0,0,0,1,1,0,0,1,1,0,1,0,1,1,1,0,1,0,0,0,0,0,0,0,1,1,0,0,1,1,0,0,0,0,1,0,1,1,1,1,0,0,1,0,1,0,0,0.0,-188.4670380432879,1
1,1,1,1,0,0,1,1,0,0,0,0,1,0,0,0,0,1,1,1,1,0,0,0,0,0,0,1,0,0,1,1,0,0,1,1,1,1,0,0,1,1,0,1,1,0,0,0,0,1,0,1,0,0,1,1,1,0,1,1,0,0,0,0,0.0,-188.4637070720353,1
0,1,1,0,1,1,0,0,0,0,0,0,0,0,1,0,1,0,0,1,1,1,0,0,1,0,1,1,0,0,1,1,0,1,0,0,0,1,1,0,1,1,1,0,0,1,0,0,1,0,0,1,0,0,0,1,1,0,1,1,1,0,1,0,0.0,-188.46164116524642,1
0,1,1,0,0,1,0,1,0,1,1,0,0,1,0,0,0,0,1,0,0,1,1,0,0,0,0,1,0,1,1,1,0,0,0,0,1,1,0,0,1,1,1,1,1,1,0,0,0,1,0,1,0,1,0,1,1,0,0,0,1,0,1,0,0.0,-188.45853208854874,1
0,0,1,0,0,0,0,1,0,0,0,0,1,1,1,1,1,0,0,1,1,0,0,0,1,1,1,1,0,0,1,1,1,0,0,1,1,0,1,0,1,1,1,1,1,1,0,1,0,0,1,1,1,1,0,1,1,0,0,1,0,1,1,0,0.03125,-188.45603699350107,1
0,0,1,0,0,0,1,1,0,1,0,0,1,0,1,1,1,1,0,1,0,1,0,0,1,1,0,1,0,1,1,0,1,0,0,1,1,0,1,0,1,1,1,1,1,1,1,1,1,1,1,1,0,0,0,1,1,1,0,0,0,0,0,0,0.0,-188.4525373102315,1
0,1,1,1,1,1,1,1,0,1,0,0,1,1,1,0,0,0,0,1,1,0,0,0,0,0,1,1,0,0,1,0,1,1,1,1,1,0,0,0,1,1,0,1,0,1,0,1,1,1,1,1,1,1,1,0,0,0,1,0,0,1,0,0,0.0,-188.45092433539267,1
0,0,1,0,1,1,1,1,1,0,1,0,1,0,0,1,0,0,0,0,1,1,0,1,1,1,1,1,1,0,0,1,1,0,0,0,1,1,0,1,1,1,0,1,0,1,0,0,1,1,0,0,1,0,1,0,1,0,1,0,1,1,1,1,0.0,-187.2538921890689,1
1,1,0,1,1,1,0,0,1,0,1,0,1,1,0,1,0,1,0,0,1,0,0,0,0,1,1,1,0,1,1,1,1,0,1,1,1,1,1,1,1,0,1,0,1,1,0,0,1,1,0,0,0,1,1,1,0,0,1,0,0,0,1,0,0.0,-187.25120970623144,1
0,0,1,1,0,1,0,1,1,0,1,1,0,1,0,0,0,0,0,1,0,1,0,0,1,1,1,0,1,0,1,1,1,0,1,0,1,1,1,0,0,0,1,1,1,0,0,1,0,1,0,0,1,1,1,1,0,1,0,1,1,1,1,1,0.0,-187.23949306316732,1
1,0,1,1,0,0,1,1,0,1,1,1,1,0,0,0,1,1,0,0,0,1,0,0,1,1,1,1,0,0,0,1,1,1,1,0,1,0,1,1,1,0,1,0,0,1,0,1,0,0,1,0,1,0,1,1,1,0,0,1,1,0,1,1,0.0,-187.2362799432139,1
0,0,1,0,1,1,1,1,1,1,0,1,1,1,0,1,1,1,0,0,0,1,1,0,1,0,0,1,0,0,1,0,1,1,1,1,0,1,1,0,0,0,1,0,0,1,0,0,0,1,0,0,1,1,1,1,1,0,1,1,1,0,0,1,0.0,-187.22638469695056,1
1,1,1,1,0,1,0,0,1,0,0,1,0,0,0,0,0,0,0,0,0,0,1,1,1,1,0,1,1,1,0,1,0,0,1,1,1,1,0,1,0,1,1,1,1,1,1,1,0,1,0,1,1,0,0,1,0,1,1,1,0,0,1,1,0.0,-187.22456893666677,1
0,1,0,1,0,0,1,0,0,0,1,0,1,0,1,0,1,1,0,1,1,1,1,0,1,1,1,1,0,0,1,1,1,0,1,1,1,1,1,1,1,0,1,0,0,0,0,1,1,1,0,0,0,0,1,1,1,0,1,0,0,0,1,1,0.0,-187.2227149503567,1
1,0,1,0,0,0,0,1,1,1,1,1,0,1,0,0,1,0,0,0,0,1,0,0,1,1,0,0,1,0,1,0,1,0,1,0,1,1,0,0,0,0,1,1,0,0,0,1,1,1,0,0,0,1,1,0,1,0,0,0,1,0,0,1,0.015625,-187.22185595817515,1
0,0,1,1,1,1,1,1,0,1,1,0,0,1,0,1,0,1,0,1,0,0,0,0,1,1,1,1,0,0,1,0,1,0,0,1,1,1,1,0,0,0,1,0,1,1,1,0,1,1,1,0,1,0,1,1,1,0,1,0,0,0,1,1,0.0,-187.21253003885676,1
1,0,0,1,0,1,0,0,1,0,0,1,0,0,1,0,1,1,0,0,1,1,1,0,1,0,0,0,0,0,1,1,0,0,0,1,1,1,0,0,0,0,1,1,1,1,1,1,0,1,0,0,0,0,1,1,1,0,0,0,0,0,0,1,0.0,-187.21238881854978,1
0,0,0,0,1,0,0,1,1,0,1,1,0,1,0,0,0,0,0,0,1,1,0,0,1,0,0,1,0,1,1,1,1,1,1,0,1,1,1,0,1,1,1,0,1,1,1,1,1,1,1,0,0,0,1,1,0,1,1,1,0,1,1,0,0.0,-187.21057221212405,1
1,0,0,1,0,0,0,1,1,1,1,0,1,0,0,1,0,1,1,0,0,1,0,0,0,0,0,1,1,0,1,0,1,1,0,1,1,1,0,1,1,1,0,0,1,1,0,1,1,0,1,1,0,1,1,1,1,1,1,0,0,1,0,1,0.0,-187.21017391055247,1
1,1,1,1,0,1,1,1,1,0,1,0,1,0,1,1,1,0,0,0,1,0,0,0,0,1,0,1,0,1,1,1,1,0,1,1,1,1,1,0,1,1,0,1,1,1,0,1,0,1,0,0,1,0,1,1,0,1,0,0,0,0,0,0,0.015625,-187.209435276545,1
1,0,0,1,0,0,1,1,0,0,1,0,1,0,1,1,1,0,1,0,1,0,0,0,0,1,1,0,0,0,1,1,0,1,1,1,0,0,1,1,0,1,1,0,1,1,1,1,1,1,0,1,1,1,1,0,0,1,0,0,1,1,0,1,0.015625,-187.20903101743778,1
1,1,0,0,0,0,0,1,0,1,0,0,0,0,0,0,1,1,0,0,1,1,1,0,0,1,1,1,0,0,1,1,0,0,1,0,1,1,0,0,1,0,1,0,1,1,0,0,0,1,0,0,1,0,1,1,0,0,0,0,1,0,1,1,0.0,-187.20884994596125,1
0,1,1,0,0,1,1,1,0,0,1,1,0,0,1,0,0,1,1,0,1,1,0,1,0,0,1,1,0,1,0,1,1,1,0,1,0,1,1,0,1,1,1,1,1,0,0,1,1,1,0,0,1,1,1,1,1,0,0,0,1,0,0,0,0.0,-187.2083692585464,1
0,0,0,0,0,1,0,0,0,0,0,0,1,1,1,0,1,0,0,0,1,1,0,1,1,0,0,1,0,0,0,0,1,0,1,1,1,0,1,0,1,1,1,0,0,0,0,1,1,0,0,0,0,1,1,1,0,0,1,1,1,0,1,1,0.0,-187.20737276528217,1
0,0,0,1,1,1,1,0,1,0,0,0,1,0,0,0,0,1,0,0,1,1,0,1,1,1,1,1,0,1,1,1,1,0,1,1,0,1,0,0,1,1,1,1,1,0,0,1,1,1,1,1,0,1,1,0,1,0,1,0,0,1,0,0,0.0,-187.20714440268546,1
0,0,0,0,1,1,0,1,1,0,1,0,1,0,0,0,1,1,1,1,1,1,0,1,1,0,1,1,1,0,1,1,1,0,0,1,0,1,0,0,1,0,1,1,0,1,1,0,0,1,1,1,1,0,0,0,1,0,1,1,1,1,0,0,0.0,-187.20633202362694,1
1,0,1,0,0,0,0,1,0,0,1,1,1,1,0,0,0,1,1,0,1,1,0,1,1,1,1,0,1,0,1,0,1,0,1,0,0,0,0,0,0,1,1,1,1,0,0,0,1,1,0,0,0,0,1,1,0,0,0,1,0,0,0,0,0.0,-187.2058551832086,1
0,1,0,0,0,1,1,0,0,1,1,1,0,0,1,1,1,1,1,1,0,1,0,1,1,0,0,1,1,0,1,1,1,0,1,1,0,1,1,0,1,0,1,1,0,1,1,1,0,1,0,1,0,0,0,0,1,0,0,1,1,0,1,0,0.0,-187.20396825601802,1
1,0,0,1,1,1,0,1,1,0,0,0,0,0,0,0,0,0,0,0,1,1,1,0,0,0,0,1,0,0,1,1,1,0,0,1,0,1,0,0,1,0,1,1,0,1,0,1,1,1,0,1,0,1,1,1,0,0,0,0,0,0,1,1,0.03125,-187.20343413388622,1
0,1,0,0,1,0,1,1,0,0,1,0,0,0,1,0,1,1,0,0,1,1,1,1,0,1,1,1,0,1,1,0,1,1,0,0,0,1,1,0,1,0,1,1,1,1,1,1,0,0,0,1,0,1,0,1,1,0,1,0,1,0,1,1,0.0,-187.20308946429125,1
1,0,1,0,0,0,0,1,1,0,1,1,0,1,0,0,0,1,0,0,0,1,0,0,1,0,0,1,0,0,1,1,1,1,0,0,0,0,1,0,0,0,1,1,1,1,0,1,1,0,1,0,0,0,1,0,1,0,0,0,1,1,0,1,0.0,-187.20291589210146,1
0,1,1,1,0,1,0,1,0,0,0,1,1,1,1,0,1,0,0,0,0,1,0,0,0,1,0,1,1,1,0,0,0,1,1,1,0,1,1,0,1,1,0,1,0,1,1,1,0,1,1,1,1,0,1,1,1,0,0,0,1,0,1,1,0.0,-187.20207155830295,1
1,0,0,1,0,1,0,1,0,0,0,0,1,1,0,0,0,0,1,0,1,1,0,0,0,1,1,1,0,1,0,0,1,1,0,1,1,1,1,0,0,0,0,1,1,0,0,1,0,1,0,1,0,1,1,1,0,0,0,1,0,0,0,0,0.0,-187.2010250842541,1
0,0,1,0,0,1,0,1,1,0,0,0,1,0,1,1,0,1,0,1,1,1,0,0,1,1,1,1,0,1,1,0,1,0,0,1,1,0,1,0,1,0,1,1,1,1,0,1,1,1,0,1,0,1,1,1,0,0,0,1,0,1,1,0,0.015625,-187.20062637454834,1
0,1,1,0,0,0,0,1,0,1,0,0,1,0,0,0,1,1,0,0,1,1,1,1,0,1,1,1,0,0,1,0,1,0,1,1,1,1,0,1,0,1,1,1,0,1,0,1,0,1,1,1,0,0,1,1,1,0,0,1,0,1,1,1,0.0,-187.20043186603291,1
1,0,1,1,0,1,1,1,0,1,0,0,1,1,1,1,1,1,1,1,0,1,0,0,1,1,1,1,1,1,1,0,0,0,0,1,0,1,0,0,1,1,0,1,1,1,0,1,0,1,0,0,0,0,0,1,1,0,0,0,0,1,1,0,0.0,-187.1995358464259,1
1,1,1,0,0,1,0,1,1,0,1,1,1,0,0,1,1,1,0,1,1,0,0,0,0,1,1,1,0,1,1,0,1,0,1,1,1,0,0,0,1,1,1,1,0,1,0,0,0,0,0,1,1,0,0,1,1,0,1,1,1,0,1,0,0.015625,-187.19928619593884,1
0,0,1,1,0,0,0,0,0,1,1,0,1,0,1,1,1,0,0,0,1,1,0,0,1,0,0,0,0,1,1,0,1,1,1,0,1,1,1,0,0,1,0,1,1,1,1,1,0,1,1,1,0,1,0,1,1,0,1,1,1,0,1,1,0.015625,-187.19912908599497,1
0,0,1,0,1,0,0,0,0,0,1,0,1,0,0,1,1,0,0,0,1,1,0,0,0,0,0,1,0,1,0,1,0,1,1,0,1,1,1,0,1,0,1,0,1,1,0,0,1,0,0,1,0,0,1,1,1,0,0,0,1,0,1,1,0.0,-187.19591512838213,1
0,0,0,0,0,0,0,1,1,1,1,0,1,1,0,0,0,1,0,0,0,1,1,0,0,0,0,1,0,0,0,0,0,1,0,1,0,1,0,0,1,0,0,1,1,1,0,0,0,1,1,0,1,0,1,1,1,1,0,1,0,1,1,1,0.0,-187.19572315767127,1
1,0,0,0,0,0,0,0,0,1,0,0,0,1,0,1,1,0,1,0,0,1,0,0,1,1,1,0,0,0,1,0,1,1,0,1,1,1,0,0,1,1,1,1,1,1,0,1,0,1,0,0,1,1,0,0,0,0,0,1,0,0,1,0,0.046875,-187.19518083074692,1
0,1,1,1,1,1,0,0,0,0,1,0,0,0,1,0,1,0,0,0,0,0,0,1,1,1,0,1,0,0,1,0,1,1,0,0,1,1,0,1,1,0,0,1,1,1,0,0,1,1,1,0,0,0,0,0,1,0,0,1,0,0,0,1,0.0,-187.193626147879,1
0,0,1,0,1,0,1,1,0,1,0,0,1,1,1,1,1,0,1,0,0,1,1,0,1,1,1,1,1,1,1,1,0,0,1,0,1,1,1,0,0,0,1,1,0,0,1,0,0,1,1,0,1,0,0,0,0,1,1,1,1,0,0,1,0.0,-187.19289658444066,1
0,0,1,1,1,1,1,0,0,0,1,0,0,1,0,1,1,0,0,1,0,1,0,0,1,0,1,0,1,0,1,0,1,0,1,0,0,0,0,1,0,0,1,0,1,0,1,0,1,1,0,0,1,0,1,1,1,0,1,0,0,0,0,0,0.0,-187.19288944280214,1
0,1,1,0,0,1,0,1,1,0,1,0,1,0,0,1,1,0,0,0,1,1,1,0,1,0,1,0,0,0,1,1,1,1,1,1,1,1,1,1,1,1,1,0,0,0,1,1,1,1,0,1,0,1,0,0,1,1,1,0,0,0,0,0,0.03125,-187.19257214826018,1
0,0,0,1,0,0,0,1,0,0,0,0,1,0,1,1,1,1,0,0,0,1,0,0,1,0,0,1,0,0,1,0,1,0,1,1,0,1,0,0,0,1,0,1,0,0,0,1,1,1,1,0,1,1,0,1,1,0,1,1,0,0,0,1,0.0,-187.19121310260405,1
1,0,0,0,0,0,0,0,0,0,1,0,1,1,0,0,1,0,0,1,0,1,0,0,1,0,0,0,1,0,1,0,1,1,1,1,1,1,0,1,0,1,1,1,0,0,1,1,0,0,1,0,0,0,1,0,1,0,0,1,0,0,1,1,0.0,-187.19114633402123,1
0,1,1,0,0,0,0,1,0,0,1,0,1,0,0,1,1,0,0,1,1,1,1,0,1,0,0,1,0,0,1,1,1,1,0,1,1,1,1,1,1,0,1,0,0,1,0,1,1,1,1,1,0,0,0,1,1,0,1,0,1,0,1,1,0.0,-187.19096276783898,1
1,0,1,0,1,1,1,1,0,1,1,1,1,1,1,1,1,1,0,0,0,1,0,0,0,0,1,1,1,1,1,1,1,0,1,1,0,0,0,0,0,0,1,0,1,0,1,1,0,1,0,1,0,0,1,1,1,0,0,0,1,1,0,0,0.0,-187.19004961470048,1
0,1,1,1,1,0,1,1,0,0,0,1,1,0,0,1,1,0,0,1,1,1,0,0,0,0,0,1,0,1,0,0,0,0,1,1,1,0,0,0,0,0,1,1,0,1,0,1,1,0,0,0,1,0,0,1,1,0,0,0,0,0,1,1,0.0,-187.18997792168275,1
0,1,0,1,0,1,1,1,0,0,1,0,0,1,0,0,0,0,0,0,0,1,0,0,1,1,0,1,0,0,0,1,1,0,0,1,0,0,1,0,1,0,1,1,1,1,1,1,0,1,1,0,1,0,0,1,0,1,0,0,0,0,1,0,0.0,-187.18921994296207,1
1,0,1,1,0,0,0,1,0,0,0,0,0,1,0,0,1,0,0,1,1,1,1,0,1,0,1,0,1,0,1,0,1,0,1,1,0,0,1,0,0,0,0,1,0,1,0,0,0,0,0,1,0,0,1,1,1,0,1,1,0,1,1,0,0.0,-187.18912341522307,1
1,1,0,1,0,0,0,1,0,0,1,0,1,0,1,0,0,1,0,0,1,1,0,0,0,1,1,0,1,1,1,0,0,1,0,1,0,1,0,0,1,0,1,1,0,1,1,0,0,0,0,1,0,0,0,1,1,0,0,0,1,1,0,0,0.0,-187.18908076808887,1
0,0,1,0,0,0,1,1,0,1,0,0,1,0,1,0,1,0,1,0,0,1,0,0,0,1,0,1,0,1,0,1,0,1,1,1,1,1,1,0,0,1,0,1,1,0,0,1,1,1,0,0,0,0,0,1,1,0,0,0,0,0,1,0,0.0,-187.18894492627845,1
0,1,0,1,0,0,0,0,0,1,0,0,1,0,0,1,1,0,0,0,0,1,0,1,1,0,0,1,0,0,1,1,1,0,0,0,1,1,0,0,1,0,0,1,0,0,1,0,1,1,0,1,0,0,0,1,1,1,1,1,1,1,0,0,0.0,-187.1885181600141,1
0,1,1,0,0,1,0,1,1,0,0,1,1,0,1,0,0,0,1,0,0,0,0,0,1,0,0,0,1,0,0,1,1,0,0,1,1,1,0,0,1,0,0,1,1,1,0,0,1,1,1,1,0,0,1,0,1,0,0,1,0,0,0,1,0.0,-187.18809511387047,1
1,1,1,1,1,1,1,1,0,1,0,1,1,0,0,0,0,1,0,0,1,1,0,0,1,1,1,1,0,0,1,1,0,1,0,0,1,0,0,0,0,1,0,0,1,0,0,1,0,1,1,1,1,1,1,1,1,0,0,0,1,1,1,0,0.0,-187.1879186008671,1
0,0,1,0,0,1,0,0,0,0,1,0,0,0,1,1,0,1,0,0,1,1,0,1,0,0,1,1,1,0,1,0,1,1,0,0,0,0,0,0,0,0,1,0,1,1,0,0,1,0,0,1,0,0,1,1,1,1,0,1,1,0,1,1,0.0,-187.18591672791734,1
1,0,0,0,0,0,0,0,1,0,1,0,0,1,1,1,1,0,1,0,0,1,0,0,0,0,0,1,0,1,1,0,0,0,0,1,0,1,0,1,0,1,1,0,0,1,1,1,1,1,0,1,1,0,1,0,1,0,0,1,0,0,0,1,0.0,-187.18546608758837,1
0,1,1,0,0,1,0,1,1,0,1,0,0,0,0,0,0,1,0,0,1,1,0,0,0,0,1,0,0,1,1,1,1,1,0,0,0,1,0,0,1,0,1,1,0,1,0,1,0,0,0,1,1,0,0,1,1,0,0,1,0,0,1,1,0.0,-187.18489805304807,1
1,0,1,1,0,1,0,1,0,1,1,0,0,1,0,1,1,1,0,1,0,0,0,0,1,0,1,1,0,1,1,0,1,1,1,1,1,0,0,0,0,1,0,0,0,1,0,1,1,1,1,1,1,1,0,0,1,0,0,1,1,1,1,0,0.0,-187.18452580707367,1
1,0,1,1,1,0,1,1,0,0,1,0,0,0,1,1,0,0,0,0,0,0,1,0,1,0,0,1,0,0,0,1,1,0,1,1,0,1,0,0,0,0,0,1,1,1,0,1,0,1,0,1,0,0,0,1,1,0,0,1,0,0,1,1,0.0,-187.1835882255886,1
0,0,0,1,1,0,0,1,0,0,0,0,0,1,0,0,1,1,0,1,1,0,1,1,1,0,0,1,0,0,0,0,0,1,0,0,0,1,0,0,1,0,1,1,1,0,1,1,1,1,0,0,1,1,1,1,0,1,0,1,0,0,0,0,0.0,-187.18353485846296,1
1,1,1,0,0,0,1,0,0,1,0,0,1,1,1,1,0,1,1,1,0,1,0,0,1,0,0,0,0,0,1,1,1,0,1,1,1,1,0,1,0,1,1,1,0,1,0,1,1,1,1,1,1,1,0,0,0,1,1,0,0,0,1,0,0.0,-187.18293014061146,1
0,0,1,1,0,0,0,1,1,0,1,0,0,0,1,1,0,0,1,1,1,0,0,0,1,0,1,1,0,0,1,0,1,0,0,0,0,0,1,0,0,0,1,1,0,1,0,1,1,0,1,0,0,1,0,1,1,0,0,1,1,0,1,0,0.0,-187.1822706371951,1
0,0,0,1,1,1,0,1,0,1,0,0,1,1,0,0,1,0,0,0,1,1,0,1,0,1,1,1,1,0,0,0,0,1,0,0,1,1,0,0,1,0,1,1,1,1,0,1,0,0,0,1,0,0,0,1,1,0,0,0,0,0,0,1,0.0,-187.18210713444142,1
0,1,1,0,0,0,0,1,1,0,1,0,1,1,1,0,1,1,1,1,1,1,0,1,1,1,0,1,0,0,1,0,1,1,0,0,1,0,0,0,1,1,0,0,0,0,0,1,0,1,1,1,1,1,1,1,0,0,0,0,1,1,1,1,0.0,-187.18063516976045,1
0,0,1,1,0,1,0,1,0,0,1,0,1,0,1,0,0,1,0,0,1,1,1,1,0,0,0,0,0,0,1,1,1,0,1,0,1,1,1,0,0,1,1,0,1,0,0,0,1,0,1,1,0,1,0,1,1,0,0,0,0,0,0,0,0.015625,-187.17971510904175,1
1,1,1,0,1,1,0,1,1,0,1,0,1,1,1,0,1,1,0,0,1,0,1,0,1,0,1,1,0,0,1,1,1,0,1,1,0,0,0,0,1,1,1,0,1,0,1,1,1,0,1,0,1,1,0,1,0,1,0,0,0,0,1,0,0.0,-187.1790082345109,1
0,0,1,0,0,0,0,1,1,0,0,0,1,1,1,0,0,0,1,0,0,1,1,0,1,1,0,1,0,0,0,0,0,0,0,0,1,0,1,1,1,1,0,1,0,1,0,1,0,1,0,1,0,0,1,1,1,0,0,1,1,1,0,0,0.0,-187.17836815079778,1
0,0,1,0,1,0,0,0,0,1,1,0,0,1,1,1,0,1,0,1,1,1,0,0,0,1,0,1,0,0,1,1,1,0,1,0,1,1,0,0,1,0,0,0,1,0,0,1,0,1,1,0,0,0,0,1,0,0,0,1,0,1,0,1,0.0,-187.17795072925,1
1,0,1,1,1,0,0,0,0,0,0,0,0,1,0,0,0,1,0,0,1,1,1,0,1,1,0,0,1,0,1,1,0,1,0,0,1,0,0,0,0,1,1,1,0,1,0,0,1,0,1,1,1,0,0,1,0,0,0,1,0,0,1,1,0.0,-187.1779262809904,1
0,0,0,0,1,0,0,1,0,0,0,0,0,0,1,1,1,0,0,1,0,1,0,0,1,0,0,1,1,0,1,1,0,0,0,0,1,0,1,0,0,1,1,1,1,1,0,1,1,1,0,0,1,1,0,1,0,0,1,0,0,0,1,1,0.0,-187.17717896988984,1
1,0,1,0,0,1,1,1,0,0,0,0,0,0,1,1,1,0,1,0,0,1,0,0,0,0,1,0,1,0,1,1,0,0,0,1,0,0,1,0,0,1,1,1,1,0,0,1,1,1,1,0,0,0,1,1,0,0,0,1,0,0,0,1,0.0,-187.17619501347198,1
0,0,1,0,1,1,0,1,0,0,1,0,1,0,0,0,1,0,0,1,1,0,0,0,0,0,1,1,0,0,1,0,0,0,1,1,0,0,1,1,1,1,1,0,1,0,1,0,1,1,0,0,1,0,1,1,1,0,0,0,0,0,1,0,0.0,-187.17615072584303,1
0,0,0,0,0,1,0,1,0,1,0,0,1,1,0,0,1,0,1,0,0,0,1,1,0,0,0,1,0,0,1,1,1,1,1,1,1,0,0,0,0,0,1,1,0,1,0,1,1,1,1,0,0,0,1,1,0,1,0,0,1,0,0,0,0.0,-187.17579300632752,1
0,1,1,0,0,0,1,1,0,1,1,0,0,0,0,0,1,0,0,0,0,0,0,1,0,0,1,1,0,0,1,1,1,1,0,0,1,0,1,0,0,0,0,1,0,0,0,1,0,0,0,1,1,0,1,1,0,1,1,1,1,1,1,0,0.015625,-187.17227047107764,1
0,1,1,0,0,0,0,0,0,0,0,0,0,0,0,1,0,1,0,1,1,1,0,0,1,1,0,0,0,1,1,0,0,1,1,0,1,1,1,0,0,0,1,1,0,0,0,1,0,1,0,1,1,0,0,1,1,1,0,1,0,1,1,0,0.0,-187.17218694892114,1
0,1,0,1,1,0,1,1,1,0,1,0,1,1,1,1,0,0,0,0,0,1,0,0,1,1,0,0,0,1,1,0,0,0,1,0,0,0,0,0,0,0,1,0,0,0,0,1,1,1,1,1,1,1,0,0,1,0,1,0,1,0,0,0,0.0,-187.17146449479878,1
1,1,1,0,0,0,1,0,0,1,1,0,0,1,1,0,0,1,0,0,0,0,1,0,1,1,0,1,0,0,1,1,1,0,0,0,1,0,1,0,1,0,0,1,1,1,0,0,0,1,1,1,0,0,0,0,0,0,1,0,1,0,1,0,0.0,-187.170076624125,1
0,1,1,0,0,0,1,1,0,0,1,0,0,0,1,1,0,1,1,1,1,1,1,0,1,0,1,1,0,0,1,1,1,1,1,0,1,1,0,0,0,1,1,0,1,0,1,1,1,0,0,1,1,0,0,1,1,0,0,1,1,0,1,0,0.0,-187.16960523720005,1
1,0,1,0,0,1,1,1,0,1,0,0,0,1,0,1,0,0,0,0,0,0,0,1,0,0,0,1,1,0,1,0,1,0,1,0,0,0,0,0,1,1,1,0,0,0,1,1,1,0,1,1,0,1,1,1,0,0,0,0,1,0,1,1,0.0,-187.16946598826337,1
0,1,1,0,0,1,0,0,0,1,0,0,0,0,1,0,0,0,1,1,1,0,0,0,0,1,1,1,0,0,1,1,1,0,1,0,1,0,1,0,0,1,1,1,0,1,0,0,0,0,0,0,1,1,1,1,1,0,0,0,0,1,0,1,0.0,-187.16811560159388,1
0,1,1,1,0,0,0,1,0,1,1,0,0,0,1,1,1,0,0,0,1,1,0,0,1,0,0,1,1,0,0,0,0,1,0,1,0,1,0,0,1,0,0,1,1,1,0,0,0,0,1,1,0,1,0,1,1,0,0,1,1,0,0,0,0.0,-187.16321964532455,1
0,0,1,0,1,0,1,1,0,1,1,0,0,0,0,0,0,1,1,1,0,1,1,0,0,0,0,1,0,0,1,1,1,0,1,1,1,1,0,0,1,0,1,0,1,0,0,0,0,1,0,1,0,0,0,1,1,0,0,1,0,0,1,0,0.015625,-187.16283505985834,1
0,1,1,0,0,0,0,1,0,0,1,0,1,0,1,0,0,0,0,0,0,1,0,0,0,0,1,1,0,0,1,0,0,1,0,0,1,0,1,0,1,1,1,1,1,1,1,0,1,1,0,1,0,1,0,1,0,0,0,1,0,1,0,1,0.0,-187.1520596882214,1
0,1,1,0,0,0,0,0,1,1,1,0,0,1,0,1,0,0,0,1,1,0,0,0,0,0,0,1,0,1,1,1,0,1,1,0,0,1,0,0,1,0,1,0,1,0,0,1,1,0,0,1,0,1,0,1,1,1,1,1,0,0,0,0,0.015625,-187.14742455531433,1
0,1,1,0,0,0,1,1,0,0,1,0,1,0,1,1,0,0,0,1,1,1,0,0,1,1,1,1,0,0,1,0,1,0,0,1,1,0,0,0,0,1,0,1,0,1,0,0,0,1,1,1,0,0,0,1,0,0,0,0,0,0,1,1,0.0,-187.14580345810842,1
1,0,0,0,1,1,1,1,0,0,1,1,1,1,0,0,1,1,0,0,1,1,1,0,1,1,1,1,1,1,1,0,1,0,1,1,0,0,1,1,0,0,0,0,1,1,1,1,1,1,0,0,0,0,0,0,1,0,0,1,1,0,1,1,0.0,-185.58117624550206,1
1,0,1,1,1,1,0,1,1,1,0,0,0,0,0,0,0,1,0,0,1,1,1,0,1,1,1,1,0,0,1,0,1,1,0,0,1,0,0,0,1,0,1,1,1,1,1,1,1,1,0,0,0,1,1,1,1,0,0,1,0,1,1,1,0.015625,-185.55629190497132,1
0,1,0,1,0,0,0,0,0,0,1,0,1,0,1,1,1,1,1,1,0,1,1,0,1,1,1,1,0,0,0,0,1,0,1,1,1,1,1,0,0,1,1,0,1,0,1,1,1,1,1,0,0,1,0,1,0,0,0,1,1,1,1,1,0.0,-185.55590890348216,1
1,1,0,1,1,1,0,0,1,1,0,0,1,1,1,0,1,1,0,1,1,1,0,1,0,1,0,1,0,0,1,1,1,0,1,0,0,0,1,0,1,0,0,1,1,0,0,1,0,1,0,0,1,0,1,1,1,1,1,1,1,0,1,0,0.0,-185.55524181547696,1
0,1,1,1,0,1,1,1,1,0,1,0,1,0,0,1,1,1,0,1,1,0,0,1,1,1,1,1,0,0,1,0,0,0,0,1,1,1,1,0,1,0,0,0,0,1,1,1,1,1,0,1,0,1,1,1,1,0,0,0,0,1,1,0,0.03125,-185.5471421855766,1
0,0,0,1,1,0,1,1,1,0,0,0,1,0,0,1,1,1,0,1,1,1,0,1,1,0,1,1,0,1,1,0,1,0,1,1,1,1,0,0,0,0,1,1,1,1,0,0,1,1,0,1,1,1,0,1,1,0,0,0,1,1,1,0,0.015625,-185.54672848363296,1
1,1,1,0,0,0,1,1,1,1,1,1,0,1,0,0,1,1,1,1,1,1,0,1,1,0,1,1,0,1,1,1,1,1,1,0,1,1,0,0,1,1,0,0,1,1,0,0,1,1,0,0,0,0,1,0,0,0,0,0,0,1,1,0,0.0,-185.54514927325897,1
1,1,0,0,0,0,1,1,0,0,0,1,0,0,0,1,0,1,1,1,1,1,0,0,1,0,0,1,0,0,1,0,1,1,1,1,1,1,1,0,1,0,0,1,1,1,1,1,1,1,0,1,1,1,0,1,1,0,0,0,1,0,1,1,0.0,-185.53810215295815,1
1,0,1,0,1,0,0,0,1,0,1,0,0,1,0,0,0,1,0,0,1,1,1,1,0,0,0,1,0,0,0,0,0,0,1,1,0,1,1,0,0,0,1,1,1,1,0,0,1,1,1,0,0,0,0,1,1,0,0,1,0,0,0,1,0.0,-185.53634375513855,1
0,1,1,0,1,1,0,0,0,1,1,0,1,1,0,0,1,0,1,1,1,1,0,1,0,1,1,1,1,1,1,1,1,1,1,1,1,1,0,0,0,1,0,0,0,1,1,1,0,1,1,0,0,0,0,0,1,0,1,1,0,0,1,0,0.015625,-185.53375024129468,1
0,0,1,1,0,1,1,0,0,0,0,1,1,0,0,0,1,0,0,0,0,1,0,0,1,1,1,1,0,0,1,0,1,0,1,0,1,0,0,1,0,1,0,0,1,1,1,1,1,1,0,0,0,1,0,1,1,0,0,0,0,0,0,0,0.015625,-185.5326762498209,1
0,1,0,0,0,1,0,1,0,0,0,0,1,1,0,0,0,0,1,0,0,1,0,0,0,1,0,0,0,0,1,1,1,0,1,0,1,0,1,1,1,0,0,1,0,0,1,1,0,1,1,0,1,0,1,0,1,0,0,0,0,1,1,1,0.015625,-185.53253416057876,1
0,1,1,0,1,0,0,1,1,0,0,1,0,1,1,1,1,0,0,1,1,0,1,0,1,1,0,1,0,1,1,0,1,0,1,1,1,1,0,1,0,0,1,0,1,1,0,1,1,1,0,1,1,1,0,1,0,0,1,0,0,1,1,0,0.015625,-185.5308305368545,1
1,1,1,0,1,0,1,0,0,0,1,1,1,1,0,1,0,1,0,0,1,1,0,0,0,0,1,1,0,0,1,0,1,1,1,0,1,1,0,1,1,1,1,1,0,1,0,1,1,0,1,1,0,0,0,1,1,0,1,0,1,1,1,0,0.015625,-185.52813862149995,1
0,0,1,0,0,1,0,1,1,0,1,0,1,1,1,0,0,0,0,0,1,1,0,0,1,0,1,1,0,1,0,0,1,0,1,1,0,1,0,0,1,0,0,1,1,0,0,1,0,1,0,0,0,0,1,1,0,0,0,0,0,1,1,0,0.0,-185.52508983537686,1
0,1,1,1,0,1,0,1,0,1,0,1,1,0,0,0,0,0,0,1,0,1,0,0,1,1,0,1,1,0,0,0,0,1,1,1,0,0,0,0,0,0,1,1,0,0,1,0,1,0,0,0,0,1,1,1,1,0,0,0,0,0,1,1,0.015625,-185.524433413642,1
0,0,1,0,1,1,1,1,1,0,0,0,0,1,1,0,1,1,0,0,0,0,0,1,1,1,1,1,0,0,1,1,1,1,1,1,0,1,0,0,1,1,0,0,1,0,0,1,1,1,1,1,1,1,0,1,0,0,0,1,0,1,1,1,0.0,-185.5211838240607,1
0,1,1,0,1,0,0,1,1,0,0,0,0,1,1,0,1,0,0,0,1,1,1,0,1,1,1,0,1,0,0,0,0,0,1,0,1,0,0,1,0,1,0,1,0,0,1,1,1,1,0,0,0,1,0,1,0,0,0,0,0,0,1,0,0.0,-185.5204677288134,1
1,1,1,0,0,1,1,1,0,0,0,0,1,0,1,1,1,1,1,0,0,1,1,0,0,1,1,1,0,1,1,1,1,1,0,1,0,0,1,0,1,1,1,0,1,0,0,0,1,1,0,1,1,0,1,1,1,0,0,0,1,0,1,0,0.0,-185.51872124569846,1
0,0,0,1,0,1,0,0,1,0,1,0,1,0,0,1,0,1,0,1,1,1,1,0,0,0,1,0,0,1,0,1,1,0,0,0,0,1,0,0,1,1,1,1,0,0,0,1,0,0,0,1,0,0,0,1,1,0,0,1,0,0,1,1,0.0,-185.51863802139144,1
1,1,1,0,0,0,1,0,0,0,0,0,1,0,0,1,1,0,0,0,1,1,0,0,0,0,0,1,0,1,1,1,1,0,0,1,0,1,1,0,0,1,0,0,0,0,0,1,0,1,0,1,0,1,1,1,0,0,1,1,0,0,1,0,0.015625,-185.51719790281007,1
0,1,1,1,0,0,1,1,0,0,1,0,1,1,1,0,1,0,0,0,1,0,0,0,0,1,1,1,1,1,1,0,1,1,1,0,1,0,0,1,1,1,1,1,1,1,1,1,1,1,1,0,1,0,0,1,0,0,0,0,0,1,0,1,0.0,-185.51614987038383,1
0,0,1,1,0,0,0,1,1,0,1,0,0,1,1,0,0,0,0,1,0,1,0,0,0,0,0,1,0,1,1,0,1,1,1,0,0,1,1,0,0,0,1,1,0,0,0,1,1,1,0,0,1,0,0,1,0,1,1,0,0,0,1,0,0.046875,-185.51517947421175,1
0,1,0,1,0,0,0,1,0,0,0,0,0,1,0,0,1,1,1,0,0,1,0,0,1,0,1,1,0,0,1,1,0,1,1,1,0,1,0,0,0,1,0,0,1,1,0,0,0,0,1,0,1,0,1,1,0,0,0,1,0,0,1,1,0.0,-185.51247897482114,1
0,0,1,1,1,0,0,1,0,0,0,1,0,0,0,0,1,1,0,0,0,1,0,0,1,1,1,0,0,0,0,1,0,1,0,1,0,1,0,1,1,0,1,1,0,0,0,0,0,1,1,1,1,0,1,0,1,1,0,0,0,0,0,1,0.0,-185.51214951101005,1
0,0,0,0,1,0,0,0,1,0,1,0,0,0,0,0,1,0,0,1,0,1,1,0,0,0,0,1,0,1,1,0,0,1,1,1,0,0,0,1,0,0,0,1,1,1,0,1,0,1,0,1,1,0,0,1,1,0,1,0,1,1,1,0,0.0,-185.50779628136715,1
0,1,1,0,1,0,1,1,0,1,1,1,1,0,0,0,1,0,0,1,0,1,1,0,1,1,0,1,1,0,1,1,1,1,0,0,1,0,0,1,1,1,1,1,1,1,0,1,1,1,0,1,0,1,0,1,1,0,0,0,0,0,1,0,0.0,-185.50534428770825,1
0,1,1,1,1,1,0,1,1,1,1,0,1,1,0,0,1,1,0,1,0,1,0,1,1,0,0,1,0,1,1,1,0,1,0,1,1,1,0,0,0,1,1,1,1,1,0,1,0,0,1,1,0,1,0,1,1,0,0,1,0,0,0,0,0.0,-185.49634696687215,1
0,1,1,0,0,0,0,1,0,0,0,0,1,0,1,1,0,0,0,0,0,0,0,0,0,1,0,0,0,0,1,0,1,1,0,1,1,1,1,0,1,0,0,1,0,1,1,1,0,0,1,1,0,0,1,1,1,1,0,0,1,1,0,0,0.0,-185.4952856418483,1
1,0,1,0,1,0,1,0,0,1,1,0,0,0,0,0,0,0,0,0,0,1,0,0,1,0,1,1,0,0,1,1,1,0,1,0,0,1,0,0,1,1,1,1,1,1,0,0,1,0,0,1,1,1,1,0,1,0,0,0,0,0,0,0,0.0,-185.49358383590283,1
1,1,1,0,0,1,1,1,0,1,0,0,1,1,1,0,1,1,1,1,1,0,0,1,0,0,1,1,0,1,1,0,0,1,0,1,0,0,1,0,1,0,0,1,1,1,0,0,0,1,1,1,1,1,0,1,1,1,0,0,1,0,1,0,0.0,-185.49129419395175,1
0,0,0,1,1,1,1,1,0,0,0,1,0,0,0,1,1,1,1,0,1,1,1,0,1,1,0,1,0,1,1,1,1,0,1,0,1,1,0,1,1,0,0,0,1,1,0,1,0,1,0,1,1,1,1,1,0,0,1,1,0,0,1,1,0.0,-183.52439212779967,1
1,0,1,1,1,0,1,1,1,1,1,1,1,0,0,0,0,0,0,0,0,1,0,1,0,1,1,1,0,1,1,1,1,1,0,1,1,0,1,1,0,0,1,1,1,1,0,1,1,0,1,0,1,1,1,1,0,0,1,0,0,1,0,0,0.0,-183.52134355161547,1
0,1,1,1,1,0,1,1,0,0,0,1,1,0,0,0,1,1,1,1,1,1,0,0,1,1,1,1,0,1,1,0,0,0,1,1,0,1,1,0,0,1,0,1,0,1,0,1,1,0,0,0,1,1,1,1,1,1,0,1,0,0,1,1,0.0,-183.50681416772744,1
0,1,1,1,1,1,1,1,0,1,0,0,0,1,0,1,1,1,1,1,0,0,0,0,0,1,0,1,1,0,1,1,0,1,0,0,0,1,0,0,1,0,1,0,1,1,0,1,1,0,0,0,0,1,1,1,1,1,1,1,1,1,1,1,0.0,-183.5061962475802,1
1,1,1,1,0,1,1,1,1,0,0,0,0,0,0,1,1,0,1,0,1,1,0,0,0,0,1,1,0,1,0,1,1,1,0,1,1,1,0,0,1,0,1,1,1,1,0,1,1,1,0,1,0,1,0,1,1,0,0,1,0,1,1,1,0.0,-183.5054196910612,1
1,1,0,1,1,1,1,1,0,0,1,1,0,0,0,1,1,1,0,0,1,1,1,0,1,1,1,1,1,0,0,1,0,1,1,1,0,0,0,0,0,1,1,1,1,1,1,0,1,1,0,1,0,0,0,1,1,0,0,0,1,0,1,1,0.0,-183.50205339064223,1
0,0,1,0,0,0,1,1,0,1,1,1,1,1,0,1,0,1,1,1,0,1,0,1,0,0,0,0,1,0,1,0,1,1,0,1,1,1,0,0,1,0,1,1,0,0,1,1,1,1,1,0,1,1,0,1,1,1,1,1,0,1,1,0,0.0,-183.4984248296609,1
1,0,1,0,0,0,1,0,1,0,1,1,1,1,1,1,1,1,0,0,1,1,1,1,0,0,1,1,0,1,1,1,1,1,0,1,1,0,1,0,0,1,0,1,0,1,0,0,1,1,1,0,1,0,1,1,1,0,0,0,0,1,0,1,0.0,-183.4965553736862,1
0,0,1,0,0,1,0,1,1,1,1,0,1,0,1,1,0,0,0,0,0,1,1,0,0,0,0,1,0,1,1,0,1,1,1,1,1,1,0,1,0,0,1,1,0,1,1,1,1,1,0,1,1,0,1,1,1,1,0,1,1,0,1,1,0.0,-183.49468282275973,1
1,0,1,1,1,0,0,1,0,1,1,1,1,0,1,0,0,0,0,0,1,1,0,0,1,0,1,1,0,1,1,1,1,0,1,0,1,1,1,1,0,1,1,1,0,1,1,1,1,1,1,1,0,1,1,0,0,0,0,1,1,0,0,0,0.015625,-183.49375618299376,1
0,1,1,1,0,1,1,1,0,0,1,1,1,0,0,0,0,1,0,0,1,1,0,0,1,1,1,1,1,0,1,1,1,1,0,1,1,0,0,1,1,0,1,1,1,0,0,1,0,1,0,1,0,1,1,1,1,0,0,1,0,0,1,1,0.0,-183.49332149358503,1
0,0,0,1,0,0,0,1,0,0,0,0,0,1,0,0,0,0,1,0,1,1,0,1,1,0,0,1,0,0,1,0,1,1,1,0,1,1,1,0,1,0,1,0,0,0,1,0,1,0,1,0,0,0,0,1,1,0,0,1,1,0,1,0,0.0,-183.4813788195163,1
0,1,0,1,0,1,0,0,0,0,0,1,0,1,0,0,0,1,0,0,1,0,0,0,1,1,0,1,0,1,0,1,1,0,0,1,0,0,0,0,0,0,0,1,1,1,1,1,0,0,0,1,1,1,0,1,1,0,0,0,1,0,0,1,0.015625,-183.47916695019063,1
1,0,1,0,0,0,0,1,0,0,1,0,1,0,0,0,0,0,0,0,0,0,0,0,1,1,1,0,0,1,1,1,0,1,0,0,1,0,0,0,0,0,1,1,1,1,1,0,1,0,0,0,0,1,1,0,1,1,1,0,0,1,0,1,0.0,-183.47709218467736,1
1,0,1,1,1,0,0,1,0,1,0,0,0,1,1,0,1,1,0,0,0,1,1,0,1,1,1,1,1,0,1,0,0,0,0,1,1,1,1,0,1,1,1,1,1,0,0,1,0,1,1,1,0,1,1,1,1,0,0,0,1,1,1,0,0.015625,-183.47401879911672,1
1,1,1,0,1,0,0,0,1,1,1,1,0,0,0,1,1,0,0,0,0,1,0,0,1,0,1,1,0,0,1,0,1,1,0,1,0,0,0,0,0,0,0,0,0,1,0,1,1,1,1,0,1,0,1,0,0,0,0,1,0,0,0,0,0.0,-183.47171424843947,1
0,0,0,0,0,1,0,1,0,1,0,1,1,0,0,0,1,0,0,0,0,1,0,1,0,0,1,1,1,0,1,1,0,0,0,1,1,1,0,0,1,1,1,0,0,1,0,0,0,1,1,0,0,0,1,1,1,0,0,0,1,0,0,0,0.0,-183.46953825071677,1
0,1,0,0,1,0,0,1,0,0,0,1,1,0,0,0,1,0,0,0,1,1,0,1,1,1,1,1,0,0,0,0,0,0,0,0,0,0,0,0,0,0,1,1,1,1,0,0,0,1,1,1,0,0,1,1,1,0,0,1,1,0,1,0,0.0,-183.46776307769272,1
1,1,0,1,1,0,0,1,0,1,0,0,1,1,1,0,0,0,0,0,1,1,0,0,0,1,1,1,1,1,1,0,0,0,1,0,0,0,0,0,1,0,1,0,1,0,1,1,0,0,0,0,0,0,1,1,0,0,0,0,0,0,1,0,0.015625,-183.4638907885838,1
1,1,1,1,1,0,0,1,0,1,1,0,0,0,1,0,1,1,0,1,0,0,1,1,1,1,1,0,1,0,1,1,1,1,1,0,1,0,0,1,1,1,0,1,1,0,0,1,0,0,1,1,1,0,1,1,1,0,0,0,0,0,1,1,0.0,-183.46259126906614,1
0,1,1,0,0,1,1,0,0,1,1,0,1,0,0,0,0,1,1,0,0,1,0,0,0,0,0,1,0,0,1,0,1,0,1,1,0,0,0,0,1,0,0,1,0,1,1,0,1,0,0,1,0,1,0,1,0,1,1,0,0,1,0,0,0.0,-183.46138188489778,1
0,0,1,0,0,0,0,0,0,0,0,0,1,1,0,1,0,1,0,0,1,1,0,0,1,1,1,1,0,0,0,1,0,1,0,0,1,0,0,1,1,0,1,1,1,0,0,0,1,0,1,1,0,0,1,1,0,0,1,0,0,0,0,1,0.0,-183.4558320020568,1
1,1,1,0,0,0,1,0,0,0,1,0,1,0,0,0,1,0,0,0,1,1,0,0,1,0,1,1,0,0,1,1,1,0,1,1,0,0,0,0,0,0,0,1,0,0,1,1,0,1,0,1,0,0,0,1,1,0,0,1,0,0,1,0,0.015625,-183.45416452023517,1
0,0,0,0,0,1,1,1,0,0,0,0,1,0,0,0,0,0,0,1,0,1,1,1,1,1,0,0,1,0,1,0,0,0,0,0,1,0,0,1,1,1,1,1,0,1,0,0,0,1,1,1,1,0,0,0,1,0,0,1,1,0,0,0,0.0,-183.44926477443428,1
0,1,1,0,0,0,0,1,0,0,1,0,0,1,1,1,0,1,1,1,1,0,0,1,0,1,1,1,1,1,1,0,1,1,1,0,1,1,1,0,0,0,1,1,0,1,1,0,1,1,1,0,1,0,1,1,1,0,0,0,1,1,1,1,0.0,-181.09005154345562,1
1,0,0,1,1,1,1,1,1,0,1,0,1,0,1,0,0,0,1,0,0,0,0,0,1,1,0,1,0,1,1,1,0,1,1,0,1,1,1,0,0,0,1,0,1,1,1,1,1,1,1,1,0,1,1,1,0,1,1,1,0,1,1,0,0.0,-181.08994198527813,1
1,1,1,1,1,0,0,0,1,1,1,0,1,0,1,0,1,1,0,0,1,0,1,0,1,0,1,1,1,1,0,1,1,0,1,1,0,1,0,0,1,0,0,0,0,1,0,1,1,1,1,1,1,1,0,1,1,0,1,0,1,1,0,1,0.0,-181.0899345643789,1
1,1,0,0,1,0,0,1,1,1,1,1,1,1,1,1,0,0,0,1,1,0,0,0,0,0,0,1,0,1,1,1,1,1,0,1,1,1,1,0,0,1,0,1,1,0,0,1,1,1,0,0,0,1,1,1,1,0,1,1,1,0,1,1,0.0,-181.08685754875165,1
1,1,1,1,1,1,0,0,1,0,1,0,0,0,0,1,1,1,0,0,1,1,1,0,1,1,1,1,0,0,1,1,1,1,0,1,1,0,1,0,1,1,1,1,1,1,0,1,0,1,0,1,0,1,1,0,1,0,1,0,1,0,0,0,0.0,-181.07996978561147,1
0,0,0,1,0,0,0,1,0,0,0,0,0,0,0,0,1,1,0,0,0,1,0,0,1,1,0,1,1,0,1,1,1,1,1,0,0,0,1,0,0,0,0,1,0,1,0,0,1,0,0,1,0,1,1,1,0,0,1,0,0,0,1,1,0.0,-181.07927057676372,1
0,1,1,0,0,0,1,1,0,0,0,0,1,0,0,0,0,1,0,0,0,0,1,0,1,0,1,0,0,0,1,1,1,0,1,1,0,0,0,0,1,0,0,1,0,0,1,1,0,1,0,1,0,1,0,1,1,0,0,1,0,0,0,1,0.0,-181.0277090976539,1
0,1,1,1,0,0,1,0,0,0,1,0,0,0,0,0,0,0,0,0,0,0,1,0,1,0,0,0,0,1,1,0,0,1,1,1,0,0,1,1,0,0,1,0,0,0,1,1,0,0,0,1,1,0,1,1,1,0,0,0,1,0,1,0,0.0,-178.25355785595167,1
