0,1,2,3,4,5,6,7,8,9,10,11,12,13,14,15,16,17,18,19,20,21,22,23,24,25,26,27,28,29,30,31,32,33,34,35,36,37,38,39,40,41,42,43,44,45,46,47,48,49,50,51,52,53,54,55,56,57,58,59,60,61,62,63,chain_break_fraction,energy,num_occurrences
1,0,1,1,1,0,0,0,1,1,0,0,0,0,0,0,0,1,1,1,1,0,1,1,1,1,1,0,1,0,0,1,1,0,0,1,1,0,1,1,1,0,1,1,0,0,0,1,1,1,0,0,0,0,0,1,1,0,0,0,0,1,0,1,0.0,-410.02609437206553,1
0,1,1,0,1,1,1,1,1,0,1,1,1,1,0,1,1,0,0,0,1,1,0,0,1,1,0,0,0,0,0,1,0,0,1,1,0,0,1,0,0,0,1,0,1,1,1,1,1,1,0,0,1,1,0,1,0,0,0,0,1,0,0,0,0.0,-410.00929943176516,1
1,0,1,1,1,1,0,0,1,1,1,0,0,1,0,0,1,1,0,0,0,0,0,0,1,0,1,0,1,1,1,1,1,1,0,1,1,0,0,0,1,0,1,0,0,1,0,1,1,0,0,0,0,1,0,1,1,1,0,0,0,1,0,1,0.03125,-409.99088478035674,1
1,0,1,0,0,1,1,1,1,0,0,0,0,0,0,0,0,1,1,0,0,1,1,1,1,1,1,1,0,0,0,1,0,1,0,1,0,1,0,0,0,0,1,1,1,1,0,0,0,1,0,1,1,1,0,1,1,1,0,1,0,1,0,0,0.0,-409.98900422835385,1
1,0,0,1,1,1,1,1,1,0,0,1,0,0,1,0,0,1,1,0,0,0,0,1,0,0,0,1,1,0,0,0,0,1,0,1,0,0,1,0,0,0,1,1,1,0,1,1,1,0,0,1,1,1,1,1,1,0,0,1,0,1,0,1,0.0,-409.9889612923648,1
1,0,1,1,0,1,1,1,0,1,1,0,0,0,0,1,1,1,0,0,1,1,1,0,1,1,0,1,0,0,1,0,0,1,0,1,0,1,0,1,1,0,1,0,0,1,1,0,1,1,0,1,0,0,0,0,0,0,0,1,1,1,0,0,0.0,-409.9865212689815,1
0,1,1,1,1,1,0,0,1,0,1,1,1,0,0,0,1,1,0,0,1,1,1,0,1,1,1,0,0,0,0,0,1,0,0,1,0,0,1,1,1,0,1,1,1,1,0,1,1,1,0,0,1,0,0,1,0,1,0,0,0,0,0,0,0.0,-409.98034621048083,1
0,0,1,1,1,0,1,0,1,1,1,0,0,0,1,0,1,1,0,0,1,0,0,0,0,0,0,0,1,0,0,1,1,1,1,1,1,1,1,0,1,0,0,1,0,1,0,1,1,1,0,0,1,0,1,1,0,0,0,1,0,1,1,0,0.0,-409.97988237446083,1
1,1,0,1,0,1,1,0,1,1,1,0,0,0,0,0,0,1,0,1,0,0,0,0,1,1,0,1,0,0,1,1,0,1,1,1,1,1,0,1,0,1,0,0,1,0,1,1,1,1,0,1,0,0,0,0,1,0,0,1,0,1,0,1,0.0,-409.9793074757612,1
1,0,1,0,1,0,0,1,1,0,1,1,0,0,0,0,1,1,0,0,1,1,0,1,1,0,1,1,0,0,0,1,1,1,1,0,1,1,1,0,0,0,1,0,1,0,0,1,0,1,0,0,1,0,1,1,1,0,0,1,0,0,0,1,0.015625,-409.9784603493809,1
1,1,1,0,1,1,0,0,1,1,1,1,1,0,0,1,1,1,0,0,1,1,0,1,0,1,0,0,1,0,1,0,0,1,0,0,0,1,0,1,0,0,0,1,1,1,0,1,0,0,0,1,0,1,0,0,0,0,0,1,1,1,1,0,0.015625,-409.9782730443512,1
1,0,1,1,0,1,1,1,0,1,0,1,0,0,0,1,1,0,0,0,1,1,1,1,1,0,1,1,0,0,0,1,0,1,0,1,1,0,0,0,1,0,1,1,1,1,0,1,1,1,0,1,0,0,0,1,0,0,0,1,0,0,0,0,0.015625,-409.97809015824845,1
1,0,1,0,1,1,0,1,0,1,1,1,1,0,1,0,0,0,0,1,0,1,0,0,0,0,0,0,0,0,0,1,1,1,1,0,0,0,1,0,1,0,1,1,0,1,0,1,0,1,0,1,1,1,0,1,1,0,0,1,1,0,1,1,0.0,-409.97540670737595,1
0,0,1,1,0,1,1,0,0,1,0,0,0,0,0,1,0,0,0,0,0,1,0,1,1,0,1,1,1,0,1,1,0,0,0,1,0,1,0,0,0,0,1,1,1,1,1,1,1,1,0,1,0,1,1,1,0,1,0,0,1,0,1,1,0.0,-409.9749855776042,1
1,0,0,0,0,1,1,1,0,0,0,0,0,0,1,0,1,0,1,1,0,1,0,0,0,1,1,1,1,1,0,1,0,0,1,1,0,0,1,0,0,1,1,0,0,1,1,0,1,0,0,1,1,1,1,1,0,0,1,1,0,1,0,1,0.0,-409.9727566235178,1
0,0,0,1,1,1,0,1,1,1,0,1,0,0,0,0,1,1,1,0,0,0,0,0,1,0,0,1,0,0,1,1,0,1,0,1,1,1,0,0,0,1,1,1,1,1,0,0,0,1,0,1,1,1,0,0,0,0,0,1,1,1,1,1,0.015625,-409.97152695826856,1
0,1,1,1,0,1,1,0,0,0,1,1,0,0,0,0,1,1,0,0,1,0,0,0,1,0,1,1,0,0,1,0,1,1,1,0,1,1,0,0,1,0,1,0,1,0,1,0,1,1,0,0,1,1,1,0,1,0,1,0,1,1,0,0,0.015625,-409.9709948115547,1
1,0,1,1,0,0,0,1,1,0,0,0,1,0,0,0,0,1,1,1,0,1,1,0,1,1,1,0,0,1,0,1,0,1,0,0,0,0,1,0,1,1,1,1,1,1,0,1,1,1,0,1,0,0,0,0,0,1,0,1,1,1,0,0,0.0,-409.96885968725474,1
0,0,1,0,1,0,0,1,1,0,1,1,0,0,0,0,1,1,0,1,1,0,1,0,0,1,0,1,1,0,0,1,0,1,0,1,0,1,0,0,1,0,1,1,1,0,1,1,1,1,0,0,0,1,0,1,1,0,0,1,0,1,0,1,0.0,-409.9684593548383,1
1,0,0,1,1,1,0,1,1,1,1,1,1,0,0,0,1,0,0,1,1,0,0,1,0,1,0,1,1,0,0,0,0,0,1,0,0,0,0,0,1,0,0,0,1,1,1,1,0,1,0,1,0,1,1,1,1,0,0,1,1,0,0,1,0.0,-409.9678162370309,1
1,1,0,1,0,1,1,0,1,0,1,0,0,0,0,0,1,1,1,0,1,0,0,0,0,1,1,0,0,0,0,0,1,1,1,1,1,1,0,0,0,0,1,0,1,1,0,1,0,0,1,0,1,0,1,1,0,1,1,1,1,0,0,1,0.0,-409.96632564865655,1
0,0,0,0,1,1,1,1,0,1,0,1,0,0,1,0,0,0,0,0,1,0,1,0,0,0,1,0,0,0,0,1,1,1,1,1,1,1,1,0,0,0,1,1,1,0,1,1,0,1,0,1,1,1,0,1,0,1,0,1,1,1,0,0,0.0,-409.96348731540274,1
1,0,1,1,1,1,1,1,0,0,0,1,0,0,1,0,0,1,1,1,1,1,0,0,0,1,1,0,1,0,1,1,1,1,1,1,0,0,0,0,1,0,1,0,1,1,0,0,0,1,0,0,0,0,1,0,1,0,0,0,0,1,1,0,0.0,-409.9597480534113,1
0,1,1,1,1,0,0,1,1,0,1,0,1,0,0,1,0,0,0,1,1,0,1,1,1,1,0,0,1,0,1,1,0,0,0,1,1,1,1,0,1,0,1,1,0,1,0,1,1,0,0,1,1,0,0,0,1,1,0,0,0,0,0,0,0.0,-409.9587840289787,1
1,0,0,1,0,1,1,1,1,0,1,0,0,0,0,0,1,0,1,0,0,0,0,0,1,0,1,1,1,0,1,0,0,1,1,0,1,0,0,0,1,0,1,1,0,1,1,1,1,1,0,0,1,1,0,1,1,0,0,0,1,1,0,1,0.0,-409.95745690263334,1
1,0,0,0,1,0,1,0,0,1,1,0,0,0,0,0,0,0,1,1,1,1,1,1,1,0,1,0,0,1,0,1,0,1,1,1,1,0,0,1,1,1,1,0,0,1,0,1,1,0,0,1,1,0,0,1,0,1,0,0,1,1,0,0,0.0,-409.9561139784536,1
0,0,0,0,1,0,1,1,1,0,1,0,0,0,0,1,0,1,0,1,1,0,0,0,1,0,1,0,1,0,1,1,1,0,0,0,1,1,0,0,0,0,1,1,1,1,0,1,1,1,0,1,1,1,0,1,1,1,0,0,0,1,0,1,0.0,-409.9534889613621,1
0,0,0,0,1,1,1,1,1,0,1,0,1,0,0,1,0,1,1,0,0,1,0,0,1,0,1,1,0,0,0,1,1,1,1,1,1,1,0,1,1,1,1,0,0,0,0,1,0,0,0,0,0,1,0,1,1,0,0,1,1,0,1,0,0.0,-409.95332029052753,1
1,0,1,1,0,1,0,1,0,1,0,1,0,0,0,0,0,1,0,1,1,1,1,1,0,1,1,1,0,0,0,1,0,0,0,0,1,0,0,1,0,0,1,1,1,1,1,1,1,1,0,0,1,0,0,1,1,0,0,0,1,0,0,1,0.0,-409.95290083642885,1
0,1,1,0,0,1,0,0,0,1,0,0,0,0,0,0,1,1,0,0,1,0,0,0,1,0,1,0,0,1,1,1,0,1,1,1,1,0,0,1,1,1,1,0,1,1,1,0,1,1,0,1,1,0,1,1,0,0,1,0,1,0,0,1,0.0,-409.9527096748072,1
1,0,0,1,0,1,1,0,0,0,1,0,1,0,0,0,1,1,0,0,1,0,0,0,1,1,1,1,0,0,0,1,0,1,0,0,1,0,0,0,1,0,1,1,1,1,0,1,1,1,0,1,0,1,1,1,1,1,0,0,0,1,1,0,0.015625,-409.9497814486653,1
1,1,1,1,0,1,1,1,0,0,1,0,1,0,0,0,0,1,0,1,0,0,0,0,1,1,1,0,0,0,1,1,0,0,1,1,0,0,1,0,0,1,1,0,0,1,1,0,1,1,1,1,0,1,1,1,1,0,0,0,0,0,1,0,0.0,-409.94942155379044,1
1,0,1,0,0,1,1,1,0,1,0,1,1,0,1,0,0,1,0,0,1,1,1,0,0,0,1,1,1,0,0,1,1,0,0,1,1,1,1,0,0,0,1,1,0,0,1,1,1,1,0,0,0,0,0,1,1,0,0,0,1,1,0,0,0.0,-409.9487530027083,1
0,1,0,1,1,1,0,1,1,0,1,1,1,0,0,0,1,1,0,1,1,0,1,0,1,0,1,0,1,0,0,0,0,1,0,0,0,1,0,1,0,0,0,1,0,0,1,1,1,1,1,1,1,1,0,1,0,0,0,0,1,0,0,1,0.0,-409.9472981149492,1
0,0,1,1,0,1,1,1,1,0,0,0,0,1,0,1,1,1,0,0,1,0,1,1,0,0,0,1,0,0,0,1,0,1,0,1,0,1,0,1,1,0,1,1,0,1,0,1,0,1,0,1,1,1,0,1,1,0,0,0,0,1,1,0,0.0,-409.94685864833065,1
0,1,0,0,0,0,1,1,1,0,1,1,0,1,0,1,1,0,0,1,1,0,0,0,0,0,0,1,0,0,1,1,1,1,1,1,0,1,0,0,0,1,1,0,0,1,1,1,1,1,0,0,1,1,0,1,0,0,0,1,1,1,0,0,0.0,-409.9468116504249,1
0,0,1,0,1,1,1,0,1,0,1,0,1,1,0,0,1,0,0,0,1,1,1,1,1,1,0,1,1,1,0,1,0,1,0,1,1,1,0,1,0,0,1,0,0,1,0,0,0,0,0,1,1,0,1,1,1,0,0,0,0,0,1,0,0.015625,-409.9444444913829,1
1,0,1,1,1,1,0,1,1,0,0,1,0,1,0,0,1,0,0,1,1,1,1,0,0,0,1,1,0,0,0,1,0,0,0,1,1,1,1,0,0,0,1,0,1,0,0,1,0,1,0,1,1,1,0,1,1,0,1,0,1,0,0,0,0.0,-409.94425955260425,1
0,0,1,0,0,1,0,0,1,1,1,1,0,0,1,0,1,1,0,1,1,1,0,0,1,1,0,0,0,1,1,1,1,1,1,1,1,1,0,0,0,0,0,0,1,1,0,1,1,1,0,0,0,0,0,1,1,1,0,1,0,0,0,0,0.0,-409.942261574446,1
1,0,1,0,1,1,1,1,0,0,1,0,1,0,0,0,0,0,0,0,1,1,0,0,0,1,1,0,0,1,1,1,0,1,0,1,0,0,1,0,1,1,1,1,1,1,0,1,0,1,0,1,1,0,0,1,1,0,1,0,0,0,1,0,0.0,-409.9398993881723,1
0,1,1,0,0,1,0,0,1,0,1,0,0,0,1,1,0,0,0,1,1,0,0,0,1,0,0,1,1,0,0,1,1,1,0,1,1,1,0,0,1,0,1,1,0,1,1,1,1,0,0,1,1,0,1,1,1,0,1,0,0,1,0,0,0.015625,-409.9396601938479,1
1,0,1,1,1,0,0,1,0,1,1,0,1,0,0,0,1,1,0,1,1,1,0,0,0,0,0,0,0,0,1,1,1,0,0,1,0,1,0,0,1,0,1,0,1,1,1,1,1,0,1,0,1,0,0,1,1,0,1,1,0,1,0,0,0.0,-409.9381205799131,1
0,0,0,1,0,1,0,1,1,0,1,0,1,0,1,0,0,1,0,1,0,1,1,0,1,1,1,0,0,1,1,0,1,0,0,1,0,0,1,0,1,0,1,0,1,0,0,1,0,1,0,1,0,1,0,1,1,1,0,0,1,1,0,1,0.0,-409.93591885227534,1
1,0,1,1,1,1,1,1,1,0,1,1,0,1,1,1,0,1,0,0,0,0,0,0,1,1,1,1,1,0,1,1,1,0,0,1,0,0,1,0,1,0,1,0,1,0,1,0,0,0,0,0,0,0,0,0,1,0,1,0,0,1,0,1,0.0,-409.93310321588245,1
0,0,0,1,1,1,0,1,0,0,1,0,0,1,0,0,1,0,0,0,1,1,0,0,0,0,0,0,1,0,1,1,1,1,0,1,1,1,1,0,1,1,1,1,1,1,0,1,0,0,0,1,0,1,1,1,1,0,0,1,0,1,0,0,0.015625,-409.932860677396,1
1,0,1,0,0,1,1,1,0,0,1,0,1,0,1,0,1,0,0,0,1,1,0,0,1,1,1,1,0,0,1,0,1,1,0,1,1,0,0,0,0,0,1,0,0,1,0,0,1,1,1,1,1,0,0,1,1,0,0,0,1,1,1,0,0.0,-409.93080561726566,1
0,0,1,1,1,1,1,0,1,0,1,0,0,1,0,0,0,0,0,1,0,0,1,0,1,1,1,0,0,0,1,1,1,1,1,0,1,0,0,1,0,0,1,1,1,0,0,1,1,1,0,1,1,0,0,1,1,1,0,1,0,0,0,0,0.0,-409.92986799807835,1
0,0,1,1,1,1,1,1,1,0,1,1,1,0,0,0,0,1,0,1,1,0,1,0,0,0,0,1,0,0,1,1,1,1,0,1,1,1,0,1,0,1,1,1,0,0,0,1,0,1,0,0,0,1,1,0,1,0,0,0,1,0,0,0,0.0,-409.9297446110286,1
0,0,1,1,1,1,1,1,1,0,1,0,0,1,0,0,0,0,0,1,1,0,0,1,1,0,0,1,1,1,1,0,1,0,0,1,1,1,1,0,1,0,1,0,0,0,0,0,1,1,0,1,0,0,1,1,0,0,0,1,1,0,1,0,0.0,-409.92888258281266,1
1,1,0,0,1,1,0,0,1,0,1,1,0,0,0,0,1,1,0,1,0,0,0,1,1,0,0,1,1,0,0,1,1,1,1,0,0,1,0,1,1,0,0,1,1,0,0,0,1,1,0,1,1,0,1,1,0,0,0,1,0,1,1,0,0.0,-409.92709332916655,1
0,0,0,0,1,1,1,0,1,1,0,1,0,1,1,0,1,1,0,0,1,1,1,0,1,0,0,1,0,0,0,1,0,0,1,1,1,0,0,0,1,0,0,0,1,1,0,1,1,1,0,0,1,0,0,1,1,0,1,0,1,1,0,1,0.0,-409.925837575639,1
1,0,1,1,0,1,0,0,1,0,0,1,0,0,0,0,1,1,0,0,1,0,1,0,1,0,0,1,0,1,0,1,0,0,0,1,1,1,0,0,0,1,1,1,1,1,0,1,1,1,0,1,0,1,0,1,0,1,0,1,0,1,1,0,0.0,-409.9256486460536,1
1,0,1,0,1,1,0,0,1,0,1,0,1,0,1,0,0,1,0,1,1,1,0,1,1,1,0,1,1,0,0,0,0,1,1,1,0,0,1,0,0,0,1,1,1,0,0,1,1,1,0,0,0,1,0,1,1,0,0,1,0,0,0,1,0.0,-409.9249445740688,1
1,1,0,0,1,0,1,1,0,0,1,1,1,0,0,1,1,0,0,0,0,0,1,0,1,0,1,1,0,0,0,1,0,0,0,1,1,1,0,1,0,0,1,1,0,0,1,1,1,1,0,1,0,1,1,1,1,1,0,1,0,0,0,0,0.0,-409.92342934894396,1
1,0,1,1,0,1,1,1,0,0,0,0,1,0,1,0,0,0,1,0,1,0,0,0,1,1,0,1,1,0,1,1,1,0,0,1,1,0,0,0,1,1,0,0,1,1,0,1,0,1,0,1,0,1,0,1,1,0,0,1,0,1,0,1,0.015625,-409.92186310059077,1
1,0,0,0,1,1,1,0,1,0,1,1,1,0,0,0,0,1,0,1,0,0,0,0,0,1,1,0,0,0,1,1,1,1,1,0,1,1,0,0,0,1,1,1,1,0,0,1,1,0,1,0,0,1,1,1,1,1,0,1,0,0,0,0,0.0,-409.91810703596786,1
1,1,1,0,1,0,1,0,1,1,0,0,0,1,1,0,1,1,0,0,0,1,0,0,1,1,0,0,0,1,0,1,1,0,1,1,0,0,0,0,1,0,1,0,1,1,0,1,1,1,1,1,0,0,1,1,0,1,0,0,0,0,0,1,0.0,-409.91747970693893,1
0,0,1,0,0,1,1,0,0,0,1,1,0,0,1,0,0,0,0,0,0,1,0,1,0,1,1,1,0,0,0,0,0,1,1,1,1,1,0,0,1,0,1,1,1,1,1,1,1,1,1,0,0,1,0,1,0,0,0,1,0,1,1,1,0.0,-409.91509857869914,1
1,0,0,1,0,0,0,0,0,1,1,0,1,0,1,1,1,0,0,1,1,0,1,0,0,1,1,0,1,1,1,1,1,1,0,1,1,0,0,0,0,0,1,1,0,1,1,0,1,1,0,1,0,0,0,1,1,1,0,0,0,0,0,1,0.0,-409.9150019689428,1
1,0,1,1,0,1,0,0,1,0,1,0,0,0,1,0,1,0,0,1,1,0,1,0,1,0,0,1,1,0,0,1,0,0,1,1,1,0,0,0,0,1,1,0,1,1,1,0,1,1,0,1,1,1,0,0,1,1,1,1,0,0,0,0,0.0,-409.91489726862795,1
1,0,1,1,1,0,1,0,0,1,1,0,0,0,0,0,1,0,0,1,0,1,1,0,1,0,1,0,1,1,1,1,1,0,1,0,1,1,0,1,0,0,1,0,0,1,0,1,0,1,0,0,1,0,0,1,0,1,0,1,0,0,1,1,0.0,-409.91270393077,1
0,0,0,0,0,1,1,0,1,0,0,1,0,0,0,0,1,1,0,0,1,1,0,0,1,1,0,1,1,0,0,1,0,1,1,0,1,0,1,0,1,1,1,1,1,1,1,0,0,1,1,1,1,1,0,1,1,0,0,1,0,0,0,0,0.0,-409.91266301987434,1
0,0,1,1,0,1,0,0,0,1,1,0,1,0,0,1,1,0,0,0,1,0,0,0,1,0,1,1,1,1,0,1,1,1,1,0,0,0,0,0,1,1,1,1,1,1,0,0,1,1,0,1,0,1,0,1,0,0,0,0,1,1,1,0,0.015625,-409.91213709681807,1
1,0,1,1,0,1,0,1,0,1,0,0,1,0,0,1,1,0,1,0,0,1,1,0,1,0,1,0,0,1,1,1,0,0,0,1,1,1,0,0,0,1,1,0,1,1,1,1,1,1,0,0,0,1,0,1,0,0,1,1,0,0,0,0,0.0,-409.9114764745665,1
0,0,1,0,0,1,0,1,0,1,1,1,1,1,0,0,1,0,0,1,1,0,0,0,0,1,0,0,0,0,1,1,1,1,0,1,1,1,1,0,1,0,0,1,1,0,1,1,1,0,0,0,0,0,0,0,0,1,1,1,0,1,1,1,0.015625,-409.91143313047047,1
0,0,0,1,1,0,0,1,0,1,1,0,0,0,1,0,0,1,0,0,1,1,1,1,1,0,0,1,0,0,0,1,1,1,0,0,1,0,0,1,0,0,1,0,1,1,0,1,0,1,1,1,0,1,0,1,1,0,1,1,1,0,0,1,0.0,-409.9113164925228,1
0,0,1,1,0,1,0,0,1,0,1,0,1,0,0,0,1,0,0,1,1,1,0,0,0,1,1,1,0,1,1,1,0,0,0,0,1,1,0,0,1,1,1,0,1,1,0,1,1,0,0,1,0,0,0,1,1,1,1,1,0,1,0,0,0.0,-409.9111269166308,1
1,0,1,1,1,1,0,1,0,0,1,0,1,0,1,0,1,1,0,0,0,0,1,0,0,1,1,1,1,0,1,1,0,1,0,1,1,0,1,0,1,0,1,1,0,1,0,0,0,1,0,0,0,1,0,0,1,0,0,0,1,1,1,0,0.0,-409.9075746156501,1
1,0,1,1,0,1,0,1,1,0,1,1,0,0,0,1,0,1,0,0,0,0,0,0,0,1,0,0,1,0,1,1,0,1,0,0,1,0,1,0,1,1,1,1,1,1,0,1,1,1,0,0,0,1,1,1,1,1,0,0,0,0,0,1,0.0,-409.90635813395687,1
1,0,1,0,1,1,1,1,1,0,1,0,0,0,0,0,0,0,1,0,0,1,0,0,1,0,0,1,1,1,0,1,1,1,0,1,1,1,0,0,0,0,0,1,1,0,0,1,0,1,1,1,0,1,0,0,1,1,0,1,1,0,0,1,0.0,-409.90594254849583,1
0,1,0,0,0,1,1,0,1,0,1,0,1,0,0,0,1,1,1,1,0,1,0,1,1,0,0,1,0,0,1,1,0,0,1,0,1,1,1,0,1,0,1,1,1,1,0,0,1,1,0,0,0,1,1,0,1,0,0,0,0,1,1,0,0.015625,-409.9057270722565,1
1,0,1,0,1,0,1,1,1,0,1,1,0,1,0,0,0,1,0,0,1,0,0,1,0,0,0,1,0,1,0,1,1,1,1,1,0,0,0,1,1,1,1,0,1,1,0,1,1,0,0,0,1,0,0,1,1,1,0,0,0,1,0,0,0.0,-409.90556615822237,1
1,0,1,1,1,1,0,1,1,0,1,0,0,1,1,0,0,0,0,1,0,1,0,0,0,1,0,0,1,1,0,0,0,0,0,0,1,1,1,0,1,0,1,1,0,1,1,1,1,1,0,0,1,0,1,1,1,0,0,1,0,1,0,0,0.0,-409.9052365971634,1
1,0,1,0,1,0,1,1,1,1,1,0,1,0,0,0,0,0,0,0,1,0,1,0,0,1,1,1,0,0,1,1,1,1,1,1,0,0,1,1,0,0,1,1,0,1,0,0,0,1,0,0,0,1,0,1,1,1,1,0,0,0,1,0,0.0,-409.90521256117233,1
1,1,1,1,0,1,0,1,0,1,1,1,0,0,0,0,0,0,0,1,1,1,0,0,1,0,0,0,0,0,1,1,1,0,0,1,0,1,1,1,1,1,1,0,1,1,0,1,0,0,0,1,1,1,0,1,0,1,0,0,0,0,1,0,0.0,-409.9050686055293,1
1,0,1,1,1,1,0,0,0,1,1,1,0,1,1,0,1,0,1,0,0,1,0,0,1,0,0,1,0,0,0,1,1,0,0,1,1,1,1,0,1,1,1,1,1,1,0,0,0,1,0,1,0,1,0,0,1,0,0,0,1,0,0,0,0.0,-409.904935909625,1
1,0,1,1,0,1,0,1,0,0,1,0,1,0,0,0,0,1,0,1,1,1,0,0,1,0,0,1,0,0,0,1,1,0,0,1,0,1,0,0,0,1,1,1,1,1,0,1,0,1,1,1,1,1,0,1,1,0,0,1,0,0,0,1,0.015625,-409.9046864987191,1
1,1,0,0,1,1,0,1,1,0,0,0,0,0,1,0,1,1,0,1,1,1,0,0,0,0,1,1,0,0,0,0,0,1,1,0,1,0,0,1,1,0,1,1,1,1,0,1,1,1,0,1,0,1,0,1,1,0,0,0,1,0,1,0,0.015625,-409.90219976342274,1
1,0,1,1,0,1,1,0,1,0,1,0,1,0,0,0,0,1,0,1,1,0,0,0,1,0,0,1,1,1,1,1,1,0,1,0,1,0,0,1,1,0,1,1,1,1,1,1,0,1,0,1,0,0,0,1,1,0,0,0,0,0,0,0,0.015625,-409.89984278070347,1
1,0,1,1,0,0,0,1,1,1,1,0,0,0,0,0,0,1,0,1,1,1,0,0,0,0,0,1,0,0,1,1,0,1,1,1,0,1,0,0,0,0,1,0,1,1,1,0,1,0,1,1,0,1,0,1,1,1,1,1,0,1,0,0,0.015625,-409.8995515000418,1
0,0,1,0,1,0,0,1,0,0,1,0,1,0,0,0,0,0,1,1,1,1,0,0,1,1,1,1,0,1,1,0,1,0,0,1,1,1,0,1,1,0,1,1,0,1,0,1,1,1,0,0,1,0,0,1,1,0,0,1,1,0,0,0,0.0,-409.89800013074955,1
0,1,1,0,1,0,1,1,0,1,1,1,1,0,1,1,1,1,0,1,0,0,0,0,0,0,0,0,0,1,0,0,0,1,0,1,0,1,0,0,1,0,1,0,1,1,1,1,1,0,0,1,1,1,0,1,0,1,1,0,0,0,0,1,0.0,-409.89797264040953,1
0,0,0,1,1,1,1,1,0,1,0,0,0,0,1,0,0,1,1,0,0,0,0,0,1,1,1,0,1,1,0,1,0,1,1,0,0,1,0,1,1,0,1,0,1,0,0,1,0,1,1,0,1,1,1,0,1,0,0,1,1,0,0,1,0.0,-409.89766617185785,1
1,0,1,1,1,0,1,1,0,1,1,1,0,1,1,0,0,1,0,0,1,1,0,0,0,0,1,0,1,0,1,1,1,1,1,0,1,1,0,0,1,0,0,0,1,1,0,0,1,1,0,1,0,0,1,1,0,0,1,0,0,0,0,0,0.0,-409.8969550248,1
1,0,1,0,1,1,0,1,0,0,1,0,1,0,1,0,0,0,0,0,1,0,1,0,1,1,1,0,1,0,1,1,1,0,1,0,1,0,0,1,0,0,1,1,1,0,1,1,1,1,0,1,1,0,1,1,0,0,0,0,0,0,0,1,0.0,-409.8967374983335,1
0,1,0,1,0,1,0,0,0,1,0,1,0,0,0,0,1,0,1,1,1,0,1,1,0,1,1,1,0,1,1,1,1,1,1,0,0,1,0,0,0,1,1,1,1,1,1,1,0,1,0,0,0,1,0,1,0,0,0,0,1,0,0,0,0.0,-409.89377073414124,1
0,0,0,1,1,1,0,1,1,0,1,0,0,1,1,0,1,0,1,1,1,0,0,0,0,1,0,0,1,0,1,1,0,1,0,0,0,1,1,0,0,0,0,1,1,1,0,1,0,1,0,0,0,1,1,1,1,0,0,0,1,1,1,1,0.015625,-409.89296806000306,1
1,0,0,1,1,1,0,0,1,0,0,1,0,0,0,0,0,1,1,1,1,1,1,0,0,0,0,1,0,0,1,1,1,1,1,0,1,1,0,1,1,0,1,1,1,1,0,1,0,0,0,0,1,0,0,1,1,0,1,1,0,0,0,0,0.0,-409.8929354140726,1
0,1,0,1,0,0,0,1,0,0,1,0,1,1,0,1,0,0,0,1,1,0,1,0,1,0,1,0,0,0,0,1,0,1,1,0,1,1,0,0,0,0,1,1,1,1,0,1,1,0,0,1,1,0,1,1,1,1,1,1,0,1,0,0,0.0,-409.8891517105445,1
1,0,0,0,0,0,0,1,1,0,1,0,1,1,0,0,1,1,0,1,1,1,1,1,1,0,1,0,1,0,1,1,0,1,0,1,0,0,1,0,1,0,1,1,1,1,1,0,1,0,0,0,1,1,0,1,0,0,0,0,0,1,0,0,0.0,-409.88686545762255,1
1,0,1,1,0,0,0,1,0,0,1,0,0,0,1,0,1,1,0,0,1,0,0,1,0,1,0,1,0,0,1,1,1,0,0,1,1,1,0,0,1,1,1,1,1,1,1,0,0,1,0,1,1,1,1,0,0,0,0,1,0,0,1,0,0.0,-409.886242367228,1
1,0,1,0,1,1,0,1,1,1,1,1,0,1,0,1,1,1,0,1,0,1,0,0,1,0,0,1,0,0,1,1,0,0,1,1,1,0,1,0,0,0,0,0,0,1,1,1,0,1,0,0,0,0,0,1,1,1,0,0,1,1,0,0,0.015625,-409.88137835904575,1
0,0,1,1,0,1,1,0,1,1,1,0,0,0,1,0,0,0,0,1,1,0,0,0,0,1,1,1,1,0,0,1,1,1,0,1,1,0,1,0,1,0,1,1,1,1,0,1,0,0,0,0,1,1,1,1,1,1,0,0,0,0,0,0,0.015625,-409.88045758616676,1
1,0,0,0,1,1,0,0,1,1,0,1,0,1,0,0,1,1,0,0,1,1,1,0,0,1,0,1,1,0,1,1,1,1,0,0,1,0,0,1,0,0,1,1,0,0,0,1,1,1,0,0,1,1,0,1,0,1,0,1,0,0,1,0,0.0,-409.8797739291491,1
1,0,1,0,0,0,1,1,0,0,1,0,0,1,0,0,1,0,0,1,0,1,1,1,1,1,0,1,1,0,1,1,0,0,0,1,1,1,1,0,0,0,0,1,1,1,1,1,0,1,0,0,0,1,1,1,0,0,0,1,1,0,0,0,0.0,-409.8795189487856,1
0,1,1,1,1,0,0,1,1,1,1,0,0,0,1,0,0,0,0,1,1,1,1,0,1,0,1,1,1,0,1,1,1,0,1,1,1,0,1,0,0,0,1,1,0,1,0,1,0,1,0,0,0,0,1,1,1,0,0,0,0,0,0,0,0.03125,-409.8788935683933,1
1,1,1,0,0,1,1,1,1,1,1,0,0,1,0,0,1,1,0,0,0,1,1,0,0,1,1,1,0,0,0,1,1,1,0,1,1,1,0,0,0,0,0,1,1,0,0,0,1,1,0,0,0,1,0,1,1,1,0,1,0,0,0,0,0.0,-409.8785552983947,1
1,0,1,0,0,1,1,1,0,0,0,1,0,1,0,0,1,0,1,0,1,0,1,1,0,1,0,1,0,1,1,1,0,0,1,0,1,0,0,0,0,0,1,1,1,1,1,1,1,1,0,0,0,1,1,1,1,0,0,0,0,1,0,0,0.0,-409.87761203831377,1
1,1,1,1,1,0,0,1,0,0,0,0,0,0,0,0,0,0,0,1,1,1,1,0,1,0,1,0,0,1,1,1,1,0,0,1,1,1,1,0,0,1,0,0,0,0,0,1,1,1,1,0,0,1,1,1,1,1,1,0,1,0,0,0,0.0,-409.8771055448814,1
1,0,0,1,0,1,0,1,1,0,1,0,0,1,0,0,0,1,1,1,1,0,1,0,1,0,1,1,0,0,1,0,1,0,0,0,0,0,0,1,1,0,1,1,1,0,1,1,0,1,0,1,0,1,0,1,0,0,1,0,1,1,0,1,0.0,-409.8740061862915,1
0,0,1,0,1,0,1,0,0,1,0,0,1,0,0,1,1,1,0,1,1,0,1,0,0,0,1,1,0,0,1,1,1,0,0,1,1,1,0,0,1,0,1,0,0,1,1,0,1,1,1,1,0,1,0,1,0,1,0,1,0,1,0,0,0.0,-409.87389123841433,1
0,0,0,1,0,0,0,1,0,0,1,1,1,0,1,0,0,1,1,1,1,1,1,0,1,0,1,1,0,0,1,1,0,1,0,1,1,0,1,0,0,0,1,1,0,0,0,0,1,1,0,1,1,1,1,1,1,0,0,0,0,1,0,0,0.0,-409.8732910537829,1
0,0,0,1,0,1,0,0,0,1,1,0,1,0,0,0,1,1,0,0,1,1,0,0,0,1,1,1,0,0,1,1,0,1,1,1,1,0,0,0,1,1,0,1,1,1,1,0,1,1,0,0,0,0,1,1,1,1,0,0,1,1,0,0,0.0,-409.87233298768666,1
0,0,1,0,1,0,0,0,0,0,1,1,0,0,0,0,1,1,0,0,1,0,1,1,1,0,0,1,0,0,1,0,0,1,0,0,1,1,0,1,1,0,1,1,1,1,0,0,0,1,0,1,1,1,1,1,0,0,1,0,1,1,1,1,0.015625,-409.8708884415986,1
1,1,1,1,0,1,0,0,0,0,1,0,0,0,1,0,0,0,0,0,1,1,0,0,1,0,1,1,1,0,1,1,1,0,0,1,1,1,0,1,0,1,0,1,1,1,0,0,0,1,0,1,1,1,0,1,1,0,0,1,0,1,0,0,0.0,-409.87029001748033,1
1,0,0,1,1,0,0,0,1,0,0,0,1,0,1,1,0,1,0,1,1,1,1,0,0,0,0,1,1,0,0,1,1,1,1,1,1,1,0,0,1,0,1,1,1,0,0,0,0,1,0,0,0,1,1,1,1,0,0,0,0,0,1,1,0.03125,-409.86906755398536,1
1,0,1,0,1,1,0,1,0,0,1,0,0,1,0,0,0,1,0,0,1,0,1,0,0,1,0,0,1,0,1,0,0,0,0,0,1,1,1,0,0,1,1,1,1,1,1,1,1,1,0,1,1,0,0,0,0,1,0,1,1,1,0,1,0.0,-409.8676165350658,1
1,0,1,1,0,0,1,1,1,0,1,1,1,0,1,0,1,0,0,0,1,1,1,1,0,0,0,0,0,0,1,0,0,0,1,1,1,0,0,0,1,0,0,0,1,0,1,1,1,1,1,0,1,0,1,1,1,0,0,0,0,1,1,0,0.015625,-409.8621249739202,1
1,1,1,0,0,0,0,1,0,0,1,0,0,1,0,0,0,0,0,0,1,0,1,0,1,0,0,1,1,0,1,1,1,1,1,0,1,0,0,1,1,0,1,1,1,1,0,1,1,1,0,1,1,1,0,1,0,0,0,0,1,1,0,0,0.0,-409.85979132517156,1
0,1,1,0,0,0,0,1,1,0,1,1,0,1,0,0,1,1,0,0,0,0,1,0,1,0,0,1,0,1,0,1,0,0,1,1,1,0,0,0,1,1,1,1,0,0,0,1,0,1,0,1,1,1,1,1,1,1,1,0,0,0,0,1,0.03125,-409.85969401495015,1
0,1,1,1,0,1,1,0,1,0,1,0,0,0,0,0,0,0,0,1,1,0,0,0,1,0,1,1,0,1,0,1,1,0,0,1,1,0,1,1,1,0,1,1,1,1,0,0,1,0,1,0,0,1,0,1,1,1,0,1,0,0,0,1,0.015625,-409.85773108899815,1
1,0,1,1,1,0,1,1,0,1,1,0,0,1,1,0,0,1,0,1,0,0,0,0,1,0,1,1,0,0,1,1,1,0,1,1,1,1,1,0,0,1,1,0,1,1,0,0,0,1,0,0,0,1,0,0,0,0,0,1,1,1,0,0,0.0,-409.8570041726714,1
1,0,0,0,0,0,0,1,0,1,1,0,0,1,1,0,1,0,0,0,0,1,0,0,1,0,1,0,1,0,1,1,0,1,0,1,1,1,1,0,1,0,1,0,1,0,1,0,0,1,0,0,1,1,1,1,1,1,0,1,1,1,0,0,0.0,-409.85450183924354,1
1,0,0,0,1,1,0,1,1,1,0,0,0,1,1,1,1,0,0,0,1,1,1,1,1,1,1,1,1,0,1,0,0,1,0,1,0,1,0,1,0,0,0,1,0,0,0,0,1,1,0,0,0,0,0,1,1,0,0,1,1,1,0,0,0.0,-409.8533875589265,1
0,1,1,1,0,1,0,1,1,1,1,0,1,0,0,0,0,0,0,1,1,0,0,0,1,0,0,1,0,0,0,1,1,1,0,0,1,0,1,1,1,0,1,1,1,1,1,0,1,1,0,0,1,1,0,1,0,1,0,0,0,0,0,1,0.03125,-409.8530812469086,1
1,0,0,1,0,0,0,1,0,0,0,1,0,0,1,1,1,1,0,0,0,0,1,0,0,0,0,0,0,1,1,1,1,1,0,0,1,1,1,0,1,0,1,0,1,0,1,0,1,1,0,1,1,1,1,0,0,1,0,1,1,1,0,1,0.0,-409.8520650302163,1
0,0,0,1,1,1,0,0,0,1,0,0,0,1,1,0,0,1,1,0,1,1,0,1,0,0,0,1,0,1,1,1,0,1,1,0,1,1,0,1,0,0,1,0,1,1,0,1,1,0,0,1,1,1,0,1,0,1,1,0,1,0,0,0,0.0,-409.85088373092674,1
1,0,1,0,1,1,1,1,0,0,0,1,0,1,0,0,0,0,0,1,1,0,0,0,0,0,1,1,0,1,1,1,0,1,1,0,1,1,1,0,0,0,1,1,1,1,0,1,1,1,0,0,0,1,0,1,0,0,1,1,0,1,0,0,0.0,-409.85085611042246,1
0,0,1,0,1,0,1,1,0,0,1,0,1,0,0,0,1,1,0,0,0,1,1,0,1,0,0,1,0,1,1,0,0,1,0,1,0,1,0,0,1,0,1,1,1,1,1,1,0,0,1,1,0,1,0,1,0,1,0,1,1,0,0,1,0.015625,-409.8506765486039,1
1,0,1,0,0,1,1,1,0,0,1,0,0,1,0,1,1,0,0,0,0,1,1,0,0,0,1,1,1,1,0,1,1,0,0,1,1,0,1,0,0,0,1,1,1,1,0,1,1,1,0,0,0,1,0,1,0,1,0,1,0,0,0,1,0.0,-409.8504404979701,1
1,1,1,1,0,0,1,0,1,0,0,1,0,1,0,0,0,1,0,1,1,1,1,0,0,0,0,1,0,0,0,0,1,0,1,0,1,1,0,0,1,1,1,0,1,1,0,1,0,1,1,1,0,0,1,1,1,0,1,1,0,0,0,0,0.0,-409.84931742575793,1
0,0,1,1,0,1,0,0,1,1,1,0,0,0,1,0,0,0,1,0,1,0,1,0,1,0,0,1,0,1,1,0,1,1,1,1,0,1,0,0,1,0,1,1,1,1,0,1,0,1,0,0,1,0,0,1,1,0,1,0,1,0,1,0,0.0,-409.8487313614852,1
1,0,0,1,0,0,0,1,1,0,0,0,1,0,1,0,0,1,1,1,1,0,1,0,1,1,0,1,1,0,1,1,1,1,0,1,0,1,1,0,0,0,1,0,1,0,1,1,0,1,1,0,0,0,0,1,0,0,0,1,0,0,1,1,0.0,-409.84831164748965,1
1,0,1,1,0,1,1,0,0,0,1,0,0,0,0,0,0,0,1,1,1,1,1,1,0,0,1,1,0,0,1,1,0,0,0,1,1,1,1,0,1,0,1,1,1,0,0,0,1,1,0,0,1,1,0,1,1,0,0,0,0,1,1,0,0.015625,-409.847988194854,1
1,0,0,1,1,1,0,1,0,0,1,0,0,0,1,0,1,0,0,0,1,1,1,0,1,0,0,0,0,1,1,1,1,1,0,0,1,1,0,1,1,0,1,1,0,1,0,1,0,1,0,0,1,0,1,1,1,1,0,0,0,0,1,0,0.0,-409.84659256937863,1
0,1,1,0,1,0,0,0,1,0,1,0,0,1,0,0,1,0,1,0,0,0,1,0,1,1,1,1,0,0,1,0,1,1,1,0,0,1,1,0,1,0,1,1,1,1,1,1,1,0,1,0,1,1,0,1,0,0,0,0,0,1,0,0,0.0,-409.8449478640397,1
1,0,0,0,0,0,1,1,1,1,1,0,0,1,1,1,0,0,0,0,0,1,1,0,1,1,0,0,1,1,1,1,0,0,0,1,1,1,0,0,1,0,1,0,1,1,0,1,1,1,0,0,1,1,0,1,0,1,0,1,0,0,0,0,0.0,-409.84211664775074,1
0,0,1,0,1,0,1,1,1,1,0,1,0,1,1,0,1,0,1,1,1,0,0,0,0,0,0,1,0,0,0,1,0,1,0,0,1,0,0,0,1,1,1,1,0,1,0,1,1,1,1,1,1,1,0,0,1,0,0,1,1,0,0,0,0.0,-409.836487363198,1
0,1,1,0,1,0,0,1,1,0,1,1,1,0,1,1,0,1,0,1,1,0,0,0,0,0,0,1,0,0,0,1,0,0,0,1,1,1,1,1,0,0,1,1,0,0,0,1,1,1,1,0,1,1,0,1,1,0,0,1,0,0,0,1,0.0,-409.8363936477552,1
1,0,0,1,1,0,0,1,0,0,0,0,0,0,1,0,1,0,1,1,1,1,0,1,1,1,0,1,1,0,1,0,0,0,0,0,1,1,1,0,0,0,1,1,1,0,0,1,0,1,0,1,1,1,0,1,1,1,0,1,1,0,0,0,0.0,-409.8348509062174,1
0,0,1,1,1,1,0,1,1,0,1,0,1,1,0,0,0,1,0,1,1,0,1,0,1,0,1,1,0,1,0,0,0,0,1,1,1,0,1,1,0,0,1,1,1,1,0,1,0,1,0,0,0,1,0,0,1,1,0,0,1,0,0,0,0.0,-409.83428316652675,1
1,0,1,0,1,1,0,0,0,0,0,1,0,0,1,0,1,0,0,1,1,1,0,0,1,0,0,1,1,0,1,0,1,0,1,1,1,1,0,0,1,0,1,1,1,1,1,1,0,1,0,0,1,0,0,1,0,1,0,0,0,1,1,0,0.0,-409.83304790940934,1
0,0,1,1,1,1,0,1,0,1,1,0,1,0,1,0,1,0,0,1,0,0,1,0,0,0,0,1,0,1,0,1,1,0,0,1,1,0,0,0,1,0,0,1,1,1,1,1,1,1,0,0,1,1,0,1,1,0,0,1,0,0,0,1,0.015625,-409.83104665129645,1
1,0,1,0,0,0,0,1,1,0,1,0,0,1,1,0,0,0,0,1,1,0,1,0,0,0,0,1,0,0,1,1,1,1,1,0,1,1,1,0,1,0,1,1,0,1,0,0,1,1,0,0,1,1,0,1,1,0,0,1,1,0,1,0,0.015625,-409.8299932575726,1
1,0,1,0,0,0,1,1,1,0,1,0,1,0,1,0,0,0,1,0,1,0,0,1,0,1,1,1,0,0,1,1,0,0,1,0,1,1,0,0,1,1,1,0,1,0,0,1,1,1,1,1,0,1,0,0,1,1,0,0,0,1,0,0,0.0,-409.8299461862762,1
0,0,1,0,0,0,1,1,1,0,1,0,0,1,1,0,0,0,0,0,1,1,0,1,1,1,0,0,1,0,1,1,0,0,1,0,0,0,1,0,1,1,1,1,1,0,0,0,1,1,1,1,0,1,0,0,1,1,1,0,0,1,1,0,0.015625,-409.82957688675293,1
1,0,1,1,1,0,0,1,0,1,1,0,1,1,1,0,0,0,0,0,1,0,1,0,1,1,1,0,0,0,0,0,1,1,1,1,1,0,1,0,0,1,0,0,1,1,0,0,0,0,1,1,0,1,0,1,0,1,1,1,1,0,0,0,0.0,-409.8275939362745,1
0,0,0,1,0,1,1,1,0,1,1,0,1,0,1,0,0,1,0,0,1,0,0,0,1,0,0,1,1,1,1,1,0,0,1,1,1,1,0,0,0,0,1,1,1,1,1,1,1,1,0,0,0,1,0,1,1,1,0,0,0,0,0,0,0.03125,-409.82618062391384,1
1,1,0,1,0,1,0,1,1,1,1,0,0,1,1,0,1,0,0,0,0,1,1,0,0,0,0,0,0,1,1,1,0,0,1,1,1,1,1,1,1,0,0,0,1,1,1,1,0,1,0,0,0,1,1,1,0,0,0,0,0,1,0,0,0.0,-409.8193723060536,1
1,0,1,1,1,0,0,1,0,0,0,0,1,1,1,0,1,1,0,0,0,0,1,0,1,1,1,0,1,0,1,1,0,0,0,0,0,1,1,0,1,0,1,1,1,1,0,1,1,1,1,0,1,1,0,1,0,0,1,0,0,0,0,0,0.0,-409.81603334492837,1
1,0,1,1,1,1,0,0,1,1,1,0,0,0,1,0,1,1,0,1,1,0,0,0,1,0,1,1,1,0,1,1,0,1,1,1,1,0,1,0,0,1,1,1,1,0,0,0,0,0,0,0,1,0,0,1,1,0,0,1,0,0,0,0,0.0,-409.812154701238,1
1,0,1,0,0,1,1,1,0,1,1,0,1,0,1,0,1,0,0,0,0,1,0,0,0,1,0,1,0,1,1,1,0,0,0,1,1,1,0,1,0,0,0,0,1,1,0,1,1,1,0,1,1,0,1,1,1,1,0,1,0,0,0,0,0.015625,-409.811891390989,1
0,0,0,0,0,1,1,0,1,1,1,0,1,0,1,0,0,1,1,1,0,0,0,0,1,0,0,1,1,0,0,1,0,1,1,1,1,1,1,1,0,0,1,1,0,1,0,1,1,0,1,1,1,0,1,1,0,1,0,0,0,0,0,0,0.0,-409.8088595604539,1
1,1,1,0,1,1,0,1,0,0,1,0,0,1,1,0,0,1,0,1,1,0,0,0,0,0,1,0,1,0,1,1,0,1,0,1,1,0,0,0,1,0,1,1,1,1,0,0,1,1,0,0,1,1,0,1,1,0,0,1,0,0,1,0,0.0,-409.8058433199534,1
1,0,1,0,0,1,1,1,1,0,1,0,0,1,1,0,0,1,1,1,1,0,0,0,0,0,0,0,1,1,0,1,1,0,0,1,1,0,0,0,1,1,1,0,1,1,1,0,1,0,1,0,1,1,1,1,0,0,0,0,0,0,1,0,0.015625,-409.80464160279826,1
1,0,0,1,1,0,1,1,1,0,1,0,0,0,1,1,0,0,0,0,1,1,1,0,1,1,0,1,0,1,1,1,1,0,0,0,1,0,0,1,1,0,1,1,1,1,0,1,0,0,0,0,0,0,0,1,0,1,1,1,0,1,0,0,0.0,-409.803741703808,1
1,0,0,1,1,1,1,1,0,0,1,0,1,1,1,0,1,0,0,1,1,1,0,0,0,0,0,1,1,0,0,1,1,0,1,1,1,0,1,0,1,0,0,0,1,1,1,0,0,1,0,0,1,1,0,0,1,1,0,1,0,0,0,0,0.015625,-409.8014460005345,1
1,0,0,0,1,0,0,1,0,0,1,1,0,1,1,0,1,0,0,0,0,1,1,0,1,0,0,1,0,0,1,1,1,0,1,0,1,1,1,0,1,0,0,0,1,1,1,1,0,1,0,1,1,1,1,1,0,0,0,1,0,0,0,1,0.0,-409.7950270212103,1
0,1,1,0,0,1,0,0,1,1,1,0,1,0,1,0,0,0,0,0,1,1,0,1,1,0,1,1,0,0,1,0,0,1,0,0,1,1,0,0,1,0,1,1,1,1,0,0,0,1,1,0,1,1,0,1,1,0,0,0,1,1,0,1,0.0,-409.7918583883726,1
0,0,1,1,1,0,0,1,0,0,1,0,1,0,1,0,0,0,0,0,1,1,0,1,1,0,0,1,0,1,1,1,0,1,1,1,1,1,0,0,0,1,1,1,1,0,0,1,1,1,0,0,1,1,0,1,0,1,0,0,0,1,0,0,0.015625,-409.79098849821594,1
0,0,0,1,1,1,0,1,1,0,0,1,0,0,1,1,1,0,0,0,0,1,0,0,0,0,0,1,1,0,1,0,0,1,1,1,1,0,1,1,0,0,1,1,1,1,0,1,1,1,1,0,0,1,0,1,0,1,0,0,0,1,0,1,0.0,-409.78338743547323,1
0,1,1,0,1,1,0,1,0,0,1,0,0,1,1,0,1,0,0,0,0,0,1,0,1,0,0,0,1,1,1,0,0,1,1,0,1,1,0,0,1,0,1,1,1,0,0,1,0,0,0,0,1,0,1,1,1,1,0,1,1,0,1,1,0.0,-409.7772424537101,1
1,0,1,0,1,1,1,0,1,0,1,0,1,1,0,0,1,0,0,0,1,0,0,0,1,0,0,1,0,0,1,1,0,0,1,1,1,1,1,0,1,0,1,1,1,1,0,0,0,1,1,0,0,0,1,1,0,1,0,1,0,0,0,1,0.03125,-409.76982043368287,1
1,1,0,0,0,1,0,0,1,0,0,1,0,1,1,1,0,0,0,0,1,0,0,0,0,1,1,1,1,1,0,1,0,1,1,0,1,1,0,0,1,0,0,1,1,1,0,0,0,1,1,1,1,1,0,1,1,1,0,0,0,0,0,1,0.0,-409.74861014251786,1
1,1,1,1,1,1,1,1,1,0,1,0,0,1,0,0,1,0,0,0,1,0,1,0,0,1,0,0,0,0,0,1,0,0,0,1,1,0,0,0,1,1,0,0,0,1,1,1,1,1,0,0,1,0,1,0,1,0,0,0,1,0,1,1,0.0,-409.6260479166894,1
0,0,0,1,1,1,0,1,1,1,1,0,0,0,0,0,0,1,1,0,1,1,0,0,0,0,1,1,0,1,0,1,1,0,1,1,1,0,0,0,0,0,1,1,0,1,0,1,1,1,0,0,0,0,1,1,1,0,0,1,1,0,0,1,0.0,-409.62575735166564,1
1,0,0,0,0,1,0,0,0,0,1,0,0,1,1,0,1,0,1,1,1,1,1,0,0,1,0,1,0,0,1,1,0,0,0,0,1,0,1,0,1,1,1,1,1,1,0,0,0,1,1,0,0,1,0,1,1,1,0,1,1,1,0,0,0.0,-409.6256501726541,1
0,0,1,1,0,1,0,0,1,1,0,0,0,0,1,0,1,0,0,0,1,1,0,0,1,1,0,1,1,0,1,1,0,0,1,1,0,0,0,1,0,0,1,1,0,1,1,1,1,1,0,1,0,1,0,1,1,0,0,0,1,1,0,0,0.0,-409.6251804684233,1
1,1,1,0,1,1,0,1,1,0,1,1,0,0,0,0,0,0,0,0,1,1,0,0,0,1,1,0,0,1,1,1,1,1,0,1,0,0,0,1,1,0,1,0,1,1,0,1,0,0,0,0,0,1,1,1,1,0,0,0,0,0,1,1,0.0,-409.6203248865305,1
1,0,0,1,1,0,1,0,0,0,1,1,0,0,0,1,1,1,1,0,1,1,0,0,1,1,1,1,0,0,1,0,0,1,1,1,0,0,0,0,0,1,0,1,0,1,0,1,0,0,0,1,0,1,0,0,1,0,1,0,1,1,1,0,0.0,-409.6200456322635,1
1,0,1,1,1,1,1,1,0,0,0,0,0,0,0,0,1,1,0,0,0,0,1,0,1,0,1,1,0,1,0,1,1,1,1,0,0,1,0,0,0,1,1,0,1,1,1,1,1,1,0,1,0,1,0,0,1,0,0,0,0,1,0,0,0.0,-409.6182818681014,1
0,1,1,1,1,1,1,0,0,1,1,0,0,0,0,0,1,1,0,0,1,1,1,0,0,0,0,0,0,1,1,1,1,0,0,1,1,1,0,0,0,0,1,1,1,0,1,1,1,1,0,1,0,1,0,0,1,0,0,1,0,0,0,0,0.0,-409.6151410277488,1
1,0,1,1,0,1,0,1,1,0,0,1,0,0,0,0,1,0,1,0,1,0,1,0,1,0,0,1,0,0,1,1,0,0,0,1,1,0,0,0,0,1,1,0,1,1,1,1,1,1,0,1,0,1,0,0,1,0,0,1,1,1,0,0,0.0,-409.61137343908706,1
1,0,1,1,0,0,1,0,0,0,1,1,1,0,1,0,0,0,0,0,1,1,0,0,1,1,0,1,0,0,0,1,0,1,1,1,1,0,0,0,1,0,1,0,1,1,0,1,0,0,0,1,1,0,0,1,1,0,1,0,1,1,1,0,0.0,-409.6096962418011,1
0,0,1,1,0,0,1,1,1,0,1,0,1,0,0,0,1,0,0,0,1,0,0,0,1,0,1,0,0,1,1,1,1,1,1,1,1,1,0,0,1,0,1,0,0,1,1,0,1,1,0,1,0,1,1,1,1,0,0,1,0,1,0,0,0.0,-409.6090547738047,1
1,0,1,0,0,0,0,1,1,0,1,0,0,0,0,0,0,1,0,0,1,0,1,1,1,0,0,0,1,0,1,1,1,1,1,1,1,1,0,0,1,0,1,1,1,1,0,1,1,1,0,0,0,0,0,1,0,0,0,1,1,1,0,0,0.0,-409.6068326669096,1
1,0,0,0,1,1,1,1,1,0,1,0,0,0,1,0,0,0,0,0,1,0,0,0,1,0,1,0,0,0,1,1,1,1,0,1,1,1,1,1,0,0,1,1,0,1,1,1,1,1,0,1,1,0,0,1,0,0,0,0,0,1,0,0,0.0,-409.60158380439736,1
0,0,1,1,0,1,1,1,1,1,0,0,1,0,0,0,1,1,0,0,0,0,1,1,0,1,0,0,0,0,1,1,0,0,0,0,0,0,0,0,0,0,1,1,1,1,0,1,1,1,0,0,1,0,1,1,1,1,0,0,1,1,1,1,0.0,-409.6007668316598,1
1,0,1,0,1,1,0,1,1,0,1,1,0,0,0,0,0,1,0,1,0,0,1,0,1,0,1,1,0,0,0,1,1,1,0,1,1,1,0,0,0,0,1,1,1,1,0,1,1,1,0,0,0,0,0,1,0,0,1,0,1,1,0,0,0.015625,-409.59968915647505,1
0,0,1,1,1,0,1,1,0,0,1,1,1,0,0,0,0,0,0,1,1,0,0,0,1,1,1,0,0,0,1,1,1,0,0,1,0,1,1,0,1,1,1,0,0,1,1,1,0,1,0,1,1,0,0,0,1,1,1,1,0,1,0,0,0.0,-409.5993846317334,1
1,0,1,0,0,1,0,1,1,0,1,1,0,1,0,1,1,0,0,1,1,0,1,0,1,1,1,0,0,0,0,1,1,0,0,1,1,0,0,0,0,1,1,0,0,1,1,1,1,1,0,0,1,1,1,1,1,0,0,1,0,0,0,0,0.0,-409.5952351621607,1
0,0,1,1,1,1,0,1,1,0,0,0,0,0,0,0,0,0,1,0,1,1,1,1,1,0,0,1,1,0,1,1,0,0,1,1,1,1,0,0,0,0,1,0,1,1,1,1,0,1,0,1,0,1,0,1,1,0,1,0,1,0,0,1,0.0,-409.5945598332596,1
0,1,1,1,0,1,0,1,1,0,0,0,1,0,1,0,0,1,0,0,0,0,0,0,1,0,1,0,0,0,1,1,0,1,1,1,0,0,0,0,1,1,1,1,1,1,0,1,1,1,0,1,0,0,1,0,1,0,1,0,1,0,0,1,0.0,-409.59421961362926,1
0,0,1,1,1,1,1,0,1,0,1,1,0,0,0,0,0,1,0,0,1,0,1,0,1,1,1,0,1,0,1,1,0,1,1,0,0,0,0,0,0,1,1,0,1,1,0,0,1,0,1,1,1,0,0,1,1,0,0,1,0,0,1,0,0.0,-409.59014617039713,1
1,0,1,0,1,1,1,1,1,1,1,1,0,1,0,1,1,0,0,0,1,1,1,0,1,1,1,0,0,1,0,1,0,1,0,0,1,0,0,0,1,0,0,0,0,0,0,1,1,1,0,1,0,0,0,1,1,0,0,1,1,0,0,1,0.0,-409.58943542694857,1
1,0,1,0,1,0,0,1,0,0,0,0,0,0,0,0,0,0,0,1,0,0,1,1,1,1,1,0,0,1,0,1,1,0,1,1,0,1,1,0,1,0,0,1,1,1,1,1,0,0,0,0,1,1,1,1,1,1,0,0,1,0,0,1,0.0,-409.58890516653094,1
1,0,0,0,0,1,1,1,1,1,0,0,0,0,1,0,0,0,0,1,0,1,0,1,0,1,1,0,0,1,1,0,1,0,1,1,1,0,0,0,0,0,1,1,1,1,0,1,0,1,0,1,0,1,0,1,1,0,0,1,0,0,1,1,0.0,-409.5882660322426,1
0,1,1,0,0,0,0,1,0,0,1,1,1,0,0,1,1,1,0,0,0,0,1,0,0,1,1,0,0,0,0,1,1,1,0,1,0,1,0,0,0,0,1,1,1,1,0,1,1,1,1,0,0,1,0,1,1,0,0,1,0,0,1,1,0.0,-409.58809689855326,1
1,0,1,0,0,0,1,0,0,1,0,1,0,0,1,0,1,1,1,0,1,0,0,0,1,1,1,0,0,1,0,1,0,0,0,1,0,1,0,0,0,0,1,1,1,1,1,1,0,0,1,1,0,0,0,1,1,1,0,1,1,0,0,1,0.0,-409.5837156417705,1
0,1,1,1,1,0,0,0,0,0,1,0,0,0,1,0,1,1,1,0,0,1,0,1,1,1,1,1,0,1,0,1,1,0,0,0,1,1,0,0,1,1,1,0,0,1,0,1,0,0,0,1,1,0,0,0,1,1,0,1,0,0,0,1,0.0,-409.5823700966242,1
0,0,1,1,0,1,1,0,0,1,0,0,1,0,0,0,1,0,0,0,1,1,0,0,1,0,1,1,0,0,1,1,1,0,0,0,1,0,0,0,0,0,1,0,1,1,0,1,0,1,0,1,1,1,0,1,1,1,0,1,1,1,0,1,0.0,-409.5794211984601,1
1,0,0,0,0,1,0,0,1,0,1,0,0,0,0,0,0,1,1,1,1,1,1,0,1,0,0,0,0,1,0,1,1,1,1,1,1,0,1,0,1,0,1,0,1,1,0,1,0,1,0,0,1,1,1,0,1,1,0,0,1,0,0,0,0.0,-409.57942048897803,1
1,0,1,0,1,0,0,1,0,0,0,1,0,1,0,0,1,0,0,1,0,0,0,1,1,1,1,1,0,0,1,1,1,1,1,1,1,0,0,0,0,0,1,1,1,0,1,1,1,0,0,1,1,0,0,1,1,0,0,0,0,1,0,0,0.0,-409.5792861473382,1
0,0,1,0,1,0,0,1,1,1,1,0,1,0,0,0,0,0,0,0,1,1,0,0,1,0,0,1,0,0,0,1,1,1,1,1,1,1,0,0,1,0,0,1,1,1,0,1,1,0,0,0,1,1,0,1,1,0,0,1,0,1,0,1,0.0,-409.5782476002557,1
1,1,1,0,1,1,0,1,1,0,0,0,0,0,0,0,0,1,0,0,0,0,1,0,0,1,1,1,1,0,1,1,1,0,0,0,1,0,0,0,1,1,1,0,1,1,1,1,1,1,0,0,0,1,1,0,1,0,0,0,0,0,1,1,0.0,-409.578230184102,1
1,0,0,1,1,0,0,1,0,0,0,1,1,0,1,1,1,0,1,0,1,1,0,0,1,1,1,1,0,0,0,1,1,1,1,1,0,1,0,0,0,0,1,1,1,0,0,0,1,0,0,1,0,1,0,1,1,0,0,0,1,1,0,1,0.0,-409.5778734221801,1
1,0,1,0,1,1,0,0,0,1,0,1,0,1,0,0,1,1,0,0,1,0,0,0,1,1,1,0,1,0,1,0,1,1,1,0,0,0,0,0,1,0,1,0,1,0,0,1,1,0,1,1,0,1,0,0,1,1,0,1,1,0,1,0,0.0,-409.5770398802421,1
1,1,1,1,1,0,0,0,1,0,0,0,0,0,0,0,0,1,0,0,1,0,0,0,0,0,1,0,0,0,0,1,1,1,0,1,1,0,1,1,0,0,1,1,1,1,0,1,1,1,1,0,1,1,1,1,0,0,1,1,0,0,1,0,0.0,-409.57682397505226,1
1,0,1,0,1,0,1,1,1,1,0,1,1,0,0,0,1,0,0,1,0,0,0,0,0,0,1,1,0,0,1,1,1,0,1,1,1,0,1,0,0,0,1,1,1,1,0,1,0,1,0,0,0,1,0,0,1,0,0,1,0,1,1,0,0.0,-409.57266317193466,1
1,0,1,0,0,1,0,1,0,0,1,0,0,0,1,1,1,0,0,1,1,0,0,0,1,0,1,0,1,0,0,1,0,0,1,1,1,1,1,0,0,0,1,0,1,1,0,1,1,1,0,1,1,1,0,1,1,0,0,1,0,0,0,0,0.0,-409.5717240937218,1
1,1,1,1,0,1,1,1,1,0,0,1,0,0,1,0,1,1,0,0,0,0,1,0,0,0,1,1,1,0,0,0,0,0,1,1,1,0,0,0,1,0,1,1,0,1,1,1,0,0,0,1,0,1,0,1,0,1,0,1,0,0,1,0,0.0,-409.57081985944814,1
0,0,0,1,1,1,1,0,1,0,1,1,0,0,1,0,0,0,1,0,0,1,0,0,0,1,0,1,1,0,1,1,0,1,1,1,1,0,0,0,1,0,1,0,0,1,1,1,1,1,0,1,0,1,1,1,1,1,0,0,0,0,0,1,0.0,-409.56945317641737,1
0,1,1,0,1,1,1,0,1,1,0,0,0,1,0,0,1,0,1,0,1,0,0,1,1,1,1,1,0,0,0,1,1,0,0,0,1,1,1,0,1,0,1,0,1,1,0,1,1,1,0,0,0,1,0,1,1,0,0,0,0,0,0,0,0.015625,-409.5690447439754,1
0,0,0,1,0,1,1,0,0,1,1,1,0,0,0,0,1,0,1,0,1,1,1,0,1,0,1,0,1,1,1,1,0,1,0,1,0,0,0,0,0,0,1,0,1,1,1,1,1,1,1,1,0,1,1,0,1,0,0,1,0,0,0,1,0.0,-409.5674085050654,1
1,0,0,0,1,1,1,1,1,0,1,1,0,0,0,1,0,0,1,0,1,0,0,0,0,0,1,0,1,0,1,1,0,1,1,1,1,0,0,0,0,1,1,1,1,0,0,1,1,0,0,0,0,1,1,1,0,0,1,0,1,0,1,0,0.0,-409.5667155279114,1
1,0,0,1,0,1,0,0,0,1,1,0,0,1,0,0,0,1,0,0,1,0,1,0,0,1,0,1,1,0,1,1,1,0,1,1,0,0,1,0,0,0,1,1,0,1,0,1,1,0,0,1,1,1,1,1,1,0,0,0,1,0,1,0,0.0,-409.5641214569584,1
1,1,1,0,1,0,0,1,1,0,1,1,0,0,0,0,0,1,1,0,0,0,0,1,1,0,1,0,1,1,1,0,0,0,1,1,0,1,0,0,1,1,1,1,1,1,0,1,1,1,0,0,0,0,0,1,1,0,0,0,0,1,0,0,0.0,-409.5634558783758,1
0,1,1,1,1,1,0,1,1,0,0,0,0,0,0,1,1,1,1,1,1,0,0,0,1,1,1,0,1,0,1,0,1,0,0,1,0,0,1,1,0,0,1,0,1,1,0,1,1,0,0,0,0,1,0,1,1,1,0,1,0,1,0,0,0.0,-409.5623883810489,1
1,0,1,0,0,1,0,1,0,1,1,0,0,0,0,1,0,0,0,0,1,0,0,0,1,0,1,0,0,0,1,1,1,0,0,1,1,1,0,1,1,1,1,0,0,1,0,1,1,1,0,1,1,1,1,1,0,0,0,0,0,0,1,1,0.0,-409.5609754969885,1
1,0,1,1,1,0,0,1,0,0,0,0,0,0,0,1,1,0,0,0,1,1,1,0,1,0,0,1,0,0,0,1,0,0,1,1,1,1,0,0,0,1,1,0,1,1,1,0,1,1,0,1,0,1,0,1,1,0,0,0,0,1,1,1,0.0,-409.56064331654323,1
1,1,1,0,1,0,0,1,1,0,1,0,1,0,0,0,0,0,0,1,1,1,0,0,1,0,1,1,0,1,0,1,0,1,1,1,1,1,0,0,1,0,0,1,0,1,1,0,1,0,0,1,0,1,0,1,1,0,0,0,0,0,0,1,0.0,-409.5603806973911,1
0,0,1,0,0,1,1,1,1,1,1,1,0,0,0,0,0,1,1,1,0,0,1,1,0,0,0,1,0,0,1,1,0,0,0,0,1,0,1,1,0,0,1,1,1,1,1,1,0,0,0,1,0,0,0,0,1,0,0,1,1,1,0,1,0.0,-409.56010875803594,1
0,0,0,1,0,1,0,1,0,1,1,0,1,0,0,1,0,0,0,1,1,1,0,1,1,0,0,0,1,0,1,0,1,0,1,0,0,0,0,0,1,0,1,0,1,1,1,1,1,1,0,1,1,0,0,1,0,1,0,1,0,1,0,1,0.03125,-409.55997923273475,1
1,0,1,1,0,1,0,1,1,1,1,0,1,0,0,0,0,0,0,0,1,0,0,0,1,1,0,0,0,0,1,1,1,0,1,0,1,1,0,1,1,0,1,1,1,1,0,1,0,1,0,1,1,0,0,1,0,0,0,0,0,1,0,1,0.0,-409.5578268066749,1
1,1,1,1,0,1,1,1,0,0,0,1,1,1,1,0,0,0,0,0,1,1,0,0,0,1,0,1,0,0,0,1,1,1,1,0,1,0,0,0,0,0,1,0,1,1,1,0,1,0,0,1,0,1,1,1,0,0,0,1,1,1,1,0,0.0,-409.5532640549256,1
1,0,0,0,1,0,1,0,1,0,1,0,0,1,0,0,0,0,0,0,1,1,0,0,1,1,0,1,0,1,1,1,1,1,1,1,1,1,0,0,0,0,1,1,1,1,1,0,0,1,0,0,0,1,0,1,1,0,0,0,0,0,1,1,0.0,-409.55232850644677,1
0,1,1,0,0,0,0,1,0,1,1,0,0,0,0,0,1,0,0,0,1,1,1,0,1,0,1,0,1,0,1,0,1,1,0,1,1,1,0,0,0,1,1,1,0,1,0,1,1,1,1,1,0,0,1,0,1,0,0,1,1,1,0,1,0.0,-409.5515043622832,1
1,1,1,0,1,1,0,1,1,1,1,1,1,0,0,0,1,1,0,1,0,1,0,0,0,0,1,0,0,0,0,0,1,0,0,1,0,0,1,0,0,0,1,1,1,1,0,1,0,0,1,0,0,1,1,1,0,1,0,1,1,0,0,0,0.0,-409.5493533702945,1
1,0,1,1,1,1,1,1,1,1,1,1,0,0,0,0,0,1,1,0,0,0,1,0,1,0,1,1,0,0,0,1,1,1,1,1,1,0,0,0,1,0,0,0,1,1,0,1,0,0,0,1,0,1,0,1,0,1,0,0,0,1,1,0,0.0,-409.5479883346224,1
0,0,1,0,1,1,1,0,1,0,1,0,0,0,0,0,1,0,0,0,1,1,1,0,0,1,1,1,1,0,1,0,1,1,1,0,1,1,0,1,0,0,1,1,1,0,1,1,1,0,0,0,0,1,1,1,1,0,0,0,0,0,0,0,0.0,-409.54613692537447,1
0,0,1,0,0,0,0,1,0,0,1,0,1,1,0,0,1,0,0,0,0,0,0,1,1,1,1,1,1,0,1,1,0,1,1,0,0,0,1,0,1,1,1,0,1,1,0,1,1,1,0,1,0,1,1,0,1,0,0,1,0,0,0,1,0.0,-409.546056322878,1
1,0,0,1,1,0,0,0,0,0,0,0,0,1,0,0,1,1,0,0,1,0,0,0,0,1,1,1,1,0,0,1,1,1,0,1,1,1,0,1,1,0,1,1,1,0,1,1,1,1,0,0,0,0,1,1,1,0,0,0,1,1,1,1,0.0,-409.54556840319884,1
0,0,1,1,1,1,0,1,1,0,1,0,0,0,0,0,1,0,1,0,0,1,0,0,1,0,0,1,0,0,1,0,0,1,1,1,1,1,0,0,0,0,1,1,1,1,0,1,0,1,0,1,0,1,1,1,1,0,1,1,1,0,0,1,0.0,-409.54540889612787,1
0,1,1,1,0,1,1,1,1,0,0,1,0,0,0,0,0,0,0,1,0,0,1,0,1,1,0,1,0,0,1,1,1,0,0,1,1,1,0,1,1,0,1,1,0,1,0,0,1,1,1,0,0,0,1,1,0,0,1,0,1,0,0,0,0.0,-409.54537184890734,1
1,0,1,1,1,1,1,1,1,0,0,1,0,0,1,0,1,0,0,0,1,1,0,0,0,1,0,0,0,0,1,1,0,1,1,1,1,0,1,0,1,0,0,1,1,1,0,0,1,1,0,0,1,0,0,1,0,0,0,1,0,0,1,0,0.015625,-409.54520537069993,1
1,1,1,1,0,1,1,0,0,0,1,1,0,1,0,0,1,0,1,1,0,0,0,0,0,0,1,0,0,0,1,1,1,1,0,0,1,1,0,0,0,1,0,0,0,1,0,1,0,1,0,1,1,0,0,1,1,1,1,1,0,0,1,0,0.015625,-409.54409115769744,1
0,1,0,0,1,1,1,1,1,0,0,0,0,0,0,0,1,1,0,1,1,0,1,0,1,1,1,1,0,1,1,1,0,1,1,1,0,0,0,0,1,0,1,1,0,0,0,1,0,0,0,1,1,0,0,1,0,1,0,0,0,1,0,1,0.015625,-409.543816271546,1
1,1,1,1,1,0,1,1,1,0,1,0,0,0,0,0,0,0,1,1,1,0,1,0,1,1,1,0,0,1,1,1,0,1,0,0,1,0,0,0,0,0,1,1,1,1,0,0,1,1,0,0,0,1,0,1,0,0,1,0,1,0,0,0,0.0,-409.5426625057673,1
1,0,0,0,1,1,0,0,0,1,1,0,0,0,0,1,1,0,0,0,1,1,0,0,1,1,0,0,1,0,1,1,0,1,1,1,1,1,0,0,0,0,1,1,1,1,0,1,0,1,1,0,0,1,0,1,1,0,0,1,0,0,0,1,0.0,-409.54227825858777,1
0,0,1,1,1,1,1,1,0,0,1,0,0,0,1,0,1,0,0,1,0,1,0,0,0,0,0,0,1,1,0,1,1,1,0,0,1,1,0,0,1,0,1,1,1,1,0,0,1,1,0,1,1,0,0,0,0,1,0,1,0,1,0,1,0.0,-409.5422515438346,1
1,1,1,1,1,0,1,0,0,0,0,1,0,0,1,1,1,1,0,0,0,1,0,0,0,0,1,1,1,1,0,0,0,0,1,0,1,0,0,0,1,1,1,0,1,1,1,1,1,1,0,0,0,0,0,0,0,0,0,1,1,1,0,1,0.0,-409.54162230169067,1
1,0,1,1,0,0,0,1,1,1,0,0,1,0,0,1,0,0,0,1,0,1,0,0,0,0,1,1,1,1,0,1,1,1,1,1,1,1,0,0,0,0,1,0,1,1,1,1,0,1,0,0,1,1,0,0,1,0,0,0,1,1,0,1,0.0,-409.54112421170714,1
1,1,0,1,1,1,0,1,1,0,0,0,1,0,1,1,1,1,0,0,0,0,0,0,0,0,0,1,0,0,1,1,1,1,1,0,0,1,0,0,0,0,0,0,1,1,1,1,0,1,0,1,0,1,0,0,1,1,0,1,1,0,0,1,0.0,-409.54032269211604,1
1,0,0,1,1,0,0,1,1,1,1,0,0,0,0,1,0,0,0,1,0,1,0,0,0,0,0,1,0,0,0,1,1,0,1,1,1,1,1,0,0,0,1,0,1,1,1,1,0,1,0,1,1,0,0,1,0,0,1,0,0,1,1,1,0.015625,-409.53989550055275,1
0,1,0,1,1,0,1,1,1,0,1,0,1,0,0,0,1,1,0,0,0,0,0,1,0,0,1,1,0,0,0,1,1,1,1,0,0,0,0,0,1,1,1,0,1,0,0,1,1,1,1,0,0,1,0,1,1,0,1,0,1,0,1,0,0.0,-409.5395483973171,1
1,0,1,1,0,0,0,1,1,0,1,0,0,1,0,0,1,1,0,0,1,1,0,0,0,1,0,1,1,0,1,1,1,1,1,1,0,0,1,0,1,0,1,1,1,1,0,0,0,0,0,0,0,1,0,1,0,0,1,1,0,1,0,0,0.0,-409.53863503740916,1
1,0,0,1,0,1,0,0,1,0,1,1,0,0,0,1,1,1,0,1,0,1,0,0,1,1,0,1,1,1,0,1,0,1,0,0,0,1,0,0,0,1,0,0,1,1,0,1,1,1,0,0,1,1,0,1,1,0,0,1,0,0,1,0,0.0,-409.53830258888746,1
0,1,1,1,1,0,1,1,0,1,0,1,0,0,0,0,0,1,0,1,1,1,0,0,1,1,0,1,0,1,1,1,0,1,1,0,0,1,0,0,1,0,1,0,0,1,0,0,0,0,0,0,1,1,0,1,1,0,0,0,0,1,1,1,0.0,-409.5369439722253,1
1,1,1,0,0,0,0,0,1,1,1,0,0,0,0,0,1,1,0,1,0,0,0,1,0,0,0,1,1,0,1,0,1,1,1,1,0,1,0,1,0,0,1,1,1,1,1,0,1,1,0,0,1,0,0,1,1,0,0,0,1,0,1,0,0.0,-409.5362844214306,1
1,0,1,0,0,1,0,0,1,0,1,1,1,1,1,0,1,0,1,0,1,1,0,1,0,0,0,0,1,0,0,1,1,1,1,0,1,0,0,0,0,1,1,0,1,1,0,1,1,0,0,1,1,0,0,1,0,1,0,1,0,0,1,1,0.015625,-409.5357309498529,1
0,0,0,1,0,0,1,1,1,1,0,0,1,0,1,0,0,1,0,0,0,0,1,0,0,0,1,1,0,0,1,1,0,0,1,1,0,0,0,0,0,1,1,1,1,1,0,1,0,1,0,1,1,1,1,0,1,0,1,1,0,0,1,1,0.0,-409.5355866397851,1
1,0,1,1,1,1,1,1,0,1,0,0,0,0,0,0,1,0,0,0,0,1,1,1,0,0,0,1,1,0,0,1,1,1,0,1,0,1,1,1,1,0,1,1,0,1,1,0,0,1,0,1,0,1,0,1,0,1,0,0,0,0,1,1,0.0,-409.53476246984616,1
0,0,0,1,1,1,0,0,1,0,1,0,1,1,0,0,1,1,1,1,1,0,0,0,1,0,1,0,0,0,0,1,0,1,1,1,1,0,1,0,1,0,1,1,1,0,1,1,0,0,0,0,1,1,1,0,1,0,1,0,0,1,1,0,0.0,-409.53430499142195,1
1,1,1,1,1,1,1,1,0,0,0,0,1,0,1,0,0,0,0,0,1,1,0,0,1,0,1,1,0,0,1,1,1,0,1,1,0,1,0,0,1,1,0,1,0,1,0,1,1,1,0,1,1,0,0,1,0,0,0,0,0,0,0,0,0.0,-409.53407266176964,1
0,0,1,0,1,1,0,0,0,0,0,1,0,0,1,1,1,1,0,0,0,1,0,0,1,0,0,1,1,0,1,1,1,1,1,0,0,1,0,0,0,1,1,0,1,1,0,1,1,0,0,1,0,1,0,1,1,1,0,1,1,0,1,1,0.0,-409.5323570220406,1
1,0,1,0,1,0,0,1,1,1,1,0,1,0,0,1,1,0,0,0,1,1,0,0,1,1,1,0,0,0,1,0,1,1,1,1,0,0,1,0,0,0,0,1,0,1,1,1,0,0,1,0,1,1,1,1,1,0,0,0,0,1,0,1,0.0,-409.5322752218187,1
0,0,0,1,1,0,0,1,1,1,1,0,0,0,1,0,0,0,0,1,1,1,0,0,1,1,0,0,1,0,1,0,1,0,1,1,0,1,1,1,1,0,1,0,1,1,1,1,1,0,0,0,0,1,0,1,0,1,0,0,1,0,1,1,0.0,-409.5321916701523,1
0,0,1,1,1,1,1,1,0,0,0,0,0,1,0,0,1,0,0,1,1,0,0,0,1,1,0,0,1,1,1,0,1,0,0,0,1,0,0,1,1,1,1,0,1,1,1,1,1,1,0,1,0,0,0,1,1,0,0,0,0,1,0,0,0.0,-409.53160064425884,1
1,1,0,1,0,1,1,1,0,0,1,1,0,0,1,0,0,0,0,1,1,0,1,0,1,0,0,1,0,1,0,1,1,0,0,0,1,1,0,0,1,0,1,0,1,1,1,1,1,1,0,0,0,1,1,0,0,0,1,0,0,0,0,1,0.0,-409.5311860603187,1
1,0,1,0,0,1,1,1,0,0,1,0,0,0,1,0,1,1,1,0,1,1,0,0,1,1,1,1,0,0,0,0,1,1,0,0,1,1,0,1,0,0,1,1,0,0,1,1,0,1,0,0,1,1,0,0,1,0,0,0,0,1,1,0,0.03125,-409.5311179297788,1
1,0,1,0,1,0,0,0,1,0,0,0,0,0,0,1,1,1,1,0,1,1,1,0,0,1,1,1,0,0,1,1,0,1,1,1,1,0,0,1,0,0,1,0,1,0,1,1,1,1,0,0,0,0,0,1,0,0,1,0,0,1,1,0,0.0,-409.53083694899266,1
1,0,1,1,1,1,0,0,1,0,1,0,0,0,0,0,1,1,0,0,1,0,1,0,1,0,1,0,1,1,1,1,0,1,0,1,1,0,0,0,0,0,1,0,1,0,1,0,0,0,1,0,1,1,1,1,1,0,1,0,0,1,0,0,0.0,-409.5305297925492,1
0,0,0,0,1,1,0,1,1,0,0,0,1,0,0,0,1,1,1,1,1,1,1,0,1,0,0,1,0,0,0,1,1,0,1,1,1,1,1,0,1,0,1,0,1,0,1,1,1,1,0,0,0,1,0,1,0,0,0,1,0,1,1,0,0.015625,-409.53033457224836,1
1,1,0,1,1,1,1,0,1,1,0,1,0,0,1,0,0,1,1,0,0,1,0,0,1,0,0,1,1,0,0,0,1,0,0,1,0,0,1,0,1,1,0,1,1,1,1,1,0,1,0,0,0,1,1,1,0,0,0,1,0,0,0,0,0.0,-409.53027068710736,1
0,0,1,1,0,0,0,1,0,1,1,0,0,0,0,0,0,0,0,0,1,0,1,0,1,1,1,0,0,0,1,1,1,0,0,0,1,1,1,0,0,1,1,1,1,1,1,0,0,0,0,1,0,0,0,1,1,1,1,1,1,1,1,0,0.0,-409.5300976073001,1
0,1,0,1,1,1,0,0,1,0,1,1,0,1,0,0,1,0,1,1,0,1,0,0,0,1,0,0,0,1,0,1,1,1,1,0,1,0,0,1,1,0,1,1,1,0,0,1,1,1,0,0,1,1,0,1,1,0,0,1,0,1,0,0,0.0,-409.5286983630852,1
1,0,0,0,0,1,0,0,0,1,0,1,1,0,1,0,0,1,0,1,0,1,0,0,1,1,0,0,0,0,1,1,1,0,1,1,1,0,1,0,1,1,0,1,1,1,1,0,1,1,0,0,0,0,0,1,1,0,1,1,1,0,1,1,0.0,-409.5282223988659,1
1,0,1,0,0,0,1,0,1,0,0,0,0,0,1,0,1,0,0,1,1,1,0,0,1,1,1,0,0,0,1,1,1,1,0,1,1,0,0,0,0,0,1,0,1,1,0,0,0,1,1,0,1,1,1,1,1,1,0,1,0,1,0,0,0.0,-409.52817551096285,1
0,0,1,0,1,0,1,1,1,1,0,1,1,0,1,0,1,1,1,0,0,1,0,0,1,0,1,1,0,0,1,1,1,0,0,1,1,1,0,0,0,1,1,0,1,1,0,0,0,1,0,0,0,1,1,1,0,0,0,1,0,0,0,0,0.0,-409.5281156335737,1
0,0,1,1,0,0,1,0,0,0,1,0,1,0,0,0,1,1,0,0,0,0,0,1,1,1,0,0,0,1,0,1,1,0,0,0,1,1,1,0,0,1,1,1,0,1,1,1,0,1,1,1,1,1,1,1,1,1,0,0,1,1,0,0,0.0,-409.5272782633119,1
0,0,1,1,0,1,1,0,0,0,0,1,0,0,0,0,0,1,1,1,0,1,1,0,0,0,1,1,0,0,0,0,1,0,1,1,1,1,0,0,1,1,1,1,1,1,1,1,1,1,0,0,0,1,0,1,0,0,0,1,1,0,1,1,0.0,-409.52646997088453,1
0,1,1,0,0,1,1,1,0,0,0,0,1,0,0,0,1,0,0,0,1,1,1,0,0,0,1,1,1,0,0,1,1,0,0,1,1,1,1,0,0,1,1,1,1,1,0,1,0,0,1,1,0,1,0,1,0,0,0,0,1,0,0,1,0.015625,-409.52618494119145,1
1,0,0,1,1,1,1,1,1,1,1,0,0,1,0,1,1,0,1,0,0,0,1,0,0,0,0,1,1,0,0,1,0,1,1,1,1,1,0,0,1,0,0,1,0,1,0,1,0,1,0,0,0,1,0,0,0,0,1,1,0,0,0,1,0.0,-409.5248243162247,1
0,0,0,1,0,0,1,0,1,0,1,1,1,0,1,0,1,1,1,0,1,0,0,0,1,0,0,0,0,1,0,1,0,0,1,1,1,1,0,0,0,1,1,1,1,1,0,1,1,1,1,0,0,1,0,1,0,0,1,0,0,0,0,1,0.0,-409.52174802887436,1
0,0,0,1,1,1,1,1,0,0,1,0,1,0,0,0,1,0,0,0,0,0,0,1,1,0,0,1,0,0,1,1,1,1,1,1,1,1,1,0,1,0,1,1,1,0,0,1,1,0,0,0,0,1,1,1,1,1,0,0,1,1,0,0,0.0,-409.52144959430206,1
1,1,1,1,0,0,0,0,0,1,0,0,1,0,1,1,1,1,0,0,0,0,0,0,0,0,1,0,0,0,1,1,1,0,1,1,1,0,0,0,0,0,1,1,0,1,0,0,1,1,1,1,0,1,0,1,1,1,0,1,0,1,0,1,0.0,-409.5212699087104,1
0,0,1,1,1,0,0,0,1,0,1,0,1,0,1,0,1,0,0,0,1,0,0,1,1,0,1,0,0,1,1,1,1,1,1,0,1,1,0,0,1,0,1,1,1,1,0,1,0,1,0,0,0,0,0,1,0,1,1,1,0,0,0,0,0.0,-409.5209705511488,1
1,0,0,0,1,1,0,1,1,0,1,0,1,0,1,0,0,0,0,1,1,1,0,0,0,0,0,0,0,0,1,1,1,0,1,1,1,1,0,0,1,1,1,0,0,0,0,0,1,1,1,1,0,1,1,1,0,0,1,1,0,0,1,0,0.0,-409.5207034307943,1
0,0,1,1,1,1,0,1,0,0,1,1,1,0,0,0,0,0,0,0,1,0,1,1,0,0,1,1,1,0,1,1,1,1,0,1,0,1,1,0,1,0,0,1,1,1,0,1,1,1,0,1,1,1,0,1,0,0,0,0,0,0,0,1,0.0,-409.51969628884115,1
1,0,1,1,0,1,1,0,0,0,1,1,0,0,0,0,0,1,0,0,1,1,0,1,1,0,0,1,0,0,1,1,1,1,1,1,0,1,1,0,0,1,1,0,1,1,0,0,1,1,1,0,0,1,1,1,1,0,0,1,0,0,0,0,0.0,-409.5193625607055,1
0,1,1,1,1,1,0,0,0,0,1,1,1,1,0,0,1,1,0,0,1,0,1,0,1,1,0,1,0,0,1,1,1,0,1,0,0,0,0,0,1,0,1,1,1,0,1,1,1,1,0,0,0,0,1,1,0,0,1,1,1,0,0,0,0.0,-409.5190553728611,1
1,1,1,0,0,0,0,1,1,1,1,1,1,1,0,0,0,1,1,0,1,0,1,0,1,0,1,0,1,1,0,1,1,0,0,0,0,0,0,0,1,0,0,1,1,1,0,1,1,1,0,0,0,1,1,1,0,0,0,1,1,0,0,1,0.0,-409.51892976140545,1
0,0,1,1,0,0,0,0,0,0,0,0,1,0,0,1,1,1,0,0,0,1,0,0,1,0,1,1,0,0,1,1,1,1,1,1,1,0,0,0,1,1,1,1,0,1,1,1,0,1,0,0,1,1,0,0,1,1,1,1,1,0,0,1,0.0,-409.518485622542,1
0,0,0,0,0,1,1,1,0,0,1,1,1,0,0,0,1,1,0,0,1,0,0,1,1,0,0,1,0,0,1,1,0,1,1,1,0,1,0,1,0,1,1,0,1,1,1,1,0,1,0,0,1,1,1,1,1,0,0,1,0,1,0,0,0.015625,-409.51812116717093,1
0,0,1,1,0,0,0,1,0,0,1,0,1,0,1,0,1,0,0,0,1,0,1,0,1,1,1,1,0,0,0,1,1,1,1,0,1,0,0,0,1,0,0,1,0,1,1,1,1,1,0,0,0,1,0,1,1,1,0,1,0,0,1,0,0.0,-409.5172555217256,1
0,0,1,1,0,1,1,0,1,1,1,0,0,1,0,0,1,0,0,1,1,0,0,1,0,0,0,1,0,1,0,1,0,0,0,1,0,1,0,0,0,1,0,1,1,1,1,1,0,1,0,1,1,1,0,1,1,0,0,1,0,0,1,0,0.015625,-409.51723225066377,1
1,0,1,0,1,1,0,1,1,0,1,0,1,1,1,0,1,0,0,0,0,0,0,1,0,1,1,0,1,1,0,1,0,1,1,0,1,1,0,0,1,0,0,1,0,1,0,1,1,1,0,0,1,1,1,1,0,0,0,0,0,0,0,0,0.015625,-409.51668964097996,1
1,0,1,1,1,1,1,0,0,1,0,1,0,0,0,0,0,1,0,1,1,0,0,0,1,1,1,1,1,0,0,0,1,1,0,1,0,1,0,1,1,0,1,0,1,1,0,1,1,1,0,0,0,1,0,1,1,1,0,0,0,0,1,0,0.0,-409.51642343912647,1
1,0,1,1,0,1,1,0,1,0,1,0,1,0,1,1,0,1,0,1,0,1,0,0,0,1,1,1,0,0,1,1,0,0,1,0,0,1,0,0,1,0,1,1,1,1,1,1,0,1,0,0,0,0,0,0,1,0,0,0,1,0,1,0,0.03125,-409.5158749067647,1
1,1,0,1,1,0,0,1,1,0,1,0,0,0,1,0,1,0,0,0,1,1,0,0,1,1,0,0,0,0,1,1,1,1,1,1,1,0,1,0,1,0,1,0,0,1,0,1,0,1,1,1,1,0,1,1,0,0,1,0,0,0,1,0,0.0,-409.5158090319225,1
1,1,0,1,0,1,0,1,0,0,1,0,0,1,0,0,1,0,0,1,1,0,0,0,1,0,0,0,0,1,0,1,0,1,0,1,1,0,0,1,1,1,1,1,1,1,0,1,1,1,0,1,1,0,0,1,0,0,1,0,0,1,0,0,0.0,-409.51553550791675,1
1,0,0,0,1,1,1,0,1,0,1,1,0,0,1,0,0,1,0,1,1,1,0,0,1,1,0,1,1,0,0,1,0,1,0,0,1,1,0,0,1,0,1,1,1,1,0,0,0,1,0,0,1,1,0,1,1,0,0,0,1,0,0,0,0.0,-409.51440764559067,1
1,0,0,0,1,1,1,0,1,1,0,0,1,1,0,1,1,0,0,1,1,1,0,0,0,0,0,0,0,1,0,1,1,1,1,0,1,0,0,0,1,1,1,1,1,1,0,1,1,0,0,1,0,1,0,1,0,0,1,0,1,0,1,0,0.0,-409.51379141465935,1
0,1,0,1,1,1,0,1,0,0,0,0,1,0,0,1,0,0,1,0,1,0,0,0,0,1,1,1,0,0,1,1,0,0,0,1,1,0,1,1,0,0,1,1,0,1,1,0,1,1,1,1,0,1,0,1,1,0,0,1,0,0,1,0,0.0,-409.5137681446636,1
1,0,0,1,1,1,1,1,1,0,1,0,0,0,1,0,1,0,1,1,1,0,1,0,1,0,1,0,0,1,0,1,0,0,1,1,0,0,0,0,1,0,1,0,1,1,0,1,1,0,0,1,1,1,1,1,1,1,0,0,0,0,0,0,0.0,-409.51151233447246,1
0,0,0,0,1,1,1,1,1,1,0,0,0,1,1,0,0,1,0,0,1,1,0,0,0,1,0,1,0,1,1,1,0,0,1,1,1,1,1,0,0,0,1,0,0,0,0,1,1,1,0,0,0,1,0,1,1,1,0,0,1,1,0,0,0.0,-409.51021633217994,1
1,1,0,0,1,1,0,1,1,1,0,0,1,0,0,1,0,1,0,1,1,1,0,0,0,1,1,1,0,0,1,1,0,0,1,1,1,1,0,0,0,0,1,1,1,0,0,1,0,1,0,1,0,1,0,1,1,0,1,0,0,1,0,0,0.0,-409.5092780625539,1
1,0,1,1,0,1,1,1,0,1,1,1,1,0,0,0,0,0,0,0,0,0,1,1,1,1,1,1,1,0,1,1,0,0,0,0,1,0,0,0,1,1,1,1,1,1,0,0,0,1,0,0,1,1,1,0,0,0,0,0,1,0,0,0,0.0,-409.50922169633156,1
1,1,1,1,0,0,1,0,0,0,0,0,1,1,0,0,1,1,0,0,1,1,0,0,1,0,1,0,1,1,0,1,0,1,0,1,0,1,1,0,1,1,1,0,1,1,1,1,0,0,1,1,1,0,0,0,0,0,1,0,1,0,1,0,0.0,-409.50917945980757,1
1,0,1,1,0,1,1,0,1,1,0,0,0,1,0,0,0,1,0,1,0,1,1,0,1,0,1,1,0,1,0,0,0,0,1,0,0,1,1,0,0,1,1,0,1,1,0,1,0,0,0,0,0,1,0,1,1,0,0,1,0,1,1,1,0.0,-409.5089890894712,1
0,0,1,1,1,1,1,0,1,0,0,1,1,0,1,1,1,1,0,0,1,1,0,0,1,1,1,1,0,0,1,1,0,1,0,0,0,0,0,1,0,0,1,0,1,1,0,1,0,1,0,1,0,0,1,1,0,1,0,0,1,0,1,0,0.0,-409.5077325112027,1
1,0,1,1,0,0,0,0,1,1,1,0,0,0,0,1,0,0,0,0,0,1,0,1,1,0,0,0,1,1,1,1,0,1,1,1,1,0,0,0,1,0,1,1,1,1,0,0,0,1,0,1,1,1,0,1,1,1,0,1,0,1,1,0,0.0,-409.5074267959541,1
0,0,0,0,1,0,1,1,1,1,1,1,0,0,1,0,0,1,0,1,1,1,0,0,1,1,1,1,0,0,1,1,1,0,0,0,1,0,0,1,0,0,1,1,1,0,1,1,1,1,0,0,0,0,0,1,0,0,1,1,1,1,0,0,0.0,-409.5073122853795,1
1,1,1,1,1,1,1,0,0,0,1,0,0,1,1,0,1,1,0,0,0,0,1,0,1,1,0,1,1,0,1,0,0,0,1,0,1,0,0,0,0,0,1,0,1,0,1,1,0,1,0,0,0,1,0,1,0,0,0,1,1,1,0,1,0.0,-409.50611321147494,1
1,0,1,0,1,1,1,1,0,0,0,1,1,1,1,0,1,0,0,0,1,1,1,0,0,0,0,0,1,0,0,1,1,0,0,0,1,1,0,0,1,0,1,0,1,0,0,0,1,1,1,1,1,1,0,0,1,0,0,0,0,0,1,1,0.0,-409.50435220284686,1
1,1,1,1,0,1,0,1,1,0,1,0,0,0,1,0,0,1,0,0,1,1,1,0,1,0,0,0,0,1,1,1,1,0,0,1,1,1,0,0,1,0,1,0,1,1,0,1,1,1,1,0,0,0,0,1,0,0,0,0,0,1,0,0,0.0,-409.50417290921285,1
1,0,0,1,0,0,1,0,1,1,1,0,1,0,0,0,1,0,0,0,0,0,1,0,0,0,0,1,0,0,1,1,1,1,1,1,1,1,1,0,1,0,1,1,1,1,0,0,1,1,0,0,1,1,0,1,1,0,0,1,1,1,0,0,0.046875,-409.5033828538062,1
1,0,1,1,1,1,1,1,0,1,1,0,0,0,0,1,1,1,0,0,0,0,1,0,0,1,0,1,0,1,0,1,1,1,0,1,1,0,0,0,0,0,1,1,1,0,0,0,1,1,0,0,1,0,0,1,1,0,1,0,0,1,0,0,0.0,-409.5017295006853,1
1,0,1,1,0,1,1,1,1,0,1,1,0,0,1,0,0,1,0,0,1,1,0,0,0,0,0,1,1,0,1,0,0,1,1,1,1,0,1,0,0,0,1,1,1,0,1,1,1,0,0,1,1,0,0,1,1,0,1,0,0,0,1,0,0.0,-409.5012166442729,1
0,0,0,1,0,0,0,1,0,0,1,0,0,1,1,1,0,0,1,0,1,0,0,0,1,1,1,1,1,0,1,1,0,1,0,1,0,0,0,1,0,0,1,1,1,1,1,1,1,1,0,0,0,0,0,1,1,0,0,0,1,0,1,1,0.0,-409.499806275539,1
1,1,0,1,0,1,1,0,0,0,1,1,0,1,0,0,0,0,0,1,1,0,0,0,1,0,1,0,0,0,0,1,0,0,1,0,1,1,0,0,0,1,1,1,1,1,0,1,0,0,1,1,1,1,0,1,1,1,0,1,0,1,0,0,0.0,-409.4982105908359,1
0,0,0,1,1,0,0,0,0,0,1,0,0,0,1,0,0,0,0,0,1,1,1,1,1,0,0,1,0,0,1,1,1,1,1,1,1,1,0,0,1,1,0,1,1,0,1,1,0,0,0,0,1,1,0,1,1,0,0,1,1,0,0,1,0.0,-409.4981033006093,1
1,0,1,0,0,1,1,1,1,1,1,0,0,1,0,1,0,1,0,0,0,1,1,0,0,0,0,1,0,0,0,1,0,0,1,0,1,1,1,0,1,1,0,0,1,1,1,1,1,1,0,1,0,1,0,0,0,0,0,0,0,0,1,1,0.0,-409.4980533476693,1
1,0,1,0,0,0,1,1,0,0,1,1,0,0,0,0,1,0,0,1,1,1,1,0,1,1,0,1,0,0,1,1,0,0,0,1,1,0,1,0,0,0,1,1,1,1,0,1,1,1,0,0,1,1,0,1,1,0,0,1,0,1,1,0,0.0,-409.49709942427916,1
1,0,1,0,0,1,0,1,0,0,1,0,0,0,0,1,1,1,0,0,1,1,1,0,1,1,1,1,1,0,1,1,1,1,1,0,1,1,1,0,1,0,1,0,0,1,0,1,0,1,0,0,0,0,1,1,0,0,0,0,0,1,0,1,0.015625,-409.49709880041974,1
0,0,0,1,0,1,1,1,0,0,0,1,0,1,1,1,1,0,0,0,1,1,0,0,1,0,1,1,1,0,0,1,0,1,0,0,1,1,0,0,1,0,1,1,0,1,0,1,1,1,0,0,0,1,0,1,0,1,1,0,0,0,0,1,0.0,-409.49653392271796,1
0,1,1,0,0,1,1,1,1,0,1,0,0,0,1,0,1,1,0,0,1,0,1,1,1,1,0,0,0,0,1,1,1,1,1,0,1,1,0,1,1,0,1,1,1,1,1,0,1,0,0,0,0,1,0,0,0,1,1,0,0,0,0,0,0.015625,-409.4960800006572,1
1,1,0,0,0,1,0,1,1,1,1,0,0,0,1,0,0,1,0,1,0,1,0,1,1,1,1,1,1,0,0,1,0,0,0,1,1,0,1,0,0,0,0,1,1,0,1,1,0,1,0,0,0,1,0,1,1,0,1,0,0,0,1,0,0.0,-409.493949882353,1
1,0,0,1,0,1,0,1,1,1,0,0,1,0,0,1,0,0,0,1,1,0,1,1,0,0,0,1,1,0,0,1,1,1,0,1,1,1,0,0,1,1,0,1,1,1,0,0,1,1,0,1,1,1,0,1,0,0,0,0,0,0,0,0,0.015625,-409.49323088616836,1
0,0,1,1,0,1,1,1,1,1,1,0,0,0,1,0,0,1,0,0,0,0,1,0,0,0,1,1,1,1,1,1,1,1,1,1,1,1,1,0,0,0,0,0,1,1,0,1,1,1,0,1,0,1,0,1,0,0,0,1,0,0,0,0,0.0,-409.4926783109466,1
1,0,0,0,1,1,1,0,0,0,1,0,0,0,1,0,0,0,1,0,1,0,0,0,1,0,0,0,1,1,0,1,1,1,1,1,0,0,0,0,1,1,1,1,1,0,0,1,0,1,1,1,1,0,0,0,1,1,1,1,0,1,0,0,0.0,-409.49264181011154,1
1,1,1,0,0,1,1,1,0,0,1,1,0,1,0,0,1,0,0,1,1,1,0,0,1,0,1,1,0,0,0,1,0,1,0,0,1,1,0,0,0,0,1,1,1,1,0,0,1,0,1,1,0,1,0,1,1,0,1,0,0,0,0,0,0.0,-409.49186473325005,1
0,0,1,0,0,0,1,0,1,0,1,0,1,1,0,1,0,0,0,0,0,0,0,0,0,0,1,1,0,0,0,1,1,1,1,0,1,1,0,1,1,0,1,1,0,1,1,1,0,1,1,1,0,1,1,1,1,0,1,0,1,0,0,0,0.015625,-409.48993387796185,1
0,0,0,1,0,1,0,1,0,1,1,1,0,0,0,0,1,1,1,0,0,1,0,0,1,0,0,1,0,0,0,0,0,0,1,1,1,1,1,1,1,0,1,1,1,1,1,1,0,1,0,0,0,0,0,1,1,1,1,1,0,0,0,0,0.015625,-409.488226929605,1
1,0,1,0,1,0,0,1,0,1,1,0,1,0,0,1,1,0,0,1,1,0,1,0,0,0,1,1,0,0,0,1,0,1,0,1,0,0,0,0,0,0,1,1,0,1,1,1,1,1,1,0,1,0,0,1,0,0,0,1,0,1,1,1,0.0,-409.4875855489627,1
0,0,1,1,1,1,1,1,1,0,1,1,0,0,1,1,1,1,1,1,0,1,0,0,1,0,0,0,1,0,0,0,0,1,0,0,0,1,0,0,1,0,1,1,1,1,0,1,0,1,0,0,1,1,0,1,0,0,0,1,1,1,0,0,0.015625,-409.4873123695245,1
0,0,1,1,1,1,0,1,1,0,1,0,0,1,0,0,1,1,0,0,1,0,1,0,1,0,1,0,0,0,1,1,0,0,0,1,1,1,0,1,1,1,1,0,1,0,0,1,1,1,0,0,0,1,0,1,0,0,1,1,0,1,1,0,0.015625,-409.48725693471266,1
0,0,1,0,0,0,0,0,1,1,1,1,1,1,0,0,1,0,0,1,1,0,0,0,1,1,1,0,1,0,1,1,1,1,0,0,0,0,0,1,0,0,0,1,1,1,0,1,1,1,1,1,0,0,0,1,0,1,1,1,0,0,0,0,0.0,-409.4864134302654,1
1,0,1,1,1,1,1,1,0,0,0,1,0,0,0,1,1,0,0,1,1,0,0,0,0,1,1,0,1,1,1,1,0,1,0,0,1,1,0,0,0,0,0,1,0,1,1,0,1,0,1,0,0,0,1,1,1,1,0,0,0,0,0,1,0.0,-409.4863937306463,1
0,0,1,1,1,1,1,1,1,0,1,0,1,1,0,0,0,0,0,1,0,0,0,1,1,1,1,1,0,0,1,1,0,1,1,0,1,1,1,0,0,1,1,0,0,1,0,0,1,1,0,0,1,1,0,1,0,0,0,0,0,1,0,1,0.0,-409.48632939340325,1
1,0,0,1,0,1,1,0,1,1,1,0,0,0,1,1,1,1,0,0,1,0,0,0,0,1,1,1,0,0,0,0,1,1,0,1,1,1,0,0,1,1,0,1,0,1,1,1,1,0,0,0,0,1,0,1,1,1,1,0,0,1,0,0,0.0,-409.48621941649793,1
0,0,0,1,1,1,0,0,1,1,0,0,1,0,0,0,1,1,1,1,1,0,0,0,1,0,1,1,0,1,1,0,1,1,0,1,0,0,1,1,0,1,1,0,1,1,0,1,1,1,0,0,0,1,0,1,1,0,0,1,1,0,0,0,0.0,-409.4860542595793,1
0,0,0,1,1,1,1,1,1,0,1,0,1,1,1,0,1,0,1,0,0,0,1,0,1,0,0,0,0,0,0,0,1,0,0,1,1,1,0,0,1,1,1,1,1,1,0,1,1,1,0,1,1,1,0,0,1,1,0,0,0,1,0,0,0.0,-409.485627503119,1
1,1,1,0,0,1,0,1,1,0,1,0,1,0,0,0,0,0,1,1,1,1,1,0,0,0,0,0,0,1,0,1,1,0,0,1,1,0,0,0,0,1,1,0,1,1,0,1,0,1,1,1,0,0,1,1,1,1,0,1,0,0,0,0,0.015625,-409.485163149586,1
0,0,0,0,0,0,1,1,0,1,0,0,1,0,1,1,1,1,0,1,1,1,0,0,0,0,1,0,0,0,1,0,1,1,0,1,0,1,1,1,1,0,1,0,1,1,0,1,1,1,0,0,1,0,0,1,1,0,1,1,0,0,0,0,0.015625,-409.48467678439374,1
0,0,1,0,1,0,1,0,1,0,1,1,0,1,1,0,0,1,0,0,1,0,0,0,1,1,0,1,0,1,1,1,0,0,1,1,1,1,1,1,0,0,1,1,1,0,0,1,0,1,0,1,0,1,0,1,0,0,0,0,1,1,0,1,0.0,-409.4844599740881,1
0,0,1,1,1,1,1,1,0,0,1,1,0,1,0,0,1,0,0,1,1,1,0,1,1,1,1,1,0,0,0,0,1,1,0,0,1,1,0,1,1,0,1,1,1,0,1,0,0,1,0,0,0,0,0,1,0,0,0,1,1,0,0,1,0.0,-409.48329902779784,1
0,0,1,0,1,0,1,1,0,1,1,0,0,0,1,0,1,1,0,0,1,0,0,0,1,0,1,1,0,0,1,1,1,1,0,1,1,1,0,0,1,0,0,1,0,1,1,1,0,1,0,0,0,1,1,1,0,1,0,0,0,1,0,0,0.0,-409.48310565447207,1
0,0,0,1,1,0,0,0,1,1,1,1,0,1,0,0,0,1,1,0,0,0,0,0,1,1,1,0,1,1,1,1,0,1,1,0,1,1,0,0,0,0,1,1,1,1,0,1,0,1,0,0,1,1,0,1,0,1,0,1,0,1,1,0,0.015625,-409.4813686528899,1
1,0,1,0,1,1,1,0,1,1,0,0,0,0,0,0,1,1,0,0,1,0,1,1,1,0,0,1,0,0,1,1,1,0,1,0,1,1,0,0,1,0,1,1,0,1,0,0,1,1,1,1,1,1,1,1,1,0,0,0,0,0,0,0,0.0,-409.4809150570024,1
0,0,1,1,1,0,0,1,0,1,1,1,1,0,0,1,1,0,0,1,1,0,1,0,0,1,1,0,0,0,0,1,1,0,1,0,1,0,0,1,1,0,1,0,1,0,1,1,0,1,0,0,1,0,1,1,1,1,0,0,0,1,0,1,0.015625,-409.4806736422034,1
0,0,0,1,1,1,0,1,1,1,1,1,0,0,1,0,1,0,1,1,1,1,0,1,0,1,0,1,0,0,1,1,0,1,0,1,1,0,0,0,1,0,1,1,1,1,1,0,0,0,0,0,1,1,0,1,0,0,0,0,0,0,0,0,0.0,-409.4801892671452,1
0,0,1,0,1,1,1,0,1,0,1,1,1,1,1,1,1,1,0,1,1,1,0,0,0,0,1,0,0,1,0,1,0,0,1,1,1,0,1,0,1,0,1,1,0,1,1,0,0,0,0,1,0,1,0,1,0,1,0,0,1,0,0,0,0.015625,-409.4798606849799,1
1,0,0,1,0,1,0,0,0,1,1,1,0,0,0,0,1,1,0,1,0,0,1,0,1,0,1,0,1,1,1,1,1,0,0,1,1,1,1,1,0,0,0,1,1,1,0,1,1,0,0,0,1,0,0,1,1,1,0,1,1,0,0,0,0.015625,-409.4797439074261,1
1,0,1,0,1,1,0,1,0,1,1,0,1,1,0,0,1,0,0,0,0,0,0,0,0,1,1,1,1,0,1,1,1,1,0,0,1,1,1,0,0,0,0,0,1,1,0,1,1,1,0,0,0,1,1,1,1,0,0,1,0,1,0,1,0.0,-409.47899865945385,1
0,0,1,1,1,1,0,1,0,1,1,0,0,0,0,0,1,0,0,1,0,1,0,0,1,0,1,1,1,0,1,1,1,1,1,1,1,0,1,1,1,0,1,1,1,0,0,0,1,1,0,0,0,0,0,1,0,0,0,0,1,1,0,1,0.015625,-409.47832641906814,1
1,1,0,1,1,1,1,0,1,0,1,1,0,1,1,1,0,1,0,0,1,0,0,0,1,0,0,1,0,1,1,1,1,0,0,0,0,0,0,0,1,0,1,1,1,0,1,1,1,0,0,0,0,1,0,1,0,0,0,1,0,0,1,0,0.03125,-409.47685627688844,1
0,0,1,1,0,0,0,0,0,0,1,0,1,0,1,0,1,1,0,0,1,1,0,0,0,0,1,1,0,1,1,0,0,1,1,1,1,0,1,0,1,0,1,1,1,0,1,1,1,0,0,0,1,1,0,1,1,0,0,0,1,0,1,0,0.0,-409.4767166940113,1
0,0,0,0,0,1,1,1,0,1,0,0,1,0,0,1,0,0,0,1,0,1,0,0,0,0,1,1,1,0,1,1,1,0,1,0,0,1,0,0,1,0,1,1,1,1,1,1,1,1,0,0,1,1,0,1,1,0,0,1,0,1,1,1,0.0,-409.47666445719625,1
0,0,1,1,0,1,1,0,1,0,0,0,1,0,1,0,0,1,0,1,1,0,1,0,1,0,1,1,0,1,1,0,0,0,0,1,0,1,0,0,0,0,1,1,1,1,0,1,1,1,0,0,0,1,1,1,1,0,1,1,1,1,0,0,0.0,-409.4758480269302,1
1,1,1,0,1,0,0,1,0,0,0,1,0,1,0,0,0,0,1,0,0,0,0,0,1,0,1,1,1,1,0,1,0,1,0,1,0,1,0,0,1,0,0,1,1,1,1,1,1,0,0,1,1,1,1,1,1,1,1,0,1,0,0,0,0.0,-409.4756988305566,1
0,0,0,1,1,1,1,1,0,0,1,0,0,1,1,0,0,1,1,1,0,0,0,0,0,1,0,1,0,0,0,0,1,1,0,1,1,1,0,0,1,0,1,1,1,0,0,0,1,1,0,1,1,1,1,0,0,1,1,0,0,1,0,0,0.0,-409.47389828479913,1
1,1,1,0,1,1,0,1,1,1,1,0,0,1,1,1,0,0,0,0,1,0,0,0,0,0,0,0,1,0,0,1,1,0,1,1,1,1,1,0,0,1,1,1,0,1,0,1,1,1,0,0,1,0,0,0,0,1,0,1,0,1,1,0,0.0,-409.4735305507786,1
0,0,1,1,1,1,0,1,1,1,1,0,0,1,0,1,1,1,0,1,1,1,0,0,1,0,0,1,0,0,1,0,0,0,0,1,0,0,0,1,0,1,1,0,1,1,0,1,0,1,0,1,0,0,0,0,1,1,0,0,0,0,1,1,0.0,-409.473392356007,1
0,0,1,1,1,0,1,0,0,1,1,0,1,1,0,0,1,1,1,0,0,0,0,1,1,0,1,1,0,0,0,1,1,1,1,0,1,0,0,0,1,0,1,1,1,0,0,1,0,1,1,1,0,0,0,1,1,0,1,0,0,1,0,1,0.0,-409.47288059283136,1
1,0,1,1,0,1,0,1,1,0,1,0,1,0,1,0,0,1,1,1,0,0,0,0,1,0,0,1,0,0,0,1,0,0,1,1,0,1,0,0,1,1,1,1,1,1,1,1,1,1,0,0,1,1,0,1,0,0,0,0,1,1,0,0,0.0,-409.47250780112927,1
1,0,0,1,1,1,0,1,0,1,0,1,0,0,0,1,1,1,0,1,0,0,1,0,0,0,0,1,1,0,0,1,1,1,0,1,1,0,1,1,1,0,1,0,1,1,0,1,1,1,0,0,1,1,0,1,0,0,0,0,0,1,1,0,0.0,-409.4724628739755,1
1,0,0,0,1,0,1,1,1,0,1,1,0,1,0,0,0,1,1,1,0,0,1,0,0,1,0,1,0,0,1,1,0,0,0,1,1,0,0,0,1,0,1,1,1,1,1,1,0,1,0,0,1,0,1,1,1,0,0,1,1,1,0,0,0.0,-409.47150425061676,1
0,0,1,1,0,0,1,1,0,1,1,1,0,0,1,0,0,0,0,1,0,0,0,0,0,1,1,1,0,0,1,1,1,0,0,1,0,0,0,0,1,1,1,1,1,1,0,1,1,1,1,1,0,0,0,1,1,0,0,1,0,1,1,1,0.0,-409.47091853549614,1
1,0,1,1,1,0,0,1,1,1,0,0,0,0,0,1,0,1,0,1,1,0,0,0,1,1,1,1,0,0,1,1,1,1,0,0,0,0,1,0,0,1,1,0,1,1,1,1,0,1,0,0,0,1,1,1,1,1,1,0,0,0,0,0,0.0,-409.4705448607046,1
0,0,0,1,0,1,0,0,0,1,1,0,1,0,0,0,1,0,0,0,1,0,1,0,0,0,1,1,1,1,1,1,1,1,0,0,1,1,1,0,1,0,1,1,0,0,1,1,1,1,0,0,1,0,1,1,0,0,1,0,1,1,0,1,0.0,-409.47048807043257,1
1,0,1,1,0,1,1,1,1,0,0,0,0,0,1,1,0,0,0,0,1,0,0,1,0,0,1,0,0,0,1,1,0,1,0,0,1,1,0,0,1,1,1,0,1,1,0,1,0,1,1,0,0,0,0,1,1,1,0,1,1,0,0,1,0.0,-409.46818650029235,1
1,1,1,1,0,0,0,0,1,1,1,1,0,1,0,0,0,1,0,0,0,1,0,0,0,0,0,1,1,1,1,1,0,1,1,1,1,0,1,1,1,0,0,1,0,0,0,1,1,1,0,0,0,1,0,1,1,1,0,0,0,0,0,0,0.0,-409.4674703122398,1
0,0,0,1,1,1,1,1,1,1,1,0,0,1,0,0,0,1,1,1,1,1,0,0,1,1,0,1,0,0,1,1,0,0,0,0,1,1,1,0,0,0,0,1,1,1,0,1,0,1,0,1,0,1,1,0,1,0,0,0,0,1,1,0,0.0,-409.46722135753413,1
0,0,1,0,1,1,0,0,1,0,0,1,1,1,0,1,1,1,1,1,1,0,1,0,0,0,1,0,0,0,1,1,0,1,1,0,1,1,0,0,0,0,0,1,1,1,0,1,0,1,0,0,1,0,0,1,0,0,0,1,0,0,1,1,0.0,-409.46687358853256,1
1,1,0,1,1,1,0,0,0,1,1,1,1,0,1,0,1,0,0,0,0,0,1,0,0,1,1,1,1,0,1,1,0,0,0,1,1,0,1,0,0,1,1,1,1,1,0,1,1,0,0,0,1,0,0,1,1,0,0,0,1,1,0,0,0.015625,-409.46651200565816,1
0,0,1,1,0,1,0,1,1,1,1,0,0,0,0,1,0,0,0,0,1,1,0,0,1,0,0,1,0,0,1,1,0,0,0,1,1,0,0,1,1,0,1,1,1,1,1,1,0,1,0,1,1,1,0,1,0,1,0,0,1,1,0,1,0.015625,-409.464650346196,1
1,0,1,0,1,1,0,1,1,0,0,0,0,0,1,0,1,1,1,0,1,0,0,0,0,0,0,1,1,1,1,1,0,0,0,1,0,0,1,1,0,0,1,0,1,1,0,1,1,1,0,0,1,1,1,1,1,0,0,1,0,1,1,0,0.0,-409.4645059685179,1
0,1,1,0,0,1,1,1,1,0,1,0,0,1,0,0,1,0,0,0,1,1,0,1,0,0,0,0,0,1,1,0,1,0,0,0,1,1,0,0,1,0,1,1,1,1,0,1,0,1,1,0,0,0,1,1,0,0,1,0,1,1,1,0,0.0,-409.4643117861859,1
0,1,1,0,1,0,1,1,1,1,1,0,0,0,0,0,0,0,0,0,1,0,1,0,1,1,1,1,0,0,1,0,1,1,1,0,1,1,1,0,0,0,1,0,1,1,0,1,1,1,1,0,1,1,0,1,0,0,0,0,1,1,0,0,0.0,-409.46360519976156,1
1,0,0,1,0,1,0,1,0,0,1,0,0,0,1,0,1,0,0,1,1,1,0,0,0,0,0,1,0,1,0,1,0,0,1,1,1,1,1,0,1,1,1,0,1,1,0,1,1,1,0,1,1,0,1,0,1,0,1,1,0,1,0,0,0.0,-409.4626804498365,1
0,0,1,0,1,0,0,1,1,1,1,1,1,0,1,0,0,0,0,0,1,1,0,0,0,0,1,1,1,1,1,1,0,1,1,1,1,1,0,0,0,0,0,1,1,1,0,1,1,1,0,1,0,1,1,1,0,0,0,1,0,0,0,0,0.0,-409.46246335585295,1
1,0,1,1,1,1,1,1,0,1,1,0,0,0,1,1,1,0,0,1,1,0,0,1,0,0,1,0,1,0,0,1,1,1,1,0,1,1,0,0,0,0,1,1,1,0,1,0,0,1,0,0,1,1,0,1,0,0,0,0,1,0,0,1,0.0,-409.4611476695222,1
1,0,0,0,1,0,0,1,0,1,1,1,0,0,0,1,1,0,0,0,1,1,1,0,1,1,0,0,1,0,1,1,1,0,1,1,1,0,0,0,1,1,0,0,1,1,0,1,0,1,0,0,1,1,0,1,0,1,0,1,1,0,0,1,0.0,-409.4611129835911,1
0,0,0,0,0,0,1,1,0,0,0,0,0,1,1,0,1,1,0,0,1,0,0,0,1,1,0,1,0,1,1,1,0,1,1,1,0,1,0,0,1,1,1,1,1,1,0,1,1,1,0,1,0,1,0,1,0,1,1,0,0,0,0,0,0.0,-409.46077705387273,1
0,1,0,0,0,0,0,0,1,0,1,0,0,1,0,1,0,0,0,1,1,1,0,1,1,1,1,0,0,0,1,0,1,1,1,1,0,0,0,1,0,0,1,1,1,1,1,1,1,1,1,0,1,1,0,1,1,1,0,0,0,0,0,1,0.015625,-409.4604833666065,1
0,1,1,1,0,1,1,1,0,0,1,0,0,0,1,0,0,0,0,1,0,0,1,0,0,1,0,0,1,0,1,1,1,1,1,0,0,0,1,1,0,0,1,1,1,1,0,1,1,1,0,0,1,1,0,1,1,0,0,1,0,1,1,0,0.0,-409.46031883413235,1
1,0,1,1,1,1,1,1,1,0,0,0,0,0,1,0,0,0,0,0,1,0,0,0,1,0,1,1,0,1,1,0,0,0,1,1,1,1,0,0,1,1,1,1,1,0,0,1,0,1,0,0,0,1,0,1,1,0,0,1,1,0,0,0,0.03125,-409.45860793127736,1
0,1,1,1,0,0,1,1,1,1,1,0,0,0,1,0,0,1,0,0,1,0,1,0,0,1,0,0,0,0,1,1,1,0,1,1,0,1,1,1,1,0,1,1,1,0,0,1,1,1,1,0,0,1,0,1,0,0,0,0,0,1,0,1,0.0,-409.45859135859183,1
0,0,0,1,1,1,1,1,0,0,0,1,1,1,0,1,0,0,0,0,0,0,0,1,0,0,1,1,0,0,1,1,0,0,1,0,1,1,1,1,1,0,1,1,1,1,0,1,1,1,0,0,1,0,0,1,1,0,1,0,0,0,0,0,0.0,-409.45774662652803,1
0,1,1,0,1,0,0,1,1,0,1,0,0,1,1,0,1,0,0,1,0,1,0,0,0,1,1,0,1,0,1,1,0,0,0,1,0,0,0,0,1,1,1,1,1,1,0,0,1,1,1,0,0,1,0,1,0,0,0,1,1,1,0,0,0.0,-409.4568331352831,1
0,0,1,1,1,1,0,1,0,0,1,0,0,0,1,0,1,0,0,1,1,0,1,0,1,1,0,0,0,0,1,1,0,0,1,0,1,1,0,0,0,1,1,1,1,0,0,1,1,1,0,0,1,1,0,0,1,1,1,1,1,1,0,0,0.0,-409.4566648236949,1
1,0,1,0,0,1,1,0,0,1,1,1,1,0,0,1,1,1,0,0,1,0,1,0,0,0,1,1,1,1,0,1,1,1,1,0,1,1,0,0,0,0,1,1,0,1,0,0,1,1,0,0,1,0,1,1,0,0,0,0,0,0,1,1,0.0,-409.4552585242667,1
1,1,1,1,1,1,0,1,1,0,1,0,0,1,0,0,0,1,0,1,0,0,0,0,1,0,1,0,0,0,1,1,0,0,0,0,0,0,0,0,1,1,1,0,1,1,0,0,1,1,1,0,1,0,0,1,1,1,1,0,1,1,0,0,0.0,-409.4535916965559,1
0,0,0,1,0,1,0,0,0,1,0,0,1,1,1,1,0,1,1,0,1,1,0,0,0,1,0,0,1,1,1,1,0,1,0,0,0,0,0,0,1,0,1,1,1,1,0,1,1,0,0,0,1,1,1,1,1,1,1,0,0,0,0,0,0.0,-409.45307218556843,1
0,0,1,1,0,0,1,1,1,0,1,1,0,0,0,1,1,1,1,1,1,0,1,0,0,0,1,0,0,1,1,1,0,1,0,1,1,0,0,1,0,0,1,1,0,1,1,0,0,0,1,1,1,0,0,1,1,0,0,0,0,1,1,0,0.0,-409.45202358441213,1
1,0,0,1,1,1,0,1,0,0,1,0,0,0,0,0,0,0,0,1,1,1,0,0,1,0,0,1,0,0,1,1,0,1,0,0,1,0,1,0,1,1,1,0,0,1,1,1,1,1,0,0,1,1,0,1,1,1,1,1,0,1,1,0,0.0,-409.4514606558336,1
1,0,1,1,1,0,1,1,0,1,0,0,0,0,0,1,1,0,0,0,1,0,1,0,1,0,0,1,0,1,0,0,1,0,1,0,1,1,1,0,1,0,1,1,1,1,1,1,0,1,0,0,0,1,1,1,0,0,0,1,0,1,0,1,0.0,-409.45105466711186,1
0,1,0,0,1,1,0,1,1,0,1,1,1,1,0,0,0,1,0,0,1,0,0,0,0,1,1,1,1,0,0,0,1,0,0,1,1,0,0,0,1,0,1,1,1,0,0,1,0,1,1,0,1,0,0,1,1,1,0,0,1,0,0,1,0.0,-409.4506691920553,1
1,0,1,1,0,1,1,1,1,1,1,0,1,0,1,0,0,1,0,1,1,0,1,0,0,1,0,1,0,0,1,1,0,0,1,1,1,0,0,0,0,0,1,1,1,1,1,0,0,0,0,0,1,1,1,1,1,0,0,0,1,0,0,0,0.0,-409.448671658344,1
0,0,1,0,1,1,0,0,1,0,0,1,1,1,1,0,0,0,0,0,1,1,0,0,0,0,0,1,0,0,1,1,1,1,0,0,1,1,0,0,1,1,1,1,1,1,1,0,1,0,0,0,1,0,1,1,1,1,0,0,1,0,0,0,0.0,-409.44790174398776,1
1,0,1,0,0,0,0,0,1,0,1,1,1,1,1,1,0,1,0,0,1,1,0,0,0,0,1,1,0,1,0,1,0,0,1,1,1,1,0,0,0,0,1,1,1,1,0,1,1,0,1,0,0,0,1,0,0,0,0,1,1,1,1,1,0.0,-409.447634109065,1
0,0,0,1,0,1,0,0,1,1,1,0,0,0,1,1,0,0,1,0,0,0,0,0,1,0,1,1,0,0,1,1,0,0,1,0,1,1,0,1,1,1,1,1,1,1,1,1,0,1,0,0,0,1,1,1,1,0,0,0,0,1,0,0,0.0,-409.44745678801326,1
0,0,1,1,0,1,0,1,0,1,0,0,1,0,0,1,0,1,1,1,1,1,1,0,0,0,1,1,0,0,1,1,0,1,1,1,0,0,0,0,1,1,1,0,1,1,0,0,0,1,0,0,1,1,0,0,0,0,1,0,1,0,1,0,0.015625,-409.4468256767764,1
0,0,1,1,1,1,1,0,0,0,0,1,0,1,0,0,1,1,0,1,0,1,1,0,0,0,1,0,0,1,0,1,0,1,1,0,1,1,0,0,1,0,0,0,1,1,0,0,0,1,1,0,1,0,1,1,0,0,1,1,1,1,1,1,0.015625,-409.4460311903893,1
0,1,1,0,0,0,1,1,0,1,1,0,1,1,0,1,0,0,0,1,1,1,1,0,0,0,0,0,1,0,0,1,0,1,0,1,1,0,0,0,1,1,1,0,1,1,1,1,1,0,0,0,0,0,0,1,1,1,0,0,0,0,1,1,0.0,-409.44564304898864,1
1,1,1,1,1,1,0,1,0,0,1,0,0,0,1,0,1,1,1,0,1,1,0,1,0,0,1,1,1,0,1,1,0,0,0,0,1,1,0,0,0,0,1,0,1,1,1,1,1,1,1,0,0,1,0,0,1,0,0,1,0,0,0,0,0.0,-409.4448915813291,1
0,1,1,1,0,0,1,0,1,0,1,0,0,0,1,0,1,0,1,1,1,0,0,1,1,1,1,1,1,0,1,1,0,1,0,1,1,0,0,0,0,0,1,0,1,1,0,1,0,0,1,0,0,1,0,1,0,1,1,0,0,0,0,0,0.0,-409.44433625410204,1
1,1,0,0,1,1,0,1,1,0,1,1,0,1,0,0,0,1,0,1,1,0,1,0,0,0,1,0,1,1,1,1,1,0,0,0,1,1,0,1,0,1,1,1,1,0,0,1,0,0,0,1,1,1,0,1,1,0,0,0,0,0,0,1,0.0,-409.44403510447916,1
0,0,0,1,1,0,1,1,1,0,1,0,0,1,1,0,0,1,0,1,1,1,1,0,1,0,0,1,0,0,0,1,0,0,0,1,0,0,0,0,1,1,1,1,1,1,1,1,1,1,0,0,1,1,0,1,0,0,0,1,0,0,0,0,0.0,-409.4430427433244,1
1,1,0,1,1,0,1,1,1,1,0,0,0,0,0,0,0,0,1,1,0,1,1,1,1,0,1,1,1,0,1,1,0,1,0,0,1,1,0,0,0,0,1,0,1,1,1,1,0,1,0,0,0,1,0,1,1,1,0,0,0,1,0,0,0.0,-409.4419409287725,1
1,0,1,1,1,0,0,1,1,0,0,0,1,0,1,0,1,1,0,0,1,0,1,0,0,0,0,1,0,1,1,1,1,1,0,1,1,1,0,0,1,0,1,1,1,1,0,0,0,0,0,1,1,0,1,1,1,0,0,0,0,1,0,1,0.0,-409.4405869061096,1
0,0,1,1,0,0,1,1,1,1,1,0,0,1,0,1,1,1,1,0,0,0,1,1,0,1,0,1,0,1,0,1,0,0,1,1,1,0,0,0,0,0,1,1,1,1,0,1,1,0,0,0,1,0,0,1,1,1,0,1,0,0,1,0,0.0,-409.4405384454678,1
0,1,1,1,1,1,1,1,0,0,1,1,1,0,1,0,1,0,0,0,1,0,0,0,0,0,0,1,1,0,1,1,1,0,0,0,1,0,0,0,0,0,1,0,1,1,1,1,1,0,1,1,1,1,1,1,0,0,0,0,0,1,1,0,0.0,-409.44048192512975,1
1,0,1,1,1,0,0,0,1,0,0,0,1,0,1,1,1,0,1,1,0,1,0,0,1,1,0,1,0,1,1,1,0,1,0,1,1,1,0,0,1,0,1,1,1,0,0,1,1,1,0,0,0,1,0,1,1,0,0,0,0,0,0,1,0.015625,-409.4390281066873,1
0,0,1,1,1,1,1,1,1,1,1,1,0,0,0,1,0,0,1,0,0,0,0,0,1,0,1,0,1,0,0,1,0,1,0,1,1,1,0,0,1,1,0,1,1,0,0,1,0,1,1,0,0,1,0,1,0,1,0,1,0,1,0,1,0.0,-409.4389111126428,1
1,0,0,1,1,0,0,1,0,0,1,0,1,0,0,0,1,1,1,1,0,0,0,0,1,0,1,1,1,1,1,0,0,0,1,1,0,1,0,0,1,0,1,0,1,0,0,1,1,1,0,0,1,0,0,1,1,1,0,1,1,1,1,0,0.015625,-409.4362887290519,1
0,0,0,0,1,0,0,1,1,0,1,0,0,0,1,1,1,0,0,1,1,1,1,0,0,1,0,1,1,0,1,1,0,0,0,1,1,1,0,1,0,0,1,1,0,1,1,1,1,0,1,1,1,0,0,1,1,0,0,0,1,1,0,0,0.015625,-409.4359390332335,1
0,1,1,0,1,1,0,0,0,0,1,1,0,1,0,0,1,0,1,1,0,1,1,0,1,0,0,1,1,0,1,1,1,0,0,0,1,0,0,0,1,1,1,1,1,1,0,1,0,1,0,0,0,0,0,1,0,0,0,1,0,1,1,0,0.0,-409.4341201835606,1
0,0,0,1,0,0,0,0,1,0,1,0,1,1,0,0,1,1,0,1,1,1,0,1,0,1,0,1,0,1,1,1,0,0,0,0,1,0,1,1,0,0,1,1,0,1,0,0,1,1,1,0,1,1,0,1,1,0,1,0,0,1,0,0,0.0,-409.4339546498262,1
1,1,1,0,0,1,0,0,1,0,1,0,0,1,1,0,0,0,1,1,0,1,0,0,0,1,0,0,0,0,1,1,1,1,1,1,1,0,1,0,1,0,1,0,1,1,0,1,0,1,1,1,1,1,0,1,1,0,1,0,0,0,0,0,0.0,-409.43334673633154,1
0,0,1,1,0,1,0,1,0,0,0,0,1,0,0,0,0,1,1,1,1,0,1,0,0,1,0,1,0,0,1,1,1,0,0,1,1,0,0,0,1,1,0,1,1,1,1,1,1,1,1,0,0,1,0,1,1,0,0,0,0,1,0,0,0.0,-409.43264265529046,1
1,0,1,0,1,1,1,0,0,0,0,1,0,0,0,1,1,0,0,0,1,0,1,0,0,0,1,1,0,0,1,1,1,0,1,0,1,1,0,1,0,1,1,0,1,1,0,0,0,1,0,1,0,1,1,1,1,1,1,0,0,0,0,0,0.0,-409.4307947438105,1
1,1,0,1,1,0,0,1,0,1,0,0,0,0,1,0,0,0,1,1,0,1,0,1,1,0,0,0,0,0,1,1,1,0,0,1,1,0,0,0,1,0,1,1,1,0,1,0,1,0,1,0,1,0,0,1,1,1,1,1,0,0,1,0,0.0,-409.43060306496443,1
0,1,0,0,0,0,0,0,0,0,1,1,1,1,1,0,1,1,0,1,1,1,0,0,1,0,1,0,0,0,1,0,1,0,1,0,1,1,1,1,1,0,1,0,1,0,0,1,1,1,0,0,1,0,1,1,0,1,1,0,0,0,0,0,0.015625,-409.4300100985411,1
0,0,1,0,0,0,0,0,0,1,1,0,1,1,0,1,0,1,0,1,1,1,0,0,0,0,1,1,1,0,1,0,0,1,1,0,0,1,0,0,1,0,1,1,1,1,1,1,1,1,0,1,0,1,1,1,1,0,1,0,0,1,0,0,0.0,-409.429728774976,1
0,0,1,1,1,1,0,1,0,0,1,0,0,0,0,0,0,0,0,1,1,0,0,1,0,0,1,1,0,0,1,1,0,1,1,0,1,0,1,1,0,0,0,1,0,1,0,0,1,1,1,0,0,0,1,1,1,1,0,1,1,1,1,0,0.0,-409.42786342427155,1
0,1,1,0,0,0,0,1,0,0,1,0,1,0,1,0,1,0,0,1,1,1,1,0,0,1,0,0,0,0,1,1,0,0,0,1,1,0,0,1,1,1,0,1,0,1,0,1,0,1,1,0,1,0,0,1,1,0,1,1,1,1,0,0,0.0,-409.42719383168395,1
1,0,1,0,0,0,1,0,1,1,0,0,1,1,1,0,0,0,1,1,1,0,1,0,0,1,1,1,0,0,1,1,0,0,1,1,0,0,0,1,0,1,1,0,1,1,1,0,1,1,0,0,0,0,0,1,0,1,0,1,1,0,0,0,0.0,-409.4257747438549,1
0,0,0,1,0,1,1,0,0,1,1,0,0,0,1,0,1,1,0,1,1,0,1,0,0,0,1,0,1,0,1,1,0,0,1,1,0,0,1,0,1,0,1,1,1,1,1,1,1,1,1,0,0,1,0,1,0,0,1,0,0,1,0,1,0.0,-409.425471342064,1
0,0,1,0,0,0,1,1,0,0,0,0,0,1,1,1,0,0,0,0,0,1,1,0,0,0,0,1,1,1,1,1,1,1,1,0,0,1,0,0,1,0,1,1,1,0,0,1,1,1,0,0,0,1,1,1,1,0,1,0,0,1,0,1,0.015625,-409.4248145297034,1
1,1,0,1,1,0,1,0,1,1,0,0,0,0,1,0,0,0,0,0,0,1,0,1,1,0,1,1,0,0,1,1,0,0,1,1,1,1,1,0,0,1,0,1,1,0,0,1,0,1,1,1,0,0,0,0,1,1,1,1,0,0,0,0,0.015625,-409.4233166562372,1
0,0,1,1,0,1,1,1,0,1,0,0,0,0,1,0,1,1,0,1,1,0,0,0,1,0,1,1,1,0,0,1,1,0,0,0,1,0,0,1,1,0,0,1,0,1,0,1,1,1,1,1,0,1,0,1,1,1,0,1,0,1,0,0,0.0,-409.4232404164671,1
1,1,1,0,1,1,0,1,0,0,1,0,1,0,1,1,0,1,0,1,0,0,0,1,0,0,1,0,0,0,1,1,0,1,0,0,1,1,1,1,1,0,1,1,1,1,0,0,1,0,0,0,1,0,1,1,0,0,0,1,0,0,0,0,0.0,-409.42277062427434,1
0,1,0,0,1,1,1,0,0,0,1,0,0,0,0,1,0,1,0,0,1,0,1,1,0,0,1,1,0,1,1,1,1,1,1,0,0,1,0,1,1,1,0,1,1,0,1,1,0,0,0,0,1,1,1,1,0,0,1,0,0,0,0,0,0.0,-409.4214248358034,1
1,0,0,1,0,0,0,0,0,1,0,1,1,1,1,0,0,1,1,0,1,1,1,0,0,0,1,0,0,1,1,1,0,1,1,1,1,1,0,0,1,0,1,0,1,1,0,1,0,1,0,0,1,0,1,1,1,1,0,1,0,0,0,0,0.0,-409.4207092597967,1
0,1,1,0,1,1,0,1,1,0,1,0,0,0,0,0,1,1,1,0,0,1,0,0,0,1,1,1,0,0,0,1,0,0,0,0,1,1,1,0,1,1,1,1,1,0,0,0,1,1,0,1,1,0,1,1,0,1,0,1,0,1,1,0,0.015625,-409.41859125539224,1
0,0,0,0,1,0,0,1,1,0,1,0,1,0,1,0,0,0,0,0,1,1,1,1,0,0,0,1,0,0,1,1,1,0,0,0,1,1,1,0,0,0,0,1,1,1,0,0,1,1,1,1,0,1,0,1,0,0,1,1,0,1,1,1,0.0,-409.41540339636697,1
1,0,1,0,0,1,0,1,0,0,1,0,0,0,0,1,1,0,1,1,0,1,0,0,0,0,0,1,1,0,0,0,1,0,1,0,1,1,1,0,1,0,1,1,1,1,1,0,1,1,1,1,0,0,0,1,1,0,0,1,0,1,0,0,0.0,-409.4141596491329,1
0,0,1,0,0,1,0,0,1,1,1,0,0,0,1,0,1,1,0,1,0,1,1,0,0,1,0,1,1,0,1,1,0,1,1,1,1,1,0,0,0,0,0,1,1,0,0,0,1,1,0,1,1,1,0,1,1,1,0,0,0,1,1,0,0.0,-409.4136822642055,1
0,0,1,1,1,0,0,0,1,0,0,0,0,1,1,0,0,0,0,1,0,0,1,0,1,0,1,1,0,1,1,1,0,1,1,0,1,0,1,0,1,0,1,1,0,1,0,1,1,1,1,1,1,0,0,1,0,0,0,1,1,0,0,0,0.0,-409.413134413629,1
1,0,1,1,1,1,1,1,0,0,1,1,0,1,1,0,0,0,0,0,1,0,0,0,1,1,0,1,0,0,1,1,1,1,0,0,1,0,0,0,1,1,1,1,1,1,0,1,0,1,0,1,0,1,1,1,0,1,0,0,0,0,0,0,0.0,-409.41059187505454,1
1,0,1,1,0,1,1,1,0,0,0,1,0,0,1,0,1,1,1,0,1,1,0,0,1,0,0,1,0,1,1,0,0,0,1,0,0,1,0,1,1,0,1,1,0,0,0,1,1,1,1,0,0,1,0,1,0,0,1,1,1,1,0,0,0.0,-409.4103473330296,1
0,1,0,0,1,1,1,1,1,0,0,1,1,0,0,0,0,0,1,1,1,1,1,0,1,0,1,1,0,1,1,1,0,0,0,0,1,1,1,0,0,0,1,1,1,1,0,1,0,1,0,0,1,1,0,1,1,0,0,0,0,0,0,1,0.015625,-409.40992968423205,1
1,1,1,1,1,0,0,1,0,1,1,0,0,0,0,0,0,0,0,0,1,0,0,0,1,0,0,1,1,0,1,1,1,0,0,0,1,1,1,1,1,0,1,1,0,0,0,1,0,0,1,1,1,0,1,0,1,1,1,1,0,0,0,0,0.0,-409.40967742657836,1
1,0,1,1,1,0,0,1,0,1,1,0,0,1,0,0,0,0,1,1,0,0,1,0,0,0,0,1,1,0,1,1,0,1,1,1,1,1,1,0,0,0,1,1,1,1,0,1,0,1,0,0,0,1,0,1,1,0,1,1,0,0,0,1,0.015625,-409.40676515130986,1
0,0,1,0,0,1,0,0,1,1,1,1,0,0,1,0,1,0,0,0,0,1,0,0,1,1,0,1,0,1,1,1,0,0,0,1,1,1,1,1,1,1,1,1,1,1,1,0,1,1,0,0,0,0,1,1,1,1,0,0,0,0,0,0,0.03125,-409.4060784842986,1
0,0,1,1,1,1,1,1,0,0,0,0,0,0,1,1,1,0,0,1,0,0,1,1,0,0,1,1,0,1,1,1,0,0,1,1,1,0,0,0,1,0,1,1,1,1,1,0,0,1,0,1,0,0,1,1,0,1,0,0,0,0,0,0,0.0,-409.40495445292817,1
1,1,0,0,0,0,1,1,0,1,1,0,0,1,0,1,1,0,0,0,1,1,0,0,0,0,1,1,1,0,1,1,1,1,0,1,1,1,1,0,1,0,1,1,0,0,0,1,1,1,1,0,1,0,0,1,0,0,0,0,0,0,0,0,0.0,-409.4047783921703,1
0,0,0,1,1,1,1,1,0,1,1,0,0,1,1,0,1,0,0,0,1,0,0,0,1,0,0,1,0,1,1,1,0,0,0,1,1,1,0,0,1,0,0,1,1,1,0,0,1,0,0,1,1,1,1,1,1,0,0,1,0,1,1,0,0.015625,-409.3999783602333,1
1,0,1,1,0,1,0,0,0,0,1,1,0,1,1,0,1,0,0,1,1,0,1,0,1,0,0,1,1,1,1,1,0,1,1,0,1,0,0,0,0,0,1,1,1,0,0,1,1,1,0,1,1,1,0,1,0,0,0,1,0,1,0,0,0.015625,-409.3917989947253,1
0,0,1,1,0,1,0,1,1,1,0,0,0,0,1,0,0,1,0,1,1,1,0,0,0,0,1,1,0,1,1,0,0,0,0,0,1,1,0,0,1,1,1,1,1,1,0,1,0,1,0,0,1,1,0,1,1,0,1,0,0,1,0,0,0.0,-409.38787581924305,1
1,0,0,1,0,1,1,1,1,0,1,0,1,1,0,0,0,1,0,1,1,0,0,0,0,1,0,1,0,1,0,1,1,0,1,0,0,0,1,0,1,0,1,0,1,1,0,0,0,1,1,1,1,0,0,1,0,1,1,1,0,0,1,1,0.03125,-409.38722581601013,1
0,1,0,1,1,0,1,1,1,1,1,0,0,1,0,1,0,1,0,0,0,0,0,0,0,0,1,1,0,0,1,0,0,1,1,0,1,1,0,1,1,0,1,1,1,0,0,0,0,1,1,1,1,1,0,0,1,0,1,0,0,0,1,0,0.0,-409.38371147590533,1
0,0,1,1,1,1,1,0,1,0,0,0,0,0,0,1,0,1,1,0,0,1,1,0,0,0,0,1,1,1,0,1,0,0,0,1,1,1,0,0,1,1,1,1,1,1,0,0,1,1,1,0,1,1,0,1,1,0,0,1,0,0,1,0,0.0,-409.3835569574339,1
0,0,1,1,0,1,1,1,1,0,1,0,0,0,0,0,0,1,0,1,1,0,1,0,0,0,1,1,0,1,1,1,1,0,1,1,1,0,0,0,1,1,1,1,1,1,0,1,1,1,1,0,0,0,0,1,0,0,1,1,0,0,0,0,0.0,-409.3833787440893,1
1,0,1,1,0,1,0,0,0,0,1,0,0,1,0,1,1,0,0,1,0,0,0,1,0,0,0,1,0,0,1,1,1,1,1,1,1,1,1,0,1,1,1,1,1,1,1,0,0,1,0,1,0,0,0,1,0,1,0,0,1,1,0,0,0.015625,-409.3823137260422,1
0,0,0,0,1,0,1,1,1,0,0,0,0,0,0,1,1,0,0,0,1,1,1,0,1,0,0,1,1,0,1,1,0,0,1,0,1,1,0,0,0,0,0,1,1,1,1,1,0,1,1,1,1,1,0,1,1,1,0,0,0,0,1,0,0.0,-409.3820086443733,1
0,0,1,0,1,0,0,1,0,1,1,0,0,0,0,1,0,0,1,1,1,1,1,1,0,1,1,1,0,0,1,1,1,0,1,1,1,0,0,1,0,0,0,1,1,1,1,0,1,1,0,1,0,0,1,1,0,1,0,0,0,0,1,0,0.0,-409.3807729557345,1
0,0,1,1,1,1,1,1,0,0,0,0,0,1,1,0,1,0,1,0,0,1,0,0,1,1,0,0,0,0,0,1,1,1,0,0,1,0,1,1,1,0,1,1,1,0,0,1,0,1,1,0,1,1,0,1,1,1,1,0,0,0,1,0,0.0,-409.3674935334904,1
1,1,0,0,0,0,0,1,0,0,1,0,1,1,0,0,1,1,0,0,0,1,1,0,1,0,1,1,1,0,1,1,0,1,1,0,1,0,0,1,0,0,1,0,1,1,0,0,1,0,1,1,0,0,1,1,1,1,1,0,0,0,0,0,0.0,-409.36744129616096,1
1,0,1,1,1,0,0,1,1,1,1,0,0,1,1,0,0,1,1,0,1,1,0,0,0,0,0,1,0,0,1,1,0,1,1,0,1,0,0,0,1,1,1,0,1,1,1,0,0,1,0,0,1,1,0,1,1,0,0,0,0,1,1,0,0.0,-409.3660216963736,1
0,1,0,1,1,1,0,1,0,0,0,1,0,1,1,0,1,0,0,1,1,1,0,0,0,1,1,1,0,0,1,1,1,1,1,0,1,0,1,0,0,0,1,0,1,1,1,1,1,1,1,0,0,0,0,1,0,1,1,0,0,0,0,0,0.0,-409.3647360399875,1
0,0,0,1,1,1,1,1,1,0,1,0,0,1,1,0,1,1,1,0,1,0,1,0,1,0,0,1,1,0,0,1,0,0,1,0,1,0,0,0,1,1,0,1,0,1,1,0,0,1,1,1,0,1,1,1,0,0,0,0,0,1,1,0,0.0,-409.3646018097504,1
0,0,1,0,0,1,1,0,0,1,1,0,0,1,0,1,1,1,0,0,1,1,1,0,1,0,1,1,0,1,1,1,1,0,1,0,0,0,0,0,1,1,1,1,1,1,0,0,0,0,0,1,0,0,1,1,0,1,1,1,0,1,0,0,0.015625,-409.36411935325754,1
0,0,1,1,1,1,0,1,0,1,1,0,1,1,1,0,1,1,0,1,1,1,1,0,1,0,0,1,1,0,1,1,0,1,0,0,1,0,0,0,0,0,1,1,0,0,0,1,1,1,0,0,1,0,0,1,1,0,0,1,0,1,0,0,0.0,-409.35400764441516,1
0,1,1,0,1,1,0,1,0,1,0,0,1,1,0,0,1,1,0,1,0,1,0,0,1,0,1,1,0,0,1,1,1,1,0,0,1,0,0,0,1,0,1,1,1,0,1,0,1,1,1,0,0,1,1,0,0,1,0,0,0,1,0,1,0.0625,-409.35342976714895,1
1,0,0,0,1,0,0,1,1,1,1,0,0,0,1,0,0,1,0,1,1,1,0,1,1,0,0,1,0,0,1,1,0,0,0,1,1,0,1,0,0,0,1,1,1,1,0,1,1,1,1,0,1,0,0,1,1,1,0,0,0,0,1,1,0.015625,-409.34595317438453,1
1,1,1,1,1,1,1,1,1,1,1,0,0,1,1,0,0,1,0,0,1,1,1,1,1,0,0,0,0,0,1,1,1,0,0,0,1,1,0,0,1,1,1,1,1,0,0,0,1,0,1,0,1,1,0,0,0,0,0,0,0,0,0,0,0.0,-409.34062764016863,1
1,0,1,0,1,1,1,1,1,1,0,0,1,1,0,0,1,1,0,0,1,0,0,0,0,0,0,1,0,1,1,0,0,1,0,1,1,0,1,1,1,0,1,1,1,1,0,0,1,1,1,0,1,0,0,0,1,0,0,0,1,1,0,0,0.0,-409.3396151524663,1
1,0,1,1,1,1,1,1,0,1,1,1,1,1,1,0,1,1,0,1,0,0,1,0,1,0,0,0,0,0,1,0,0,1,0,0,0,0,0,0,0,1,1,1,0,0,1,1,0,1,1,0,0,0,0,1,1,0,1,0,1,0,1,1,0.015625,-409.33837024095584,1
1,0,1,0,0,0,1,0,0,1,1,0,1,1,1,1,0,0,1,1,0,1,1,1,1,0,1,1,0,0,0,1,0,0,0,1,1,1,0,0,1,1,1,0,0,1,0,0,0,1,1,0,0,1,0,1,1,0,0,1,0,1,0,1,0.046875,-409.33320248808053,1
0,0,0,0,0,0,0,1,0,0,1,0,0,0,1,0,1,1,0,1,1,0,1,0,1,1,0,1,0,1,1,0,0,0,0,1,0,1,0,1,1,1,1,1,1,1,0,0,1,1,1,0,0,1,1,1,1,1,0,0,0,0,0,1,0.03125,-409.3167811509457,1
1,0,1,0,1,1,0,0,1,1,1,0,0,1,1,0,1,0,0,1,1,1,1,0,1,0,0,1,1,0,1,0,0,0,1,0,1,0,0,0,0,1,1,1,1,0,1,0,0,1,0,0,1,1,1,1,0,0,0,0,1,0,1,1,0.0,-409.3135391533558,1
0,0,0,1,1,0,1,1,0,1,1,0,0,0,0,0,1,0,1,1,1,1,1,0,0,0,0,1,0,1,1,1,0,0,0,0,1,1,1,1,1,1,1,1,1,0,0,1,1,1,0,0,1,1,1,1,1,0,0,0,0,0,0,0,0.0,-409.3109676081941,1
1,0,1,1,1,1,0,1,0,0,0,1,0,1,0,1,0,0,1,0,0,0,0,0,0,1,0,0,1,0,1,0,0,1,1,0,1,0,1,1,0,1,0,1,1,1,0,0,1,0,1,1,1,1,0,1,0,1,0,1,0,0,1,0,0.0,-409.3092791187189,1
0,1,0,1,0,0,1,0,1,1,1,0,0,1,1,0,1,1,1,1,0,1,1,0,0,1,0,1,1,0,1,1,1,0,1,0,0,0,0,0,1,0,1,1,1,0,0,1,0,1,1,0,0,1,1,1,0,1,0,0,0,0,1,0,0.0,-409.2889987919683,1
0,1,1,1,0,0,0,1,0,0,1,0,1,1,1,0,1,0,1,1,1,1,0,0,1,1,1,1,1,0,1,0,0,1,1,0,1,1,0,0,0,0,0,0,1,1,1,0,0,0,1,0,0,1,0,1,1,1,0,0,0,1,0,1,0.0,-409.285466051995,1
0,0,1,0,0,1,1,1,0,0,1,0,0,1,1,1,1,0,0,1,1,0,1,0,1,1,0,1,0,1,1,0,0,1,0,1,0,1,0,0,0,1,1,1,1,1,0,1,1,1,0,0,0,0,0,1,1,1,0,0,0,1,1,0,0.0,-409.27060041992223,1
1,1,1,1,1,1,0,1,0,0,1,0,0,1,1,1,0,0,0,1,1,0,0,0,0,1,0,1,0,0,0,1,0,1,1,1,0,0,1,1,0,1,1,1,1,1,0,0,0,1,1,0,1,0,0,1,1,0,1,0,0,0,1,0,0.0,-409.25907665501904,1
0,0,1,0,0,1,0,1,1,1,0,1,0,0,0,0,0,0,0,1,1,0,0,0,1,1,0,0,1,0,0,1,1,0,1,1,0,1,1,0,1,0,1,0,1,0,0,0,1,1,0,0,1,1,1,1,1,0,0,0,1,1,0,1,0.015625,-408.4715339186725,1
0,0,0,0,1,1,0,1,1,0,0,0,1,0,0,0,1,1,0,0,0,1,1,1,1,1,1,1,0,0,0,1,0,0,0,1,1,0,0,0,0,1,1,1,1,1,0,0,1,1,0,1,0,1,0,0,1,0,0,1,0,1,1,0,0.0,-408.4453597579804,1
0,0,1,1,0,1,0,1,0,0,1,0,0,0,0,0,1,1,0,0,0,0,1,0,1,0,0,0,1,0,1,1,1,0,0,1,1,1,0,0,1,0,1,0,1,1,1,1,1,0,0,1,1,1,0,1,0,0,0,1,0,1,1,0,0.0,-408.4284167492532,1
1,0,1,0,0,0,1,1,1,0,1,1,0,1,0,0,0,1,0,1,0,1,1,0,1,0,0,0,0,0,0,1,1,1,1,1,1,0,0,0,0,1,0,0,1,1,0,1,0,0,0,0,0,1,1,1,1,0,1,1,1,0,0,0,0.0,-408.4256244988477,1
0,0,0,1,0,1,0,0,1,0,0,0,1,0,1,1,1,1,0,0,1,1,0,1,1,0,0,1,0,0,0,1,1,0,1,0,0,0,1,0,0,0,1,1,1,1,1,1,1,0,0,0,0,1,0,1,1,0,1,1,0,0,0,1,0.0,-408.4209619890517,1
1,0,0,1,0,0,1,1,1,1,0,0,0,0,0,0,1,1,0,0,0,1,0,0,1,0,1,0,0,0,1,1,1,1,0,1,1,0,0,0,0,0,0,1,1,1,0,0,1,1,0,1,1,1,0,1,1,1,0,1,0,0,1,0,0.0,-408.41693235592464,1
0,0,0,1,1,0,1,1,1,0,0,0,1,0,0,0,0,1,0,0,1,0,0,1,0,0,1,1,1,0,1,1,1,0,0,1,0,1,1,0,1,0,0,1,1,1,0,1,1,1,0,1,1,1,0,0,0,0,0,0,0,1,0,1,0.0,-408.41504290980475,1
1,0,1,0,0,0,0,1,1,0,1,0,0,0,0,0,1,0,0,1,1,0,1,0,1,1,0,1,0,0,0,1,1,0,1,1,1,0,0,0,0,0,1,0,0,1,0,0,1,1,0,1,1,1,1,1,1,0,0,1,0,1,1,0,0.015625,-408.41438237245654,1
0,0,0,1,0,0,0,0,0,1,1,1,1,0,1,0,1,1,0,1,0,1,0,0,1,0,0,0,1,0,0,1,1,1,1,1,1,0,0,0,0,0,1,1,0,1,0,1,1,1,0,0,0,1,0,1,1,1,0,0,0,1,1,0,0.0,-408.4135986068117,1
0,0,1,1,0,1,1,1,1,0,1,1,0,0,0,1,1,1,0,0,0,0,0,0,0,0,1,0,1,1,1,0,1,0,0,1,0,0,1,1,0,0,1,0,0,1,0,1,1,0,0,1,0,1,1,1,0,1,1,0,1,0,0,0,0.0,-408.41222051239106,1
0,0,1,0,0,0,0,1,1,0,0,1,1,1,0,0,0,0,0,0,1,1,1,0,1,0,1,0,1,0,1,1,1,0,0,0,1,0,0,0,1,1,1,1,1,1,0,1,1,0,0,1,0,1,0,0,1,0,0,0,1,1,1,0,0.0,-408.41184710380105,1
1,0,0,1,0,1,0,1,1,0,0,1,0,0,0,0,1,0,0,0,0,0,0,0,1,1,1,1,1,1,1,0,0,0,1,1,1,1,0,0,0,0,1,0,1,1,0,1,1,1,0,0,0,0,1,1,0,0,1,0,1,1,0,1,0.0,-408.40858881905035,1
1,0,0,0,0,1,1,1,1,1,0,1,0,0,0,0,1,0,1,1,1,1,0,0,0,1,1,1,0,0,1,1,1,1,1,1,1,0,0,0,0,0,1,0,1,0,0,0,0,1,0,1,0,0,0,1,0,0,1,1,0,0,0,1,0.0,-408.4067099413195,1
0,0,1,1,1,0,1,0,1,0,1,0,0,0,0,0,1,0,0,0,1,1,0,1,1,1,1,1,0,0,1,1,0,0,0,0,0,0,0,1,0,1,1,1,1,1,0,1,1,1,0,1,1,0,0,1,0,0,0,1,0,1,0,0,0.0,-408.40592418120383,1
1,0,1,0,1,0,0,0,0,1,1,0,0,0,0,0,1,1,1,0,1,1,0,0,1,1,1,1,0,0,1,1,1,1,1,1,0,0,0,0,1,1,0,0,0,1,1,1,1,1,0,0,0,1,0,1,1,0,0,0,0,0,0,0,0.0,-408.40507153425233,1
0,1,0,1,0,1,1,0,0,1,0,1,0,0,1,1,1,1,0,0,1,1,0,0,0,0,1,1,0,0,1,1,0,0,1,1,1,1,0,0,1,0,1,0,0,1,0,1,1,0,0,0,0,0,0,1,1,0,1,1,0,0,0,1,0.0,-408.4048274390356,1
1,1,0,1,0,0,1,0,0,1,0,0,0,1,0,0,0,0,1,0,1,1,0,1,1,1,1,0,0,1,1,1,0,1,0,1,1,1,0,0,0,0,1,0,1,1,1,1,0,0,0,1,0,0,0,1,1,1,1,0,0,0,0,0,0.015625,-408.40455588685376,1
0,0,1,0,0,1,0,1,1,0,0,0,0,0,0,0,1,1,1,1,1,1,1,0,1,1,0,1,0,0,0,1,0,1,0,1,1,0,0,1,0,0,1,1,1,1,1,1,0,0,0,1,0,1,0,1,1,0,0,0,0,1,0,0,0.0,-408.4035568962917,1
1,1,0,1,0,0,1,0,1,0,1,1,0,0,0,1,1,0,0,0,0,0,1,1,0,0,0,0,1,1,1,1,0,1,1,1,1,1,0,0,1,0,0,1,1,1,1,0,1,0,0,0,0,1,0,0,0,0,0,1,1,1,0,0,0.015625,-408.4003740436416,1
1,0,1,1,0,0,0,0,1,0,1,0,1,0,0,1,1,1,0,0,0,1,1,0,1,1,0,0,0,0,0,1,1,1,1,0,1,0,0,0,0,0,1,1,1,0,0,1,1,1,0,0,0,1,0,1,1,1,0,1,0,0,1,0,0.015625,-408.39983513742214,1
1,0,1,1,1,1,1,1,1,0,0,0,1,1,0,1,0,0,0,0,1,0,0,0,1,1,0,0,0,0,0,1,0,0,1,1,1,1,0,1,1,0,1,1,0,1,0,0,1,1,0,0,1,1,0,1,1,0,0,0,0,0,0,0,0.0,-408.3975986146878,1
1,0,1,1,0,1,0,1,0,0,1,0,1,1,0,0,0,1,0,1,0,0,1,1,1,1,0,0,0,0,1,0,1,0,1,1,0,0,0,0,1,0,1,1,0,1,1,0,0,1,0,1,0,1,1,1,1,0,0,0,0,1,0,0,0.0,-408.39423498082726,1
1,0,0,1,1,1,0,1,1,0,0,0,0,1,0,0,1,0,0,1,1,0,1,0,1,1,0,0,0,1,1,1,0,1,1,0,1,0,0,0,0,0,1,0,0,0,1,1,0,0,0,1,0,1,0,1,1,1,0,1,0,0,1,1,0.0,-408.3940145283493,1
1,1,1,1,0,1,1,1,1,0,1,0,0,0,0,1,0,1,0,0,0,0,0,1,0,1,1,1,1,0,1,1,0,0,1,1,1,0,0,0,0,1,1,0,1,1,0,1,0,1,0,1,0,0,0,1,0,0,0,1,0,0,0,0,0.0,-408.39360082684897,1
1,0,1,0,0,0,1,0,0,1,1,1,0,0,0,0,1,1,0,1,0,0,0,1,1,0,0,1,0,0,0,1,1,1,0,1,0,1,0,1,1,0,1,0,1,0,1,1,1,0,0,0,0,1,0,1,0,1,1,0,0,0,1,1,0.0,-408.3933682179112,1
0,0,0,0,1,0,0,0,0,0,0,1,0,1,0,0,1,1,1,1,1,0,1,0,0,1,1,1,1,0,0,1,0,0,1,1,0,0,1,0,1,1,1,1,0,0,0,1,0,1,0,1,0,0,0,1,0,0,1,1,1,1,0,1,0.0,-408.3873467654324,1
1,0,1,1,0,0,1,1,0,0,1,0,1,0,0,0,0,1,1,0,1,1,0,0,1,0,1,0,1,0,1,1,0,0,0,0,0,0,1,0,1,0,0,1,1,1,0,1,1,0,0,1,1,1,0,1,1,0,0,1,0,0,0,1,0.0,-408.38668878736075,1
1,0,1,0,1,0,1,1,0,0,1,0,0,0,0,0,0,0,0,0,1,0,0,0,1,1,0,1,0,0,0,1,0,1,0,1,1,0,1,0,0,0,1,1,0,1,0,1,0,1,1,1,1,1,0,1,1,0,1,1,0,1,1,0,0.015625,-408.38570958702803,1
0,0,1,0,1,0,1,0,1,0,0,1,0,0,1,0,0,0,0,1,1,1,0,0,1,1,0,1,0,1,1,1,0,0,1,1,1,1,0,0,1,0,0,1,0,1,1,0,1,1,0,1,0,1,0,1,0,0,0,0,1,1,0,0,0.0,-408.3852043876628,1
1,0,0,0,1,0,0,1,1,0,0,1,1,0,1,0,1,0,0,0,1,1,0,0,1,1,0,1,0,0,1,0,0,1,1,1,1,0,1,0,1,0,1,0,1,0,0,1,1,1,0,1,1,0,0,0,0,0,0,1,1,1,0,0,0.0,-408.3847721354211,1
0,1,0,1,0,0,1,0,1,1,1,0,1,0,0,0,1,1,0,0,0,1,0,0,0,0,0,1,0,0,0,0,1,1,1,1,0,1,0,0,1,1,1,1,1,1,1,1,1,1,0,0,1,0,0,1,1,0,0,0,1,0,0,0,0.015625,-408.3821532422039,1
1,0,1,0,1,1,0,0,0,1,0,0,1,0,0,0,0,1,0,0,0,0,0,0,1,0,1,1,0,0,0,1,0,1,1,1,1,1,0,0,1,0,1,1,1,1,0,1,1,1,0,0,1,0,0,1,1,0,0,1,0,1,1,0,0.015625,-408.3819648785445,1
1,1,1,0,0,1,1,1,1,1,0,0,0,1,0,0,0,1,1,0,0,1,1,0,1,1,0,0,0,0,0,1,1,1,0,0,1,0,0,0,0,0,0,1,1,1,1,0,0,1,0,0,1,1,0,1,1,0,0,1,1,0,0,0,0.0,-408.38171983812816,1
0,0,1,1,1,1,0,1,1,1,1,0,1,0,0,0,0,1,0,1,1,0,0,0,1,0,1,1,1,0,0,1,0,1,1,0,1,1,0,0,0,0,1,1,1,1,0,0,0,0,0,1,0,1,0,1,0,0,1,0,0,1,0,0,0.0,-408.38105328917754,1
1,0,1,0,1,1,0,1,1,0,1,0,0,0,0,0,0,0,0,0,1,1,1,0,1,1,1,0,0,0,0,1,0,0,0,1,1,0,0,1,0,1,1,1,0,1,0,0,1,1,1,0,1,0,0,1,1,0,0,1,0,0,1,1,0.0,-408.37929620766823,1
0,1,1,1,1,1,0,1,0,0,1,0,1,0,0,1,1,0,0,0,0,1,0,0,1,0,1,1,0,1,1,1,1,0,0,1,0,0,1,0,0,0,1,1,0,0,0,1,1,0,0,0,1,1,0,1,1,0,1,0,0,0,0,1,0.015625,-408.3778309635411,1
0,1,1,0,1,1,1,1,0,0,1,1,0,0,0,0,0,0,0,1,1,1,0,0,1,0,1,1,1,0,0,0,1,1,1,1,0,0,1,0,0,0,1,1,1,0,0,1,1,1,0,0,0,0,1,0,0,1,0,0,1,0,0,1,0.015625,-408.37569013870535,1
0,0,0,0,0,1,1,1,0,0,1,1,0,0,1,0,0,1,0,0,1,1,0,0,1,1,0,0,1,1,1,1,1,1,0,1,1,1,1,1,0,0,1,1,0,0,0,1,1,1,0,1,0,0,1,1,1,0,0,1,1,0,0,1,0.0,-408.37558304344356,1
0,0,1,0,0,1,1,1,0,0,0,1,0,1,0,0,1,1,0,0,0,0,1,0,1,0,1,1,0,0,1,1,1,0,1,1,0,1,0,0,0,0,1,0,1,1,1,1,0,0,0,1,1,0,1,0,1,1,1,1,0,0,0,0,0.0,-408.375311058064,1
0,1,1,0,0,0,1,1,0,1,0,0,0,1,0,1,0,0,0,0,1,0,0,0,0,0,0,0,1,0,1,1,1,0,1,1,1,0,0,1,0,0,1,1,0,1,0,1,1,1,0,1,1,1,1,1,0,0,1,0,1,1,0,0,0.0,-408.3746929741748,1
0,0,1,1,0,1,0,1,1,0,1,0,0,0,1,0,1,0,0,0,0,0,0,1,1,1,1,1,0,0,1,1,0,0,1,1,0,1,1,0,1,1,1,1,0,1,0,1,1,1,0,0,0,1,0,1,1,0,0,0,0,0,0,0,0.0,-408.37173637675636,1
1,1,0,0,1,1,1,0,1,0,0,1,0,0,0,1,0,0,0,1,1,1,0,0,0,1,0,1,0,0,0,1,1,1,1,0,1,0,0,0,1,1,0,1,1,0,1,0,0,0,0,1,1,1,0,1,0,0,0,1,1,1,0,0,0.0,-408.37131816838513,1
0,0,0,0,0,1,0,1,0,1,1,0,0,0,1,0,1,1,0,1,1,0,0,0,0,1,1,1,0,0,0,1,0,0,1,1,1,1,0,0,0,0,1,0,1,1,1,1,1,1,0,0,1,1,0,1,1,0,0,1,0,0,0,1,0.0,-408.37086430703937,1
0,1,1,1,1,0,1,0,0,1,0,0,0,1,0,0,0,0,0,0,0,1,1,1,1,1,0,0,1,0,1,1,0,0,1,1,1,0,0,0,0,0,1,1,1,1,0,1,0,1,0,1,1,1,1,1,1,0,1,1,1,0,0,1,0.0,-408.36979306786657,1
0,0,0,1,1,0,0,1,0,0,1,1,1,0,1,0,1,0,0,0,1,0,0,0,0,1,0,1,1,0,1,1,0,1,1,1,1,1,0,0,1,1,1,0,0,1,1,1,1,0,1,1,0,1,0,0,0,0,0,1,0,0,0,0,0.0,-408.36942946551994,1
0,0,1,1,1,1,0,1,1,0,0,0,0,0,1,0,1,1,1,0,0,0,1,0,0,1,0,0,0,0,0,1,1,0,1,1,1,1,0,0,0,0,1,1,1,1,0,1,1,1,0,1,1,1,0,1,1,1,0,1,1,1,0,0,0.015625,-408.36906660332096,1
1,0,0,0,1,1,0,1,1,1,0,0,0,0,1,0,0,1,0,0,0,1,0,0,1,1,1,1,0,0,0,1,1,0,1,1,1,0,0,0,0,0,1,1,1,0,0,1,0,1,0,1,1,0,0,1,0,1,1,1,0,0,0,1,0.0,-408.3683908651191,1
1,0,1,1,0,1,0,1,0,1,1,0,0,1,0,0,0,1,0,0,1,0,1,1,1,0,0,1,0,0,1,1,1,0,0,0,0,0,1,0,1,0,1,1,1,1,1,1,1,0,0,0,0,1,0,0,1,0,0,1,1,0,0,0,0.0,-408.36824876500737,1
1,0,0,0,0,0,1,1,1,0,1,1,1,0,0,0,0,0,1,0,0,0,0,0,0,1,1,1,0,0,0,1,0,1,0,1,1,1,0,1,1,1,1,1,0,0,1,0,0,1,0,0,1,1,1,1,1,0,0,0,0,1,0,1,0.0,-408.36583442805,1
1,1,0,1,1,1,0,1,1,0,1,0,0,0,0,0,1,1,0,0,1,1,0,0,1,1,1,1,0,0,1,1,0,1,0,1,1,0,0,0,0,0,1,1,1,0,1,1,1,1,0,1,0,0,1,1,0,0,1,1,1,0,0,0,0.0,-408.3648567924456,1
1,0,1,1,1,1,0,1,0,1,1,0,0,1,0,0,1,0,0,0,1,0,0,0,1,1,1,0,0,0,0,1,1,0,0,0,1,0,0,0,0,0,1,1,1,1,0,1,0,1,0,0,1,1,0,1,0,1,1,0,0,1,0,1,0.0,-408.36450294601593,1
0,1,0,0,1,0,0,1,1,0,1,1,1,0,0,1,0,0,1,1,1,1,0,0,1,0,0,1,0,0,0,1,1,0,0,1,1,0,0,1,1,0,0,1,1,1,0,1,0,0,0,1,0,0,0,0,1,0,1,1,0,1,0,1,0.0,-408.36423913356424,1
0,1,0,0,0,1,1,1,1,0,1,1,1,0,1,0,0,0,0,0,1,0,0,0,0,1,1,1,1,0,1,0,1,0,1,0,0,0,1,0,0,0,1,1,0,1,1,1,0,0,0,0,0,1,0,1,1,1,1,0,1,0,1,0,0.015625,-408.3623979492584,1
1,1,0,0,1,0,0,1,1,0,1,0,0,1,0,1,0,1,0,1,0,0,1,1,1,1,1,0,1,1,1,1,1,0,1,1,1,0,0,0,0,0,1,0,0,0,0,1,1,1,0,1,1,1,0,1,0,0,0,1,1,1,0,0,0.0,-408.36202535399343,1
1,1,1,1,0,0,1,1,1,1,1,1,0,0,1,0,0,0,0,0,0,0,0,1,1,1,0,1,0,0,1,1,0,0,0,1,0,1,0,1,0,1,0,1,1,1,0,1,0,0,0,1,0,0,0,1,0,0,1,0,0,0,1,1,0.0,-408.361361897537,1
0,0,0,1,1,1,0,0,0,1,0,0,0,1,0,0,1,1,0,0,1,0,1,0,1,0,0,1,0,0,0,1,0,0,1,0,1,1,0,1,1,0,1,1,0,1,1,0,1,1,1,1,0,1,0,0,0,0,1,1,1,0,0,1,0.0,-408.35922463469797,1
0,0,0,1,0,0,0,1,0,0,0,0,1,0,1,0,0,1,1,1,1,1,1,0,1,1,1,0,1,0,0,1,1,0,1,1,1,0,0,0,0,0,1,1,0,1,1,0,0,1,1,0,1,1,0,1,1,0,0,0,1,0,0,0,0.015625,-408.3577634170762,1
0,0,1,1,1,0,1,1,1,0,1,1,1,0,0,0,1,1,0,1,1,1,0,1,0,1,0,1,0,0,1,0,0,0,0,1,1,0,0,0,0,1,1,0,1,0,0,0,1,1,0,0,0,1,0,1,0,0,0,1,0,1,1,0,0.015625,-408.3558444073028,1
0,0,0,1,1,1,1,0,0,0,1,1,0,1,0,0,0,1,0,0,1,1,1,0,1,1,1,1,0,0,0,0,1,1,1,1,1,0,1,0,0,0,1,1,1,0,0,1,0,1,0,0,1,1,0,1,1,0,0,0,0,0,0,0,0.0,-408.35548495628603,1
1,0,0,0,0,1,1,0,1,1,0,1,1,0,1,0,1,1,0,1,0,1,0,0,0,1,0,1,0,0,0,0,1,0,1,0,1,1,0,0,1,0,0,1,0,1,0,0,1,1,0,1,1,1,1,1,1,0,1,0,0,0,0,0,0.0,-408.3553369103606,1
1,1,1,0,1,1,0,1,1,1,1,0,0,0,0,0,1,0,1,1,1,1,0,0,1,0,0,1,0,1,0,1,1,0,0,1,1,0,0,0,0,0,1,1,1,0,0,1,0,0,0,1,0,0,1,1,1,0,0,0,0,1,0,0,0.0,-408.3545771600125,1
0,1,1,0,0,0,1,1,0,0,1,1,0,0,0,1,0,0,0,0,0,0,0,0,1,1,1,1,0,0,1,1,1,0,1,1,1,0,0,1,1,0,1,0,1,1,0,1,1,1,0,0,0,0,1,1,0,1,1,0,0,1,0,0,0.0,-408.3537587813652,1
0,0,0,1,1,1,0,1,1,1,0,0,0,0,0,0,0,1,1,1,1,0,1,0,1,0,1,1,0,0,1,1,1,1,1,1,0,0,0,0,1,1,1,1,0,1,0,1,1,0,0,1,0,1,1,0,1,0,0,1,0,1,1,0,0.03125,-408.3535064900758,1
1,0,1,0,1,1,1,1,0,0,0,1,1,0,0,0,0,0,0,0,0,1,0,0,1,1,1,1,1,0,1,1,1,0,1,1,1,1,1,0,1,0,1,0,1,1,0,1,0,1,0,0,0,0,1,1,1,0,0,1,0,1,1,0,0.0,-408.350059213737,1
1,0,1,1,1,0,0,1,1,0,0,0,0,0,0,1,0,1,0,0,1,1,1,0,0,0,1,1,0,1,0,1,0,0,0,1,0,1,0,0,1,1,1,1,1,0,0,1,1,0,0,1,1,1,0,1,1,0,0,0,0,1,0,0,0.0,-408.3495445050418,1
1,0,0,0,0,1,1,1,1,0,1,1,0,0,0,0,0,0,0,1,0,1,0,1,1,1,0,0,1,1,1,1,0,0,1,1,1,1,1,0,1,0,0,1,1,1,1,1,0,0,0,1,1,1,0,1,0,0,0,0,1,0,1,1,0.0,-408.3484062729127,1
1,0,1,1,0,1,0,0,0,1,1,0,0,0,0,0,0,1,0,1,1,0,0,0,0,1,0,0,1,0,1,1,1,1,1,1,1,1,0,0,0,0,1,1,1,1,0,1,1,1,1,1,1,1,0,0,1,0,0,1,0,1,0,1,0.0,-408.3482914908955,1
1,0,0,1,1,0,0,1,1,1,1,0,0,0,1,0,1,0,0,0,1,1,1,0,1,0,1,1,1,0,1,0,0,0,0,1,0,0,0,0,0,0,1,1,1,0,0,1,1,1,0,1,0,1,0,1,1,0,0,0,0,1,1,0,0.0,-408.3481152078505,1
0,0,0,1,0,1,0,0,1,0,1,0,1,0,1,0,0,0,1,0,0,1,1,0,1,0,1,0,0,0,1,1,1,0,0,0,1,1,0,1,1,1,1,0,1,0,1,0,1,1,0,0,1,1,0,1,1,0,0,0,1,1,0,0,0.03125,-408.3480948036814,1
0,0,1,0,1,1,1,1,1,1,1,0,0,0,0,0,0,1,0,0,1,1,0,0,0,0,1,1,0,0,0,1,1,1,0,1,1,0,1,0,1,0,1,1,1,1,0,1,0,0,0,0,1,0,1,1,0,1,0,0,0,0,1,0,0.0,-408.34801375899326,1
0,0,1,0,1,1,0,1,1,0,0,1,0,1,0,0,0,1,0,1,1,0,0,1,0,0,1,0,1,0,1,1,0,0,0,1,1,1,0,0,1,0,0,1,1,1,1,0,1,1,0,0,1,1,1,1,0,0,0,1,0,0,0,0,0.015625,-408.347223385469,1
0,0,0,0,0,0,0,1,1,0,0,0,1,0,1,0,0,1,1,0,0,1,0,0,1,0,1,1,0,0,1,0,1,1,1,1,1,0,1,1,0,1,1,1,0,1,0,1,1,1,0,0,0,1,0,1,1,0,0,0,0,1,0,1,0.0,-408.3471010429053,1
0,1,1,1,0,1,0,1,1,0,1,1,0,0,0,1,1,0,0,0,1,0,1,0,0,1,1,1,1,0,0,0,0,1,0,0,1,1,0,0,0,1,1,0,0,1,0,1,1,1,0,0,0,1,0,1,1,1,1,0,0,0,0,0,0.0,-408.345100409224,1
0,0,0,1,0,0,1,1,0,0,1,0,0,0,0,0,1,1,0,1,0,1,1,0,0,0,0,1,0,1,0,1,0,1,0,1,1,1,0,0,1,1,1,1,1,1,0,1,1,1,0,1,0,1,0,1,1,0,0,0,0,1,0,0,0.015625,-408.3426097132391,1
0,0,0,0,1,0,1,1,1,1,1,0,1,0,0,0,0,0,1,0,0,1,0,0,0,0,1,1,1,0,0,1,1,1,0,1,0,1,0,0,1,1,1,1,0,1,0,1,1,0,1,0,1,1,1,1,0,0,0,0,0,0,1,0,0.015625,-408.3416398084152,1
0,0,0,1,0,1,0,0,1,0,1,1,0,1,1,0,1,1,0,0,0,0,0,1,0,0,1,1,1,1,1,0,0,1,1,0,1,1,0,0,0,0,1,0,1,1,0,0,1,1,0,0,0,0,0,1,1,0,1,1,1,0,0,1,0.0,-408.34055019156256,1
0,0,0,0,1,0,0,1,1,1,1,1,0,1,0,0,1,0,0,0,1,0,1,0,1,1,0,1,0,0,1,1,0,1,0,0,1,1,0,0,1,1,0,1,1,1,1,1,1,0,0,1,0,1,0,0,0,0,1,0,0,0,0,1,0.015625,-408.3399807837346,1
0,0,0,0,1,1,1,0,0,1,1,0,0,0,0,1,1,1,0,1,1,1,0,0,1,0,1,1,1,0,0,1,1,0,0,1,0,0,0,1,0,0,1,1,0,1,0,1,0,0,1,1,1,0,0,1,0,1,0,1,0,1,0,0,0.0,-408.339936953931,1
0,1,1,0,1,0,0,1,1,0,0,0,1,0,0,1,0,1,0,0,0,1,0,1,1,0,1,1,1,1,1,1,0,1,1,1,0,1,1,0,0,0,0,1,1,1,0,0,0,1,0,1,0,0,0,1,0,0,0,1,0,0,1,0,0.0,-408.3386546062313,1
1,0,1,1,0,0,0,1,0,1,0,0,0,0,0,1,0,1,0,1,1,0,0,0,1,1,0,1,1,1,1,1,1,1,1,1,1,1,0,0,0,0,1,1,1,1,0,1,0,0,0,0,0,0,0,1,1,0,0,1,0,0,0,0,0.0,-408.3386007567346,1
1,0,1,0,1,1,0,1,0,1,1,0,0,0,0,1,0,1,0,0,0,0,0,0,0,0,0,1,0,0,1,0,1,0,0,1,0,1,0,0,1,0,1,1,1,1,1,1,0,1,0,0,1,1,1,1,1,0,0,1,1,1,0,0,0.015625,-408.3384015439688,1
1,1,0,0,1,0,1,1,0,1,1,1,0,0,1,0,0,0,0,0,0,0,1,0,0,0,1,0,0,0,1,1,0,1,1,0,1,1,0,1,1,1,1,0,0,1,0,1,0,0,1,1,0,1,0,0,1,0,1,1,0,0,0,1,0.0,-408.33758665770176,1
0,1,1,1,1,1,0,1,1,1,1,1,0,1,0,0,0,1,0,0,1,0,0,0,0,0,1,1,0,0,1,1,0,1,0,0,1,1,0,1,0,0,1,1,1,1,0,1,0,0,0,0,0,1,0,1,0,0,0,1,1,0,0,0,0.015625,-408.3373662571098,1
0,0,0,0,1,1,1,0,1,1,1,0,1,0,0,1,0,1,0,1,0,1,1,1,1,0,1,0,0,0,1,1,1,1,1,0,1,0,0,1,1,0,1,0,1,1,1,1,1,0,0,1,0,1,1,0,0,0,0,0,1,1,0,0,0.0,-408.33580953262447,1
0,0,1,1,0,1,1,1,0,0,0,1,0,1,0,0,0,0,0,1,1,0,0,1,1,1,1,0,0,0,1,1,0,0,0,1,1,1,0,0,1,0,1,0,1,0,1,1,0,1,1,0,1,1,0,1,0,0,1,0,1,0,0,0,0.0,-408.33562764445304,1
0,0,0,0,0,1,0,1,1,0,0,1,0,0,0,1,1,1,0,0,0,0,1,0,1,1,1,1,1,1,1,1,0,0,0,1,0,1,0,0,0,1,1,1,1,1,0,1,1,1,0,0,1,1,0,1,1,0,0,0,0,0,0,0,0.0,-408.33393040132967,1
0,0,1,0,0,1,0,1,1,1,1,0,0,0,0,0,0,0,0,1,0,1,1,1,1,1,1,0,0,0,1,1,0,1,1,0,1,0,0,0,0,0,1,1,0,1,0,1,1,1,1,0,0,0,1,1,1,1,0,0,0,0,1,0,0.0,-408.33381509241343,1
1,0,1,1,1,1,1,1,1,0,1,0,0,0,0,0,1,0,0,0,1,1,0,0,0,0,1,1,1,0,0,1,0,1,1,1,1,1,0,0,0,0,0,0,0,1,0,1,1,0,1,1,1,1,1,1,0,0,1,1,1,0,1,0,0.0,-408.3337620059096,1
1,1,1,1,1,0,0,1,0,0,0,1,0,0,0,1,0,0,0,0,1,0,1,1,0,0,0,1,1,0,1,0,0,1,1,1,0,1,1,0,0,0,1,0,1,0,0,1,0,0,0,1,1,1,0,1,0,1,0,1,1,1,0,0,0.0,-408.33315905699254,1
1,0,1,0,1,1,1,1,0,0,1,1,0,0,1,0,1,1,0,0,0,1,1,0,0,0,1,0,1,0,1,1,0,1,1,1,1,1,0,0,0,0,1,1,1,0,0,1,0,1,0,0,0,0,0,1,0,0,0,1,0,0,1,0,0.015625,-408.33173282754984,1
0,1,1,0,0,1,1,1,1,0,1,0,0,0,0,1,1,1,0,1,1,1,0,0,0,1,1,1,0,0,0,0,1,1,1,1,1,0,0,1,0,1,1,0,0,1,1,0,1,0,0,1,0,1,1,1,0,1,0,1,1,0,0,0,0.015625,-408.33111803001884,1
1,0,0,0,0,1,1,1,0,1,1,1,0,1,1,0,0,0,1,0,1,0,0,0,1,0,0,0,0,0,1,1,1,0,1,0,1,1,0,0,1,0,1,0,0,1,1,0,0,1,1,0,0,1,0,0,1,0,0,0,1,1,1,1,0.0,-408.33058621967626,1
1,0,0,0,0,1,0,1,0,0,1,0,0,1,1,0,0,0,0,0,0,1,1,0,1,0,1,1,1,0,1,1,0,1,1,0,0,1,0,0,0,1,1,0,0,1,1,1,0,1,0,1,1,0,0,1,1,0,0,0,1,0,1,1,0.0,-408.3288624605031,1
1,0,1,0,1,1,0,0,0,1,0,0,1,0,0,0,1,1,0,0,0,0,0,0,1,1,1,1,1,1,1,1,0,0,0,1,0,0,0,1,1,0,1,0,1,1,1,1,0,1,1,0,1,0,0,0,0,0,0,0,0,1,1,1,0.0,-408.3269699229864,1
1,0,0,1,1,0,0,0,1,1,0,0,1,0,1,1,0,1,1,0,0,1,0,1,0,0,1,1,1,0,1,1,0,0,1,1,0,0,0,1,0,1,1,0,1,1,0,0,0,1,0,0,0,0,0,1,1,0,0,1,1,0,0,1,0.0,-408.3266556529164,1
1,0,1,0,1,0,1,1,0,1,0,0,1,1,0,0,0,1,0,1,1,0,1,0,1,0,0,0,1,0,0,0,0,1,1,1,1,1,0,0,0,0,1,1,1,1,0,0,1,0,0,1,1,0,0,1,1,1,0,1,0,0,0,0,0.015625,-408.32483137816723,1
1,1,1,0,1,0,1,0,0,1,1,0,0,0,0,1,0,0,1,0,1,1,0,1,1,1,1,1,1,0,1,0,0,0,1,1,1,0,0,1,0,0,1,1,1,0,1,1,1,1,0,1,0,1,0,0,1,0,0,1,0,1,0,0,0.0,-408.324680101889,1
0,0,1,0,0,0,0,1,1,1,0,1,1,1,0,1,0,0,0,0,1,1,1,0,1,1,0,1,1,0,1,1,1,0,0,1,1,0,0,0,0,0,1,0,1,1,0,1,0,1,0,0,0,1,0,1,1,1,0,1,0,0,0,0,0.0,-408.3230605667037,1
1,0,1,0,1,1,0,0,1,0,1,1,0,0,0,1,1,1,1,1,0,1,0,0,1,0,0,1,1,0,1,1,0,0,0,1,1,0,0,0,1,0,1,1,1,0,0,1,1,0,0,0,0,1,0,1,0,1,0,0,0,1,0,0,0.0,-408.3225613629043,1
1,1,1,1,1,0,0,1,0,0,0,0,0,0,1,0,0,0,0,0,1,0,0,1,0,0,1,1,0,0,1,1,0,1,1,1,1,1,0,0,1,1,1,0,1,0,0,1,1,1,0,0,0,1,0,1,1,0,1,0,0,0,0,1,0.0,-408.32252734815876,1
0,0,1,0,1,1,1,1,1,0,0,0,0,1,1,0,0,1,0,0,0,0,0,0,1,1,0,0,0,0,1,0,0,1,1,0,1,1,1,1,1,0,0,1,0,1,0,1,1,1,0,0,1,1,0,0,0,1,0,1,1,0,1,0,0.0,-408.32201801672613,1
0,1,1,1,1,1,0,0,1,0,1,0,1,0,0,0,0,0,0,0,0,1,0,0,0,0,1,1,0,1,1,1,1,0,1,1,1,1,0,1,1,0,1,1,1,1,0,1,1,1,0,1,0,1,1,0,0,0,1,1,0,0,0,1,0.015625,-408.3210548121611,1
0,0,0,1,0,1,0,1,1,0,1,1,0,0,0,0,0,1,0,0,1,0,1,0,1,1,1,1,0,0,1,1,1,1,0,1,1,1,1,1,1,0,1,0,0,1,1,1,1,1,1,1,0,0,0,1,0,0,1,0,0,1,0,0,0.0,-408.3202766458754,1
1,0,0,1,1,1,1,1,1,0,0,1,1,0,0,0,0,0,0,0,1,1,0,1,0,0,1,1,1,0,1,1,1,0,0,0,1,1,0,0,1,1,1,1,1,1,0,1,0,1,0,1,0,1,0,1,1,0,0,0,0,1,1,0,0.0,-408.3198758492871,1
0,0,0,1,1,0,0,1,0,0,0,0,0,1,1,0,0,1,1,0,1,0,1,0,0,0,1,0,0,0,0,1,1,1,1,1,0,1,0,1,0,1,1,1,1,1,1,0,1,1,1,0,0,1,0,0,1,0,0,1,1,0,0,0,0.0,-408.3194649556647,1
0,0,1,0,0,1,1,1,0,1,1,1,1,1,0,0,1,1,0,1,1,1,0,0,0,1,0,0,0,0,0,1,1,1,1,1,1,1,1,1,1,0,1,0,0,1,0,0,1,1,0,0,1,0,0,0,0,1,0,1,0,0,1,1,0.0,-408.31718465835337,1
1,0,0,0,0,1,0,1,1,1,0,0,1,0,1,0,0,1,1,0,1,0,0,1,1,0,0,1,0,0,1,1,0,1,0,0,0,1,0,0,1,0,1,1,1,1,0,1,1,0,0,0,1,0,1,1,1,0,1,0,0,0,1,0,0.0,-408.3160706798546,1
1,0,1,1,0,0,1,0,1,1,1,0,0,0,0,0,0,1,1,1,1,1,0,1,0,1,1,0,1,0,1,1,1,1,0,1,1,0,0,0,0,1,1,1,0,1,0,0,0,1,1,0,0,1,0,0,1,1,0,1,1,1,0,0,0.015625,-408.31362228312884,1
1,0,1,0,0,0,1,1,0,1,1,0,0,1,1,1,1,0,0,0,0,0,0,0,0,1,1,1,0,0,0,1,1,1,0,1,1,0,0,0,1,0,1,1,1,0,0,0,1,1,0,0,0,1,1,1,1,0,0,0,1,1,0,0,0.015625,-408.31337009378495,1
1,0,0,1,1,1,0,1,1,1,0,0,1,1,0,0,1,0,1,0,1,0,1,0,0,1,0,1,0,0,1,1,0,0,0,0,1,1,0,0,1,0,1,1,1,1,0,1,1,1,0,1,0,0,0,1,0,0,0,1,0,0,0,0,0.0,-408.31147230419134,1
0,0,1,1,0,0,1,1,0,1,1,1,0,1,1,0,0,0,1,0,1,1,0,0,1,1,0,1,1,1,1,1,0,1,0,0,0,1,0,0,0,1,0,1,0,1,0,0,1,1,0,1,0,1,1,0,0,0,0,0,0,0,0,1,0.0,-408.3112103928137,1
0,0,1,1,1,0,0,1,1,0,1,0,0,0,0,0,0,0,0,0,1,1,1,0,1,0,0,1,0,1,0,1,0,0,0,0,1,1,1,1,1,0,1,0,1,0,0,1,1,1,1,0,1,1,0,0,1,0,0,1,0,1,0,1,0.015625,-408.30972198271917,1
1,0,1,0,1,1,0,1,1,1,1,0,1,0,0,0,0,0,0,0,0,0,0,0,0,0,0,1,0,0,1,1,0,0,1,1,1,1,1,0,0,0,1,1,1,1,1,1,1,1,1,0,0,0,0,1,1,0,0,0,1,1,0,0,0.0,-408.30940989971424,1
0,1,1,1,0,1,1,1,0,0,0,1,0,0,0,1,1,0,0,0,0,0,1,0,0,1,0,1,0,1,1,1,0,0,0,0,1,1,0,0,0,0,1,1,1,1,0,1,0,0,0,1,1,1,0,1,1,1,0,0,0,1,0,1,0.0,-408.30930365374667,1
1,0,0,0,1,1,1,0,0,0,1,1,0,1,0,0,1,1,0,0,1,0,1,0,1,1,0,1,0,0,1,1,1,1,1,0,1,0,0,0,0,0,0,1,1,0,1,1,0,1,0,0,0,1,0,1,1,0,1,0,0,0,1,0,0.0,-408.3090902004186,1
0,0,0,1,0,1,0,0,0,1,1,0,0,0,1,0,1,0,1,1,1,0,0,0,1,1,0,1,1,1,0,1,1,0,1,1,1,0,0,0,0,1,1,1,1,1,0,0,0,0,0,1,0,1,0,1,0,1,1,0,1,0,0,0,0.0,-408.3077710577483,1
1,0,0,1,1,1,1,1,0,0,1,0,0,0,1,1,1,0,0,0,0,0,0,0,1,0,0,1,0,1,1,1,1,1,1,0,1,0,0,0,1,0,1,0,1,1,0,0,1,0,0,1,0,1,1,1,1,0,0,0,0,1,0,0,0.0,-408.307639642143,1
0,1,1,0,0,0,0,1,1,1,0,0,0,0,1,0,0,0,0,1,1,1,1,0,1,1,1,0,1,1,1,0,1,1,0,1,1,0,0,0,0,0,0,1,1,1,0,1,1,1,0,1,0,1,1,1,0,0,1,1,0,1,0,1,0.0,-408.30757472181375,1
1,0,1,0,0,0,0,1,0,0,1,0,0,0,0,0,0,0,1,0,1,0,1,0,0,1,1,0,0,0,1,1,0,0,1,0,1,0,1,0,1,0,1,0,1,1,1,1,0,1,0,0,1,0,1,1,1,1,1,1,1,0,1,0,0.0,-408.30724230335403,1
0,0,0,1,1,1,0,1,0,0,0,1,1,0,1,1,0,1,0,0,0,0,0,1,0,0,1,1,1,0,0,1,1,0,0,1,1,1,1,1,1,0,1,1,1,1,0,1,1,1,0,1,0,1,0,1,1,0,0,1,0,0,1,0,0.0,-408.3058368307345,1
1,0,1,1,0,1,1,1,0,0,1,0,0,0,0,1,0,1,0,0,0,0,0,0,1,0,1,1,0,0,1,0,0,0,0,1,1,0,0,0,1,1,1,1,1,1,0,1,0,1,0,1,1,1,1,1,0,0,0,0,1,1,0,0,0.0,-408.30550423573067,1
0,0,1,0,1,1,0,1,1,1,1,0,1,0,1,0,0,0,1,0,0,1,0,1,1,0,0,1,1,1,1,1,1,1,1,0,1,1,0,0,0,0,1,0,0,1,0,1,0,1,0,1,1,0,0,1,1,0,0,0,1,0,1,1,0.0,-408.3038034650516,1
1,1,1,0,0,1,0,1,1,0,1,1,0,0,0,0,0,1,0,0,0,0,1,0,1,1,0,1,0,1,1,1,0,0,1,0,0,0,0,0,0,0,1,1,1,1,0,1,1,1,1,0,0,0,1,0,0,1,0,1,0,1,0,1,0.015625,-408.3032598464034,1
0,0,1,0,0,0,1,1,1,0,0,1,0,0,0,1,0,1,0,0,1,0,0,0,0,0,1,1,1,1,1,1,1,0,1,1,1,0,0,0,1,0,1,1,1,1,1,1,1,1,1,0,0,0,0,1,0,0,0,0,0,1,0,0,0.0,-408.30209508554276,1
1,0,0,1,0,1,1,1,1,0,0,0,1,0,0,0,1,0,0,0,1,1,1,1,1,0,1,1,1,0,1,1,0,1,0,1,1,1,1,0,0,0,1,1,1,1,0,0,1,1,0,1,1,0,1,1,0,0,0,1,0,0,0,0,0.015625,-408.30176430995726,1
1,0,1,0,0,0,0,0,1,1,0,1,0,0,0,1,1,1,0,0,1,1,1,0,1,0,0,1,0,1,1,1,1,0,0,1,1,1,1,0,1,0,1,0,1,1,0,1,0,1,0,0,1,1,1,0,1,0,0,0,1,1,0,1,0.015625,-408.30171161813956,1
0,1,1,1,0,1,0,0,0,0,1,1,1,0,0,1,0,0,1,1,1,0,1,0,1,1,1,1,0,0,0,1,1,0,1,1,1,0,1,0,0,0,1,0,1,1,1,0,1,1,0,0,1,1,0,0,1,1,0,0,0,0,1,1,0.0,-408.30154352253834,1
1,0,1,1,1,0,0,1,0,0,1,0,0,0,1,0,1,0,0,1,1,0,0,0,0,0,0,0,1,0,1,1,1,0,1,0,1,1,0,1,1,1,1,1,1,1,1,1,0,0,0,0,1,0,1,0,0,0,0,0,0,1,0,1,0.0,-408.30072312402064,1
0,0,0,0,1,0,0,1,0,0,1,1,0,0,1,1,0,0,0,1,1,0,1,0,1,0,0,1,1,0,0,1,1,0,0,1,1,0,1,0,0,0,1,1,1,1,0,1,1,1,0,1,1,1,1,1,1,0,0,0,0,0,0,0,0.0,-408.30071578636887,1
1,0,1,1,0,1,0,1,0,1,0,1,1,0,0,1,0,0,0,0,1,1,0,0,0,1,1,1,0,0,1,0,1,1,1,0,1,0,0,0,0,0,0,1,1,0,1,1,0,1,0,0,1,0,1,1,1,0,0,0,1,1,0,0,0.0,-408.2996689767419,1
0,0,0,1,0,1,0,1,0,1,0,1,0,0,1,1,0,0,1,1,1,1,1,0,0,0,1,0,0,0,1,1,1,0,0,1,1,0,0,1,0,0,1,1,1,1,1,0,1,1,0,0,1,1,0,1,1,0,0,0,0,0,0,0,0.0,-408.2986038356125,1
1,0,0,1,1,0,0,1,1,0,0,0,0,1,1,0,1,0,0,1,0,0,0,0,1,1,1,1,1,0,0,1,0,0,0,1,0,1,0,0,0,1,1,1,1,1,0,0,1,1,0,0,1,0,0,1,1,1,0,1,0,1,0,0,0.0,-408.2977119435269,1
1,0,1,0,0,1,0,1,0,1,1,0,1,0,1,0,0,0,0,0,0,1,1,0,1,0,0,1,1,0,0,1,1,0,1,0,1,1,0,0,1,0,1,1,0,1,0,1,0,0,1,1,1,1,1,0,0,0,0,1,0,1,0,0,0.015625,-408.2971932635206,1
1,0,0,0,0,1,1,1,1,1,1,1,1,0,1,0,1,0,1,0,0,1,0,0,1,1,1,0,0,0,1,0,0,1,0,1,1,1,0,0,0,0,0,1,1,1,1,0,1,0,0,1,1,0,1,1,1,1,0,0,1,1,0,0,0.015625,-408.29640095610966,1
0,0,1,1,0,1,0,1,0,1,1,0,1,0,0,1,1,1,1,0,0,0,0,1,1,1,1,1,1,0,1,1,0,0,1,1,1,1,1,0,0,0,0,1,1,1,0,1,1,0,0,1,0,1,0,1,1,0,0,0,0,1,0,0,0.0,-408.29535524852196,1
1,0,0,1,1,1,0,1,0,0,1,0,1,0,0,0,0,0,0,1,1,0,0,0,1,1,1,1,1,0,0,0,1,0,0,1,1,0,1,0,0,1,1,1,1,1,0,0,0,1,1,0,0,1,0,1,1,0,0,1,1,0,0,0,0.0,-408.2945919131432,1
0,1,1,0,0,1,0,1,0,0,1,1,0,0,0,1,1,1,0,0,1,0,1,0,0,1,1,1,0,0,1,1,0,0,1,1,1,0,0,0,1,1,1,0,0,1,1,1,1,1,0,1,0,0,0,1,1,1,0,1,0,1,1,0,0.0,-408.2945536906477,1
1,0,1,1,1,1,1,1,0,0,1,0,1,0,0,0,0,1,0,1,0,0,1,1,1,1,0,0,0,0,1,1,1,0,0,1,1,1,1,0,1,0,1,1,1,1,0,0,1,1,0,0,0,1,0,1,1,1,0,0,0,0,0,1,0.0,-408.2939436245669,1
1,0,1,0,1,1,0,1,1,0,0,0,1,1,1,0,0,0,0,0,1,0,0,0,1,0,1,1,0,0,0,1,1,1,0,1,1,0,0,0,1,1,1,1,1,1,0,0,1,1,0,0,0,0,1,0,0,1,1,1,0,0,0,0,0.0,-408.2937872221874,1
1,0,0,1,0,1,0,1,1,1,0,0,0,0,1,1,0,1,0,0,1,0,0,1,0,0,1,1,1,0,1,1,0,1,1,1,0,0,1,0,1,1,1,1,1,1,0,1,0,0,0,0,0,0,0,1,1,0,0,0,0,1,0,0,0.0,-408.2933062128034,1
1,0,1,1,0,0,0,1,1,0,1,0,0,0,1,0,1,1,0,0,0,0,0,0,1,1,1,1,0,0,1,1,1,1,0,1,1,1,1,0,0,0,1,1,1,1,1,1,1,1,0,1,0,1,0,1,0,1,0,1,0,0,0,0,0.0,-408.293134296311,1
1,0,1,1,0,1,0,1,0,0,1,0,0,0,0,0,0,1,1,1,1,0,1,0,1,0,1,0,1,0,1,1,0,0,0,0,1,1,0,0,0,1,1,1,1,1,0,1,1,0,0,1,1,0,0,1,0,1,0,0,0,0,1,0,0.0,-408.2925163204232,1
0,0,0,1,1,0,0,1,0,0,0,1,0,0,1,1,1,0,0,1,1,0,0,0,1,0,1,1,0,1,1,1,0,1,0,1,1,1,0,0,1,0,1,1,0,1,1,1,1,1,0,1,0,1,0,1,1,0,0,0,1,1,1,0,0.0,-408.29202134355086,1
0,0,1,1,0,1,0,1,0,0,1,0,0,0,1,0,0,0,0,1,0,0,1,0,1,0,0,0,1,0,1,1,1,0,1,0,1,0,1,1,1,1,0,1,0,1,0,1,0,1,0,1,1,1,1,0,0,0,1,0,0,1,1,0,0.046875,-408.2913886329812,1
1,0,1,1,1,0,1,1,1,1,1,0,0,0,0,1,1,0,0,1,1,1,0,0,0,1,1,0,1,0,0,1,1,0,0,0,1,0,0,0,1,0,1,1,1,1,0,0,1,1,0,0,1,1,0,1,1,1,0,1,0,0,1,0,0.0,-408.28942695169457,1
1,0,1,0,0,0,1,0,0,0,0,0,1,0,0,1,0,0,0,1,1,1,0,0,1,1,0,1,0,0,1,1,1,0,1,1,1,1,0,0,0,0,1,1,1,1,1,1,1,1,1,1,0,1,0,1,1,0,0,0,1,1,1,0,0.0,-408.28770758896536,1
0,0,1,1,0,0,0,0,1,1,1,0,1,1,0,1,0,0,0,0,1,0,0,1,0,1,1,1,1,0,0,0,1,0,0,1,1,1,0,1,1,0,1,1,1,1,1,1,1,1,0,0,0,1,1,1,0,0,0,0,0,1,1,1,0.0,-408.2850156494759,1
0,0,1,0,1,1,0,1,0,1,1,1,0,0,0,1,1,1,1,1,1,1,1,1,1,1,1,1,0,0,0,1,1,1,1,1,0,1,0,1,1,0,1,0,1,0,0,0,0,0,0,1,0,0,0,1,1,1,0,0,0,0,0,0,0.0,-408.2849699225955,1
0,0,0,0,0,1,1,1,1,1,0,0,1,0,1,0,0,1,1,0,0,0,1,0,0,0,1,0,1,0,1,1,0,0,0,1,0,1,1,0,1,0,1,1,1,1,0,0,1,1,1,1,0,0,0,1,0,1,0,1,1,0,0,0,0.0,-408.28440046370713,1
1,0,1,0,1,0,0,1,1,0,1,0,0,0,0,0,0,0,0,0,1,0,0,0,1,1,1,1,0,0,1,1,0,1,1,0,1,1,1,0,1,1,1,0,1,1,0,0,0,1,1,1,0,1,0,1,0,0,0,1,0,1,0,0,0.0,-408.28216479443444,1
1,1,0,1,0,1,0,1,0,0,1,1,1,0,1,0,1,1,0,0,1,0,1,0,1,1,1,1,0,1,1,1,0,0,1,1,0,0,1,0,0,0,1,1,1,0,1,1,1,0,0,0,0,0,1,1,1,0,0,1,0,0,0,1,0.0,-408.2820281783247,1
1,0,1,1,1,1,1,1,1,0,1,0,0,1,0,0,1,0,0,0,1,1,0,0,0,1,0,1,1,0,1,0,1,1,0,1,1,1,0,1,0,1,1,1,1,1,0,1,1,1,0,0,0,0,0,0,0,0,0,1,1,1,0,0,0.0,-408.281459298961,1
1,0,0,1,1,0,1,1,0,0,1,0,0,0,0,1,0,1,0,1,1,0,0,0,1,0,1,1,1,0,0,1,1,0,0,1,1,0,1,0,1,1,0,1,1,0,0,1,0,1,0,0,1,0,0,1,1,0,0,1,0,0,0,1,0.0,-408.2796582412887,1
1,0,1,0,1,1,1,1,1,0,0,0,1,0,1,1,1,0,0,0,1,1,0,1,0,0,0,1,0,0,1,1,1,1,0,0,1,1,0,0,1,1,1,0,1,1,0,1,1,0,0,1,1,1,0,1,0,0,0,1,1,0,0,0,0.0,-408.2794453217033,1
0,0,1,0,1,1,0,0,1,1,1,0,0,0,1,0,0,0,0,0,1,0,0,0,1,0,1,1,0,1,1,1,0,1,1,1,1,1,1,0,0,0,1,0,1,1,0,1,1,1,1,0,0,0,0,1,0,0,0,0,0,0,1,1,0.0,-408.27851786601315,1
1,1,1,0,0,1,1,1,1,0,1,0,1,1,1,0,1,1,0,0,1,1,0,0,0,0,0,1,0,0,1,1,0,1,1,0,0,1,0,1,0,1,1,0,0,1,1,1,1,0,0,1,1,0,0,1,0,0,0,1,0,1,0,1,0.0,-408.2772635006816,1
1,0,1,1,1,1,1,1,1,0,1,0,0,0,1,0,0,0,0,1,0,1,0,0,1,0,0,0,0,0,1,1,1,1,0,1,1,1,0,0,1,0,1,0,1,1,0,0,0,0,1,0,1,0,1,1,1,1,0,0,0,0,0,0,0.0,-408.27559034127586,1
1,0,1,0,0,0,1,1,0,0,0,1,0,1,1,0,1,0,0,0,0,0,1,0,0,0,0,0,1,0,1,1,0,0,1,1,1,1,0,0,0,0,1,1,1,1,1,0,1,0,1,0,0,0,1,1,1,1,0,1,1,0,0,1,0.0,-408.2755005066672,1
1,0,1,0,0,1,1,1,0,0,0,1,0,1,0,0,1,1,0,0,1,1,1,0,0,1,1,1,0,0,0,1,0,0,0,0,1,0,0,1,0,1,0,0,1,1,0,1,1,1,0,0,1,1,0,1,1,1,0,0,0,0,0,1,0.0,-408.2730919291965,1
1,0,1,1,0,1,1,1,1,1,0,0,0,0,1,0,1,0,0,0,0,0,0,0,1,0,0,1,0,1,1,1,0,1,1,1,1,1,1,0,0,0,1,1,1,1,0,1,1,0,0,0,1,1,1,1,1,0,0,1,1,0,0,0,0.015625,-408.2702556909765,1
0,0,1,1,0,0,0,0,1,1,1,0,0,1,1,1,1,1,1,0,1,1,1,1,0,1,0,0,0,0,1,1,1,0,0,1,1,0,0,0,1,0,1,1,1,1,1,1,0,1,0,0,0,1,0,1,0,0,1,0,1,0,1,0,0.015625,-408.2685691160934,1
1,1,0,0,1,0,0,1,1,1,1,0,0,0,1,0,1,1,0,1,0,1,1,1,1,0,0,0,0,1,0,0,0,0,1,1,0,1,0,0,1,0,1,1,1,1,0,1,1,1,0,0,0,0,0,1,0,1,0,1,1,1,1,1,0.0,-408.2673331537054,1
1,0,1,0,1,1,1,1,0,0,1,1,1,0,1,1,1,0,0,0,1,0,0,0,1,1,0,1,1,0,0,0,0,0,0,0,1,0,0,0,1,1,1,1,1,1,0,1,1,1,0,1,0,1,0,1,1,0,0,0,1,0,1,1,0.0,-408.26590761444606,1
0,0,1,0,1,0,1,1,1,1,1,0,1,0,0,0,1,1,0,1,0,0,0,0,0,0,0,1,0,0,1,1,1,1,1,0,1,1,0,0,1,1,1,1,0,1,1,1,0,1,0,1,0,0,0,1,1,1,0,0,1,1,1,0,0.0,-408.26529438095815,1
0,0,0,0,1,1,1,0,0,0,0,1,1,0,0,0,1,1,0,1,1,0,0,0,1,0,1,1,0,0,1,1,1,0,0,1,1,1,0,1,0,0,1,1,1,1,1,1,1,1,0,0,1,1,0,1,0,1,1,0,0,1,1,0,0.015625,-408.2648887260685,1
0,0,1,0,1,1,0,1,0,0,0,1,1,1,1,0,1,0,0,0,1,0,0,0,1,1,0,0,1,1,1,1,0,0,0,1,0,1,0,0,0,1,1,1,1,1,0,1,0,0,1,0,0,0,0,1,1,0,1,1,0,0,1,0,0.03125,-408.26300857335286,1
0,0,0,1,1,1,1,1,1,0,1,0,0,0,0,0,0,1,1,1,1,0,0,0,1,0,1,1,0,1,1,1,1,1,0,0,1,1,1,0,1,0,1,1,1,0,1,1,1,1,0,0,0,0,0,1,0,0,0,0,1,1,0,1,0.0,-408.2628915045989,1
0,0,1,0,0,0,0,1,1,0,0,0,1,0,1,0,0,0,0,0,1,1,0,0,1,1,0,1,1,1,1,0,1,0,0,0,1,1,0,1,1,0,1,1,1,1,1,0,0,1,0,0,1,1,1,1,1,0,0,1,0,0,0,0,0.0,-408.26273132199105,1
0,0,1,0,1,0,0,1,0,1,0,0,1,0,1,1,1,0,1,0,1,1,1,0,1,1,0,1,0,0,1,1,0,1,0,0,1,1,0,0,1,1,1,0,1,0,1,0,1,1,0,1,0,0,0,1,0,0,0,0,0,1,0,0,0.0,-408.2626973453635,1
0,0,1,0,1,1,1,1,0,0,1,0,0,1,1,0,1,0,0,0,1,1,1,1,1,1,0,0,1,1,1,1,1,0,0,1,1,0,0,0,0,0,1,1,1,1,0,0,1,1,0,0,0,1,0,1,1,0,0,1,1,0,0,1,0.0,-408.26143948478534,1
0,1,0,1,1,1,0,1,0,0,0,0,1,0,1,0,0,0,0,1,1,0,0,0,1,0,1,1,0,1,0,1,0,1,1,0,1,0,0,0,0,0,1,0,1,0,0,1,0,1,0,0,1,1,1,1,1,1,0,1,0,0,1,1,0.015625,-408.2608690434519,1
0,0,1,0,1,1,0,0,0,1,1,0,1,0,0,1,1,0,0,0,0,1,0,1,1,0,1,1,1,1,1,0,0,0,1,1,1,0,0,0,0,0,1,1,1,1,1,0,1,1,0,1,0,1,0,1,1,1,0,0,1,1,1,0,0.0,-408.26031187049784,1
0,0,1,0,0,1,0,0,1,1,0,1,1,0,1,1,0,1,0,0,0,1,0,0,0,0,0,1,1,0,0,1,1,0,0,1,1,0,0,0,0,0,1,1,1,0,1,1,0,1,1,0,1,0,1,1,1,1,0,0,0,1,0,1,0.0,-408.25975080690375,1
0,0,1,0,1,1,1,0,1,0,1,0,0,1,0,1,0,0,0,0,0,1,1,0,0,0,1,0,0,0,1,1,1,0,1,0,1,1,0,1,0,0,0,1,1,1,1,1,0,0,1,1,0,0,0,1,0,1,1,0,1,1,0,0,0.046875,-408.2565255921986,1
1,0,1,0,0,1,1,1,1,0,1,1,0,0,0,0,1,0,0,1,1,1,1,0,1,0,0,0,1,0,1,1,1,0,1,0,1,1,0,0,1,0,0,0,0,1,1,0,0,1,1,1,1,1,0,1,1,1,1,0,0,0,0,1,0.03125,-408.2562267352416,1
1,0,1,1,1,1,1,0,1,0,1,1,0,0,0,1,1,0,1,0,0,1,1,0,1,1,1,1,0,0,1,1,0,1,0,1,0,0,1,0,1,1,1,1,1,1,0,1,1,0,1,0,0,1,0,0,1,0,0,0,0,0,0,0,0.0,-408.2560168452911,1
0,0,0,1,0,0,1,1,0,0,1,0,0,0,0,1,1,0,0,0,1,0,0,0,0,0,1,1,1,0,0,1,1,0,1,0,1,1,1,1,0,1,1,0,1,1,1,0,0,1,1,1,1,1,0,0,1,0,1,0,0,0,1,0,0.0,-408.2548988502357,1
1,0,1,1,1,0,1,1,1,0,0,0,0,1,1,0,0,0,1,0,1,0,1,0,1,0,0,1,0,1,1,1,1,0,1,1,0,1,0,0,1,1,1,0,0,1,1,1,1,1,0,0,0,1,0,1,1,0,0,0,1,1,0,0,0.0,-408.25411979055554,1
1,0,1,1,0,0,1,1,0,1,1,1,0,1,0,0,0,0,0,0,1,1,1,0,1,1,0,0,0,0,1,1,0,0,0,1,1,0,0,0,1,1,1,0,1,1,1,1,1,1,1,1,0,1,0,1,0,1,0,0,0,1,0,1,0.0,-408.2531563239714,1
1,0,1,1,1,1,0,0,0,0,1,0,0,1,0,0,0,1,0,0,1,1,0,1,0,1,1,1,0,1,0,1,0,1,0,0,1,0,1,1,0,0,1,0,1,1,1,0,0,1,0,1,1,1,1,1,0,1,1,0,1,1,0,0,0.015625,-408.25126295895456,1
0,0,0,1,1,0,1,1,0,0,1,1,0,0,1,0,0,0,1,0,1,1,1,0,1,1,1,1,1,0,1,1,0,0,0,0,1,0,0,0,1,0,1,1,1,0,0,1,1,1,0,1,1,1,1,1,1,0,0,1,0,0,0,1,0.0,-408.25108507711315,1
1,0,0,0,1,1,1,1,1,0,1,1,1,0,0,1,1,0,0,0,1,0,0,0,1,0,0,1,0,0,0,0,1,1,1,1,1,1,1,0,0,0,1,0,1,0,0,1,1,1,1,0,1,1,0,1,1,0,1,1,0,0,1,0,0.0,-408.2464840379782,1
0,0,1,1,1,1,0,1,1,1,0,1,0,1,1,0,1,0,0,1,1,0,0,0,0,1,0,1,0,0,1,1,1,1,0,1,1,1,1,1,1,0,1,0,1,1,1,0,0,0,0,1,0,1,0,1,1,0,0,1,0,0,0,0,0.0,-408.2463603106919,1
0,0,1,1,1,1,1,1,0,0,1,0,0,1,0,1,1,0,0,1,0,0,0,1,1,0,1,1,1,1,1,0,1,1,1,0,1,0,0,0,0,0,1,0,1,1,0,0,0,1,0,1,0,1,0,1,1,0,0,1,0,1,1,1,0.0,-408.2458208749738,1
1,0,0,1,0,0,1,1,0,1,1,1,1,1,0,0,0,0,0,0,0,0,1,0,0,1,0,0,0,0,1,1,0,1,1,1,1,0,0,0,1,0,0,1,1,1,0,0,0,1,1,0,0,1,1,1,1,1,0,1,0,1,0,0,0.015625,-408.2446178120973,1
1,1,1,1,0,0,1,1,1,0,1,1,0,0,1,0,1,0,0,0,1,1,0,0,1,0,0,0,1,0,1,1,0,0,0,0,1,0,1,0,0,1,1,0,1,1,1,1,0,1,1,1,1,1,0,1,1,0,1,0,0,1,0,0,0.03125,-408.2437095341042,1
0,0,0,1,1,1,0,1,0,0,1,1,0,0,1,0,1,1,0,1,0,0,0,0,1,1,1,1,1,0,1,1,0,0,0,1,0,0,0,0,1,1,1,1,1,0,1,0,0,1,0,0,1,0,0,1,0,1,1,1,0,0,0,0,0.0,-408.24248395251436,1
1,0,1,0,1,1,1,1,0,0,1,1,0,1,0,0,1,1,0,0,1,1,0,0,0,0,1,1,0,0,1,0,1,1,1,0,1,1,0,0,1,0,0,0,1,1,0,1,0,1,1,0,0,1,0,1,0,0,0,1,0,0,0,0,0.0,-408.24093079812707,1
0,0,1,0,0,1,1,1,0,0,0,0,1,1,0,1,0,1,1,1,1,0,0,0,0,1,1,1,1,0,1,1,0,1,0,1,1,0,0,0,0,0,1,0,0,0,1,1,0,1,0,0,1,1,0,1,1,1,0,1,1,1,1,1,0.015625,-408.24048962600136,1
1,0,0,1,0,1,0,1,1,0,0,0,0,1,1,1,1,0,1,0,0,0,1,1,1,0,0,1,0,0,1,1,1,1,0,0,1,0,0,1,1,0,1,1,1,1,0,0,0,1,0,0,0,0,1,1,0,0,0,1,0,0,0,1,0.015625,-408.24018518603924,1
0,0,1,0,0,1,1,1,1,1,1,0,1,1,0,0,1,1,1,1,0,0,1,0,1,0,1,1,0,0,1,1,1,1,0,0,1,0,1,0,1,0,0,0,0,1,1,0,0,1,0,0,0,0,0,1,0,1,0,0,1,0,0,0,0.015625,-408.23936786164035,1
1,1,1,1,1,1,0,0,0,0,1,0,0,0,0,0,0,1,0,1,1,1,0,1,0,0,1,1,1,1,0,1,0,1,0,1,1,1,0,0,1,1,1,1,1,1,0,0,0,1,0,0,0,0,1,1,0,1,0,1,1,0,0,1,0.0,-408.23162656198014,1
0,0,1,1,1,0,0,1,0,0,0,1,0,0,1,1,1,1,0,0,1,1,1,0,0,0,1,1,0,0,0,1,1,0,1,1,0,0,0,1,1,1,1,1,1,0,0,0,0,1,1,1,1,0,0,1,0,0,0,0,0,0,0,1,0.0,-408.2303905139107,1
1,0,1,0,0,1,0,1,0,0,1,0,1,1,1,0,1,0,1,0,1,1,0,0,1,1,0,1,0,1,1,1,0,1,1,0,1,0,0,0,0,0,1,1,1,0,0,1,1,1,0,0,0,0,0,1,1,0,0,0,0,0,1,0,0.0,-408.22879880538807,1
1,0,0,1,0,0,0,1,0,0,1,0,1,0,0,1,1,1,1,1,0,0,1,0,1,1,1,1,1,1,0,1,1,0,1,1,1,0,0,0,0,1,1,1,1,0,0,0,1,1,0,0,0,1,1,1,1,0,0,1,1,0,0,0,0.0,-408.2271245357504,1
1,0,1,1,0,0,0,1,1,0,0,0,1,0,0,1,1,1,0,1,1,0,0,1,1,0,1,0,0,1,1,1,1,0,0,0,0,1,0,1,0,0,1,1,1,1,0,0,1,1,1,1,1,0,0,1,1,1,0,1,0,0,0,1,0.0,-408.21676781749454,1
0,0,1,1,0,1,0,1,1,0,0,1,1,0,0,0,0,1,0,1,1,0,0,0,1,1,1,1,0,1,1,1,0,0,1,0,1,0,0,0,1,0,0,1,1,1,0,1,0,1,0,0,1,0,1,1,1,1,1,1,1,0,1,0,0.0,-408.21457801577685,1
0,1,1,0,1,0,0,1,0,0,0,1,0,0,0,1,1,0,1,0,0,0,0,0,1,0,1,1,1,0,1,1,0,1,0,0,1,1,1,1,0,0,1,1,1,0,0,1,1,1,0,0,0,1,1,1,1,1,1,1,1,0,1,0,0.015625,-408.2127289318435,1
1,1,0,0,1,1,1,0,0,1,1,1,0,1,0,0,1,1,0,0,1,0,1,0,0,0,0,1,1,1,0,1,0,1,1,0,0,1,0,1,0,1,1,1,1,0,0,1,1,0,0,1,1,0,1,0,1,1,0,1,0,0,0,1,0.0,-408.21126662075125,1
0,0,1,1,0,0,1,1,1,1,0,1,1,0,0,0,1,1,0,1,1,1,1,0,1,0,0,1,0,1,1,1,0,0,0,0,1,1,1,0,1,0,0,1,1,1,0,0,1,1,0,0,1,1,0,0,1,0,0,0,1,1,1,0,0.0,-408.2110556209069,1
0,0,0,0,0,1,1,0,0,1,1,0,0,1,1,0,0,1,1,0,1,1,0,0,1,1,1,1,0,0,1,1,0,1,0,0,1,0,1,0,1,1,1,0,1,1,0,1,1,1,0,0,0,1,0,1,1,0,1,1,0,1,0,1,0.0,-408.2103540022508,1
1,0,1,1,0,0,1,1,0,0,0,0,0,1,0,0,1,0,0,1,0,1,0,0,0,0,1,1,0,1,1,1,0,0,1,0,1,0,1,0,1,0,1,0,1,1,1,1,1,1,0,0,1,1,1,1,1,1,0,1,1,0,0,1,0.0,-408.20931542848507,1
1,0,1,1,0,1,0,0,0,0,1,1,1,0,0,0,0,0,0,1,1,0,0,0,0,0,1,1,1,0,1,1,1,1,1,1,1,1,0,1,1,0,1,1,1,1,1,1,0,0,1,0,1,1,0,1,1,0,1,0,0,0,0,0,0.0,-408.20701606357113,1
1,0,1,0,1,1,0,0,0,0,1,0,1,0,1,1,1,1,0,0,0,0,0,0,0,1,1,1,0,1,0,1,1,0,0,0,1,0,0,0,1,0,0,1,0,1,1,0,0,1,1,0,1,1,0,1,0,1,0,1,0,0,1,1,0.0,-408.2027501166419,1
1,0,1,1,1,0,0,1,0,0,0,1,1,1,0,0,0,0,0,1,1,0,1,0,1,0,1,1,0,0,1,0,1,0,0,0,1,0,0,0,0,1,1,0,1,0,1,1,1,1,1,0,1,0,0,1,1,0,1,0,0,0,1,0,0.0,-408.1951734687982,1
0,0,1,0,0,1,0,1,1,1,1,0,1,0,1,0,1,0,0,1,0,0,0,1,1,0,1,1,1,0,0,1,1,0,0,1,1,1,1,0,0,0,0,1,1,1,1,1,1,1,1,0,1,0,0,0,1,0,1,1,0,0,1,0,0.0,-408.19494136791604,1
0,1,1,0,1,0,1,1,1,1,1,1,1,0,1,0,0,0,0,1,1,0,0,0,0,0,1,1,0,0,0,1,0,0,1,1,1,0,0,1,0,0,1,1,1,1,0,0,0,1,1,1,1,0,1,1,1,0,0,1,1,0,0,1,0.0,-408.1910059314501,1
0,0,0,0,1,1,1,1,0,1,1,1,0,0,1,1,1,1,1,0,1,0,1,0,1,1,0,1,1,0,1,1,1,1,0,1,1,0,1,0,0,1,0,0,1,1,0,0,0,0,0,0,1,1,0,1,0,0,0,1,1,1,0,0,0.0,-408.18913695558444,1
1,0,1,0,0,0,1,1,0,1,1,0,0,1,1,0,1,0,0,0,1,1,1,0,1,0,0,0,0,1,1,1,0,0,1,1,1,1,0,1,0,1,1,0,1,1,0,1,0,1,0,0,0,1,1,1,1,0,1,1,0,0,1,0,0.0,-408.1890433691434,1
1,0,1,0,1,0,1,1,1,1,1,1,1,1,1,0,1,0,0,0,1,0,1,0,1,0,0,1,0,0,0,1,0,1,1,1,1,0,0,0,1,1,1,1,0,0,0,1,1,0,0,0,1,1,0,1,1,1,0,1,0,0,0,0,0.0,-408.18812320247633,1
1,0,0,1,1,1,1,0,1,1,1,1,0,1,1,0,1,0,0,1,1,0,0,0,0,0,1,1,0,0,1,1,0,0,0,1,1,0,0,1,1,0,1,1,1,0,0,0,1,1,0,0,0,0,0,1,1,1,0,1,1,1,0,1,0.0,-408.18532385217094,1
1,0,1,0,1,0,1,1,0,1,1,0,1,1,1,0,1,0,0,0,0,0,1,0,1,0,0,1,0,1,1,0,0,0,0,0,1,0,1,0,1,1,1,1,0,0,1,0,1,1,0,0,0,1,0,1,0,0,1,0,1,1,0,0,0.015625,-408.1767165850597,1
1,1,0,1,0,1,0,1,1,1,0,0,1,0,0,1,1,0,0,1,1,0,1,0,0,0,1,1,0,0,1,1,0,1,0,0,1,1,0,0,0,0,0,1,1,0,0,0,0,0,1,0,1,1,1,1,1,0,0,0,1,0,1,0,0.0,-408.17553543592936,1
0,0,1,0,1,1,0,1,0,1,1,1,0,1,0,1,1,0,0,0,1,1,0,1,0,0,1,1,0,1,1,1,0,1,1,0,1,1,0,0,0,0,1,1,1,0,1,0,1,1,0,0,1,1,0,1,1,0,0,0,0,1,0,1,0.0,-408.1754033400089,1
1,0,1,1,1,0,0,1,0,0,1,0,1,1,0,1,1,0,0,1,1,0,0,0,1,1,0,1,1,0,0,1,0,0,0,0,1,0,1,0,0,0,1,1,1,1,1,1,0,1,0,0,1,1,0,1,1,1,1,1,0,1,0,0,0.0,-408.1717036141834,1
1,0,1,1,0,1,0,0,0,1,0,0,0,0,1,0,0,1,1,1,1,1,1,0,1,0,0,1,0,0,0,1,1,0,1,1,1,0,0,0,0,1,1,1,1,1,1,1,0,1,1,1,0,1,0,1,1,1,1,0,0,0,0,0,0.0,-408.1696243901679,1
0,1,1,1,1,1,0,1,0,0,0,0,1,0,1,1,0,0,0,0,1,0,1,0,0,0,0,1,0,0,1,1,1,1,0,1,1,1,0,0,1,0,1,1,1,1,1,1,1,1,1,1,0,1,1,1,0,0,0,0,0,0,1,0,0.0,-408.1691130163297,1
1,1,1,0,1,1,1,1,0,0,1,0,1,1,1,1,0,0,0,1,1,1,1,1,1,1,1,0,0,0,0,0,0,1,1,1,1,0,1,0,0,1,1,0,0,1,0,0,1,0,0,0,1,0,0,1,0,1,0,0,0,0,1,1,0.03125,-408.1671553881305,1
1,0,1,1,0,1,0,1,1,1,0,0,1,1,0,0,1,1,0,0,0,0,1,0,1,0,1,0,0,0,1,1,1,0,1,0,1,1,0,0,1,0,1,1,1,1,1,0,0,1,1,0,0,0,1,1,1,1,0,0,0,0,1,1,0.0,-408.16563348207154,1
0,0,0,1,0,0,0,1,0,0,1,1,0,0,0,1,1,0,1,0,1,0,1,0,0,1,1,1,0,0,1,1,0,0,0,1,1,0,0,1,0,0,0,1,1,0,0,1,1,1,1,0,0,1,0,1,1,1,1,1,0,1,0,0,0.0,-408.1625596531544,1
0,1,1,0,1,1,0,1,0,1,1,0,0,1,1,1,0,0,0,1,1,1,1,1,1,1,0,0,0,0,1,0,1,0,1,1,1,1,1,0,1,0,0,1,0,1,1,0,1,0,0,0,0,1,0,1,0,1,1,0,0,1,0,0,0.0,-408.1625278595105,1
1,1,1,0,1,1,0,1,0,1,0,1,0,0,1,1,1,0,0,0,0,1,0,0,0,0,0,1,1,0,1,1,1,0,1,1,1,1,1,1,0,0,0,1,1,1,0,0,1,1,0,1,1,1,1,1,0,0,0,1,0,0,0,0,0.015625,-408.1595212513364,1
0,0,0,1,0,0,1,0,0,1,1,0,0,1,1,0,1,1,0,1,1,1,0,0,0,0,1,1,0,1,1,1,1,1,1,0,1,1,0,0,0,0,1,0,1,1,0,0,1,1,1,0,0,0,0,1,0,1,0,0,0,1,0,0,0.0,-408.15787902185514,1
0,1,1,1,1,0,1,0,0,1,1,0,1,0,1,0,0,0,0,1,1,0,1,1,1,1,1,1,0,0,1,0,0,0,1,1,1,0,0,0,1,0,0,0,1,1,0,0,1,1,1,1,1,0,1,1,1,0,0,0,0,1,1,0,0.0,-408.1541828151625,1
1,1,1,0,0,1,1,1,0,0,1,0,0,1,1,0,0,1,1,0,1,0,0,0,1,1,0,1,1,0,1,1,0,0,1,1,1,0,0,1,0,0,1,1,1,1,0,1,0,1,1,1,0,0,1,1,1,0,0,0,1,0,0,0,0.0,-408.14967656145166,1
1,1,1,1,1,1,0,0,0,1,1,1,1,0,1,0,1,1,1,0,0,0,1,0,0,1,0,1,1,0,0,0,0,1,0,0,1,0,1,0,0,0,0,1,1,0,0,0,1,1,1,1,1,1,0,1,1,0,1,1,0,1,0,0,0.0,-408.14372433105393,1
0,0,1,1,0,1,0,1,1,0,1,0,0,1,0,0,1,1,0,1,1,0,1,0,0,0,1,0,1,1,1,1,1,0,0,0,1,1,0,0,0,1,1,1,1,1,1,0,0,1,1,1,1,1,0,0,1,1,0,0,0,0,1,0,0.0,-408.1335416064662,1
1,0,1,0,1,1,0,1,0,0,1,1,1,0,0,0,1,1,1,1,1,0,0,1,0,0,0,1,1,0,0,0,0,1,1,1,1,1,1,0,1,0,0,0,1,0,0,0,1,1,1,0,1,1,0,1,1,1,0,1,1,0,0,0,0.0,-408.13038874429617,1
1,0,0,1,1,1,0,1,0,0,1,0,0,0,1,0,1,1,0,0,1,0,0,0,0,0,0,1,0,0,1,1,1,1,0,0,1,0,1,0,1,1,1,1,1,1,1,0,0,1,1,0,0,0,0,1,0,1,0,1,0,1,0,0,0.0,-408.1275612438704,1
0,0,0,1,0,1,0,0,0,1,1,0,1,1,1,1,1,1,1,0,1,0,0,0,1,1,1,1,0,0,1,1,1,0,0,0,1,0,1,0,0,1,1,1,1,1,0,1,1,1,0,0,0,1,0,1,0,1,0,0,1,0,1,0,0.0,-408.1267595467864,1
0,1,0,0,0,0,1,1,1,0,1,0,0,0,1,1,0,1,1,1,1,0,1,0,0,0,1,1,0,0,0,1,1,1,0,0,1,1,0,1,1,0,1,1,1,0,0,1,1,1,1,1,1,1,0,0,1,1,0,0,0,1,0,0,0.0,-408.1183279800375,1
0,0,0,0,0,1,1,1,0,0,1,1,0,0,1,0,1,1,0,1,0,0,1,0,1,0,1,1,0,1,1,1,0,0,1,0,1,1,1,1,1,1,1,0,1,1,1,0,0,1,0,0,0,1,0,1,1,0,1,0,0,1,1,0,0.015625,-408.1159613200034,1
0,1,0,1,1,0,1,0,0,0,0,0,1,0,0,1,0,1,0,1,1,0,1,1,0,1,1,0,0,0,0,0,1,1,1,1,0,1,0,0,0,0,1,0,0,1,0,1,1,1,0,1,1,0,1,1,1,0,1,0,0,0,0,0,0.0,-406.47889264253246,1
0,0,0,1,0,0,1,0,0,0,0,0,0,0,1,0,1,0,1,1,0,1,0,0,0,1,0,0,1,0,0,1,1,0,1,1,0,0,0,0,1,1,1,1,1,1,0,1,1,1,0,1,0,1,0,0,1,0,0,1,0,1,1,1,0.0,-406.4661420599298,1
0,0,0,1,1,1,1,0,1,0,0,1,0,0,1,0,1,0,0,0,1,1,0,1,0,0,0,1,1,0,0,0,1,0,1,1,0,0,1,0,1,0,1,1,0,1,0,1,1,0,0,1,1,1,0,1,1,0,0,0,0,1,0,0,0.0,-406.4604461998023,1
0,0,1,1,1,1,0,1,0,1,0,1,0,0,0,1,0,1,0,0,0,1,1,0,0,0,0,1,0,0,0,1,0,1,1,0,1,1,0,0,0,0,1,1,0,1,0,1,1,0,0,1,0,1,0,1,1,0,0,0,1,1,0,1,0.0,-406.4492055159315,1
1,0,0,1,0,1,0,0,1,0,1,1,1,0,0,0,0,1,0,1,0,0,1,0,1,1,1,1,0,0,0,1,1,1,0,0,0,0,0,0,1,0,1,1,1,1,1,1,1,0,0,0,0,0,0,1,1,0,0,1,0,1,0,0,0.0,-406.44904487496564,1
1,1,0,1,1,1,0,1,1,1,1,1,0,0,1,1,0,0,0,0,0,1,1,0,1,0,1,0,0,0,0,1,1,0,0,1,1,0,0,0,0,0,1,0,0,1,1,1,0,1,0,0,0,1,1,1,1,0,0,0,0,0,0,0,0.0,-406.4470792880581,1
0,0,1,1,1,1,0,1,1,0,0,0,0,0,0,0,1,1,0,0,0,1,0,0,1,0,1,0,1,0,1,1,0,1,1,1,0,1,1,0,1,0,1,1,1,1,0,0,1,1,0,0,0,0,0,0,1,0,1,0,0,0,1,0,0.015625,-406.4355585670958,1
1,0,0,0,0,0,1,0,1,1,0,0,0,0,0,0,1,1,1,0,1,0,1,0,1,1,1,1,0,0,0,0,1,0,0,1,0,0,0,1,0,0,1,0,1,1,0,1,0,1,0,1,1,0,0,1,1,0,1,1,1,1,0,0,0.0,-406.43426517364475,1
1,0,1,1,0,1,1,0,1,0,1,0,0,0,0,0,1,1,1,0,1,0,1,0,0,1,0,0,0,0,0,1,1,0,1,1,0,0,1,1,0,1,0,1,0,1,0,1,1,1,1,0,0,1,0,0,0,0,0,1,0,1,0,0,0.0,-406.41293261256965,1
1,0,0,1,1,1,0,1,0,0,0,0,1,0,0,1,1,1,1,0,1,1,1,1,0,0,0,0,0,1,0,1,1,1,1,1,0,1,0,0,1,0,1,1,0,0,0,0,0,0,0,0,0,0,0,1,1,0,0,1,0,1,0,1,0.0,-406.4118875708707,1
0,0,0,1,1,1,1,0,0,1,1,1,0,0,0,1,1,0,1,0,0,1,0,0,1,0,1,0,1,0,1,0,0,0,1,0,1,0,0,0,1,1,1,0,1,1,0,1,1,0,0,0,1,1,0,0,1,0,0,0,1,0,0,1,0.0,-406.41164546382583,1
0,1,1,1,0,1,1,1,1,0,1,0,1,0,0,0,0,0,0,1,0,0,0,0,1,0,1,0,0,0,1,0,1,1,1,1,1,1,0,0,1,1,0,1,0,0,0,1,1,1,0,1,0,0,0,0,1,0,0,1,0,1,0,0,0.015625,-406.40950944781844,1
0,0,0,0,0,1,1,0,1,0,1,1,0,0,0,0,1,1,0,0,1,1,1,0,0,0,1,1,0,1,0,1,0,0,0,0,0,1,1,0,0,0,1,1,1,1,0,1,0,1,0,0,1,1,1,0,1,0,1,0,1,1,0,0,0.0,-406.4079047237232,1
1,0,1,1,1,1,1,0,0,1,0,1,0,0,1,0,0,1,0,0,1,1,0,1,0,0,0,0,1,1,0,1,0,1,1,1,1,0,0,0,1,1,1,0,0,1,0,0,1,0,0,0,0,0,1,1,1,0,0,1,0,0,0,0,0.015625,-406.40703547371925,1
1,1,1,1,1,0,0,1,1,0,0,1,0,0,0,0,0,0,0,1,0,1,0,0,1,0,1,1,1,0,1,0,1,1,0,1,1,1,0,0,0,0,0,1,1,1,0,1,1,0,0,1,0,1,0,1,0,0,0,0,0,0,1,0,0.0,-406.4055311233836,1
1,0,0,1,0,1,1,0,1,0,1,0,0,0,0,0,0,1,1,0,1,0,1,1,1,1,1,1,0,0,1,0,0,1,0,0,0,1,1,0,0,1,1,1,0,1,1,0,0,0,0,0,1,0,0,0,1,0,0,1,1,0,1,0,0.0,-406.4003844942898,1
0,0,0,1,0,1,1,1,0,0,1,0,0,0,0,0,1,1,1,1,0,0,0,0,1,0,1,0,1,0,0,1,1,0,0,0,1,0,1,1,1,0,1,1,1,1,1,1,0,0,0,1,0,1,1,1,0,0,1,0,0,0,0,0,0.0,-406.3994653450385,1
1,0,0,0,1,0,0,1,1,0,0,0,0,0,0,1,1,0,0,0,1,0,1,0,1,0,1,1,0,1,0,1,1,1,0,0,1,0,1,0,0,0,1,1,0,1,0,1,1,1,0,0,1,1,0,1,0,0,0,1,1,1,0,0,0.0,-406.3990364186458,1
1,1,0,1,0,1,1,1,0,0,0,1,0,0,0,0,0,0,0,0,1,0,0,0,1,0,1,0,0,1,1,1,1,1,1,1,1,0,0,0,0,1,1,1,1,0,0,1,1,1,0,0,0,1,0,1,1,0,1,0,0,0,0,0,0.0,-406.3983122468574,1
0,0,0,1,1,0,0,1,1,0,0,0,1,1,1,0,1,1,0,0,1,0,1,0,0,1,1,1,0,0,1,0,1,1,1,1,1,0,0,0,0,0,1,1,0,1,0,0,1,0,0,1,0,1,1,0,1,0,0,0,1,0,0,0,0.03125,-406.39640040180376,1
0,0,1,1,1,0,0,1,0,1,1,0,0,0,0,0,1,1,0,0,1,1,1,1,1,0,1,1,0,0,0,1,0,0,1,1,0,0,0,0,0,0,1,1,1,0,1,0,1,1,0,0,1,1,0,1,0,0,1,0,1,0,0,0,0.0,-406.3951496464886,1
0,0,0,1,0,0,0,0,0,1,1,1,1,1,0,0,1,1,0,1,0,1,0,0,0,1,0,1,0,0,0,1,1,1,0,0,1,1,0,0,0,1,1,1,1,1,1,1,0,1,0,1,0,0,0,0,0,0,1,1,0,0,1,0,0.0,-406.3908151234999,1
1,0,0,1,0,1,0,0,1,1,0,0,0,0,1,0,1,0,0,0,1,1,0,0,1,1,0,1,1,1,1,0,0,1,0,1,1,1,0,0,0,0,1,0,1,0,0,1,1,0,0,0,0,1,0,0,0,1,0,1,1,1,1,0,0.0,-406.38908707511507,1
0,1,1,0,0,0,0,0,1,1,1,1,0,0,1,0,1,0,0,0,0,0,0,1,0,0,0,1,1,0,1,1,1,1,0,1,1,0,0,0,0,0,1,0,1,1,1,1,1,0,0,0,1,1,0,1,0,1,0,1,0,1,0,0,0.0,-406.38701581039675,1
0,0,0,1,0,0,1,0,0,1,1,1,0,0,1,0,1,1,0,0,0,0,0,0,1,1,0,1,0,0,1,1,1,0,1,1,1,0,0,0,1,0,0,0,1,1,0,1,1,0,0,0,1,1,0,1,1,1,0,0,1,0,1,0,0.0,-406.3840292823655,1
0,0,1,0,0,1,0,1,0,0,1,1,0,0,1,0,0,1,0,0,1,0,0,0,1,0,1,1,0,1,1,1,0,1,0,1,0,0,0,0,0,0,1,0,1,1,0,0,1,1,0,1,0,1,0,1,1,1,0,1,1,0,0,1,0.0,-406.3832246947531,1
0,0,1,1,0,1,0,0,1,1,1,1,1,0,0,0,0,1,0,0,0,0,1,0,1,0,0,1,1,0,1,1,0,0,1,1,1,0,1,0,1,0,0,1,0,1,0,1,0,1,0,1,1,0,0,1,1,0,0,0,1,0,0,0,0.0,-406.382750852361,1
1,0,1,0,0,1,1,0,1,0,0,0,1,0,0,0,1,0,0,1,1,0,0,0,1,1,1,1,0,0,0,0,0,0,0,1,0,0,1,1,0,1,1,0,1,1,0,1,1,1,0,0,0,0,0,1,0,1,1,1,1,0,0,1,0.0,-406.3789338431706,1
0,0,1,0,1,0,0,0,0,1,1,0,1,0,1,0,1,0,0,1,1,1,1,0,1,0,0,0,0,0,1,1,0,0,0,1,1,0,0,0,0,1,1,0,1,1,1,1,1,0,0,1,1,0,0,1,0,0,1,1,0,0,0,1,0.015625,-406.3782040584695,1
1,1,1,0,1,0,0,0,1,0,1,0,0,0,0,0,0,0,0,0,1,1,1,1,1,0,1,1,0,0,1,0,1,0,1,0,1,1,1,0,0,1,1,0,0,1,1,0,1,1,0,0,1,0,0,1,1,0,1,0,0,0,0,0,0.0,-406.3762885086511,1
1,0,1,0,1,1,0,1,0,0,1,1,0,0,0,0,1,0,0,1,1,1,0,0,1,0,1,0,1,0,0,1,0,1,0,1,1,0,1,0,0,1,1,0,1,0,1,1,0,1,1,0,0,1,0,0,0,0,0,0,0,1,0,1,0.0,-406.375988483073,1
0,0,0,1,1,1,1,0,1,1,0,1,1,0,0,0,1,0,0,0,1,0,0,0,1,0,0,1,0,1,0,1,1,1,1,0,1,0,0,0,0,1,1,0,1,0,0,1,0,1,0,1,1,0,0,1,1,1,0,1,0,0,0,0,0.0,-406.37533051121045,1
1,0,1,0,0,0,1,0,0,0,0,0,1,0,0,0,0,0,0,0,0,1,0,0,0,1,0,1,1,0,1,1,1,1,0,1,0,0,1,1,0,0,1,1,1,0,1,1,1,1,1,0,0,1,1,1,1,0,0,0,1,1,0,0,0.0,-406.3746528869833,1
0,0,0,1,1,0,0,1,0,0,1,0,0,1,0,0,0,1,0,0,0,1,0,0,0,1,1,1,0,0,1,0,1,0,1,1,1,1,1,0,1,0,1,1,1,1,1,1,1,1,0,1,0,0,1,0,0,0,0,0,1,0,0,0,0.0,-406.37056496624376,1
1,0,0,1,1,1,0,1,0,1,0,0,0,0,1,0,0,1,0,1,1,1,0,0,1,0,1,1,0,0,1,1,1,0,1,0,0,0,0,0,1,0,1,0,1,1,1,1,0,1,0,1,0,0,0,1,0,0,1,0,0,0,1,0,0.0,-406.36737733513587,1
0,0,1,0,1,1,0,0,0,0,1,0,1,0,0,0,1,1,0,1,0,0,0,0,0,1,1,1,0,1,1,1,1,0,0,1,0,0,0,0,1,0,1,0,0,1,1,0,1,1,1,0,0,1,1,0,1,1,1,0,0,1,0,0,0.0,-406.36669463453313,1
1,0,0,1,0,0,0,1,0,1,1,0,0,1,0,0,0,0,0,0,1,1,0,0,1,0,0,1,1,0,0,1,1,1,0,0,1,1,0,0,0,1,1,1,0,1,1,1,0,1,0,1,0,0,1,0,0,1,0,1,1,1,0,0,0.0,-406.36501620872156,1
0,0,0,0,1,1,1,1,0,1,1,1,1,0,1,0,0,0,0,0,1,0,0,0,0,1,0,1,0,1,1,1,0,0,1,1,1,0,0,1,0,1,1,0,0,0,1,0,1,1,0,1,0,0,0,1,1,0,0,1,0,1,0,0,0.0,-406.364520136103,1
0,0,1,0,1,1,1,1,0,0,0,1,0,0,0,1,1,0,0,1,1,0,1,0,0,1,1,1,0,0,0,0,1,0,1,1,1,0,0,0,0,0,1,1,1,0,0,1,1,1,0,0,1,1,0,1,1,0,1,0,0,0,0,0,0.0,-406.3623033243169,1
0,0,0,0,1,1,1,1,0,0,1,0,0,1,0,0,1,1,1,0,1,1,0,0,0,0,0,0,0,0,1,0,1,0,0,1,1,1,0,0,1,0,1,1,0,1,0,1,0,1,0,0,1,1,1,1,0,1,0,0,1,0,0,1,0.0,-406.36209636647214,1
1,0,1,0,1,0,0,1,0,0,0,1,0,0,1,0,1,0,0,1,1,1,0,0,1,0,0,1,0,0,1,0,1,0,1,1,0,1,0,0,1,1,1,0,0,1,1,0,1,1,0,0,1,0,1,1,0,0,1,0,0,1,0,0,0.0,-406.35956791350463,1
0,0,1,1,0,1,1,0,1,0,1,0,1,1,0,0,0,0,0,0,1,1,0,0,0,1,0,0,0,0,0,0,0,1,1,1,1,1,0,0,1,1,1,0,1,1,1,0,1,1,1,0,0,1,0,1,0,0,0,0,0,1,1,0,0.0,-406.3594793630958,1
1,0,1,0,1,1,1,0,1,1,0,0,0,0,0,0,0,0,0,0,1,1,0,0,0,0,1,1,0,0,1,1,0,1,0,1,0,1,0,0,1,0,1,1,1,1,0,1,1,0,1,0,0,0,0,0,1,1,0,0,1,1,1,0,0.0,-406.35904584505477,1
1,0,1,1,0,1,1,1,0,0,0,1,0,0,0,0,1,0,1,0,0,1,1,0,1,1,1,0,1,1,0,0,1,0,0,0,0,0,0,1,0,0,1,1,0,1,1,0,0,1,1,0,1,0,0,1,1,1,0,1,0,0,0,0,0.0,-406.3530571010659,1
0,0,1,0,0,1,0,1,1,0,0,0,0,0,1,0,0,0,0,1,1,1,1,0,1,0,0,0,0,0,1,1,0,0,1,0,1,1,0,0,0,0,1,0,1,1,0,1,1,1,0,1,1,1,1,1,1,1,0,0,0,0,0,1,0.0,-406.3490933703585,1
0,0,1,0,1,1,0,1,1,1,0,0,0,1,0,0,0,1,0,0,1,0,0,0,0,0,0,1,0,0,1,1,0,0,1,1,0,1,1,0,1,1,1,1,0,1,0,0,0,1,0,1,1,1,0,1,0,0,0,0,0,1,1,1,0.0,-406.34655444802684,1
0,0,1,1,1,0,0,1,0,0,0,0,1,0,1,0,0,1,0,1,1,1,0,0,1,0,1,0,0,0,0,0,1,0,1,1,1,1,0,0,1,1,0,1,1,0,1,0,0,0,0,1,1,0,1,0,1,1,0,1,0,1,0,0,0.0,-406.34634197987344,1
1,0,1,0,1,1,0,0,1,0,1,0,0,1,0,1,1,1,1,1,1,0,0,0,1,1,0,1,0,0,0,1,0,1,0,0,0,0,0,1,0,0,1,1,1,1,0,1,0,0,0,0,1,1,0,1,1,0,0,1,0,0,0,0,0.0,-406.3455363507679,1
1,1,1,0,1,1,0,1,0,0,1,0,0,0,0,0,0,1,1,1,1,1,0,0,0,0,0,1,1,0,1,1,0,0,0,0,0,1,0,0,0,0,1,0,1,1,1,1,0,1,0,0,0,1,1,1,0,0,1,0,0,1,1,0,0.015625,-406.3452318322316,1
1,0,0,1,0,1,0,1,1,0,0,0,1,0,0,0,1,0,0,0,1,1,1,0,0,0,0,1,0,1,0,1,1,1,0,0,1,1,0,0,0,1,1,1,1,1,0,0,1,0,0,1,1,0,0,1,0,0,1,1,0,0,0,1,0.0,-406.34500616508694,1
1,0,1,0,0,1,1,1,0,1,1,1,0,0,0,0,0,0,0,1,0,0,1,0,0,0,1,0,0,0,1,0,0,1,1,1,1,1,1,0,0,0,1,0,1,1,1,1,0,1,0,0,0,0,1,1,1,1,0,0,0,1,0,0,0.0,-406.34492735592926,1
0,1,1,1,1,0,0,1,0,1,1,0,0,0,0,0,0,1,0,1,0,0,0,0,0,0,1,0,1,1,1,1,1,1,0,1,0,1,0,0,1,1,1,1,0,0,0,1,1,1,0,1,1,1,0,0,1,0,1,1,1,1,1,1,0.015625,-406.3445193298693,1
1,0,1,1,0,1,0,0,1,1,1,0,0,0,1,0,1,1,0,0,0,0,0,0,1,0,1,0,0,1,0,1,1,1,0,1,1,1,0,0,1,0,1,1,1,0,1,1,1,1,0,1,0,1,1,1,1,0,0,1,0,1,1,0,0.0,-406.3438718489464,1
1,0,1,0,0,1,0,1,1,0,0,0,0,0,1,0,1,0,1,1,0,0,1,0,1,0,0,1,0,0,0,1,1,0,1,1,0,1,0,0,1,0,1,1,0,1,0,0,1,1,0,0,1,0,0,1,1,1,0,1,0,0,1,0,0.015625,-406.34299990577273,1
0,0,1,0,1,0,1,0,0,1,1,0,0,0,0,1,0,0,0,0,1,1,1,0,0,1,1,0,0,0,1,1,0,1,0,1,1,1,0,0,1,0,1,0,1,1,0,0,0,1,1,1,0,0,0,1,1,1,0,0,1,0,1,0,0.0,-406.3394960731635,1
1,0,0,1,1,1,1,0,0,1,0,1,0,0,0,1,1,1,0,1,1,1,0,0,1,1,0,1,1,1,1,1,1,1,1,1,1,1,1,0,0,0,0,0,0,1,0,1,1,1,0,0,0,1,0,0,1,0,0,1,0,0,0,1,0.0,-406.3393880542954,1
1,1,1,0,0,1,1,1,0,1,0,0,0,0,1,0,0,0,0,1,1,1,0,0,1,1,0,1,0,0,1,0,1,0,1,1,1,1,1,0,0,0,0,0,1,1,1,0,1,1,0,1,0,1,0,1,0,0,0,0,0,0,0,0,0.0,-406.3372819158211,1
0,0,0,1,1,1,0,1,1,1,1,1,0,0,1,0,0,0,0,0,1,1,0,0,1,0,1,1,0,1,1,1,0,0,0,1,1,1,0,0,1,0,0,1,1,1,0,0,1,0,0,1,0,1,1,1,0,0,0,0,0,0,0,0,0.0,-406.3364774544465,1
0,1,1,1,1,0,0,0,1,0,1,0,1,0,0,0,1,1,0,1,0,0,0,0,1,0,0,1,1,1,0,1,1,0,0,0,0,1,0,0,1,0,1,0,1,1,0,1,1,1,1,0,1,0,0,1,0,0,0,0,0,1,1,0,0.0,-406.33635046837253,1
1,0,1,1,0,1,0,1,1,1,0,0,0,0,0,1,0,1,0,0,1,0,0,0,0,0,1,1,0,0,1,1,0,0,1,0,1,0,0,0,0,1,1,0,1,1,0,1,1,1,0,0,0,1,0,0,1,1,0,1,0,1,1,0,0.0,-406.33463577604874,1
1,0,1,0,1,1,0,1,1,0,1,0,1,0,0,0,1,0,0,0,0,1,0,1,1,1,0,1,1,0,1,1,0,0,0,1,1,1,1,0,1,1,1,1,1,1,0,0,0,0,0,0,1,0,0,1,0,0,0,0,0,0,0,0,0.0,-406.332968668372,1
0,0,0,1,0,1,1,1,0,0,1,0,1,0,0,0,1,1,1,0,0,0,0,1,1,1,0,1,1,0,1,1,0,1,1,1,0,1,1,0,1,0,1,1,1,1,0,1,1,1,0,1,0,1,0,1,1,0,0,0,0,1,0,1,0.0,-406.33179972095536,1
1,0,1,0,0,0,0,0,1,0,1,0,0,0,1,0,1,0,0,1,1,1,0,0,1,0,0,1,0,0,1,1,0,1,0,1,1,1,0,0,1,1,1,0,1,0,0,1,1,1,0,1,1,0,0,1,1,0,0,0,0,1,0,0,0.0,-406.323078370615,1
0,0,1,0,0,1,0,0,0,0,0,0,1,0,0,1,1,0,1,1,1,1,0,0,0,1,1,1,1,0,1,1,1,0,1,0,1,0,0,0,0,0,1,1,1,0,0,0,1,1,0,0,0,1,1,1,0,0,0,0,1,1,1,0,0.015625,-406.3226452380634,1
1,0,0,0,0,0,1,0,0,1,0,0,0,0,1,0,1,0,1,0,1,0,0,0,1,0,0,1,0,0,1,1,1,0,1,1,1,1,1,0,0,0,1,1,0,1,1,1,0,1,1,0,1,1,0,0,1,0,0,1,0,0,1,0,0.0,-406.31946157735183,1
0,0,1,0,0,1,1,0,1,0,1,1,1,1,1,0,0,0,1,1,1,1,0,1,0,0,0,1,0,0,0,1,1,1,1,0,0,0,0,0,1,0,0,0,1,0,1,1,1,0,1,1,0,1,0,0,0,0,0,0,1,0,1,0,0.0,-406.3194545896252,1
0,0,0,0,0,1,1,0,0,0,1,1,0,0,0,0,1,1,0,0,1,1,1,0,0,1,0,1,1,1,1,1,0,0,1,0,1,1,1,0,0,0,1,0,1,0,0,0,0,1,0,0,0,1,1,1,1,0,1,1,0,0,1,0,0.0,-406.31897741525125,1
1,0,1,1,0,1,1,1,1,1,1,0,1,1,0,0,1,0,0,1,0,1,1,0,0,1,1,1,0,0,1,1,0,0,0,1,1,0,1,0,0,0,1,1,0,1,0,0,0,0,0,0,1,0,0,1,0,0,0,0,0,1,0,0,0.015625,-406.31875576350285,1
1,0,0,0,1,1,0,1,0,1,0,0,0,0,0,0,1,0,0,1,1,0,1,0,1,1,0,1,1,0,1,1,0,1,0,0,1,0,1,0,1,0,0,1,1,1,0,1,0,1,0,1,0,0,0,1,1,0,0,0,1,1,0,0,0.0,-406.31821464386786,1
1,0,0,1,1,0,0,1,0,0,0,0,0,0,1,0,0,0,1,1,1,1,0,0,1,0,1,1,0,1,0,0,1,0,0,1,1,0,1,0,1,1,1,1,1,1,0,1,1,0,0,0,0,1,0,0,1,0,0,0,0,1,1,0,0.0,-406.3177173328917,1
0,1,1,1,1,1,1,0,0,0,1,0,1,1,0,0,0,0,1,0,0,1,0,0,0,0,0,1,0,0,0,1,0,0,1,0,1,0,0,0,0,1,1,0,1,1,1,1,0,1,0,0,1,1,1,1,0,1,0,1,0,0,0,1,0.0,-406.3175678141279,1
0,0,0,0,1,0,0,1,0,0,1,0,1,1,0,0,1,1,0,1,0,1,1,0,0,0,1,1,1,1,0,1,0,1,0,0,0,0,1,1,0,0,1,1,0,0,1,1,1,0,0,0,1,1,0,1,1,0,0,0,1,1,0,0,0.0,-406.31618294257856,1
0,0,1,1,0,0,0,1,1,0,1,0,1,0,0,0,0,0,0,0,1,0,1,0,0,0,1,1,0,1,1,1,1,0,0,1,1,1,0,0,0,0,1,1,0,1,0,1,1,1,1,0,0,0,0,1,0,1,0,1,1,0,0,1,0.0,-406.31591886746537,1
0,1,1,1,0,1,1,1,1,1,1,0,0,0,1,0,1,1,0,0,0,0,1,1,0,1,0,1,0,0,0,1,1,1,1,1,0,1,1,0,1,0,1,0,1,1,0,1,1,1,0,1,1,0,0,1,1,0,0,0,0,0,1,0,0.015625,-406.3158000325368,1
0,0,0,0,1,1,1,0,0,1,0,1,0,0,0,0,1,1,0,0,0,0,1,0,1,0,0,1,1,1,1,1,0,0,1,1,1,0,0,0,1,1,1,0,1,1,0,0,0,0,0,0,0,1,0,1,1,1,1,1,0,1,0,0,0.0,-406.3145014510583,1
0,0,1,1,1,1,0,0,0,0,1,1,0,0,1,0,1,0,0,1,1,1,0,0,0,0,0,0,1,1,1,0,0,0,1,1,1,0,0,0,1,0,1,1,1,1,0,0,0,1,0,0,0,1,0,1,1,1,0,0,1,0,0,1,0.0,-406.3133614525226,1
1,0,0,1,0,0,0,1,1,1,0,1,1,1,0,0,1,0,1,0,0,0,1,0,1,0,1,1,0,0,0,1,1,1,0,0,1,1,0,0,0,1,1,1,0,1,1,1,1,1,0,1,1,1,0,1,1,0,1,1,0,1,0,0,0.0,-406.3050254163887,1
1,0,1,1,0,1,1,0,0,0,1,0,0,1,0,0,0,1,0,1,1,0,0,0,1,0,1,0,1,0,1,1,0,0,1,1,1,0,1,0,0,0,0,1,1,1,0,0,1,1,0,0,1,1,0,1,0,1,0,1,0,0,0,0,0.0,-406.3023550715338,1
1,0,1,1,1,1,1,1,1,0,1,0,0,1,0,0,0,1,0,1,0,0,0,0,1,1,1,1,1,1,1,1,0,1,0,0,0,0,0,0,0,0,0,0,1,1,0,0,0,1,0,0,0,0,0,1,0,1,1,0,0,1,0,1,0.0,-406.30127743739445,1
0,1,0,1,0,1,0,0,0,1,1,0,0,0,0,0,1,1,0,1,1,1,1,0,1,0,0,1,0,0,1,1,0,0,0,0,1,0,1,0,1,0,1,1,1,1,0,1,0,1,0,0,0,1,0,1,1,0,0,1,0,0,1,0,0.0,-406.3008722661417,1
1,0,1,1,0,0,0,0,0,0,1,1,0,1,0,0,1,0,0,1,0,1,0,0,1,0,0,1,0,0,1,1,1,1,0,0,1,0,0,0,1,0,1,0,1,0,1,1,0,1,1,0,1,0,0,1,1,0,0,1,1,1,0,0,0.03125,-406.29891531385016,1
1,1,1,0,0,0,1,1,1,0,1,0,1,0,0,1,1,1,0,1,0,1,0,0,1,0,1,1,1,0,0,1,1,0,1,1,1,0,0,0,1,1,1,0,1,1,1,1,0,1,0,1,0,0,0,1,0,0,0,1,1,0,0,1,0.015625,-406.29630209164475,1
0,0,1,1,1,1,0,0,1,0,1,0,0,1,1,0,1,0,0,0,1,1,0,0,1,0,1,1,0,0,1,1,0,1,0,0,1,1,0,0,0,0,1,0,1,1,0,0,0,1,1,0,0,1,0,1,0,0,0,1,1,1,0,0,0.0,-406.2956463870713,1
0,0,0,0,0,0,0,1,0,0,1,1,1,0,0,1,0,1,0,1,1,0,0,0,0,1,1,1,1,0,1,0,0,0,0,1,1,0,0,0,1,0,1,0,1,0,1,1,0,1,1,1,1,0,0,1,1,0,0,0,1,1,0,1,0.0,-406.2929400954746,1
1,0,1,0,1,1,0,1,1,1,0,0,0,0,1,0,0,1,0,1,0,1,0,0,1,1,1,1,1,0,1,0,1,1,0,1,0,0,0,1,0,0,0,1,0,0,0,1,0,1,1,0,0,0,0,1,1,0,0,1,0,0,0,1,0.0,-406.2880326725116,1
0,0,1,0,0,1,0,1,0,0,1,0,0,1,0,0,0,1,0,0,1,1,0,0,1,0,0,1,0,0,1,1,1,0,1,1,1,1,1,0,0,0,1,1,1,1,0,1,1,0,1,1,0,1,1,1,0,0,0,0,0,0,0,0,0.0,-406.28512509710976,1
0,0,1,1,0,0,0,1,0,1,1,0,0,0,0,0,0,0,0,1,1,1,0,0,0,0,0,1,1,0,1,1,0,1,0,1,1,1,0,1,0,1,0,1,1,1,1,1,0,0,0,1,0,1,0,1,1,1,1,0,0,0,0,0,0.0,-406.2840624669288,1
0,0,0,1,1,0,0,1,1,0,1,0,1,1,1,0,0,1,0,1,0,0,0,1,1,0,1,0,1,0,1,0,1,0,1,1,1,1,0,1,1,1,1,0,1,1,0,1,1,1,0,1,0,0,0,1,1,0,1,0,1,0,0,1,0.0,-406.28003694135043,1
0,0,1,1,1,1,0,1,0,0,1,1,0,0,1,0,0,1,1,1,0,1,0,1,1,1,1,1,0,0,0,1,1,0,1,0,0,0,1,0,1,0,1,0,1,1,0,0,1,1,0,0,1,1,0,1,1,1,0,0,1,0,1,1,0.0,-406.27839703427867,1
0,0,0,1,1,1,0,0,0,1,1,0,0,0,1,0,1,1,0,0,1,0,0,0,0,0,0,1,1,0,1,0,0,1,1,0,1,1,0,0,1,0,1,1,1,0,1,0,0,0,0,0,1,1,1,1,0,0,1,0,1,1,1,0,0.0,-406.2781651096288,1
0,0,1,1,1,1,1,0,1,0,0,0,1,1,0,1,1,1,1,1,0,0,0,0,0,0,0,1,0,1,1,1,0,0,1,1,0,1,0,0,0,0,0,1,0,1,0,1,1,1,1,0,0,0,0,0,1,1,0,0,1,0,0,0,0.015625,-406.27559141153336,1
0,0,1,0,1,0,1,0,0,0,0,0,0,1,0,0,0,0,0,1,0,0,0,0,0,1,1,1,1,0,1,1,0,1,1,1,0,0,1,1,1,1,1,0,1,1,1,1,1,0,1,1,0,0,1,0,0,1,0,0,0,1,0,0,0.015625,-406.27491840998493,1
0,0,1,0,1,1,0,1,0,1,1,1,0,1,0,0,0,0,0,1,1,0,1,0,0,0,0,0,1,0,1,1,1,0,0,0,1,0,1,1,1,0,1,0,0,1,0,0,1,1,1,0,0,1,0,1,0,0,1,1,0,0,1,0,0.0,-406.2729284912276,1
0,0,1,0,1,1,1,1,0,1,0,1,0,0,0,0,1,0,0,0,1,0,1,1,1,1,1,1,0,0,0,0,0,1,0,1,1,0,0,1,1,1,1,1,1,1,1,1,1,1,0,0,1,0,0,1,0,0,0,1,1,1,0,1,0.0,-406.27290732528917,1
1,0,1,0,1,1,1,0,1,1,1,1,0,0,0,0,1,0,0,0,0,0,1,1,1,1,1,1,0,0,1,1,0,1,1,0,1,0,0,0,0,0,0,1,1,0,1,0,1,1,0,1,1,1,0,1,1,1,0,1,0,1,1,0,0.0,-406.2659419786924,1
1,0,1,0,1,1,1,0,0,1,1,0,1,0,0,0,1,1,0,1,0,1,0,0,1,0,1,1,0,0,1,0,0,1,0,0,1,0,0,1,1,0,1,0,1,1,0,1,1,1,1,1,0,0,0,0,0,1,0,0,0,0,0,0,0.0,-406.26386289931696,1
1,0,1,0,1,1,0,0,0,1,1,0,0,1,0,0,0,1,0,0,1,1,1,0,1,0,1,1,0,0,1,1,0,0,1,0,1,0,0,1,1,0,1,0,0,1,1,1,1,1,0,0,1,1,1,1,1,0,1,1,0,1,0,1,0.015625,-406.2621772900349,1
1,0,0,0,0,1,0,0,0,0,1,0,0,0,0,0,1,0,1,0,0,1,0,0,0,0,1,1,1,0,1,1,1,0,0,1,1,1,1,1,0,0,0,0,1,0,1,1,0,1,0,1,0,1,1,1,0,1,1,0,0,1,1,0,0.0,-406.2606614741143,1
1,0,1,1,1,0,1,1,0,0,1,0,0,1,1,0,1,0,0,1,0,1,1,0,1,1,1,0,1,0,1,1,1,1,0,1,1,1,0,0,0,0,0,1,1,1,0,0,0,1,0,1,0,1,1,1,0,0,0,1,1,0,0,1,0.0,-406.260084641535,1
0,0,0,0,1,1,0,1,0,1,1,0,1,0,1,0,0,1,1,1,1,1,0,0,0,0,1,1,0,0,1,1,1,1,1,1,0,1,0,0,1,0,1,1,0,1,1,1,1,1,0,1,0,1,0,1,0,1,0,0,0,1,0,1,0.0,-406.2564832592602,1
0,0,0,1,1,1,0,0,1,1,1,0,1,1,1,0,0,1,1,0,0,1,1,0,1,1,0,1,0,0,1,0,0,1,0,0,0,1,0,0,1,1,1,1,1,1,0,1,0,1,0,0,0,0,0,1,0,0,0,0,0,0,0,1,0.0,-406.25495126173104,1
1,0,1,0,1,0,1,0,1,0,0,0,0,1,1,1,1,0,0,1,1,0,0,0,1,0,0,0,0,1,1,1,0,0,0,1,1,0,0,0,1,1,1,0,1,0,1,0,1,1,0,0,0,0,0,1,1,1,1,1,0,0,0,0,0.0,-406.2510152057351,1
0,1,1,1,1,0,0,1,0,1,0,0,0,0,1,0,1,0,0,1,0,1,1,0,0,0,1,1,1,0,0,0,1,0,1,0,1,1,0,0,1,0,0,1,1,1,0,1,0,1,1,1,0,1,0,1,0,0,0,1,0,0,0,0,0.0,-406.2466877388218,1
1,1,0,1,0,1,0,1,0,1,1,0,1,0,0,1,1,1,0,0,0,0,1,0,0,1,1,1,1,0,0,1,0,0,0,1,1,1,1,1,0,0,1,1,1,1,0,1,1,1,0,0,1,0,0,0,1,0,0,1,0,1,1,1,0.015625,-406.24408706238233,1
0,0,0,0,0,0,1,1,1,0,1,1,0,1,1,0,0,1,1,0,1,0,0,0,1,0,0,1,0,1,0,1,1,0,0,0,1,1,1,0,0,0,1,1,1,1,0,1,0,0,1,0,0,0,1,1,1,1,0,0,1,0,0,0,0.0,-406.2362481093641,1
1,0,1,0,1,1,0,1,0,0,0,0,1,1,1,0,1,0,0,0,1,0,1,1,1,0,1,1,0,1,1,1,0,1,1,1,1,0,1,0,0,0,1,1,0,1,0,0,1,1,0,1,0,1,0,1,1,0,0,1,0,1,0,1,0.0,-406.2323590026633,1
1,0,0,1,1,1,0,1,1,0,1,0,1,0,1,0,0,1,1,0,1,1,0,1,1,1,1,1,0,1,1,0,0,1,1,1,0,0,0,0,0,0,1,1,1,1,0,0,1,1,0,0,1,0,0,1,1,0,0,0,1,1,1,0,0.0,-406.23185746705326,1
1,0,1,1,1,1,1,0,0,1,1,0,1,0,1,1,0,0,0,1,1,1,1,0,1,0,1,1,0,0,0,1,1,0,1,0,1,0,1,0,0,0,1,0,1,1,1,1,1,1,0,0,0,1,0,1,1,0,1,0,1,0,0,0,0.0,-406.23112511230835,1
1,0,1,0,1,1,1,1,1,1,0,0,0,0,0,0,1,1,1,1,1,1,1,0,1,1,0,1,0,0,1,0,1,0,1,1,0,0,1,0,0,1,1,1,1,1,0,0,1,1,0,0,0,1,0,1,1,0,0,1,0,0,1,0,0.0,-406.2253470624911,1
1,0,1,1,0,1,0,0,0,1,1,0,1,1,1,0,0,1,0,1,1,0,0,0,0,1,0,1,1,0,1,1,1,0,0,1,1,1,1,0,1,1,1,1,0,1,0,1,0,1,0,1,1,1,0,0,1,0,0,0,1,1,0,0,0.015625,-406.22247499255894,1
1,0,1,1,0,1,1,1,1,0,1,1,1,0,1,0,0,0,0,1,1,0,0,0,1,1,0,1,0,0,1,1,1,0,1,0,1,0,0,0,0,0,1,1,1,1,1,1,1,1,1,0,0,1,0,1,0,0,1,1,1,0,0,0,0.0,-406.2184844370996,1
0,1,1,1,0,0,1,1,1,1,0,0,1,0,0,0,1,1,0,1,1,1,0,1,0,0,1,1,1,0,1,1,1,1,1,1,1,0,0,0,0,1,1,0,0,1,0,0,1,0,1,0,1,0,0,1,1,1,0,0,1,0,0,1,0.015625,-406.21812368296816,1
1,0,1,1,0,1,0,1,0,0,0,0,1,0,1,0,1,1,0,0,1,1,0,0,1,1,0,0,1,0,1,1,0,0,1,1,1,1,1,0,0,0,1,1,1,1,0,1,0,1,1,0,1,1,1,1,1,0,1,1,0,0,0,0,0.0,-406.21493991676095,1
0,0,1,0,1,1,0,0,0,1,1,0,0,1,0,0,1,0,0,0,1,1,0,0,0,0,0,1,1,0,1,1,1,1,1,1,1,1,0,0,1,1,1,1,1,1,0,1,1,1,0,1,1,1,1,1,1,0,0,0,0,0,1,0,0.0,-406.21363488151644,1
0,0,1,0,1,1,0,1,0,1,0,1,1,1,1,0,0,0,0,0,0,1,0,0,1,0,1,1,0,0,1,1,1,1,1,0,1,1,0,1,1,0,1,1,1,0,1,1,1,1,0,1,0,1,0,1,1,0,0,0,0,1,0,1,0.0,-406.21337581010516,1
0,0,1,1,0,1,1,1,1,1,1,0,1,1,0,0,0,1,0,0,0,1,1,1,1,0,1,1,0,1,1,0,0,1,1,0,1,0,0,0,0,1,1,0,1,1,1,0,1,0,1,1,0,0,0,0,1,0,1,1,0,1,0,1,0.015625,-406.211243172321,1
1,0,1,1,1,0,0,1,0,0,0,0,1,0,1,1,0,0,0,0,1,0,1,0,0,0,1,0,0,1,1,1,0,1,1,0,1,0,0,0,0,0,1,1,1,1,0,0,1,1,1,0,1,0,0,1,1,0,1,0,0,0,1,0,0.0,-406.2059612671435,1
1,0,1,0,0,1,0,1,1,0,0,0,0,0,1,0,1,1,0,1,1,0,1,0,1,0,1,0,1,0,1,0,1,1,1,1,1,1,0,1,1,1,1,0,1,1,0,1,0,1,0,1,1,0,0,1,0,1,0,0,0,1,1,0,0.0,-406.2020725399928,1
1,0,1,0,1,1,0,1,0,1,1,0,1,1,1,1,0,0,0,0,1,0,0,0,1,0,0,1,0,0,0,1,0,0,0,1,1,0,0,0,1,0,1,1,0,1,0,0,1,1,1,0,1,0,1,1,1,1,0,0,0,0,0,0,0.046875,-406.1961300157123,1
1,0,0,1,1,0,1,1,0,0,1,1,0,0,1,1,1,0,1,1,1,0,1,0,0,1,0,1,1,0,1,1,0,0,0,1,0,1,0,0,1,1,1,1,1,0,1,1,1,1,0,1,0,1,0,1,1,0,0,0,0,1,0,0,0.0,-406.1933838229376,1
1,1,1,1,1,1,1,0,1,1,1,1,1,0,0,1,0,1,0,1,0,1,1,0,0,1,0,1,0,0,0,0,0,0,1,0,1,1,0,1,0,1,1,1,1,0,0,1,1,0,1,1,1,1,0,0,1,0,0,1,0,0,0,0,0.015625,-406.19321406089057,1
1,1,1,1,1,1,0,1,0,1,0,0,1,1,0,0,1,0,0,0,0,1,1,0,0,1,1,1,0,1,1,1,0,0,1,1,1,1,0,0,0,0,0,0,1,1,0,0,1,0,0,1,1,1,1,1,1,1,0,1,0,1,0,0,0.0,-406.1871990158802,1
0,1,1,0,0,1,0,1,0,0,1,1,1,0,1,1,1,1,1,0,1,0,1,1,0,1,0,0,1,0,1,1,1,1,1,1,1,1,0,0,1,0,1,1,1,0,0,0,1,0,1,1,1,0,0,1,0,0,0,1,0,0,0,0,0.0,-406.1862306696538,1
0,0,0,1,1,1,0,1,1,1,1,1,1,1,0,0,1,1,0,0,0,1,0,0,1,0,1,1,1,1,1,1,0,1,1,0,1,1,0,0,1,0,1,1,1,1,1,0,0,1,0,1,0,0,0,1,1,1,0,0,0,0,0,0,0.015625,-406.1843185266903,1
0,1,1,0,0,1,0,1,1,0,1,1,0,1,0,0,0,1,0,0,1,1,0,0,1,1,1,1,1,0,1,0,1,1,0,1,0,1,0,0,1,0,1,1,1,1,0,1,0,1,1,0,1,0,0,1,0,1,0,1,1,1,0,0,0.0,-406.17887972194,1
1,0,0,1,0,1,1,1,1,0,0,1,0,1,1,0,1,0,0,1,1,0,1,0,0,0,0,0,1,0,1,1,0,1,0,0,1,1,0,1,1,0,1,0,1,1,0,1,1,1,0,0,1,1,1,1,1,1,1,1,0,0,0,0,0.0,-406.17018167761125,1
1,0,1,1,0,1,0,0,1,0,1,1,1,0,1,0,1,1,0,0,1,1,1,0,0,0,0,0,1,0,1,1,0,0,0,1,1,1,0,0,0,1,0,1,1,1,1,1,1,1,1,1,1,0,0,1,0,1,0,0,1,1,0,0,0.015625,-406.1559098742149,1
1,0,1,0,1,1,1,0,1,0,1,1,1,1,0,0,0,1,1,1,1,1,1,0,0,0,1,1,1,1,0,1,0,0,0,1,1,1,0,1,0,0,1,1,1,1,0,1,0,0,1,0,0,0,1,0,1,0,0,1,0,1,0,0,0.0,-406.15556942692075,1
0,0,1,1,1,0,0,1,0,0,0,0,1,0,0,1,0,0,0,0,1,0,0,0,1,1,1,1,1,1,1,1,0,1,0,1,1,1,0,0,1,1,1,1,1,1,0,1,1,1,1,0,1,1,0,1,1,0,0,0,0,1,1,0,0.0,-406.13998249357724,1
1,1,1,0,0,1,0,1,1,0,1,0,0,0,1,1,0,0,0,0,1,1,0,0,0,0,0,1,0,1,1,1,0,1,1,1,1,1,1,0,1,0,1,0,1,0,0,1,0,1,1,1,0,1,1,1,1,0,0,0,1,0,1,1,0.015625,-406.1301674312941,1
1,0,1,0,1,1,0,0,0,0,1,0,1,1,0,1,0,1,1,1,1,0,0,0,1,0,1,0,0,1,1,1,1,1,0,0,1,1,0,0,0,0,1,0,1,1,0,1,0,1,1,0,1,0,0,1,1,1,1,1,1,1,0,0,0.0,-406.12688761623775,1
0,0,1,0,1,1,1,1,1,0,1,0,0,1,1,0,0,1,0,1,0,1,1,0,1,0,1,1,1,0,1,1,1,0,1,0,1,0,1,0,1,1,1,0,1,0,0,0,0,0,0,1,1,0,0,1,1,1,0,1,1,1,0,0,0.015625,-406.1264228217934,1
0,0,0,1,1,1,0,1,0,1,1,0,0,1,0,0,1,1,1,1,0,1,1,0,0,1,0,0,1,1,1,0,1,1,0,0,0,1,0,1,1,0,1,1,1,1,0,1,1,0,1,0,0,0,0,1,1,1,0,1,1,0,0,1,0.0,-406.1260152365495,1
0,1,1,0,1,1,1,0,1,1,1,0,1,0,0,0,0,0,0,1,0,1,0,0,1,1,1,1,1,0,1,1,0,0,0,1,1,1,1,1,1,0,0,1,1,1,1,0,1,0,1,0,0,1,1,1,1,1,0,0,0,0,0,0,0.0,-406.12046088393464,1
0,0,1,1,1,1,1,1,1,0,1,0,1,0,1,0,1,0,1,0,1,0,1,0,1,0,1,1,0,1,0,1,0,0,1,1,1,1,1,1,1,1,0,1,1,1,0,0,0,1,0,0,0,1,0,1,0,0,0,1,0,0,0,1,0.015625,-406.1161863741252,1
1,0,0,1,1,1,0,0,1,0,1,1,0,0,0,0,1,1,1,1,1,0,0,0,1,0,0,1,1,0,1,0,1,0,1,1,1,1,0,0,1,1,1,1,1,1,0,1,0,1,1,0,1,1,0,1,0,1,0,0,1,0,0,0,0.0,-406.0988007597936,1
0,0,1,1,1,1,0,1,1,1,1,0,1,0,1,0,0,1,1,1,0,0,0,0,1,0,0,1,0,1,1,1,0,0,0,1,1,1,0,0,0,1,1,1,1,1,0,0,0,1,1,1,1,0,1,1,1,0,0,0,0,1,1,0,0.0,-406.071864893295,1
1,1,0,0,1,0,0,1,0,1,1,1,1,1,1,0,0,0,1,1,1,1,1,0,1,0,1,0,1,1,1,1,0,0,0,0,1,0,1,0,1,0,1,1,1,1,0,0,1,1,0,0,1,0,0,1,1,0,0,1,0,0,1,0,0.0,-406.04652750236613,1
0,0,0,1,1,0,1,1,1,1,1,0,0,1,1,1,1,1,1,0,1,0,0,1,1,0,0,1,1,0,1,0,0,1,1,0,1,1,0,1,0,0,0,1,1,1,0,1,0,1,1,0,0,0,0,1,0,0,0,0,1,1,1,1,0.0,-406.0287148630938,1
0,0,0,0,1,1,0,0,0,1,0,0,1,1,1,1,0,0,0,1,1,1,0,0,0,1,1,1,0,0,1,1,0,1,1,0,1,1,0,0,1,1,1,1,1,1,0,0,1,1,1,0,0,1,0,1,1,1,1,1,0,1,0,0,0.0,-405.98925579414123,1
1,1,0,0,1,0,0,1,0,0,1,0,1,1,1,1,0,1,0,0,0,1,0,0,1,0,1,1,0,0,1,1,0,0,1,1,1,1,1,0,1,1,1,1,1,1,0,0,1,1,1,0,1,1,0,1,1,1,0,0,0,0,0,0,0.0,-405.96368767712454,1
0,0,0,1,1,1,0,0,1,0,1,0,0,0,0,0,1,0,0,0,0,1,0,1,0,1,1,0,0,0,0,1,0,0,1,1,1,1,1,0,0,0,1,1,1,1,0,0,1,1,0,1,0,0,0,1,0,0,0,1,1,1,0,1,0.0,-403.70932906582607,1
0,0,0,1,1,0,1,0,1,0,0,1,0,0,0,0,1,0,1,1,1,0,0,0,1,1,0,0,0,0,0,1,1,0,1,1,1,1,0,0,0,0,1,1,1,0,0,0,0,1,0,1,1,1,1,1,0,0,1,1,0,0,0,0,0.0,-403.67548523215606,1
1,0,1,0,1,1,0,1,0,0,1,0,0,0,0,0,1,1,0,0,1,0,1,0,1,0,0,0,1,0,1,0,0,1,1,1,0,1,0,0,0,0,1,0,0,1,0,1,0,1,0,1,0,1,0,1,0,0,1,1,1,1,0,0,0.0,-403.6721471946873,1
0,0,0,0,1,1,0,1,1,0,0,0,0,0,1,0,0,0,1,0,0,1,0,0,1,1,0,0,0,0,0,1,0,0,1,1,1,1,0,0,1,1,1,1,1,1,0,1,0,1,0,1,0,1,0,1,0,0,0,1,0,0,1,1,0.015625,-403.6520248683529,1
1,0,0,0,1,1,1,1,1,1,0,0,0,0,0,0,1,1,1,0,0,0,0,0,0,1,0,0,0,1,1,0,1,1,0,1,1,0,0,0,0,0,1,0,1,1,0,1,0,1,0,1,0,0,1,1,1,0,0,0,1,1,0,0,0.0,-403.6505368810794,1
0,0,0,0,0,1,1,0,1,1,1,1,0,0,0,1,1,0,0,1,1,0,0,0,0,0,1,0,0,0,1,1,1,0,1,1,1,1,0,0,0,0,0,0,1,1,0,1,1,1,0,1,0,0,0,1,1,0,0,0,0,1,1,0,0.0,-403.6499163768426,1
1,0,1,0,0,1,0,1,0,1,1,0,0,0,0,1,1,1,0,0,1,1,1,0,0,0,0,0,0,0,0,0,1,0,0,0,0,1,1,0,0,1,1,1,0,1,1,1,1,1,0,1,0,0,0,0,1,0,0,1,1,0,0,1,0.0,-403.64910232676715,1
1,0,1,1,0,1,0,1,1,0,1,1,0,0,1,0,0,0,0,0,0,0,0,0,1,0,1,0,0,0,0,0,1,0,0,1,1,0,0,0,1,0,1,1,0,1,0,0,1,1,0,0,1,0,1,1,1,1,0,1,0,1,1,0,0.0,-403.6441283804078,1
0,1,1,0,0,1,0,0,0,0,1,0,0,0,0,0,1,1,1,1,0,0,0,0,1,0,1,0,0,0,0,1,1,0,0,1,0,1,0,0,1,0,1,1,0,1,0,0,1,1,1,0,0,0,1,1,1,0,0,1,1,0,1,1,0.03125,-403.6358874746248,1
1,0,0,1,0,0,1,1,1,0,1,0,0,0,0,1,1,0,0,1,0,0,1,1,0,0,0,0,0,1,1,1,0,0,1,1,0,0,0,0,1,0,1,0,0,1,0,1,1,1,0,0,0,1,0,1,1,0,0,1,1,0,1,0,0.015625,-403.62692860067733,1
1,0,0,0,1,1,0,0,1,0,1,0,1,0,0,0,1,0,0,0,1,1,0,0,1,0,1,1,0,1,1,1,0,0,0,1,0,0,1,0,1,0,1,1,0,1,0,1,1,1,0,0,0,1,1,1,0,0,0,1,0,0,0,0,0.0,-403.6250641096527,1
1,0,1,0,1,1,0,1,1,0,0,0,1,1,0,0,1,0,1,0,1,0,0,0,0,1,0,0,0,0,1,1,0,1,0,0,0,1,0,1,0,0,1,1,0,0,0,1,1,1,0,1,1,0,1,0,0,0,0,1,1,1,0,0,0.0,-403.62477550242136,1
0,0,1,0,0,0,0,1,1,0,0,0,0,0,1,1,0,1,0,0,1,0,0,1,0,0,1,1,1,1,0,1,0,0,0,1,0,0,0,0,0,0,1,1,0,1,1,1,1,1,0,0,0,1,1,1,1,0,1,0,0,1,1,0,0.0,-403.61754541399426,1
1,0,0,1,0,1,1,0,0,1,0,0,1,0,0,0,1,0,0,0,1,0,1,0,0,0,0,1,0,0,0,1,1,1,0,1,0,1,0,0,0,1,1,1,1,1,1,1,1,0,0,0,1,0,1,1,0,0,0,0,1,0,1,0,0.0,-403.6159965999045,1
1,0,0,0,1,1,0,0,0,0,1,0,1,0,1,0,0,0,0,0,1,0,1,0,1,1,0,1,0,0,0,0,1,0,1,0,0,0,0,1,1,0,1,0,0,1,1,0,1,1,0,1,1,1,0,1,1,0,0,1,0,0,1,1,0.015625,-403.61392103177985,1
0,0,0,1,0,0,0,0,0,0,1,0,0,0,0,0,1,1,0,0,0,1,1,1,1,1,1,0,0,0,1,1,0,1,1,0,0,1,0,0,1,1,1,0,0,1,1,0,1,1,1,0,1,1,1,1,1,0,0,0,0,0,0,0,0.0,-403.6136853569514,1
1,0,1,1,0,1,0,0,1,1,1,0,0,0,0,0,1,0,1,1,0,1,0,1,1,0,1,0,1,0,1,1,0,1,0,0,1,0,0,0,0,1,0,0,1,1,0,0,0,0,0,0,0,1,0,1,1,0,0,1,0,1,0,1,0.0,-403.60749137163486,1
0,0,1,1,0,1,0,0,0,0,0,0,0,0,0,1,0,1,0,0,1,1,0,1,0,0,1,0,0,1,0,0,1,1,1,1,0,1,0,1,0,0,1,0,0,1,1,0,1,1,1,0,1,1,1,1,1,1,0,0,0,0,0,0,0.0,-403.6054326972306,1
0,0,1,1,0,1,1,0,1,1,0,0,1,1,0,1,1,0,0,0,1,1,0,1,0,0,0,0,0,1,1,1,0,0,0,1,1,1,1,0,0,0,1,0,1,1,0,1,1,0,0,0,0,0,0,1,0,0,0,1,1,0,0,0,0.0,-403.6052891160451,1
1,0,1,1,1,1,1,1,1,0,0,0,0,0,1,1,1,1,0,0,0,0,0,0,1,0,0,0,0,1,1,1,1,0,0,1,0,0,0,1,0,0,1,0,1,0,0,1,1,1,0,0,1,0,0,1,1,0,0,0,0,0,0,1,0.0,-403.6021330907701,1
1,0,0,0,1,1,1,1,1,1,1,1,1,0,1,0,1,1,0,1,0,0,0,0,1,0,1,1,0,0,0,1,0,1,1,0,0,0,0,0,0,0,1,1,0,0,0,1,1,0,0,1,0,0,0,1,1,0,0,1,0,0,0,0,0.0,-403.6020230321875,1
0,0,1,1,1,1,0,0,0,0,0,0,0,1,1,0,1,0,0,0,1,0,0,0,1,1,0,0,1,1,0,1,0,0,0,1,1,0,0,1,1,0,1,1,1,1,0,1,1,1,0,1,0,1,0,1,0,0,0,0,0,1,0,0,0.0,-403.6003561473393,1
0,0,0,1,1,1,1,0,0,1,0,0,1,0,0,0,1,0,0,0,1,0,0,1,0,0,0,0,0,0,1,1,1,1,1,1,1,1,0,0,1,0,1,1,1,1,0,0,0,1,1,0,0,0,0,0,1,0,0,0,1,0,1,1,0.0,-403.5936130131913,1
1,0,0,0,0,1,0,1,1,0,0,0,0,1,0,0,0,1,0,1,0,0,0,0,0,1,1,1,1,0,0,1,0,0,0,1,1,1,1,0,1,0,1,1,1,0,0,1,1,1,0,0,0,1,0,1,1,0,0,1,0,1,0,0,0.0,-403.59104058771,1
0,1,1,0,0,0,0,0,1,1,0,0,0,0,1,0,1,0,0,0,0,1,0,0,0,0,1,0,0,0,1,1,0,1,1,0,1,1,1,0,0,1,1,1,1,1,1,0,1,1,0,1,0,1,0,1,0,0,0,0,1,1,0,0,0.0,-403.5879016117913,1
1,0,1,1,1,1,1,0,0,0,0,0,1,0,0,0,1,1,1,0,1,1,1,0,1,1,0,1,0,0,1,1,0,0,0,0,0,0,1,0,0,0,1,1,1,1,0,0,1,0,0,0,1,0,0,1,0,0,0,1,1,0,0,0,0.0,-403.5872569924175,1
0,0,0,1,0,1,0,1,0,0,1,0,1,0,1,0,0,0,1,0,0,0,0,0,1,1,1,1,1,0,0,1,0,1,1,0,1,1,0,0,0,1,1,1,0,1,0,1,1,1,0,0,0,1,0,1,0,0,0,0,1,0,1,0,0.0,-403.5851526592458,1
0,1,1,1,1,1,1,1,1,0,0,0,0,1,0,1,1,0,0,0,0,0,0,0,1,0,0,0,0,0,1,1,0,0,1,0,1,0,0,0,0,0,1,1,1,1,0,1,0,1,0,0,0,1,1,1,1,0,0,1,0,0,1,0,0.0,-403.58239743419637,1
0,0,0,1,0,0,0,1,1,1,1,0,0,0,1,1,0,0,1,0,1,0,0,0,0,1,0,0,1,0,1,0,0,1,1,1,1,0,1,0,0,0,1,0,0,0,0,1,0,1,0,0,0,1,1,1,1,1,0,0,1,1,1,0,0.0,-403.57998813969954,1
0,0,1,1,1,1,1,1,0,0,0,0,0,1,0,0,1,0,0,0,0,0,0,0,0,1,1,1,0,1,1,0,0,0,1,1,1,1,0,0,0,0,1,0,1,0,1,1,0,0,0,0,1,1,1,1,1,0,0,1,0,0,0,1,0.0,-403.57887991337446,1
0,0,1,0,0,1,0,1,0,0,1,1,1,0,1,0,1,0,0,0,1,1,0,0,0,1,0,1,0,0,0,1,1,0,0,1,1,0,1,0,1,0,1,1,1,1,0,1,0,0,0,1,0,1,1,1,1,0,0,0,0,0,0,0,0.0,-403.5784787219364,1
0,0,1,0,0,1,1,0,1,0,0,0,0,0,1,0,1,0,1,0,1,0,0,0,1,0,1,1,0,0,1,1,1,1,1,1,1,0,1,0,1,0,1,0,1,1,0,1,0,1,0,0,0,1,0,1,0,0,0,0,0,1,0,0,0.0,-403.5712158887057,1
0,1,1,1,0,0,1,0,0,1,1,1,0,0,0,0,1,0,0,1,1,1,0,0,1,0,0,1,0,0,1,1,0,0,1,1,1,1,0,0,1,0,1,0,1,0,0,0,0,1,0,1,0,0,0,0,1,1,0,1,0,0,1,0,0.0,-403.56982999457307,1
1,0,0,1,1,1,0,0,0,1,1,0,1,0,0,0,1,1,0,0,1,0,0,0,0,1,1,1,0,0,1,1,1,1,0,0,0,1,1,0,0,0,1,0,1,1,0,1,0,1,0,0,0,1,1,1,0,1,0,0,0,0,0,0,0.0,-403.5669189130282,1
1,1,1,0,0,1,1,0,1,0,1,0,0,0,0,1,0,1,0,0,1,0,0,1,0,0,0,1,0,0,1,1,0,1,1,1,0,1,1,0,1,1,1,1,0,0,1,0,1,0,0,0,1,0,0,1,0,0,0,1,0,0,0,0,0.0,-403.5667096366624,1
0,0,0,0,1,0,0,1,0,0,0,0,0,0,0,0,0,0,0,0,1,1,1,0,1,0,1,1,1,0,1,1,1,0,0,1,0,0,0,1,0,0,1,1,1,1,1,1,1,1,0,1,0,0,1,1,1,1,0,0,0,1,0,0,0.0,-403.5664030178459,1
0,0,1,0,1,1,0,0,1,0,0,0,1,0,0,0,0,0,1,0,0,0,0,0,0,0,1,1,1,0,0,1,0,0,1,1,1,0,1,1,0,1,1,1,1,1,1,0,1,1,0,0,1,0,1,1,1,0,0,0,0,0,1,0,0.0,-403.5636265785231,1
1,0,0,1,0,1,0,0,1,0,1,1,1,0,0,0,0,0,0,1,1,0,0,0,0,0,1,1,0,1,1,0,0,0,1,0,1,0,1,0,0,0,1,1,1,0,0,1,1,1,0,0,0,1,0,1,1,0,0,0,1,1,0,1,0.0,-403.56333468973537,1
0,0,1,1,1,1,1,1,1,0,1,0,0,0,1,0,0,1,0,0,1,0,0,0,1,0,0,1,1,0,1,1,0,0,0,0,1,0,1,0,0,0,0,1,1,1,0,1,0,1,0,0,0,1,1,0,1,0,0,1,1,0,0,0,0.0,-403.562706203236,1
1,0,1,0,1,1,0,1,1,1,1,1,0,0,0,1,1,0,0,0,0,0,1,0,0,1,1,0,0,0,0,1,0,0,0,0,1,0,0,0,1,0,0,1,1,1,0,1,0,1,0,1,0,0,0,1,1,1,1,0,0,1,0,0,0.0,-403.561164200466,1
0,0,0,1,1,1,0,1,1,0,0,1,1,1,0,0,0,0,0,0,0,1,0,0,0,0,1,1,1,0,0,0,0,1,0,0,1,1,0,1,1,1,1,1,1,1,1,0,0,0,0,1,1,0,0,1,1,0,0,0,1,0,0,0,0.015625,-403.5565160009613,1
0,0,1,0,0,1,0,0,1,0,0,0,0,1,0,0,0,1,0,1,1,1,1,0,0,1,1,0,0,1,1,1,0,0,0,0,1,1,0,1,0,0,0,1,0,0,1,0,1,1,0,1,1,1,0,1,0,1,1,0,0,0,0,1,0.0,-403.55629444612464,1
0,0,1,1,1,1,0,0,0,0,1,0,1,0,1,0,0,0,0,1,0,0,0,0,1,1,1,0,0,0,0,0,0,1,1,0,1,1,0,0,1,0,1,0,1,0,1,1,0,0,1,0,1,1,1,1,1,0,0,0,1,0,1,0,0.0,-403.55615838589546,1
0,0,1,0,0,0,0,1,0,0,0,0,0,1,0,0,0,0,0,0,1,1,0,0,1,0,1,1,0,0,0,1,1,1,1,0,0,1,0,0,1,0,1,1,0,1,1,1,0,1,1,1,1,0,0,1,0,1,0,0,1,1,0,1,0.0,-403.55575217170053,1
1,0,0,1,0,0,1,1,0,1,1,1,0,0,1,0,0,0,1,0,1,0,0,0,1,0,0,1,0,0,1,1,0,1,1,1,0,1,1,0,1,0,1,0,1,0,0,1,1,1,0,0,0,1,0,1,0,0,0,0,0,1,0,0,0.0,-403.55455479155313,1
1,0,1,1,0,0,0,1,0,1,1,1,0,1,0,0,1,1,0,0,0,0,0,0,0,1,1,0,1,0,0,1,1,1,1,0,1,0,0,1,1,0,0,1,0,0,0,1,0,1,1,0,0,1,0,1,1,0,0,0,0,0,1,0,0.0,-403.55420094410664,1
0,0,0,1,0,1,0,1,0,0,0,0,0,0,0,1,1,1,1,0,1,1,1,0,0,0,0,1,0,0,0,1,0,0,0,0,0,1,0,0,1,0,1,1,0,1,0,1,0,1,0,0,1,1,1,1,1,1,0,0,1,1,0,1,0.015625,-403.5540241432875,1
0,0,1,0,0,1,1,0,0,0,1,0,0,0,0,0,1,1,1,0,1,0,0,0,1,1,0,0,1,0,1,0,0,0,0,1,1,0,0,1,1,0,1,1,1,1,0,1,0,1,1,0,1,1,0,1,1,0,0,0,1,0,0,0,0.0,-403.55057207114055,1
1,1,0,1,0,0,0,1,0,1,0,1,1,0,0,1,0,1,1,0,0,1,0,0,0,1,1,1,1,0,1,1,0,1,1,1,0,0,0,0,0,0,0,0,1,1,0,0,0,1,0,0,0,1,1,1,0,1,0,1,0,0,0,0,0.03125,-403.5429672451327,1
1,0,1,0,1,1,0,1,0,0,0,0,0,0,0,0,1,0,0,0,1,1,1,1,1,0,0,1,0,1,0,0,0,1,1,1,1,0,0,0,1,0,1,1,0,0,1,1,0,1,1,0,1,0,0,0,0,0,1,0,0,1,0,1,0.015625,-403.5429127430148,1
0,0,0,0,1,0,1,1,0,0,0,0,0,0,1,1,1,1,0,1,0,0,0,1,1,0,0,1,0,1,0,1,1,1,1,1,0,1,0,0,1,0,1,1,0,0,1,1,0,1,0,1,1,0,0,1,1,0,0,0,0,0,0,0,0.015625,-403.54026632624027,1
1,0,1,0,1,0,1,1,1,1,1,0,0,1,0,0,0,0,0,0,1,0,1,0,0,0,0,1,0,1,0,1,0,0,0,1,1,1,1,0,0,1,1,1,0,1,0,1,0,1,0,0,0,0,1,1,0,0,1,0,0,0,0,1,0.0,-403.5386581269986,1
1,1,0,1,0,1,1,1,0,0,1,0,0,0,0,0,1,1,0,0,0,0,1,0,1,1,0,1,0,1,0,0,0,0,0,1,0,1,1,0,1,1,0,0,1,1,0,0,1,0,0,0,1,0,1,1,1,1,0,0,1,0,0,0,0.0,-403.537554787203,1
0,1,1,1,1,0,0,1,0,0,1,0,1,0,1,0,0,0,0,0,0,0,1,0,1,0,1,1,0,0,0,1,0,0,0,1,1,1,0,0,1,0,1,0,1,0,0,0,1,1,0,0,1,1,1,1,0,1,0,0,1,1,0,0,0.0,-403.53559267584865,1
0,0,0,1,0,0,0,0,1,1,1,0,1,0,0,0,1,0,0,1,1,1,0,0,1,1,1,1,0,0,1,0,1,0,0,1,1,0,0,0,0,0,0,1,1,1,1,0,1,1,1,1,0,1,0,0,1,1,0,0,0,0,0,0,0.0,-403.53247402374865,1
1,0,1,1,1,0,1,1,1,0,1,0,0,0,1,0,0,0,0,0,1,0,0,0,1,0,0,0,0,0,0,0,0,0,1,0,0,1,1,0,1,0,1,1,1,0,0,1,0,1,1,0,0,1,1,1,1,1,0,0,1,1,0,0,0.0,-403.528507059847,1
0,0,0,1,1,0,0,1,0,0,1,0,1,0,0,1,1,0,1,0,0,1,0,1,0,0,1,1,0,0,1,0,0,1,0,0,1,1,0,0,1,1,1,1,0,0,1,1,0,1,0,0,1,0,0,1,1,0,0,0,1,1,0,0,0.0,-403.5195828948327,1
0,0,1,0,1,0,0,0,0,1,0,1,1,0,0,1,1,0,1,0,1,1,0,0,0,0,1,1,0,1,1,1,0,0,0,0,1,1,1,1,0,1,1,1,0,1,0,1,1,1,0,0,0,1,0,1,0,0,0,0,0,0,0,0,0.015625,-403.5151906747684,1
0,1,0,1,0,1,1,1,0,1,1,1,1,0,0,0,0,1,0,0,1,1,1,0,1,0,1,1,0,0,0,1,0,1,1,1,1,1,1,1,1,0,1,1,0,1,0,1,0,1,0,1,1,1,0,0,0,0,0,1,1,0,0,1,0.0,-403.5119760286603,1
0,0,1,1,1,1,0,1,0,1,1,0,0,1,1,1,1,1,0,0,1,0,0,0,1,1,0,0,1,0,0,0,1,0,1,0,1,0,1,0,0,0,0,1,1,0,0,0,1,1,0,0,0,1,0,1,0,0,0,1,0,0,1,0,0.0,-403.5114304238253,1
0,1,0,0,0,1,0,0,0,0,1,1,1,0,0,1,0,0,0,1,1,0,0,0,1,1,1,1,0,0,1,1,0,0,0,1,1,0,0,1,0,1,1,1,1,0,0,1,0,1,1,1,0,1,0,0,0,0,0,0,0,1,0,1,0.0,-403.5113146360649,1
0,0,1,0,0,1,0,1,0,1,0,0,0,0,0,0,1,0,0,0,1,0,0,0,0,0,0,1,1,0,1,0,0,1,1,1,1,1,0,0,0,1,1,1,1,1,1,0,1,1,0,0,0,1,0,1,1,1,0,0,1,1,0,0,0.0,-403.5066602303657,1
0,1,1,0,0,0,0,0,1,1,1,0,0,0,1,1,0,0,1,0,0,0,0,0,0,0,0,1,0,1,0,0,0,1,1,1,1,1,0,1,1,0,1,0,1,1,1,1,1,0,0,0,0,1,0,1,1,1,0,0,0,0,1,0,0.0,-403.50088927990333,1
0,1,0,1,1,0,1,0,0,0,0,1,1,1,0,0,1,0,1,1,1,0,0,0,1,0,0,1,0,0,1,1,1,1,1,0,1,0,0,0,0,1,1,0,1,0,0,0,1,1,0,0,1,1,0,1,1,0,0,0,0,0,0,0,0.0,-403.4993869623347,1
1,0,1,0,1,1,0,1,1,0,0,1,0,1,0,0,1,1,0,0,1,1,0,1,0,0,1,1,1,0,0,1,1,1,1,1,0,1,1,0,1,1,1,0,1,1,0,0,1,1,0,0,0,0,0,1,1,0,0,1,1,0,1,1,0.0,-403.4934156752614,1
0,0,0,1,0,0,0,0,0,0,0,1,1,1,1,1,1,1,0,0,1,1,0,0,1,1,1,1,0,0,0,1,1,1,0,0,1,0,1,0,0,1,0,1,0,0,1,0,1,1,1,0,0,1,0,1,1,0,0,0,0,0,0,0,0.0,-403.4931534734115,1
1,0,1,1,0,1,0,1,0,1,1,1,0,0,1,0,1,1,0,0,1,0,1,1,1,0,0,1,0,1,1,1,0,0,0,0,0,1,0,0,0,0,0,1,1,0,0,1,1,1,0,0,0,1,0,1,0,0,1,0,0,0,0,0,0.0,-403.49258864202415,1
0,1,1,0,0,1,0,0,1,0,1,0,1,1,0,1,1,1,0,1,1,1,1,0,0,0,0,1,0,1,1,0,1,0,0,0,0,1,0,1,1,0,1,0,0,0,0,1,0,1,0,0,0,1,0,1,0,0,0,0,1,0,1,0,0.0,-403.4925744200944,1
1,1,1,0,1,1,0,1,0,1,0,1,1,1,1,0,0,0,0,0,0,1,0,0,0,1,0,1,1,1,1,1,0,0,0,0,0,0,0,0,0,0,1,1,1,1,0,1,1,1,0,0,0,1,0,0,0,1,0,1,0,0,0,0,0.0,-403.4914957803699,1
0,1,1,0,0,0,1,1,0,0,0,0,1,0,1,0,0,0,0,0,1,0,0,1,0,1,1,1,0,1,1,1,0,1,0,0,0,1,0,0,1,1,1,1,1,1,0,1,0,1,0,0,0,1,1,1,0,0,0,1,0,0,0,0,0.0,-403.4893551791846,1
0,0,1,0,0,1,1,1,0,1,0,0,0,1,1,1,1,1,0,0,1,1,1,0,1,0,0,0,1,0,0,0,1,1,0,0,0,0,0,0,0,0,0,1,0,1,0,0,1,1,1,1,1,0,1,0,1,1,0,0,0,1,0,0,0.0,-403.48482863454404,1
0,0,0,1,0,0,0,1,0,1,1,0,0,0,1,0,1,1,1,0,1,0,0,0,0,1,1,0,0,0,1,1,1,0,0,1,0,1,0,0,1,0,1,1,1,1,1,0,0,1,1,0,1,0,0,1,0,1,1,0,0,0,0,0,0.0,-403.4777953609735,1
1,0,0,1,0,0,1,1,1,0,1,1,1,0,0,1,0,0,0,0,1,1,1,1,1,1,0,1,0,0,1,1,1,0,1,1,1,0,0,0,1,0,1,1,0,1,1,1,1,1,0,0,1,1,0,1,1,1,0,0,0,0,1,0,0.0,-403.4626582007691,1
1,1,1,0,0,0,0,1,1,1,0,0,0,1,1,0,0,0,0,0,1,1,0,0,0,1,1,1,1,1,1,1,0,0,0,1,1,0,0,0,1,0,1,0,1,1,0,1,0,0,1,0,0,0,0,1,1,0,0,0,0,0,1,0,0.0,-403.46084093255087,1
1,0,0,0,1,0,1,1,0,1,1,0,0,1,0,0,0,1,1,1,0,1,1,0,0,0,0,1,0,1,0,1,0,0,0,1,1,1,0,0,0,0,1,1,1,1,0,1,0,0,1,0,0,1,1,1,1,0,0,0,0,0,0,0,0.0,-403.45043464107556,1
1,0,1,0,1,1,1,1,1,1,1,0,1,0,0,0,1,1,0,0,0,0,1,0,0,0,1,0,0,0,1,1,0,1,1,1,1,1,1,0,0,1,1,1,1,1,0,1,1,0,1,1,1,0,0,0,1,0,1,0,1,1,0,0,0.015625,-403.44165468915605,1
0,0,0,1,0,1,0,0,0,0,0,0,0,0,1,1,1,1,0,0,1,1,0,0,0,0,1,1,1,1,1,1,0,1,0,1,1,0,1,0,0,1,1,1,1,1,0,1,0,1,1,0,0,1,0,0,1,0,0,0,0,0,0,0,0.0,-403.4414252097464,1
0,0,0,1,1,1,1,1,0,0,1,0,0,1,1,0,1,1,0,0,1,0,0,0,1,1,1,1,0,0,0,1,1,0,0,1,1,1,0,0,1,1,1,1,1,1,1,0,1,1,0,0,0,1,0,1,1,0,0,1,1,1,0,1,0.015625,-403.4408378142807,1
0,0,1,1,1,0,0,0,0,1,1,1,0,0,1,0,1,1,0,0,1,0,0,0,1,0,1,1,1,0,1,0,0,0,0,0,1,1,1,0,1,0,0,1,1,0,0,1,0,1,1,0,1,0,0,0,0,0,0,1,1,0,1,0,0.0,-403.4403494408923,1
1,0,0,1,1,0,0,1,0,0,1,1,0,0,0,0,1,1,1,0,1,0,1,0,1,0,1,1,1,0,1,1,0,0,1,1,1,1,0,1,1,1,0,1,0,1,0,1,1,1,0,0,0,1,0,1,1,0,0,1,1,1,0,1,0.0,-403.4172008801007,1
0,0,1,1,0,1,1,0,0,1,1,0,1,0,0,1,1,0,0,0,0,0,1,0,1,0,1,1,0,0,1,1,1,1,1,0,1,1,0,0,0,1,0,0,1,1,1,1,0,1,0,1,1,1,1,1,1,0,1,1,1,0,1,0,0.0,-403.405498169457,1
1,0,0,1,1,1,1,1,1,0,0,0,1,1,1,1,0,0,0,0,1,0,0,0,0,1,1,1,0,0,1,1,0,1,1,0,1,0,0,1,1,1,1,0,1,1,1,1,0,0,0,1,0,0,1,1,1,0,1,1,1,0,1,0,0.015625,-403.3851104507193,1
1,0,1,1,0,0,0,0,1,1,1,1,1,0,1,0,1,0,0,1,1,0,1,1,1,1,1,1,0,0,1,1,1,0,1,1,1,0,1,0,0,1,1,0,1,1,1,1,0,1,0,0,0,1,1,1,0,1,0,0,0,0,0,0,0.0,-403.38446311684936,1
1,0,1,0,0,1,0,1,1,0,1,0,0,0,0,0,1,0,0,0,1,1,1,0,1,0,1,1,1,0,1,0,1,1,1,1,1,0,0,0,1,1,1,0,1,1,0,1,0,1,0,1,1,0,0,1,1,1,1,0,0,1,1,1,0.015625,-403.3843359434034,1
1,0,0,0,1,1,0,1,0,1,0,0,0,0,0,1,1,1,1,0,0,1,1,1,0,1,1,1,1,1,0,1,0,0,0,0,1,1,0,0,0,1,1,1,1,1,0,1,1,1,0,1,0,1,0,1,1,1,1,1,0,1,0,0,0.0,-403.38269188272534,1
0,0,1,1,0,1,0,0,0,1,0,1,1,0,1,0,1,1,0,0,1,0,1,0,0,0,0,1,1,0,0,1,1,1,1,0,1,1,0,1,1,0,1,1,1,0,0,1,1,1,0,1,0,1,1,1,1,1,0,1,1,0,1,0,0.015625,-403.3777194755687,1
1,0,1,0,1,1,0,0,1,0,1,0,1,0,1,0,1,1,0,1,0,0,0,0,1,0,0,1,0,1,1,1,0,1,0,0,1,1,1,0,1,0,1,1,0,1,1,1,1,1,0,0,1,1,1,0,0,1,1,1,1,0,1,0,0.015625,-403.3772095558676,1
1,0,0,1,0,1,1,0,1,1,1,1,1,0,0,1,0,0,1,1,0,0,1,1,0,1,0,1,0,1,1,1,1,0,0,1,1,1,1,0,0,0,1,1,1,1,0,0,1,1,0,0,0,1,1,1,1,1,0,0,0,0,0,1,0.0,-403.3765967952871,1
1,0,0,1,1,1,1,1,1,0,1,1,0,0,1,1,0,0,1,0,1,1,1,0,0,1,1,1,0,0,1,1,0,0,1,1,1,0,0,1,0,0,1,0,1,1,0,1,1,1,0,0,1,1,0,1,1,1,0,1,0,0,0,0,0.015625,-403.3729758278664,1
1,0,0,1,1,1,1,0,1,1,1,1,0,0,1,1,1,1,1,0,1,1,0,0,0,0,1,1,1,0,1,0,0,1,1,1,1,1,1,0,1,1,0,1,1,1,0,1,0,0,0,0,0,0,0,0,0,0,0,1,1,1,0,1,0.0,-403.3686437342638,1
0,0,0,1,1,1,0,0,1,1,1,1,1,1,1,1,0,1,1,0,1,1,0,0,1,0,1,1,0,1,0,1,0,0,0,1,1,1,1,1,0,0,0,1,1,1,0,1,1,1,0,0,0,0,1,1,0,0,1,0,1,0,0,1,0.0,-403.3610184920912,1
1,0,1,1,1,1,0,1,1,1,1,0,0,0,1,0,1,0,0,0,1,1,0,0,1,1,1,1,1,0,1,0,1,1,0,0,1,1,0,0,1,0,1,1,0,1,0,1,1,1,1,0,0,0,1,1,0,1,0,1,0,0,1,0,0.0,-403.3410365653297,1
1,0,1,1,0,0,1,1,0,0,1,0,1,1,1,0,1,1,0,1,1,1,0,0,1,0,1,1,0,1,1,1,1,0,1,1,0,1,0,0,0,1,1,1,1,1,0,1,1,0,0,0,0,0,0,1,1,0,0,1,0,1,1,0,0.015625,-403.33694683700344,1
0,0,1,0,0,0,1,1,1,0,1,0,1,0,1,1,0,0,1,0,0,1,1,0,0,0,1,1,0,1,1,1,0,1,1,0,1,1,0,0,1,0,1,1,1,1,1,1,1,1,0,0,1,0,1,1,1,0,1,0,1,1,0,0,0.015625,-403.31957430968913,1
1,1,1,1,0,0,1,0,1,0,1,0,0,0,0,0,1,0,0,1,0,1,1,0,1,0,1,1,0,0,1,1,1,1,1,0,1,0,1,1,1,1,1,1,1,1,0,0,1,1,1,1,1,1,0,1,0,0,0,1,0,0,0,0,0.0,-403.31119030800346,1
0,1,1,0,1,1,1,1,1,1,1,1,0,1,0,0,1,1,0,1,1,0,0,0,0,0,0,1,0,0,1,1,0,1,0,0,1,1,0,1,1,1,1,1,1,0,0,1,1,1,0,0,1,1,0,1,1,0,0,0,1,1,0,0,0.015625,-403.3050451960574,1
1,0,0,0,1,1,1,1,0,1,1,1,0,1,1,0,0,1,1,0,1,1,1,0,1,1,1,0,0,0,1,0,0,1,0,0,1,1,1,1,1,1,0,1,1,1,0,1,1,0,0,0,1,0,0,1,1,0,0,1,1,0,0,0,0.0,-403.29807632378345,1
1,0,1,0,1,1,0,1,0,1,1,1,0,1,1,0,1,0,0,1,0,1,1,0,1,1,1,1,1,1,0,1,0,0,1,1,1,1,1,0,0,1,1,1,0,1,0,1,0,1,0,0,0,0,0,1,1,1,0,0,0,1,0,0,0.0,-403.2947768669491,1
1,0,1,0,1,1,1,1,0,1,1,1,1,1,1,1,0,0,0,1,1,0,1,0,0,1,0,1,1,0,1,1,0,0,1,0,1,0,1,0,0,1,1,0,0,1,1,1,1,1,1,1,0,0,0,1,0,0,0,1,0,0,0,1,0.015625,-403.2775334616221,1
0,0,0,0,1,1,0,0,0,1,1,0,1,0,0,0,0,0,0,0,0,1,0,1,0,0,1,1,1,0,1,1,0,0,1,1,1,1,0,0,0,0,1,0,1,1,0,0,1,1,0,1,0,1,0,0,1,0,0,0,1,0,1,1,0.0,-400.06735420255484,1
1,1,1,0,1,1,0,0,1,0,0,0,0,0,0,0,1,1,0,0,1,1,1,0,1,0,0,0,0,0,1,1,1,0,0,1,1,0,0,0,1,1,1,1,0,1,0,1,1,0,0,0,0,0,0,1,1,0,1,0,0,0,0,0,0.0,-400.06278783328173,1
0,0,1,1,1,0,1,1,0,1,0,1,0,0,0,0,0,1,0,0,0,0,0,0,1,0,1,0,0,0,1,1,0,1,0,1,0,1,0,1,1,0,1,0,1,1,0,0,1,1,0,0,0,0,1,1,1,0,1,0,0,0,1,0,0.0,-400.04557021856755,1
0,0,1,1,0,1,0,0,0,0,1,0,1,1,0,0,1,0,1,0,0,1,0,0,0,0,0,0,0,0,0,1,0,0,1,1,1,0,1,1,0,0,1,1,1,1,1,1,1,1,0,0,1,0,0,0,1,0,0,0,1,1,0,0,0.0,-400.04316233217384,1
1,1,1,1,1,0,0,0,0,0,1,1,0,0,1,1,1,1,0,0,1,1,0,0,1,0,0,0,1,0,1,1,0,0,1,1,0,0,0,0,0,0,1,1,0,1,1,0,0,0,0,0,0,1,0,1,1,0,0,0,1,0,0,0,0.0,-400.0408277101038,1
1,0,1,1,0,1,0,1,0,0,1,1,0,1,0,0,0,0,0,0,0,1,0,1,0,1,1,0,0,1,1,1,0,1,0,1,1,1,0,0,0,0,1,1,1,1,0,0,1,0,0,0,0,1,0,1,0,0,1,0,0,0,0,0,0.0,-400.02353664978835,1
1,0,1,1,1,1,1,0,0,1,1,0,0,0,0,0,1,0,0,0,1,1,0,0,1,1,1,0,0,0,1,1,0,0,0,0,1,0,0,0,0,1,1,1,1,1,0,0,1,1,0,0,1,1,0,0,0,0,0,0,0,1,0,0,0.015625,-400.02058157015654,1
0,0,0,1,1,1,0,0,0,0,1,1,0,0,0,0,1,0,1,1,0,0,0,0,1,1,1,1,0,0,0,1,1,1,0,0,1,1,0,1,0,0,1,1,1,0,0,1,1,0,0,1,0,0,0,1,0,1,0,0,0,1,0,0,0.0,-400.0154235027692,1
0,0,1,1,1,1,1,1,0,0,1,1,1,0,0,0,1,0,0,0,1,1,0,0,1,0,1,0,1,1,1,0,1,0,0,1,0,1,0,0,0,1,1,1,0,0,0,0,1,1,0,0,0,0,0,1,0,0,0,1,0,0,0,0,0.0,-400.01379474877143,1
0,0,1,0,1,0,0,0,0,1,0,1,0,0,0,0,1,1,0,0,0,0,0,1,0,1,1,1,0,0,0,1,0,1,1,0,0,1,0,0,1,0,1,1,1,1,0,1,0,1,0,0,1,1,0,1,1,1,0,0,0,0,0,1,0.0,-400.0123537692734,1
1,0,1,1,0,1,1,1,0,1,1,0,0,0,1,0,1,0,0,1,1,0,0,0,0,1,1,0,0,0,1,1,0,0,1,0,1,1,0,0,0,0,1,0,1,0,0,1,1,0,0,0,1,0,0,0,1,0,0,1,0,1,0,0,0.0,-400.010426894274,1
0,0,0,1,1,1,0,0,0,0,1,0,0,0,1,0,0,0,0,1,1,1,0,0,1,0,0,1,0,0,0,1,0,0,1,1,1,1,0,0,0,0,1,1,0,1,1,0,0,1,0,1,1,1,1,1,1,0,0,0,0,1,0,0,0.0,-400.0071508742817,1
1,0,1,1,0,0,0,1,0,0,0,1,0,0,0,0,0,1,0,0,1,0,1,0,1,0,1,1,0,1,1,1,0,0,1,0,1,1,0,0,0,1,1,0,0,0,1,1,0,0,0,0,0,1,1,1,1,0,0,0,1,1,0,0,0.0,-400.00654616372634,1
0,1,1,1,0,1,1,0,0,1,1,1,0,0,0,1,1,1,0,0,0,0,0,0,0,0,0,0,0,0,1,1,1,0,0,1,0,0,1,0,1,0,1,1,1,1,0,1,0,1,0,0,0,0,0,1,1,1,0,0,1,0,0,0,0.0,-400.00416095877887,1
0,1,0,1,1,0,1,1,0,1,0,0,1,0,0,0,1,0,0,0,1,0,1,0,0,0,0,1,1,0,1,0,0,1,0,1,1,1,0,0,0,0,1,1,0,0,0,1,1,1,0,1,0,1,1,0,1,0,0,0,0,0,1,0,0.0,-400.0007669497141,1
0,0,1,0,1,1,0,1,1,1,0,0,1,1,0,1,1,1,0,1,1,0,0,0,0,1,1,0,0,0,0,0,1,1,0,0,1,1,0,0,0,0,1,0,1,0,0,0,1,1,0,0,0,1,0,1,0,0,0,0,0,1,1,0,0.0,-399.99597198314086,1
1,0,1,1,0,1,0,0,0,0,1,1,0,1,0,0,0,0,0,1,0,1,1,0,1,0,0,0,1,1,0,0,0,1,0,0,1,0,0,0,0,0,1,0,1,1,1,0,0,0,0,1,1,1,0,1,1,1,1,0,1,0,0,0,0.0,-399.99121122727814,1
0,0,1,0,0,1,1,0,1,1,1,0,1,0,0,0,1,1,0,0,1,1,0,0,0,0,0,1,0,1,0,1,0,0,0,1,1,1,0,0,0,0,1,1,1,1,0,1,1,0,1,1,0,1,0,1,0,0,0,0,0,0,0,0,0.0,-399.9869355131183,1
0,0,0,0,0,1,0,0,0,0,1,0,0,0,0,0,0,1,1,0,1,0,0,1,1,0,0,1,0,1,0,0,1,1,1,1,1,1,1,1,1,0,1,1,1,1,0,1,1,1,0,0,0,0,0,1,0,0,0,0,0,1,0,0,0.0,-399.985205109705,1
0,0,0,1,0,0,0,1,1,0,1,0,1,0,0,0,1,0,1,0,0,1,1,0,1,0,1,1,0,0,1,1,0,0,0,0,1,0,1,0,1,0,1,1,1,1,0,1,1,0,0,1,0,0,0,1,0,0,0,1,1,0,0,0,0.015625,-399.9785068227502,1
1,0,1,1,0,1,0,1,0,0,1,1,0,0,0,0,1,0,0,1,1,0,0,0,0,0,1,1,0,0,0,1,0,0,0,0,1,0,0,0,1,1,1,1,0,1,1,1,1,1,0,0,1,0,0,1,0,0,0,1,0,0,1,0,0.0,-399.97786656903213,1
0,0,0,1,0,1,1,1,0,0,1,0,1,0,0,1,1,1,1,1,0,0,0,0,1,0,0,0,1,0,1,0,0,0,0,1,0,1,0,0,1,0,1,0,0,1,0,0,0,1,0,0,1,1,1,1,1,1,1,0,0,0,0,0,0.0,-399.977660684471,1
0,0,1,1,0,1,0,0,1,1,0,1,0,1,0,0,1,1,0,0,1,1,1,0,0,0,1,0,1,1,1,1,0,0,0,0,0,0,1,0,1,0,0,0,1,1,0,0,1,0,0,0,0,1,0,0,1,1,1,0,0,0,1,0,0.015625,-399.97567461912854,1
0,0,0,0,0,0,1,0,0,1,1,1,0,1,0,1,0,0,0,0,1,0,0,0,1,1,1,0,0,1,0,1,0,1,1,1,0,1,0,1,0,0,1,1,1,0,0,1,0,1,0,0,1,1,0,1,1,1,0,0,0,0,0,0,0.0,-399.9741288228284,1
0,0,1,0,1,0,0,0,0,0,0,1,0,1,0,0,1,0,0,0,0,1,0,0,0,0,0,1,1,0,1,1,1,0,1,1,1,1,0,0,0,1,1,1,1,1,0,0,1,1,0,0,0,1,1,0,1,1,0,1,0,0,0,0,0.0,-399.96754748821206,1
0,0,1,1,1,0,0,1,0,1,1,1,0,0,1,0,1,0,0,1,1,0,0,1,1,1,0,1,1,0,1,1,0,0,1,0,1,0,0,0,0,0,1,0,0,0,1,1,0,1,0,0,1,0,0,1,1,0,0,0,0,0,0,0,0.0,-399.9650786226925,1
0,0,1,1,0,1,1,1,1,0,0,0,1,0,0,0,1,0,0,1,0,1,0,0,0,1,0,1,0,0,1,1,1,1,0,1,0,0,0,0,0,0,0,1,1,0,1,1,0,1,1,0,0,1,0,1,1,0,0,1,0,0,0,0,0.0,-399.95408946092687,1
1,0,0,0,1,1,0,0,1,0,0,1,0,0,0,0,0,0,1,1,1,1,0,0,1,0,1,1,0,0,1,0,1,0,0,1,0,1,0,0,0,0,1,1,1,0,0,0,0,0,1,1,0,1,0,1,1,1,1,1,0,0,0,0,0.015625,-399.9510417680549,1
0,0,0,0,0,1,0,1,1,1,1,0,0,1,0,0,0,1,0,1,0,1,0,0,0,0,1,1,0,1,0,1,0,0,1,1,0,1,0,0,1,0,1,1,0,1,0,0,0,1,1,0,1,1,0,1,0,0,0,0,1,0,0,1,0.0,-399.92607268320575,1
0,1,0,0,0,1,0,0,0,0,0,0,0,0,0,1,1,1,0,0,1,1,1,0,0,1,1,1,0,0,1,0,1,0,1,0,1,0,0,1,1,1,1,1,1,1,0,0,1,0,0,0,0,1,1,1,0,0,0,1,0,0,0,0,0.0,-399.91580087958755,1
1,0,0,1,1,0,0,1,0,0,0,0,0,0,1,0,1,0,0,1,1,1,0,0,1,0,0,1,0,0,1,0,0,1,1,1,0,0,0,0,1,0,0,1,1,1,0,1,0,1,0,0,1,1,0,1,1,0,0,0,0,0,1,1,0.0,-399.9110500358302,1
0,0,0,1,0,1,1,1,1,0,1,0,1,0,1,1,1,0,0,0,0,1,0,0,0,0,1,1,0,0,1,0,1,0,0,0,1,1,0,0,0,1,0,1,1,1,1,1,0,0,0,0,0,1,0,1,1,0,0,1,0,0,0,0,0.03125,-399.909219916254,1
0,1,0,1,1,1,1,0,0,1,0,0,0,0,1,1,0,0,1,1,0,0,0,1,0,0,1,1,0,1,1,1,0,0,0,0,1,0,0,0,0,1,1,0,1,0,0,0,1,1,0,1,0,1,0,1,0,0,0,0,1,1,0,0,0.0,-399.9049043265578,1
0,0,0,0,0,1,0,0,0,0,0,0,0,1,0,1,1,1,0,1,1,0,1,0,0,1,1,1,0,0,1,1,1,0,1,0,1,0,0,0,1,0,1,1,0,0,1,0,1,1,1,0,0,1,0,1,0,0,0,1,0,0,0,1,0.0,-399.90137686919394,1
0,0,0,1,0,1,1,1,1,1,1,0,1,0,0,0,0,1,1,0,0,1,0,0,1,1,0,0,0,0,1,1,1,1,1,0,1,1,1,0,0,0,1,0,1,0,1,1,1,1,0,1,0,1,1,1,1,1,1,0,1,1,1,0,0.015625,-399.90068519079523,1
1,1,0,1,1,1,0,1,1,0,1,1,1,0,0,1,1,1,0,0,1,0,0,1,0,0,1,1,0,0,1,1,1,0,1,1,0,1,0,0,0,0,1,0,1,1,0,1,0,1,0,1,0,1,0,1,1,1,0,1,1,1,0,1,0.0,-399.8793211152147,1
1,1,1,0,0,1,0,0,0,0,0,1,1,0,1,0,1,0,0,1,1,1,1,0,0,1,1,0,0,0,1,1,1,0,1,1,0,0,0,1,1,1,1,1,1,1,1,1,1,0,0,0,0,0,1,1,1,0,1,1,1,1,0,1,0.0,-399.87100935539024,1
0,0,1,1,0,1,1,0,1,0,0,1,0,0,1,0,1,1,1,0,1,1,1,0,1,1,1,1,1,0,0,1,1,1,1,1,0,0,0,0,1,0,1,0,0,1,1,1,0,1,1,0,1,1,0,1,0,0,0,1,0,1,1,1,0.015625,-399.8635523141145,1
0,0,1,0,0,0,0,0,0,0,1,0,0,0,1,0,1,0,0,0,1,1,0,0,1,1,0,1,1,0,0,1,0,0,0,1,1,1,0,0,1,1,0,1,1,1,0,0,1,1,1,0,0,1,1,1,0,1,0,0,0,0,0,1,0.0,-399.8611503155177,1
1,0,0,0,1,0,0,1,0,0,1,0,0,0,1,0,1,0,0,1,0,1,0,0,1,0,1,1,0,1,0,1,0,0,1,0,0,1,0,0,1,1,0,1,0,0,0,1,0,1,0,0,1,1,0,1,1,1,1,0,0,0,1,0,0.0,-399.8605824890088,1
1,0,1,1,1,1,0,1,1,0,1,0,0,1,1,0,0,1,1,0,1,1,0,1,1,1,0,0,0,0,0,1,0,1,1,1,1,1,1,0,1,0,1,1,1,0,0,0,1,1,0,1,0,1,0,1,0,1,0,1,0,1,0,1,0.0,-399.85324320449786,1
1,0,1,1,1,0,0,1,0,0,1,0,1,0,1,1,0,1,0,1,1,0,0,1,1,1,0,0,0,0,1,1,1,1,1,1,1,0,0,0,1,1,1,1,0,1,0,1,0,1,0,1,1,1,0,1,1,0,0,0,1,1,1,0,0.015625,-399.85178543042275,1
0,0,0,1,1,1,0,1,0,1,0,0,0,1,0,0,1,0,0,0,1,1,0,0,0,1,1,1,0,0,0,0,1,0,0,0,1,1,0,0,1,1,0,1,1,0,0,0,1,1,1,0,1,1,1,1,1,0,0,0,0,0,0,0,0.0,-399.84572373920423,1
1,0,1,1,0,0,0,1,1,1,1,1,0,1,1,0,1,0,1,1,1,0,0,0,1,1,0,0,1,1,1,1,0,0,1,0,1,1,1,1,1,0,1,0,1,1,1,0,0,1,0,0,0,1,0,1,1,0,0,1,0,1,0,1,0.0,-399.72812846446516,1
0,0,1,1,0,1,1,1,0,1,1,0,1,0,0,0,1,0,0,0,0,1,1,0,0,0,1,1,1,1,1,1,0,1,1,0,1,1,0,0,1,0,1,1,1,1,0,1,1,1,1,1,0,1,1,1,1,0,1,0,1,0,0,0,0.015625,-399.71439297914003,1
0,1,1,1,0,1,0,0,0,0,1,0,1,1,1,0,1,0,0,1,1,1,0,1,1,1,1,0,1,1,1,0,0,1,0,1,1,1,0,0,1,0,1,0,1,1,1,1,0,1,1,1,0,0,1,1,1,0,0,0,0,1,1,0,0.0,-399.70963026091613,1
1,1,1,1,1,0,1,1,1,0,0,1,1,1,0,0,1,1,1,1,0,0,1,0,0,1,0,1,0,0,0,1,0,0,1,1,1,0,1,0,1,1,1,1,0,1,0,0,1,1,1,0,1,1,0,1,1,1,0,0,0,1,0,0,0.0,-399.6790436112309,1
0,0,0,1,1,1,1,1,1,0,1,0,0,0,1,0,1,1,1,1,1,0,1,0,1,0,1,1,0,1,1,1,0,1,0,0,1,1,1,0,1,1,1,1,1,1,1,1,0,0,1,0,0,0,0,1,1,0,0,0,1,1,0,0,0.0,-399.5804533495972,1
1,0,0,0,0,1,0,1,1,0,0,0,0,1,0,1,1,0,1,0,0,1,0,0,0,0,1,0,0,1,0,1,1,0,0,1,1,1,0,0,0,0,1,1,0,1,0,1,0,1,0,0,1,1,0,0,1,0,0,1,0,0,0,1,0.0,-395.6661154013505,1
1,1,1,0,0,1,1,1,1,0,0,0,0,1,0,0,0,0,0,1,1,0,0,0,0,1,0,0,0,0,1,1,1,0,0,0,1,1,0,0,0,0,1,0,1,1,0,0,1,0,0,1,0,1,0,1,1,0,0,1,0,0,1,0,0.0,-395.6548054560379,1
0,0,0,1,0,0,0,1,0,0,0,0,1,0,0,0,1,1,0,1,0,0,0,0,1,1,1,1,0,1,0,1,0,0,0,0,0,1,1,0,0,1,1,1,0,1,0,1,0,1,0,0,1,1,1,0,1,0,0,1,0,1,0,0,0.0,-395.6238155064066,1
1,0,0,0,1,1,0,0,0,1,1,0,1,0,1,0,0,0,0,1,1,0,0,0,0,0,0,0,0,0,1,0,0,0,1,1,1,1,0,0,0,0,1,1,0,1,0,1,1,1,0,0,0,1,1,1,1,0,1,0,1,0,0,0,0.0,-395.62221163279804,1
1,0,0,1,1,1,0,1,1,0,0,1,0,0,1,0,1,0,0,0,1,0,1,0,1,0,0,0,0,0,1,0,1,1,0,0,1,0,0,0,1,0,1,0,1,1,0,1,0,1,0,0,1,0,0,1,0,0,1,0,0,1,0,0,0.0,-395.60039136362184,1
1,0,1,1,0,0,0,1,1,1,1,0,0,0,1,0,0,0,1,0,1,0,1,0,0,0,0,0,0,0,0,0,0,0,1,0,0,1,0,0,1,0,1,0,0,1,1,0,0,1,0,0,0,1,0,1,1,1,1,1,0,1,1,0,0.0,-395.598359271731,1
1,0,1,0,0,0,0,1,1,0,0,1,0,1,1,0,0,1,0,0,0,1,1,0,1,0,0,1,0,0,1,0,1,1,1,0,1,1,0,0,0,0,1,0,0,1,0,1,0,1,0,0,0,1,0,1,0,0,1,0,0,1,0,0,0.0,-395.5912088229578,1
0,1,0,1,0,1,1,1,1,0,1,0,1,0,0,0,0,1,0,1,0,1,0,0,0,0,1,1,0,0,1,1,0,0,0,0,0,0,1,1,0,0,1,0,1,0,0,1,1,1,0,0,0,1,0,0,1,1,0,0,0,1,0,0,0.0,-395.5785534563483,1
0,1,1,0,1,0,1,0,0,1,1,1,1,0,0,0,1,1,0,1,1,1,0,0,1,0,1,0,0,0,0,0,0,1,1,0,0,1,0,1,1,0,0,0,1,0,0,0,0,1,0,0,1,0,1,1,0,0,0,0,0,1,0,0,0.0,-395.5780347952947,1
1,0,0,0,1,0,0,1,1,1,0,0,0,1,1,1,0,1,0,1,1,0,0,0,1,1,0,0,1,0,0,0,0,0,0,1,1,1,0,0,0,0,1,1,1,1,1,1,0,1,0,0,0,0,0,0,0,1,1,0,0,0,0,0,0.0,-395.56320652352997,1
0,0,1,0,0,0,1,1,1,1,0,0,0,0,0,0,0,0,0,0,0,1,0,0,1,0,0,1,0,1,1,1,1,1,0,1,1,1,1,0,1,1,0,1,0,0,0,0,1,1,0,0,0,1,0,0,1,1,0,1,0,0,0,0,0.0,-395.5546330421839,1
0,0,1,0,1,1,1,1,1,0,1,0,0,1,1,0,1,0,0,1,1,1,0,0,1,0,0,0,0,1,0,0,0,1,0,0,1,0,1,0,1,0,1,0,1,0,0,1,0,0,1,0,0,0,0,0,0,0,0,1,1,0,1,0,0.015625,-395.46177676698903,1
1,0,1,0,1,0,0,0,1,1,0,1,1,0,0,0,0,0,0,1,1,1,1,0,0,1,1,0,1,0,1,1,1,0,0,0,1,1,0,1,1,1,1,1,1,1,0,1,1,1,1,1,1,1,0,1,1,0,0,1,1,0,0,1,0.015625,-395.3799981527525,1
0,0,1,1,0,1,0,1,0,1,1,1,1,0,0,1,1,1,0,0,1,1,0,0,1,0,0,1,1,1,0,1,0,1,0,0,1,1,1,0,1,1,1,1,1,1,1,1,1,1,0,0,0,1,0,0,1,0,0,1,1,1,0,1,0.0,-395.36884088207546,1
1,0,1,1,0,1,1,1,1,1,1,1,0,1,0,1,1,1,0,0,1,1,1,1,0,0,0,0,1,1,0,0,1,1,0,0,1,1,1,0,0,1,0,0,1,1,1,1,1,1,0,1,1,1,0,1,0,0,0,0,0,0,1,1,0.0,-395.3534903393604,1
1,0,1,1,1,1,1,1,0,0,1,0,0,1,0,0,0,0,0,0,1,1,1,0,0,1,1,1,1,1,1,0,1,1,0,1,1,0,1,1,0,1,1,1,1,1,1,1,1,0,0,1,1,0,0,1,0,0,1,0,0,1,1,0,0.015625,-395.3070267320609,1
0,1,0,0,0,1,0,1,1,0,1,1,0,0,1,0,1,1,1,1,1,1,1,0,1,0,0,1,1,0,1,1,1,1,1,0,1,1,0,0,1,0,0,1,1,1,1,1,0,1,0,1,1,0,0,1,1,1,0,0,1,0,0,1,0.0,-395.276449501529,1
0,1,0,0,1,0,0,1,1,0,0,1,0,1,1,1,1,1,0,1,1,1,1,0,0,1,0,1,0,1,1,1,1,1,1,1,1,1,1,0,1,1,1,1,0,1,0,1,1,0,0,0,1,1,0,1,0,0,0,1,0,0,1,0,0.0,-395.2658142545773,1
0,0,1,1,1,0,1,1,1,0,1,1,0,0,1,0,1,0,0,0,1,0,1,0,0,0,0,1,1,1,1,1,1,1,0,1,1,1,0,0,1,0,1,1,1,1,0,1,1,0,1,0,1,1,0,1,1,1,0,1,0,0,1,1,0.0,-395.2454645200256,1
1,0,1,0,1,1,0,0,0,0,0,0,0,1,0,0,1,1,0,0,1,0,0,0,1,0,0,1,0,0,0,1,0,0,0,1,0,1,0,0,1,0,0,0,1,0,1,1,1,1,0,0,0,1,0,1,1,0,1,1,0,1,0,0,0.0,-390.4328506401106,1
0,0,0,0,0,1,0,0,1,1,0,0,0,0,1,0,0,1,0,0,1,1,0,0,0,0,1,1,0,0,1,1,1,0,0,1,0,0,1,0,0,1,1,0,1,0,0,1,1,1,0,0,1,1,0,0,0,0,0,1,0,0,1,1,0.015625,-390.4236797028589,1
1,1,1,0,1,1,0,0,1,0,0,0,0,1,0,0,0,1,0,1,1,0,0,0,0,0,0,1,0,0,0,0,0,0,0,1,1,1,0,0,0,0,1,1,1,1,0,1,0,0,0,1,1,1,0,1,1,0,0,0,1,0,0,0,0.015625,-390.41388763138684,1
1,0,1,1,1,1,0,0,0,0,0,0,0,0,0,0,0,1,0,0,1,1,1,0,0,1,1,1,0,1,1,1,0,0,0,0,0,1,0,0,1,0,1,0,1,1,1,0,0,1,0,0,0,0,0,1,1,0,0,0,0,0,0,1,0.0,-390.4107738734635,1
0,0,0,1,0,0,1,0,0,1,1,0,0,0,1,1,1,0,0,0,1,0,0,0,1,0,0,0,1,1,1,1,0,0,0,1,1,0,0,0,0,0,1,1,1,1,0,1,1,0,0,1,0,1,1,0,1,0,0,0,0,0,0,0,0.0,-390.40232716006386,1
1,1,1,1,1,1,1,1,1,1,0,0,0,1,0,0,1,0,0,1,1,1,0,0,1,1,1,1,0,1,1,1,0,0,0,1,1,0,1,1,1,0,1,1,0,1,1,0,1,1,0,1,1,1,0,0,0,0,0,0,1,1,0,1,0.0,-390.1727022690045,1
1,1,1,1,1,0,1,0,1,1,1,0,1,1,1,0,0,0,1,0,1,1,0,0,1,0,0,0,0,0,1,1,0,1,1,0,1,1,0,1,1,1,1,0,1,1,1,1,1,1,0,0,1,0,1,1,1,1,0,0,0,0,1,1,0.015625,-390.04122619820953,1
1,1,0,1,0,1,0,0,0,1,0,1,0,0,0,0,1,0,1,1,0,0,0,0,0,0,1,0,0,0,1,1,0,0,0,1,0,1,0,0,1,0,0,0,1,0,1,1,0,1,0,0,0,0,0,1,1,1,0,1,0,1,0,0,0.015625,-384.4216183058941,1
1,0,0,0,0,1,0,1,0,0,0,1,0,1,1,0,1,0,0,0,0,1,1,0,1,1,0,1,0,1,0,1,0,0,1,0,0,0,0,0,1,0,1,0,0,1,0,1,1,0,0,0,0,1,0,1,0,1,0,0,1,0,0,0,0.0,-384.4144415364426,1
0,1,1,1,0,1,0,1,1,0,1,0,0,0,0,0,1,0,0,0,0,0,1,0,1,0,0,1,0,1,0,0,0,0,0,1,1,0,0,0,1,0,1,0,1,1,0,0,1,0,0,1,0,0,0,1,0,0,1,0,0,1,0,0,0.0,-377.6317767531807,1
0,0,1,0,0,0,0,1,0,0,1,1,1,0,0,0,0,0,0,1,1,0,0,0,1,1,0,1,0,0,0,1,1,0,0,0,0,1,0,0,0,0,1,1,1,0,0,1,1,1,0,0,0,1,0,1,0,1,0,1,0,0,0,0,0.0,-377.6127448614801,1
