0,1,2,3,4,5,6,7,8,9,10,11,12,13,14,15,16,17,18,19,20,21,22,23,24,25,26,27,28,29,30,31,32,33,34,35,36,37,38,39,40,41,42,43,44,45,46,47,48,49,50,51,52,53,54,55,56,57,58,59,60,61,62,63,chain_break_fraction,energy,num_occurrences
0,1,0,1,0,0,0,0,1,0,1,1,1,0,0,1,1,1,0,0,1,0,0,1,1,1,1,1,1,0,0,1,1,1,1,1,0,0,0,0,0,1,1,1,0,1,1,0,0,0,0,1,0,1,0,1,0,0,0,0,1,0,1,1,0.0,-2829.6893135751184,1
1,0,1,1,0,0,1,0,1,0,1,1,0,1,0,1,1,0,0,0,1,0,1,0,1,0,0,0,0,0,1,1,1,1,0,1,0,1,0,0,0,0,0,1,0,1,1,1,0,1,0,1,1,1,0,0,1,0,1,0,1,1,0,1,0.0,-2829.606370650133,1
0,1,1,0,0,1,0,1,0,1,1,0,0,0,0,1,1,0,1,0,0,1,0,1,1,0,1,1,1,0,0,1,1,0,1,1,0,0,1,0,1,0,1,1,0,1,0,1,0,0,0,1,0,1,0,1,0,0,1,1,1,1,0,0,0.0,-2829.497980830457,1
1,0,0,1,1,1,0,0,1,0,1,0,0,0,0,0,1,0,0,0,1,0,1,1,1,0,1,1,1,0,0,1,1,1,0,1,1,1,0,0,0,0,1,1,1,1,0,1,0,1,0,1,0,0,1,1,1,0,0,0,1,1,0,0,0.0,-2829.440898364728,1
0,1,1,0,0,1,1,0,1,1,1,1,0,0,0,1,1,0,0,0,1,1,0,1,1,1,1,1,0,0,1,1,1,0,0,1,1,0,1,0,0,0,0,0,0,1,0,1,1,0,0,0,1,0,0,1,1,1,0,0,0,1,1,0,0.0,-2829.438132242955,1
0,0,0,1,0,1,0,1,1,0,0,0,0,0,0,1,0,1,1,1,1,1,1,0,0,0,1,0,1,0,0,1,1,0,0,1,0,1,0,0,1,0,1,1,1,1,0,1,1,0,0,0,0,1,0,1,1,1,0,1,0,1,1,1,0.0,-2829.3806949696464,1
1,1,1,0,1,1,0,1,1,0,0,1,1,0,0,0,0,0,0,1,1,1,0,1,0,0,0,1,0,0,0,1,0,0,0,1,1,0,1,0,1,0,1,0,1,1,1,1,0,1,0,1,1,0,0,1,1,0,1,0,0,1,0,1,0.03125,-2829.3518443389185,1
0,1,0,1,1,1,0,0,1,0,1,0,0,0,0,0,1,1,1,1,1,0,0,1,1,1,0,0,1,0,1,0,1,1,1,1,0,1,0,0,1,1,0,1,1,0,0,1,1,0,0,1,1,1,0,1,0,0,0,0,0,1,0,0,0.0,-2829.342177301623,1
1,0,0,0,1,1,0,0,0,0,1,0,0,1,0,0,1,0,1,0,1,1,0,0,0,1,1,0,0,1,1,1,1,1,0,1,0,1,1,0,1,0,1,1,1,1,0,1,0,1,0,0,0,1,0,1,1,0,0,0,0,1,1,1,0.0,-2829.2255092736223,1
0,0,1,0,1,1,0,0,0,1,0,0,1,0,0,1,1,1,0,1,1,0,0,0,0,0,1,0,1,1,1,1,0,0,0,1,0,1,0,0,0,0,1,0,1,1,0,1,0,1,0,1,1,1,0,1,1,1,1,1,0,1,0,1,0.0,-2829.2060222223986,1
0,1,0,0,1,1,0,1,0,0,1,1,1,0,0,0,1,0,0,0,1,0,1,1,0,1,1,1,0,1,1,1,0,1,0,1,1,0,0,0,0,0,1,1,0,0,1,1,0,0,1,1,1,1,0,0,1,0,1,0,0,0,1,1,0.015625,-2829.1791500530785,1
1,1,1,0,1,1,0,1,1,0,0,0,1,1,0,0,0,0,1,0,1,0,0,1,1,0,0,0,0,0,1,0,1,1,0,1,1,1,1,0,0,1,1,1,1,0,1,1,1,0,0,0,0,1,0,1,1,0,0,1,0,0,1,0,0.015625,-2829.08654032634,1
0,0,0,0,0,0,0,1,1,0,1,1,1,0,0,1,1,1,1,0,1,1,0,1,1,0,0,1,1,0,1,0,1,0,1,1,0,1,0,0,0,0,1,1,1,0,1,0,1,0,0,1,0,1,1,0,1,0,0,0,1,1,1,0,0.0,-2829.0780620883415,1
1,0,0,0,1,1,0,1,0,0,0,1,1,0,0,0,1,0,1,1,1,1,0,1,0,1,1,1,0,1,0,0,1,0,0,1,0,1,1,0,1,0,1,1,1,1,1,1,0,0,0,0,1,0,1,1,1,0,0,0,0,1,0,0,0.015625,-2829.065223545152,1
1,0,0,1,0,1,1,0,1,1,1,0,0,1,0,0,1,1,0,0,1,1,0,0,1,0,0,1,0,0,0,1,1,0,1,0,1,0,0,0,0,1,1,1,1,1,0,1,0,1,0,0,1,1,1,0,0,0,1,1,1,1,0,0,0.015625,-2829.0519327188886,1
0,0,0,0,0,1,1,0,0,0,1,1,1,1,0,0,0,1,1,0,1,1,0,1,1,1,1,1,0,0,0,1,0,0,1,1,1,1,0,1,0,0,1,1,1,0,1,1,0,0,0,1,0,0,1,1,1,1,0,1,0,0,0,0,0.0,-2829.048525177386,1
1,0,0,1,0,1,0,1,0,0,1,1,1,0,0,1,0,0,1,0,1,0,0,1,0,1,0,1,1,0,1,0,1,0,1,1,1,0,0,0,1,0,1,1,1,1,1,1,0,0,0,1,0,1,0,1,1,0,0,0,1,1,0,0,0.0,-2829.0475241333347,1
0,1,0,1,0,0,0,1,1,0,1,0,1,0,0,0,0,0,0,1,1,1,0,0,1,1,0,1,0,0,0,1,0,0,0,0,1,1,1,0,1,1,1,1,1,1,1,1,0,0,0,1,1,0,1,0,0,0,0,1,1,1,1,1,0.015625,-2829.032159419498,1
0,1,0,1,1,0,0,0,1,0,1,0,1,0,0,0,0,1,0,1,1,0,1,1,1,0,0,1,0,1,0,1,1,0,1,1,1,0,1,1,0,1,1,1,1,1,0,1,1,0,0,0,0,0,0,0,0,1,0,1,0,1,0,1,0.0,-2829.0291587099464,1
1,1,1,1,0,1,1,0,1,0,0,0,0,1,0,0,1,1,0,1,1,1,0,1,0,1,0,1,1,0,0,0,1,0,0,1,0,0,1,0,0,1,1,1,1,0,0,1,0,1,0,0,1,1,1,0,0,0,0,1,0,1,1,0,0.0,-2829.028468254762,1
0,1,1,1,0,0,0,0,1,0,1,0,1,0,1,1,0,0,0,1,1,1,0,0,0,1,0,1,1,0,0,1,1,0,1,1,0,0,0,1,0,1,1,1,0,1,0,1,0,0,0,1,1,1,1,0,1,0,0,1,0,1,1,0,0.015625,-2829.027183834972,1
1,1,0,0,0,1,1,1,0,0,1,1,0,0,0,1,0,0,0,1,1,1,0,0,0,0,0,1,0,1,1,1,0,1,0,1,1,1,0,0,0,1,1,0,1,0,0,1,0,1,0,1,0,1,0,0,1,0,0,1,1,1,1,1,0.0,-2829.0251796823145,1
0,1,0,0,0,0,0,1,1,1,1,0,0,0,1,1,0,1,0,1,1,1,0,1,1,1,1,0,1,0,0,1,0,0,0,1,0,0,1,1,0,1,0,1,1,1,1,0,0,1,0,0,0,0,0,0,1,0,1,1,1,0,1,1,0.0,-2829.0247721024352,1
1,1,0,0,0,0,0,1,1,1,1,0,1,0,1,1,0,0,0,0,1,1,0,0,1,0,0,1,0,0,0,1,1,1,1,1,1,1,1,0,0,1,1,1,1,1,1,1,0,0,0,0,0,1,0,0,1,0,0,1,1,0,0,0,0.0,-2829.0169709844276,1
1,0,0,0,1,1,1,0,0,0,1,0,0,0,0,1,0,1,0,1,1,1,1,0,0,1,1,1,0,0,1,1,1,1,1,1,0,0,0,1,1,0,0,1,1,1,0,1,1,0,0,0,0,0,1,1,0,0,0,1,1,1,0,0,0.0,-2829.0099992666446,1
0,0,0,1,1,0,0,1,0,0,0,0,1,0,0,0,1,1,0,1,1,0,1,1,1,0,1,1,0,1,1,0,1,1,1,0,0,0,0,0,1,0,1,1,1,1,1,1,1,1,0,1,0,1,1,0,0,0,0,0,0,1,1,0,0.0,-2829.00802688196,1
1,0,1,1,1,1,1,1,0,1,1,0,0,0,1,0,1,0,0,1,1,0,0,0,1,0,0,1,0,0,0,1,0,0,1,1,0,0,0,0,0,1,1,0,1,0,1,1,0,0,0,1,1,1,0,1,1,1,0,0,1,0,1,1,0.015625,-2828.994284503773,1
0,1,0,0,1,1,0,1,1,0,0,1,1,1,0,1,0,0,1,1,1,0,0,0,1,1,0,1,0,0,1,1,0,1,0,1,0,1,0,1,0,0,1,1,0,0,1,1,0,0,0,0,1,1,1,1,1,0,0,0,0,0,1,1,0.0,-2828.961867853792,1
1,0,0,0,1,1,0,1,1,1,1,0,1,1,0,1,0,0,1,0,1,1,0,0,0,0,0,0,0,0,1,1,1,1,1,1,0,1,0,1,0,0,1,0,1,0,0,1,0,0,0,1,1,1,1,1,1,0,0,1,0,1,0,0,0.0,-2828.9549011176505,1
1,1,1,1,0,0,0,0,0,1,1,0,0,1,1,1,1,0,0,0,1,0,0,0,1,0,1,1,1,0,0,0,1,0,1,1,0,0,1,0,0,0,1,0,1,0,1,1,1,0,0,1,1,0,0,1,1,0,1,1,1,0,1,0,0.015625,-2828.9544605562905,1
0,1,0,0,1,1,1,1,1,0,0,0,1,0,0,0,1,0,0,0,0,1,0,1,1,0,0,1,1,0,1,1,1,1,1,1,0,1,1,0,0,0,0,0,1,1,0,1,0,1,1,1,0,1,0,0,1,1,0,0,1,0,1,0,0.0,-2828.9403758605754,1
1,0,0,0,0,0,1,1,1,1,1,0,1,0,0,1,1,0,1,0,0,1,1,0,1,0,1,1,0,0,1,1,1,0,0,1,1,1,0,1,0,1,1,1,0,1,0,0,0,0,0,0,0,1,0,1,1,0,0,0,0,1,1,1,0.03125,-2828.9280659949586,1
0,1,0,0,0,1,1,1,0,1,1,1,1,0,0,1,0,0,0,1,1,0,1,1,0,0,1,1,0,0,0,0,0,1,0,1,1,1,1,1,0,0,1,1,0,0,1,1,0,1,0,1,0,0,1,0,1,0,0,1,0,1,1,0,0.015625,-2828.92451811586,1
0,1,1,0,1,1,0,1,1,0,0,0,1,0,1,1,0,0,1,0,0,0,0,0,0,0,1,1,0,0,1,1,0,0,1,1,0,1,1,0,1,0,1,0,0,1,0,1,0,1,0,0,1,1,1,1,1,1,0,0,1,0,1,1,0.0,-2828.903589220854,1
1,1,0,1,1,1,0,0,0,1,0,1,1,1,0,0,0,1,0,0,1,1,1,1,1,0,0,1,1,0,1,0,1,0,0,0,0,1,0,0,1,1,1,0,1,0,0,0,0,0,0,0,0,1,1,0,1,1,0,1,1,1,0,1,0.0,-2828.8994272148993,1
1,0,0,0,0,1,0,0,1,0,0,0,1,1,0,1,0,1,0,1,1,1,0,0,0,0,0,1,1,1,1,0,1,0,0,1,1,1,1,0,0,0,1,1,0,1,1,1,0,1,0,0,0,1,0,0,1,0,1,1,0,1,1,1,0.015625,-2828.891869764053,1
1,1,0,0,1,0,0,1,0,1,0,0,0,0,1,0,0,0,1,0,0,1,0,1,0,1,1,1,0,0,1,1,1,1,0,0,1,1,1,1,1,1,1,1,0,0,0,1,1,0,0,0,1,1,1,0,1,0,0,0,0,0,1,1,0.0,-2828.891520593813,1
0,0,1,1,1,0,1,1,0,0,1,0,0,1,0,0,1,0,0,1,0,0,1,0,0,1,0,1,0,0,0,1,1,0,0,1,1,1,0,0,1,0,1,0,1,1,0,1,1,1,1,0,1,0,1,1,1,0,0,1,0,1,0,1,0.0,-2828.8755254415464,1
1,1,1,0,0,1,1,0,1,1,1,0,1,0,1,0,1,0,0,0,1,1,1,0,0,0,1,1,0,0,0,0,1,1,0,1,1,0,0,0,0,0,1,1,1,1,0,1,0,1,0,0,1,1,0,1,1,0,0,0,0,1,1,0,0.015625,-2828.8387039508434,1
0,0,1,0,1,1,0,1,0,0,1,0,1,0,0,0,1,0,0,1,1,0,0,1,1,0,1,1,0,0,0,0,0,1,1,0,1,1,1,1,0,0,1,1,1,0,0,1,0,0,0,0,1,1,0,1,1,0,1,1,0,1,1,1,0.03125,-2828.8322102175007,1
0,1,0,0,1,1,0,1,1,1,1,1,1,1,1,1,1,1,0,0,1,0,0,1,0,1,0,0,1,0,0,1,1,0,0,0,0,0,1,0,0,1,0,1,1,0,0,1,0,1,0,1,1,0,0,1,0,0,0,1,1,1,0,0,0.0,-2828.8241924307745,1
0,1,0,0,1,1,1,0,0,0,1,0,0,0,0,1,1,0,0,0,0,1,1,0,0,0,0,1,0,0,1,1,1,0,0,1,1,1,1,0,1,0,0,1,1,1,1,1,0,1,0,0,1,1,0,1,0,0,1,1,1,1,0,1,0.0,-2828.8240505112853,1
1,0,0,1,1,1,1,1,0,0,1,0,1,0,1,1,0,1,0,1,0,1,1,0,0,0,0,0,1,1,0,1,1,1,0,1,0,0,0,0,0,0,1,1,1,0,0,1,0,1,0,1,0,1,1,1,1,0,0,0,0,1,1,0,0.0,-2828.823110069989,1
1,0,1,0,0,1,0,0,1,0,1,1,1,0,1,0,0,1,0,1,0,1,0,0,1,0,1,1,0,0,1,0,0,0,1,1,0,1,0,1,0,0,1,1,1,0,0,1,1,0,0,0,0,1,1,1,0,1,0,1,1,1,1,0,0.0,-2828.8228209214435,1
0,0,0,1,1,1,0,1,0,0,0,0,0,1,0,0,0,1,0,0,1,0,0,0,0,0,0,1,1,0,0,0,1,0,1,1,1,0,1,1,0,1,1,1,1,1,1,1,0,0,0,1,0,1,1,0,1,1,0,1,1,1,1,1,0.015625,-2828.813376123415,1
1,0,1,0,1,1,0,0,1,1,1,0,1,0,1,0,1,1,0,1,1,0,0,0,1,0,0,1,0,0,1,1,0,1,1,0,1,1,0,0,0,1,1,0,1,1,0,1,1,0,0,0,1,0,0,0,1,0,1,0,0,1,1,0,0.03125,-2828.8120564132764,1
0,0,1,1,1,0,0,1,1,0,1,1,0,0,1,0,0,1,0,1,1,1,0,0,0,0,0,1,0,0,1,0,0,1,0,1,0,1,1,1,0,1,1,0,1,1,0,1,1,1,0,1,1,1,0,0,1,0,0,0,0,1,1,0,0.0,-2828.797939375606,1
1,0,0,1,0,0,0,1,0,1,1,0,0,1,0,0,0,1,0,1,1,0,1,0,1,0,0,1,1,0,1,1,1,0,1,1,0,0,0,1,0,0,1,1,1,1,0,1,0,0,0,0,0,1,1,1,1,0,1,1,0,1,1,0,0.0,-2828.7959134425605,1
1,0,1,1,1,0,1,0,0,1,1,1,1,0,0,1,1,0,0,0,1,0,0,0,0,0,0,1,0,0,1,1,0,0,1,1,0,0,0,0,0,0,1,1,1,1,0,1,0,1,0,1,1,1,1,1,0,0,1,1,0,1,1,0,0.0,-2828.781283314,1
1,0,1,1,1,1,1,1,0,1,0,0,0,0,0,0,0,0,0,1,1,1,0,1,0,0,1,1,0,1,1,1,1,1,1,0,1,0,1,0,0,0,1,1,1,1,1,1,0,0,0,0,0,1,0,0,0,1,0,0,0,1,1,0,0.0,-2828.7722089138747,1
1,1,1,0,0,1,0,1,1,1,1,0,0,0,0,1,1,0,0,0,1,0,0,0,1,0,1,1,1,0,0,1,1,0,0,0,0,1,1,1,1,0,1,0,0,0,0,1,0,1,1,0,1,1,0,1,0,0,1,0,1,0,1,1,0.015625,-2828.7648459549323,1
0,1,1,1,0,1,0,1,0,1,0,0,1,1,0,0,1,1,0,1,1,1,0,0,1,1,1,1,0,0,1,0,0,1,0,0,0,0,1,0,1,0,1,1,1,0,0,1,0,0,0,0,0,1,1,1,0,0,1,0,1,1,1,0,0.015625,-2828.74421676184,1
0,0,0,0,1,1,0,0,1,0,1,1,1,1,0,0,1,0,0,0,1,0,1,1,1,0,0,1,0,0,1,1,0,1,0,1,1,1,1,1,0,1,1,1,1,1,0,1,0,1,0,1,1,0,0,0,0,0,0,0,1,0,1,0,0.0,-2828.7374245642086,1
0,1,1,0,0,0,1,1,1,0,0,0,1,1,1,0,0,0,1,0,1,0,1,0,0,1,0,1,1,1,0,0,0,0,0,1,0,1,1,0,0,1,1,1,0,1,1,1,0,0,0,1,1,0,0,0,1,1,0,1,0,1,1,1,0.0,-2828.737214995027,1
0,0,0,0,1,0,0,1,1,1,1,0,1,0,1,0,1,1,1,1,1,0,0,0,0,0,1,1,0,0,0,1,0,1,1,1,0,1,0,0,1,0,1,1,1,1,0,0,0,1,0,0,1,0,1,1,1,0,0,1,0,1,1,0,0.0,-2828.724527147528,1
1,1,1,1,0,1,0,0,1,1,0,0,1,0,0,1,0,0,0,1,1,0,0,1,1,1,0,1,0,1,0,1,1,1,1,0,1,0,1,0,0,1,0,0,1,0,0,0,0,0,0,0,0,1,1,1,1,1,1,1,1,0,0,0,0.0,-2828.7209682706603,1
1,0,0,0,0,1,0,1,0,0,0,1,1,0,1,0,0,0,0,1,1,1,0,0,1,1,1,1,0,0,0,1,0,0,1,1,0,0,1,0,1,0,1,1,1,0,1,1,0,1,1,0,1,1,1,1,0,0,1,0,1,1,0,0,0.03125,-2828.7209599077632,1
1,1,0,1,0,1,0,0,0,1,0,1,1,0,1,1,0,0,1,0,1,1,0,0,1,0,0,1,1,0,1,0,0,1,1,1,1,0,0,1,0,0,0,1,1,1,0,1,0,0,0,0,0,1,1,0,1,0,0,1,1,1,1,0,0.0,-2828.709926423796,1
1,1,1,0,1,0,0,1,0,1,0,0,1,0,0,1,0,0,1,1,1,1,1,0,0,0,0,1,0,0,1,1,1,0,0,1,0,1,1,0,0,0,0,1,1,1,1,1,0,1,0,1,1,1,0,0,1,0,0,0,1,0,1,0,0.0,-2828.664532939733,1
0,0,1,0,0,1,0,1,0,0,0,0,1,0,1,0,0,0,0,0,1,0,0,0,1,1,0,1,1,0,1,1,0,1,1,1,1,0,1,0,1,0,1,1,1,1,0,1,1,0,1,1,0,1,1,1,1,0,1,0,0,1,0,0,0.0,-2828.642109105398,1
1,1,1,1,0,1,0,0,1,0,0,0,0,1,1,0,0,1,0,0,0,0,0,0,0,0,0,1,0,0,1,1,0,1,1,1,1,1,0,1,0,0,1,1,1,0,1,1,0,0,0,0,1,1,1,1,1,1,1,0,1,1,0,0,0.0,-2828.614635914517,1
1,0,0,1,0,1,1,1,1,0,1,0,1,0,1,1,1,0,0,0,1,0,0,0,1,0,1,1,0,1,0,0,0,1,0,1,0,0,0,1,0,1,1,1,1,1,0,1,1,0,0,0,1,1,0,1,1,0,0,1,0,0,1,0,0.0,-2828.594825004713,1
0,0,1,0,0,0,0,1,1,0,1,0,1,0,1,0,0,1,0,0,0,1,0,0,1,0,0,1,1,0,1,1,1,1,1,0,1,0,0,0,1,1,1,0,1,1,0,1,0,0,1,0,1,1,0,1,0,0,1,1,1,1,1,0,0.0,-2828.591935268329,1
1,1,0,1,1,1,1,1,0,1,0,0,1,0,1,1,0,0,0,1,1,0,0,0,0,0,0,1,0,0,1,0,1,0,1,1,1,0,0,0,1,0,1,1,1,1,1,1,1,0,0,0,1,0,0,1,0,0,0,0,1,1,1,0,0.0,-2828.5865858871243,1
1,0,1,0,0,1,1,1,0,1,1,0,0,0,1,0,1,0,0,1,0,1,0,1,1,0,0,0,0,0,1,0,0,0,0,0,1,0,1,0,1,1,0,1,0,1,1,1,0,0,0,0,1,1,1,1,1,1,1,0,1,1,1,0,0.0,-2828.5636066185752,1
0,1,1,0,0,1,0,1,0,0,1,0,0,0,1,0,1,0,0,1,1,0,0,0,1,0,1,1,0,0,0,1,1,1,1,1,1,0,1,0,0,0,0,1,1,0,1,1,0,0,1,1,1,1,1,1,0,0,0,1,1,1,0,0,0.015625,-2828.5527551315377,1
0,0,1,1,0,0,0,1,0,0,1,1,1,0,1,1,0,1,0,0,1,1,0,0,1,0,1,1,0,0,0,0,1,1,1,1,1,0,0,0,1,1,0,1,1,0,0,1,0,1,1,1,0,0,0,1,1,0,0,1,1,1,0,0,0.0,-2828.5021584841475,1
0,1,0,0,1,0,0,1,0,0,0,0,1,1,1,0,0,0,0,0,0,1,0,1,1,0,0,1,0,1,1,1,0,0,0,0,1,1,0,0,1,0,1,1,1,1,0,0,1,1,0,1,1,1,1,1,1,0,1,1,0,1,0,1,0.0,-2828.475581843859,1
1,0,1,0,0,0,0,1,1,0,1,1,1,0,0,1,0,1,0,1,0,1,0,0,1,1,0,1,0,1,1,0,0,1,0,0,1,1,1,0,1,1,1,1,0,0,1,1,0,1,0,0,1,1,0,1,0,0,0,0,0,1,1,0,0.0,-2828.471700014899,1
1,1,1,1,0,0,0,0,1,0,1,0,1,0,1,0,1,0,0,0,1,0,0,0,1,1,0,1,0,0,0,1,1,1,0,0,1,0,1,0,1,1,1,0,1,1,0,1,0,0,1,0,1,1,0,1,0,1,1,0,0,0,1,1,0.015625,-2828.4416176641607,1
1,0,1,0,0,1,0,0,0,1,1,1,0,1,0,0,0,0,0,1,1,0,0,0,1,1,1,0,0,1,1,0,0,1,1,0,1,1,1,1,1,1,0,0,1,0,0,1,0,1,0,0,1,0,1,1,0,0,0,1,1,1,1,0,0.0,-2828.4368407442184,1
0,0,1,0,0,0,1,1,1,0,1,0,1,0,1,0,1,0,0,0,1,1,1,1,1,1,0,1,0,0,0,0,1,1,0,0,1,0,1,0,0,0,0,1,1,1,0,0,0,1,0,1,1,0,1,1,1,1,0,0,1,1,1,0,0.0,-2828.432767323885,1
0,1,1,0,0,1,0,0,0,1,0,0,1,1,1,0,0,1,0,1,1,1,1,0,0,1,1,1,0,0,0,0,1,1,1,1,1,0,0,0,1,0,0,1,1,0,1,1,1,1,0,0,1,1,0,1,0,0,0,0,0,1,1,0,0.015625,-2828.423035498401,1
1,0,0,0,0,1,0,0,1,0,1,0,1,1,1,1,0,1,1,1,1,1,0,1,0,0,1,1,0,0,0,0,1,1,0,0,1,1,0,0,0,0,1,1,1,1,1,1,0,1,0,1,0,0,0,1,0,1,0,0,0,0,1,1,0.0,-2828.420324794065,1
0,1,0,0,1,0,0,1,1,0,1,0,0,0,0,1,1,0,0,0,1,1,1,0,0,1,1,1,1,1,0,1,0,0,0,1,1,0,1,1,0,1,1,1,1,1,1,0,0,1,1,0,0,0,0,1,1,0,0,1,0,0,0,1,0.03125,-2828.4061846678374,1
1,0,1,1,0,0,0,0,1,1,1,0,1,0,0,1,0,0,1,0,1,0,0,1,1,0,0,1,0,1,1,0,0,0,0,1,1,1,1,1,0,1,1,1,1,1,0,1,0,1,0,0,0,1,0,0,1,1,0,0,1,1,0,0,0.0,-2828.401265268708,1
0,0,1,0,1,0,0,0,0,0,0,0,1,0,1,1,0,0,1,1,0,1,0,0,0,1,1,1,0,0,0,1,0,1,1,0,1,1,0,0,1,1,0,1,0,0,1,1,0,0,1,1,1,1,1,0,1,1,0,0,1,1,1,1,0.0,-2828.3735220315307,1
1,0,1,1,0,0,0,0,0,0,1,0,1,1,0,0,1,0,0,1,1,1,0,0,0,0,0,1,1,0,0,1,1,0,1,0,1,1,1,1,1,1,1,0,1,1,1,0,0,0,1,0,0,1,0,1,1,0,0,1,0,1,0,1,0.0,-2828.36550846754,1
1,1,0,0,1,0,0,0,0,0,1,1,1,0,1,0,1,0,0,0,1,0,0,0,1,0,1,1,1,0,0,0,0,0,1,1,0,0,1,1,1,1,1,1,1,0,0,1,0,1,1,0,1,1,0,1,0,0,0,1,1,1,1,0,0.0,-2828.3344139895976,1
1,1,0,1,0,0,0,1,0,0,0,0,1,0,1,0,1,0,0,1,1,1,1,0,1,0,0,1,1,0,1,1,1,0,1,1,1,0,0,0,0,1,1,1,0,1,0,1,0,0,1,1,0,1,1,1,1,1,0,0,0,0,0,0,0.0,-2828.33388354431,1
1,0,1,0,1,1,0,1,1,0,1,0,0,1,1,0,1,0,0,0,0,0,1,0,0,0,0,1,0,0,0,1,1,1,1,0,1,1,0,0,0,0,0,1,1,1,0,1,0,1,0,1,1,1,0,1,0,1,1,1,1,1,0,0,0.015625,-2828.3332046717715,1
1,0,0,0,0,0,0,1,1,1,1,1,0,0,1,0,1,1,1,0,1,1,0,0,0,0,1,1,1,0,1,0,1,0,1,0,0,1,0,1,1,0,0,1,1,1,0,1,0,1,0,0,1,0,0,1,1,0,0,0,1,1,1,0,0.0,-2828.31745762746,1
0,0,1,1,1,1,0,0,0,1,1,0,1,1,1,1,0,1,0,1,1,1,1,0,0,0,1,1,1,0,1,1,1,1,0,1,1,1,0,0,0,0,1,1,0,1,1,0,0,0,0,0,0,1,0,1,0,1,0,0,0,0,0,0,0.0,-2828.279419279436,1
1,1,0,1,1,0,0,1,0,0,1,0,1,1,1,1,0,0,0,1,1,0,0,0,0,0,0,1,1,0,1,1,1,0,1,0,1,0,0,1,0,0,1,1,1,1,0,0,1,1,0,1,0,0,0,1,1,0,0,0,1,1,0,1,0.0,-2828.272790916343,1
1,0,1,0,0,1,1,0,1,0,1,0,1,0,1,0,1,1,0,0,1,0,1,1,1,1,0,1,0,0,1,1,0,0,1,1,0,1,1,0,0,0,0,0,1,1,0,0,0,0,1,1,0,0,1,1,1,1,0,0,0,1,1,0,0.015625,-2828.267699326991,1
1,0,1,1,1,0,0,0,0,1,1,0,1,0,1,0,1,0,1,0,1,0,0,1,1,1,1,1,0,0,1,0,0,1,0,1,0,0,1,0,1,1,1,1,1,0,0,0,0,0,1,0,1,1,0,1,1,0,0,0,0,0,1,1,0.0,-2828.26213806129,1
1,0,0,0,0,1,0,1,0,1,0,0,1,0,1,1,0,0,1,1,1,1,0,1,0,1,0,1,1,1,1,1,0,0,1,1,0,0,1,1,1,0,0,0,1,1,1,1,0,0,0,0,1,0,1,1,1,0,0,0,0,1,0,0,0.0,-2828.21602869379,1
1,0,0,0,1,0,0,1,1,0,1,1,1,1,1,1,0,1,0,0,1,1,0,1,0,1,1,1,0,0,1,0,0,0,0,0,1,0,1,1,0,1,1,1,1,1,1,1,0,0,0,0,1,1,0,0,0,0,0,0,0,1,1,0,0.0,-2828.197283394105,1
1,1,1,0,1,1,1,0,1,1,1,1,1,0,1,0,1,1,0,0,1,1,0,0,1,0,0,1,0,1,1,0,1,1,0,1,1,0,0,0,1,0,0,0,1,0,1,1,0,1,1,0,0,0,0,1,0,1,0,0,0,0,0,0,0.0,-2828.1331382231456,1
1,0,0,1,1,1,0,1,0,0,1,0,0,1,1,1,1,1,1,0,1,0,0,1,0,0,0,1,0,0,1,1,1,0,0,0,0,1,1,0,0,0,1,0,1,0,0,1,0,1,0,0,1,0,1,1,0,1,0,0,1,1,1,1,0.015625,-2827.9984371737232,1
1,1,1,0,1,1,0,0,1,1,1,0,0,0,0,0,0,1,0,0,0,0,1,0,0,0,1,1,0,0,1,0,1,0,1,1,0,1,1,1,0,1,0,1,1,0,1,1,0,1,1,1,0,0,1,0,0,1,1,0,1,1,0,0,0.0,-2827.9618529733457,1
1,0,1,0,1,1,0,1,0,0,0,1,1,1,0,1,0,0,0,0,1,1,0,1,1,1,0,0,1,0,1,1,1,0,0,1,0,1,0,0,0,0,0,1,0,1,1,0,0,0,0,1,0,1,0,0,1,0,1,0,1,1,1,1,0.0,-2827.0125424523703,1
0,0,0,1,0,0,1,1,1,0,1,0,1,0,1,0,1,0,0,0,1,1,0,0,1,1,1,0,1,1,0,1,1,0,0,1,1,1,1,0,0,0,1,1,0,1,0,1,0,0,0,0,1,1,0,0,1,0,1,0,0,1,1,0,0.0,-2826.9031536350694,1
0,0,1,0,1,1,1,0,1,0,1,0,1,0,0,0,1,0,0,0,1,1,0,0,1,0,0,0,0,0,0,1,1,1,1,1,0,0,1,0,0,0,1,1,1,1,0,1,0,1,0,1,1,0,1,1,1,0,1,1,1,1,0,1,0.0,-2826.8783066939013,1
1,1,0,0,0,0,0,1,0,0,0,0,0,1,0,1,1,0,0,1,1,1,0,1,0,1,1,0,0,0,0,1,1,1,1,0,1,1,0,0,0,0,1,1,0,1,0,1,0,1,0,1,0,1,0,1,1,1,0,1,0,1,0,1,0.0,-2826.8333407809214,1
0,1,1,0,1,1,1,1,0,0,1,0,0,0,0,0,0,0,0,0,1,1,1,1,1,1,1,0,1,1,1,0,0,0,0,1,1,0,1,1,0,0,1,0,0,0,1,1,1,0,0,1,0,0,0,1,1,1,0,0,1,1,0,0,0.0,-2826.7756608021878,1
1,0,0,1,0,1,0,1,1,0,1,0,1,0,0,0,0,0,1,1,0,1,1,0,1,1,1,0,1,0,1,0,0,0,1,1,0,1,0,0,1,1,0,1,0,1,0,1,0,0,0,1,0,1,0,1,1,0,1,0,0,1,1,0,0.03125,-2826.71422469499,1
0,1,1,1,0,1,0,0,0,0,0,1,0,1,0,0,1,1,1,1,1,1,0,1,0,1,1,1,0,0,0,1,1,0,0,1,1,1,1,0,0,1,1,1,0,1,1,1,0,0,0,1,0,1,0,0,1,0,0,1,0,0,1,0,0.0,-2826.65972532432,1
1,0,0,0,1,0,0,1,1,0,0,0,1,0,0,1,1,0,0,0,1,0,1,1,1,1,1,1,0,0,1,1,1,0,0,1,1,0,0,0,1,0,0,1,0,1,0,1,1,0,0,1,1,1,0,1,0,0,0,0,0,1,1,1,0.015625,-2826.602229039694,1
1,0,0,1,0,1,1,1,1,0,0,0,0,0,0,0,0,0,1,0,1,1,0,0,0,1,0,0,1,1,1,1,1,0,1,1,0,0,1,0,0,0,1,1,1,0,1,1,0,0,0,1,0,1,1,1,1,1,0,0,0,1,1,0,0.0,-2826.555260448965,1
0,0,1,1,0,0,1,0,0,0,0,0,0,1,0,1,1,0,0,1,1,0,1,0,1,1,1,0,0,0,1,0,1,1,0,1,1,1,1,1,1,0,1,1,0,0,1,1,1,1,0,0,0,1,1,0,1,0,0,0,0,1,0,0,0.0,-2826.5541656983805,1
1,0,1,1,0,1,1,1,1,0,1,0,0,0,0,0,1,1,0,1,1,1,1,0,0,1,0,0,1,1,0,1,1,0,1,1,0,0,0,1,0,0,1,1,1,1,0,1,1,1,0,0,1,0,0,0,1,0,1,1,0,0,0,0,0.015625,-2826.5231093479556,1
1,1,0,0,1,1,0,1,1,0,1,1,0,0,0,0,0,0,0,0,1,0,0,0,1,0,0,1,0,1,1,0,1,1,0,1,0,1,0,0,1,1,1,1,1,0,0,1,0,0,0,1,0,1,1,0,0,0,1,1,1,1,1,0,0.0,-2826.504712747672,1
1,1,0,0,1,1,0,0,0,0,1,1,1,0,0,0,1,0,0,1,1,0,1,0,0,1,0,1,0,0,0,1,1,0,1,1,1,0,1,0,0,1,1,1,0,0,1,1,1,1,0,0,1,1,1,0,1,0,1,1,0,1,0,0,0.0,-2826.457195067944,1
0,0,0,0,0,1,0,1,1,0,1,1,1,0,0,0,1,1,1,0,1,1,1,1,1,1,1,0,0,1,0,1,0,1,0,1,1,0,1,1,0,0,0,1,1,1,0,1,1,1,0,0,0,0,0,1,0,0,0,1,1,1,0,0,0.0,-2826.4548162715246,1
0,0,0,1,0,0,1,0,1,0,1,0,1,1,0,0,1,0,1,0,1,1,0,1,1,0,0,1,1,0,1,1,1,1,1,1,0,1,1,0,0,0,1,0,0,0,1,1,0,0,0,0,0,1,1,1,1,1,0,0,1,1,1,0,0.0,-2826.4542842474,1
1,0,1,0,0,0,1,0,1,1,0,0,1,0,1,0,1,0,0,0,1,0,0,1,0,0,1,1,1,0,1,1,1,0,0,0,1,1,1,0,0,0,1,1,0,0,1,1,0,1,0,0,1,1,0,1,0,0,1,1,1,1,0,0,0.0,-2826.399350307903,1
1,0,1,1,0,1,1,0,0,0,0,0,0,0,1,1,0,1,0,0,1,1,1,1,0,1,1,1,1,0,1,1,0,1,0,1,0,0,1,0,0,1,1,0,0,1,0,1,0,0,0,1,1,1,0,1,1,0,1,0,1,1,0,0,0.0,-2826.3886929387486,1
1,1,1,1,0,1,1,0,0,1,0,0,1,0,0,0,0,0,0,1,1,1,0,0,0,0,1,0,0,0,1,1,1,1,1,0,1,0,1,0,0,1,1,0,1,1,0,1,0,0,0,0,1,1,0,1,1,1,1,0,0,1,0,0,0.015625,-2826.3764437486116,1
1,0,1,0,0,0,0,1,1,0,0,0,1,0,0,0,0,1,0,1,1,0,0,1,1,1,1,1,0,1,1,1,0,1,0,1,1,0,0,0,0,0,1,1,1,1,1,1,0,1,0,1,0,1,1,1,0,0,1,0,1,1,0,0,0.015625,-2826.3606389969773,1
0,1,0,0,1,0,0,1,1,0,1,1,1,1,0,0,0,0,0,0,1,0,0,0,0,0,1,1,0,0,1,1,0,1,1,0,0,1,0,0,1,1,1,1,1,0,1,1,0,0,0,0,0,1,0,1,1,0,1,1,0,1,1,1,0.015625,-2826.357132836891,1
0,1,0,0,1,1,0,1,1,0,0,0,1,0,0,0,1,0,1,1,1,1,1,0,1,1,1,1,0,0,0,1,1,0,1,1,0,1,1,0,0,1,1,1,1,0,0,0,1,0,0,1,1,1,0,1,1,0,0,0,0,1,0,0,0.03125,-2826.353994730687,1
1,0,0,0,0,0,0,1,1,1,1,1,0,0,0,0,1,0,0,0,1,1,0,0,0,0,1,1,1,0,0,0,0,1,0,1,1,1,0,1,1,0,1,1,1,1,0,1,1,0,0,0,0,1,0,1,1,1,0,1,0,1,1,0,0.0,-2826.3392271263924,1
0,0,0,0,1,1,1,1,0,1,0,1,0,0,0,0,1,1,1,0,1,1,0,1,1,0,1,1,0,1,0,1,0,1,0,0,0,0,1,1,0,0,1,1,1,1,0,1,0,0,0,1,1,0,0,1,1,0,0,1,0,1,1,1,0.0,-2826.3389686218693,1
0,0,1,0,1,1,1,0,0,0,0,1,0,0,0,0,0,1,1,0,1,0,1,0,1,0,0,1,1,1,0,0,1,1,0,1,1,0,0,0,1,0,0,1,1,0,1,1,0,0,0,1,0,1,1,1,1,1,1,0,1,1,0,0,0.015625,-2826.3341152944586,1
0,0,1,0,0,1,1,1,0,0,0,0,1,1,0,0,0,0,0,0,1,0,1,0,1,0,0,1,0,1,0,0,1,0,1,1,1,1,0,0,0,1,0,1,0,1,1,1,1,0,0,1,1,1,1,1,1,0,1,0,0,1,0,1,0.0,-2826.326523605611,1
0,1,0,0,0,0,0,1,0,0,0,0,1,1,0,0,1,1,1,1,0,0,1,0,1,1,1,1,0,0,0,0,0,1,1,1,0,1,0,1,0,0,1,1,1,1,1,1,1,0,0,0,1,1,1,0,0,0,1,1,0,0,1,0,0.0,-2826.313885272283,1
0,0,1,1,1,1,0,1,1,1,0,0,1,0,0,1,0,1,1,1,0,1,1,0,1,0,1,0,0,1,0,1,1,0,1,1,0,1,0,0,0,1,0,1,1,1,0,1,0,0,0,1,0,1,1,1,1,0,0,1,0,0,0,0,0.0,-2826.2973639919387,1
0,0,0,1,0,1,0,1,0,1,1,1,0,0,1,1,1,0,1,0,1,0,1,1,0,1,0,1,0,1,0,1,0,0,0,1,1,1,0,0,0,0,1,1,0,1,1,1,0,1,0,1,1,0,0,1,0,0,1,0,0,0,0,1,0.015625,-2826.2864191465555,1
1,1,0,0,0,0,0,1,1,0,1,0,0,0,1,1,1,1,0,0,0,1,1,1,1,0,1,1,0,0,0,1,1,0,1,1,0,1,0,1,0,1,0,0,1,1,0,1,0,0,0,1,0,1,0,1,1,0,1,0,0,1,0,0,0.0,-2826.283573999429,1
1,1,1,0,1,1,0,1,0,0,0,1,1,1,0,1,1,0,0,1,1,0,0,1,0,0,0,0,0,1,0,1,1,1,0,0,1,1,1,0,1,1,0,1,0,0,0,1,0,0,0,0,0,0,1,1,1,0,1,0,0,1,0,1,0.0,-2826.276702158477,1
1,0,0,1,0,1,0,0,0,0,1,0,0,0,0,1,1,1,0,0,1,1,0,0,0,0,1,1,1,0,0,1,1,0,0,0,0,1,1,0,1,1,1,1,1,1,1,1,1,0,0,0,0,0,0,0,1,1,0,1,0,1,1,1,0.015625,-2826.2738893601927,1
1,1,0,0,0,1,0,1,1,0,1,1,1,0,0,1,0,0,0,0,1,0,0,0,0,1,0,1,0,1,0,0,1,0,0,1,1,1,0,0,1,1,1,1,1,1,1,1,0,0,0,1,0,1,1,0,1,0,1,0,0,1,0,0,0.03125,-2826.2648191607154,1
0,1,1,0,1,1,0,1,1,1,0,0,1,1,0,0,0,1,0,1,1,0,1,0,0,1,0,1,0,0,0,1,1,0,0,1,0,0,0,1,0,0,0,1,1,1,0,1,0,1,0,1,1,0,0,1,1,0,0,0,1,1,1,0,0.0,-2826.263092692207,1
1,1,1,0,1,1,0,0,1,1,0,1,0,1,1,0,1,0,0,1,1,1,1,0,1,1,0,1,0,0,0,0,0,1,1,1,0,0,0,0,0,0,1,1,1,1,0,1,0,1,0,0,0,1,1,0,1,0,0,0,0,1,0,0,0.015625,-2826.2592074469353,1
1,1,1,1,0,1,0,0,0,1,0,0,1,0,1,0,1,1,0,1,1,1,0,0,0,0,0,1,0,0,0,1,1,0,1,0,0,0,0,0,1,1,1,1,1,1,0,1,0,0,0,1,1,0,0,1,1,0,1,0,1,0,1,0,0.0,-2826.2492107694075,1
1,0,1,0,1,1,1,0,1,0,0,0,0,0,0,0,0,0,0,0,1,1,1,0,0,0,1,1,0,1,0,1,1,1,1,1,0,1,0,1,1,0,0,1,0,0,1,1,0,0,0,1,1,0,1,1,1,1,1,1,1,1,0,0,0.015625,-2826.24116544878,1
0,0,0,0,1,0,0,1,1,1,1,0,1,0,1,1,0,0,0,0,1,0,1,0,0,0,0,1,1,0,0,1,1,1,0,1,1,1,0,0,0,0,0,1,0,1,1,1,0,1,0,1,0,1,1,1,0,0,1,0,1,1,0,1,0.015625,-2826.2370971642267,1
1,1,1,0,1,0,0,1,0,0,0,0,1,1,0,1,1,1,0,1,0,0,0,0,0,0,1,1,0,0,0,1,1,0,1,0,0,1,0,1,1,1,1,1,0,1,0,1,1,0,0,1,1,0,0,0,1,1,0,0,1,0,0,1,0.0,-2826.2163367459884,1
0,1,0,0,1,0,0,1,1,0,1,1,1,0,1,1,1,0,1,0,1,1,1,0,0,0,1,0,0,0,1,1,1,0,1,1,0,0,0,0,0,0,1,1,1,0,0,1,1,0,1,0,0,1,0,1,1,1,0,0,0,0,0,1,0.0,-2826.2066274117687,1
0,0,1,0,0,1,0,0,1,1,1,0,0,0,1,0,1,1,0,1,1,0,0,1,1,0,0,1,0,1,0,0,1,0,0,1,1,0,1,0,1,1,0,1,0,1,0,1,1,1,0,0,1,1,0,0,1,0,0,1,0,0,1,1,0.015625,-2826.202312844012,1
0,1,1,0,0,1,0,0,0,1,0,1,1,0,0,0,1,0,0,0,1,1,0,1,1,0,0,1,0,0,0,0,1,0,0,0,1,1,1,1,1,1,1,1,1,1,1,1,0,0,0,1,1,1,1,0,1,0,0,0,1,1,0,1,0.0,-2826.1702746903356,1
1,1,1,1,0,0,1,1,0,1,1,1,0,0,1,0,0,1,0,1,1,0,0,1,1,0,0,1,0,0,0,1,1,1,0,1,1,0,1,0,0,1,1,0,1,0,1,0,1,0,0,0,0,0,0,1,0,0,1,0,1,1,1,1,0.0,-2826.1584731297075,1
0,0,1,0,0,1,0,1,1,0,0,1,1,1,0,0,0,1,0,0,1,1,1,0,1,1,1,1,0,0,1,1,1,0,0,1,0,0,1,1,0,1,1,0,1,0,1,1,0,0,0,0,1,0,0,1,1,0,1,1,0,1,1,0,0.015625,-2826.132047695946,1
1,0,1,0,0,1,0,0,1,1,1,1,0,0,1,0,0,0,1,1,1,0,0,0,1,0,0,0,0,0,0,1,1,0,0,1,1,1,0,1,0,1,1,1,0,0,1,1,0,0,1,1,1,0,1,1,1,0,0,1,1,1,1,0,0.0,-2826.130645288049,1
0,0,0,1,1,0,1,1,0,1,1,1,1,0,0,0,0,0,0,0,1,0,0,0,0,0,1,1,1,1,0,1,1,0,0,1,0,1,0,1,1,1,0,0,1,0,0,1,0,1,0,0,1,0,1,1,1,0,1,0,0,1,1,1,0.015625,-2826.1305086482553,1
1,0,1,0,1,1,0,1,1,1,0,0,1,0,1,1,1,1,0,1,0,0,0,0,0,0,1,1,1,0,0,1,1,0,1,1,0,0,1,1,1,0,0,1,0,1,0,1,0,1,0,0,0,1,0,1,0,0,1,0,0,1,0,0,0.0,-2826.124276558363,1
0,0,1,1,0,0,0,1,0,1,0,0,0,0,1,1,1,0,0,0,0,1,0,1,1,1,1,1,0,1,1,0,1,0,1,0,0,0,1,0,0,1,0,1,0,0,1,1,0,1,0,1,1,1,1,0,1,0,0,0,1,1,1,0,0.0,-2826.1070942316214,1
0,0,0,0,1,1,0,1,1,1,1,0,0,0,0,0,1,0,0,0,1,0,1,0,1,1,1,1,1,0,0,1,1,0,0,1,0,1,1,1,0,1,1,1,1,1,0,1,0,0,0,1,0,0,0,1,0,1,1,1,1,1,0,0,0.015625,-2826.101389965427,1
0,1,1,0,0,1,1,0,1,1,1,0,0,1,1,1,1,1,1,0,1,0,0,0,0,0,1,0,0,1,1,0,0,0,1,1,0,1,0,0,0,1,1,1,0,1,0,1,1,1,0,1,0,0,1,1,1,0,0,1,0,1,0,0,0.0,-2826.087646298509,1
1,1,1,0,0,0,0,1,1,0,0,0,1,1,0,1,0,0,0,0,1,0,1,0,0,0,1,1,0,0,1,1,0,0,0,1,0,1,0,1,0,0,1,0,0,1,1,1,0,0,0,1,1,1,1,1,1,1,1,0,0,0,1,1,0.0,-2826.0829739455266,1
1,0,1,0,1,0,0,1,0,0,0,0,0,0,0,0,1,1,0,0,1,0,0,0,1,0,1,1,0,0,0,0,1,0,0,1,1,1,1,1,1,1,1,1,1,1,1,1,0,1,0,0,0,1,1,1,0,1,0,0,1,1,0,0,0.0,-2826.063640373067,1
1,1,0,1,0,0,1,1,1,1,1,0,1,0,0,1,1,0,0,0,1,0,1,0,0,1,0,1,0,0,1,0,1,0,1,0,0,0,0,1,1,1,1,1,1,1,0,0,0,0,0,0,0,1,1,0,1,0,1,0,1,1,0,0,0.015625,-2826.0627792543046,1
1,0,1,0,1,0,1,0,1,1,1,0,1,0,0,0,0,0,0,1,1,0,0,0,0,0,1,1,1,1,0,0,1,0,1,1,1,1,0,0,0,0,1,1,1,0,1,1,1,0,1,0,0,1,0,1,1,1,0,0,1,0,0,0,0.0,-2826.060997521277,1
1,0,1,0,0,0,1,0,0,1,0,1,1,0,0,1,0,0,0,0,1,0,0,0,1,0,0,1,0,1,0,1,0,0,0,1,1,1,1,0,0,0,0,0,1,1,0,1,1,1,0,1,0,1,1,1,1,1,1,1,0,0,1,1,0.0,-2826.052232927434,1
0,0,1,1,1,1,1,1,0,0,0,1,0,0,0,1,0,0,1,1,0,0,0,1,0,1,1,1,0,1,1,1,0,1,1,1,0,0,1,1,1,1,0,1,0,1,0,1,0,0,0,0,0,0,1,1,0,1,1,0,0,0,0,0,0.0,-2826.0512946659514,1
1,1,1,0,0,1,0,1,0,0,0,0,1,0,0,1,0,0,1,0,1,1,0,1,1,1,0,1,0,0,1,0,1,1,0,1,1,1,0,0,0,0,0,1,1,1,0,1,0,1,1,1,0,0,0,1,1,0,0,1,0,1,0,0,0.0,-2826.041676271331,1
0,1,0,0,0,0,1,1,0,0,0,1,1,1,0,1,1,1,1,0,1,0,0,0,1,0,1,1,0,1,1,0,0,1,0,0,0,0,0,0,1,0,1,1,1,0,0,1,1,0,0,1,1,1,0,1,1,0,1,0,0,1,1,0,0.0,-2826.0284642895117,1
0,0,1,1,0,1,1,1,0,1,0,0,1,0,1,0,1,0,0,0,1,0,0,0,1,0,0,1,0,1,0,1,0,0,0,0,0,1,1,0,1,1,1,1,1,1,1,1,1,1,0,0,1,1,0,1,0,0,0,0,1,1,0,0,0.0,-2826.0152469138825,1
1,0,1,0,0,1,1,1,1,0,0,1,0,0,0,1,0,1,1,0,0,0,1,0,0,0,1,1,1,0,0,1,1,0,1,1,1,1,0,0,0,1,0,1,1,0,0,1,1,0,0,1,0,0,0,1,0,1,1,0,1,1,0,0,0.0,-2826.01399412939,1
1,0,1,0,0,1,1,1,0,1,0,0,1,1,0,0,1,1,0,0,0,0,0,1,0,0,1,1,0,0,1,1,1,0,1,0,0,0,1,0,0,0,1,1,1,1,0,0,1,1,0,0,0,1,1,1,0,1,1,1,0,0,0,1,0.0,-2826.012140724867,1
0,1,1,1,1,0,1,0,0,1,1,0,0,1,1,0,0,0,1,0,1,1,0,0,1,1,1,1,0,0,0,0,0,1,1,0,0,0,1,0,1,0,1,1,1,0,0,1,0,0,0,1,1,1,1,0,0,1,0,1,0,1,0,0,0.0,-2826.002630245878,1
1,0,1,0,0,1,1,0,0,1,0,1,0,1,0,0,0,1,0,0,1,1,0,0,1,0,0,1,0,1,0,0,1,1,0,1,0,1,1,1,0,1,0,1,1,0,1,1,0,1,0,1,0,1,1,0,1,0,1,0,1,1,0,1,0.0,-2825.998056527766,1
0,1,1,0,0,1,0,0,1,1,0,0,1,1,1,1,1,0,0,0,1,1,0,1,1,0,0,1,0,0,1,0,0,1,0,1,1,0,0,0,0,1,0,0,0,1,1,1,0,1,0,1,1,0,1,1,1,0,1,0,0,1,0,0,0.03125,-2825.9949981131754,1
0,0,1,1,0,0,1,0,0,0,1,0,1,0,1,0,1,1,0,0,1,1,0,0,0,0,0,1,0,0,0,1,0,1,1,1,1,1,1,0,0,1,1,1,1,1,0,1,0,1,1,0,0,0,0,0,1,0,1,1,0,0,1,1,0.0,-2825.9734611325275,1
1,1,1,0,1,1,0,0,0,0,1,0,0,0,0,0,1,0,0,0,1,1,1,0,0,0,1,1,1,1,1,0,1,1,1,1,1,0,1,0,0,0,1,1,1,0,1,1,1,1,0,0,1,1,0,1,1,0,0,0,0,1,0,0,0.0,-2825.968248929601,1
1,0,0,0,1,0,0,1,1,0,1,1,0,0,1,1,0,0,0,1,1,0,0,0,1,1,1,1,1,0,1,0,1,0,1,1,0,1,0,0,1,0,1,1,1,0,0,1,0,0,1,0,0,1,0,1,0,0,0,1,0,1,1,0,0.0,-2825.959876496401,1
1,1,0,0,0,0,1,0,0,1,1,0,0,1,0,0,1,1,0,1,1,0,1,0,1,0,0,0,0,1,1,1,0,0,1,1,1,1,0,0,0,1,1,1,1,1,0,0,0,1,0,1,0,1,0,1,1,0,0,1,1,1,1,0,0.0,-2825.9564952289493,1
1,0,1,0,0,0,1,1,1,1,1,1,0,1,0,0,0,0,0,1,1,0,0,1,1,1,0,1,0,0,0,0,1,0,0,0,1,1,0,0,1,0,1,0,1,1,0,1,1,1,1,0,1,1,0,1,1,0,0,0,0,1,1,1,0.03125,-2825.952658433257,1
0,0,1,1,1,1,1,0,1,1,1,1,0,1,0,0,0,1,1,0,1,1,0,0,0,0,0,1,0,0,1,1,1,0,0,1,0,0,1,0,0,1,0,1,1,0,0,1,1,0,0,0,1,1,1,1,1,0,1,0,0,1,1,0,0.0,-2825.9458107330643,1
1,1,0,1,0,0,0,0,0,0,0,0,1,0,0,1,1,0,0,0,1,0,1,1,1,1,0,1,0,0,1,0,1,1,1,0,0,1,0,1,1,1,1,1,0,1,1,1,0,0,1,1,0,0,0,1,1,0,1,0,1,1,0,1,0.0,-2825.943437535274,1
0,0,0,0,1,0,0,1,0,1,1,0,1,1,1,0,1,0,0,0,1,1,0,1,1,0,0,1,0,0,1,0,1,1,1,1,0,1,1,1,1,0,1,1,0,1,0,1,0,1,0,0,1,1,0,1,0,0,0,0,1,0,0,0,0.0,-2825.9410486129923,1
0,0,0,0,0,0,0,1,1,0,0,0,0,1,0,1,1,1,0,0,0,0,1,1,1,1,1,1,1,0,0,0,0,0,0,1,0,1,1,1,0,0,1,1,1,1,0,1,0,0,0,1,1,1,1,1,1,1,0,0,0,1,1,0,0.0,-2825.935859359606,1
1,0,0,0,0,1,1,0,0,0,1,0,0,0,1,1,1,1,1,1,1,1,0,0,1,0,0,1,0,1,1,0,1,0,0,1,0,0,0,0,0,1,1,1,1,1,1,1,0,0,0,0,0,0,0,1,1,0,0,1,0,1,1,1,0.015625,-2825.933280569194,1
0,0,0,1,0,1,0,1,1,1,1,1,0,1,1,0,0,1,1,1,0,1,0,0,1,0,1,1,0,0,0,0,1,0,0,1,1,0,0,0,0,1,0,1,1,0,0,1,1,1,0,0,0,1,1,0,1,1,0,0,0,1,1,0,0.0,-2825.926202942685,1
1,0,0,0,1,1,0,0,0,0,0,0,0,0,1,1,1,0,1,0,1,0,0,0,0,0,1,1,1,0,0,0,1,1,0,1,1,1,0,1,1,1,1,1,1,1,0,1,0,1,0,1,0,1,1,1,0,0,0,0,0,1,0,1,0.015625,-2825.92050192973,1
0,1,1,0,1,1,0,0,1,1,0,0,0,0,1,0,1,0,0,1,1,1,0,0,0,1,0,1,1,1,1,0,1,0,0,1,0,1,1,0,0,0,0,0,1,1,1,1,1,1,0,0,1,1,0,1,1,0,0,0,1,1,1,0,0.0,-2825.9111992777885,1
1,1,1,0,0,0,1,1,1,0,0,1,1,0,1,0,0,0,0,0,1,0,1,0,1,0,0,1,0,0,1,0,0,1,0,1,0,0,0,1,0,1,1,1,1,1,1,1,1,1,1,1,0,0,0,0,1,0,1,0,0,1,0,0,0.0,-2825.9100679706694,1
1,1,0,1,1,1,0,0,0,0,0,0,1,1,0,0,1,0,0,0,0,1,0,0,0,1,1,1,1,0,1,1,0,1,0,1,1,0,0,0,1,0,0,1,0,0,1,1,0,0,1,1,1,0,1,1,1,1,0,0,0,1,1,0,0.0,-2825.9014985894246,1
0,1,0,1,1,1,0,1,1,1,0,1,1,0,1,0,0,0,0,1,1,1,0,0,1,0,0,1,1,0,0,0,1,0,0,1,1,0,1,0,0,0,0,1,1,1,1,0,0,1,1,0,0,1,0,1,0,0,0,1,0,1,0,1,0.0,-2825.9002616557477,1
0,1,0,0,0,0,0,1,1,0,0,0,1,0,1,1,1,1,0,1,1,1,0,1,0,1,0,1,1,0,0,0,1,1,0,0,1,0,0,0,0,0,1,1,1,1,1,1,0,0,1,0,1,0,1,1,0,0,1,0,1,1,0,0,0.015625,-2825.891427337495,1
1,0,0,1,0,1,1,0,1,1,1,0,1,0,0,0,0,0,0,0,1,1,1,0,1,0,1,1,0,0,1,1,1,0,0,0,1,1,1,0,0,0,1,1,1,0,0,1,0,0,0,0,0,1,1,1,0,1,1,1,1,1,1,0,0.0,-2825.872476642344,1
1,1,1,0,0,1,0,1,0,1,0,1,1,1,1,1,0,1,1,1,1,0,0,0,0,1,1,1,0,0,0,0,1,1,0,0,1,0,0,0,1,0,1,1,1,0,0,1,0,0,0,0,0,0,0,1,0,0,1,1,0,0,1,1,0.0,-2825.853242057881,1
0,0,1,1,0,0,0,0,1,1,0,0,0,0,1,0,1,0,0,1,0,0,1,1,1,0,1,1,1,0,1,0,1,0,0,1,0,1,0,0,0,0,1,1,1,0,1,1,1,1,1,0,1,1,0,1,0,1,0,1,0,1,0,0,0.0,-2825.8511824612365,1
1,1,0,1,0,0,0,0,0,0,1,0,0,1,1,0,1,1,1,0,1,1,0,1,0,1,0,0,0,0,1,1,1,0,1,0,1,1,1,0,1,0,0,1,1,1,0,1,1,0,0,0,0,1,0,1,1,1,1,0,0,1,0,1,0.0,-2825.850010962721,1
0,0,0,1,0,0,0,1,1,0,1,1,0,0,1,1,1,0,1,1,1,1,0,0,1,1,0,0,1,0,1,1,1,0,0,0,1,1,0,1,0,0,1,1,0,1,1,0,1,0,1,1,0,1,0,1,1,1,0,0,0,1,0,0,0.0,-2825.829511743603,1
1,1,0,0,0,1,0,0,1,0,1,0,0,0,1,0,1,1,0,0,1,1,0,0,1,0,0,1,1,1,1,1,0,1,1,0,0,0,1,0,1,1,1,1,1,1,0,0,0,0,0,1,0,1,0,1,0,1,1,0,0,0,0,1,0.0,-2825.807308400439,1
1,1,0,1,0,0,0,1,0,0,1,1,0,0,1,1,0,1,0,0,1,1,0,1,0,0,0,1,1,0,0,0,0,1,1,1,1,0,0,1,0,0,1,1,1,0,1,1,0,0,0,1,0,0,1,1,1,1,0,1,1,1,0,1,0.0,-2825.7968670670025,1
1,1,1,1,0,0,0,0,0,1,1,0,1,0,1,0,0,0,0,1,1,1,1,0,1,0,0,0,0,1,0,0,1,0,0,1,0,0,0,1,0,0,1,1,1,0,1,1,0,0,1,0,1,1,0,1,1,1,1,1,0,1,0,0,0.015625,-2825.788671200338,1
0,0,0,0,1,1,1,1,1,1,1,0,1,0,0,0,0,0,1,0,0,1,1,0,0,1,0,1,1,0,0,1,0,0,1,1,0,0,1,1,0,0,0,0,1,1,1,1,0,1,1,1,0,0,1,1,1,1,0,0,0,1,0,0,0.015625,-2825.7878387162186,1
1,1,0,0,1,0,0,1,0,1,1,0,1,0,1,0,0,1,0,0,1,1,0,0,1,1,1,1,1,0,0,0,1,0,0,1,1,0,0,1,1,0,0,1,1,1,0,1,1,0,0,1,1,1,1,1,1,0,0,0,0,1,0,0,0.0,-2825.7637317480044,1
0,0,0,0,1,1,0,1,0,0,1,1,0,0,1,1,0,0,1,1,1,0,0,0,1,0,1,1,1,0,0,1,0,1,0,1,0,1,1,1,1,0,0,1,1,1,0,1,0,1,0,1,0,1,0,1,1,0,1,1,0,1,0,0,0.0,-2825.761399546877,1
1,1,0,1,0,1,0,1,1,1,1,0,1,0,0,1,0,0,0,1,1,0,1,0,0,1,1,1,0,1,0,1,0,1,0,0,1,0,0,0,0,1,1,1,1,1,1,0,0,0,0,0,0,0,0,1,1,1,0,1,0,0,1,0,0.0,-2825.760251864548,1
0,0,1,0,0,1,0,0,0,1,1,0,1,1,1,1,1,0,0,1,1,1,0,0,0,0,0,0,1,1,1,1,0,1,0,1,0,1,0,0,0,1,0,0,1,0,0,0,0,1,0,1,1,1,0,1,1,0,0,1,0,1,1,1,0.0,-2825.7536023666758,1
0,0,0,0,1,1,0,1,0,1,1,0,0,0,1,1,1,0,0,0,1,1,1,0,0,0,1,1,1,0,0,0,0,1,0,0,1,1,1,1,1,1,1,0,1,0,0,1,0,1,0,0,0,0,0,0,1,0,1,1,1,0,1,1,0.015625,-2825.7469944967165,1
1,1,0,0,0,0,1,1,0,0,1,0,1,1,1,0,0,1,0,1,0,0,1,0,1,1,0,1,1,0,1,0,1,0,1,1,1,0,0,0,0,1,1,1,0,1,0,1,0,1,0,0,1,1,0,0,1,0,0,0,1,1,1,1,0.0,-2825.7425403253364,1
0,0,0,0,0,0,1,1,0,0,1,0,0,1,1,0,1,0,0,1,1,1,1,0,0,1,1,1,1,1,0,0,1,1,0,1,1,0,1,1,1,1,0,0,1,1,1,1,0,0,0,0,0,0,0,0,1,0,0,1,1,1,0,0,0.0,-2825.7335649705706,1
0,1,1,0,0,0,1,1,0,0,0,0,0,1,0,0,0,0,1,1,1,0,0,0,0,0,0,1,0,0,1,1,1,1,0,1,1,1,1,0,0,1,0,1,1,1,1,1,1,1,1,0,0,1,1,0,0,0,0,0,0,1,1,1,0.0,-2825.7152136323634,1
1,1,0,1,0,1,1,1,0,0,0,0,1,0,1,0,1,0,0,1,1,1,1,0,1,0,0,1,1,0,1,1,1,0,0,1,0,1,0,1,1,1,1,1,1,1,0,1,0,0,0,0,0,1,0,0,0,0,0,1,1,0,0,1,0.03125,-2825.7130997586946,1
0,0,0,0,0,1,1,0,0,0,1,0,0,1,1,1,1,0,0,1,0,1,1,1,0,0,0,0,0,1,0,1,1,0,1,1,0,0,1,0,1,0,1,1,1,1,0,0,0,0,0,1,0,1,1,1,1,1,1,1,1,1,1,0,0.015625,-2825.7081082927243,1
0,0,1,0,1,1,0,0,0,0,0,1,1,0,1,0,1,1,0,0,1,1,1,1,0,0,0,1,0,0,0,1,1,0,1,0,0,0,1,1,1,1,0,1,0,1,0,1,0,1,0,1,1,1,1,1,1,1,0,0,1,1,0,0,0.0,-2825.7064983560113,1
0,1,1,0,0,1,1,1,1,1,0,0,1,1,1,0,0,0,0,1,1,0,0,1,1,1,0,0,1,0,1,0,1,1,0,1,1,1,1,0,0,0,1,0,1,1,0,1,1,1,0,0,0,0,0,1,1,0,0,0,0,1,1,0,0.015625,-2825.6967812746975,1
0,0,1,1,1,1,0,1,0,0,0,0,1,1,0,1,0,0,0,0,1,1,1,0,1,0,1,1,1,1,0,0,1,0,0,1,0,0,0,1,1,1,1,1,1,0,0,1,0,0,0,0,1,1,0,1,1,1,0,0,0,1,0,0,0.0,-2825.688213444034,1
1,1,0,0,1,1,1,1,0,0,0,0,1,0,0,1,0,0,1,1,1,1,0,0,1,0,0,1,0,0,1,0,0,0,0,1,1,1,0,0,1,1,1,1,1,1,0,0,0,0,0,1,1,0,1,1,1,0,1,1,1,1,0,0,0.0,-2825.686208075215,1
0,0,1,0,0,0,1,0,0,0,1,1,0,0,1,1,0,1,0,1,1,1,0,0,0,0,0,1,0,0,0,0,0,0,0,1,0,1,0,1,1,0,1,1,1,1,1,1,0,1,1,1,1,0,1,1,0,0,1,1,1,1,0,0,0.0,-2825.6696340207545,1
1,0,0,1,0,1,0,1,1,0,1,0,1,0,1,0,0,0,1,0,1,0,0,1,1,0,0,1,0,0,1,1,1,0,0,1,0,1,0,1,1,1,1,1,1,0,0,1,0,0,0,1,1,0,0,1,0,1,0,1,1,1,1,0,0.015625,-2825.6613986166,1
1,0,1,1,1,1,0,1,1,0,0,1,0,1,0,1,0,0,0,1,1,1,1,1,1,0,0,1,0,0,1,1,0,1,0,0,0,0,0,1,0,0,1,1,1,0,1,1,0,1,0,0,1,0,1,1,0,0,0,0,0,1,1,1,0.0,-2825.63651014457,1
0,0,0,0,1,1,0,1,1,0,1,1,1,0,0,0,1,0,1,1,1,0,0,1,1,0,1,1,0,0,0,0,1,1,0,0,1,1,1,0,0,1,0,1,1,0,0,0,0,0,1,1,1,1,0,1,1,0,0,0,1,1,1,1,0.0,-2825.6229663571917,1
1,0,0,1,1,1,0,1,1,0,0,1,1,0,1,0,1,0,0,1,1,0,1,0,1,1,0,1,1,0,1,1,0,1,0,0,0,0,0,1,0,0,1,1,1,1,0,0,0,1,0,0,1,1,0,1,0,0,1,1,0,1,1,0,0.015625,-2825.6214255177215,1
1,1,0,0,0,1,0,1,1,0,1,0,0,1,1,0,0,0,1,1,0,0,0,0,0,1,0,1,0,0,0,0,0,1,1,0,1,0,0,0,0,1,1,1,1,1,1,1,0,1,0,0,1,1,0,1,1,1,0,1,0,1,1,0,0.015625,-2825.600713964592,1
1,0,0,0,0,0,0,1,0,1,1,0,1,0,1,0,0,1,1,0,1,1,1,0,0,0,0,1,0,1,1,0,1,1,1,1,0,0,0,1,0,0,0,1,1,0,0,1,0,1,0,1,0,0,1,1,1,0,1,1,0,1,0,1,0.0,-2825.5720050700015,1
0,1,0,0,1,0,0,1,0,1,0,1,0,0,1,1,0,0,0,1,0,1,1,0,0,1,1,1,1,0,1,0,1,0,0,1,0,1,1,1,0,1,1,1,1,0,1,0,0,0,0,1,0,0,1,0,0,1,0,1,0,0,1,1,0.0,-2825.57080247538,1
0,0,0,1,1,1,0,1,1,1,0,1,1,0,0,0,0,0,1,1,1,0,1,0,1,0,0,1,1,0,1,1,1,0,0,1,0,1,0,1,1,0,0,1,1,1,0,1,0,0,1,1,0,0,0,1,1,1,0,0,1,1,0,0,0.0,-2825.5402433430277,1
1,0,0,0,1,0,0,1,0,1,0,0,1,1,0,1,0,0,1,1,0,1,1,0,0,0,0,1,1,0,1,1,0,0,1,1,1,1,0,0,1,1,1,1,1,1,1,1,0,0,0,0,0,1,0,0,1,0,1,1,0,1,1,0,0.0,-2825.5309570527393,1
1,0,0,1,0,1,1,1,0,0,1,0,1,1,0,1,0,1,0,1,0,0,0,0,1,0,1,1,0,0,1,1,0,1,0,1,0,1,1,0,0,1,1,1,1,0,1,0,1,0,0,1,0,1,1,1,1,1,0,0,0,1,0,0,0.0,-2825.5118554372802,1
0,1,1,0,1,1,0,1,0,0,1,0,1,0,0,0,1,0,0,1,1,0,0,1,0,0,0,1,0,0,1,0,1,0,0,1,1,0,1,1,1,1,1,1,1,1,1,1,0,0,1,0,0,0,1,1,1,0,0,0,1,0,1,1,0.0,-2825.500671685487,1
0,1,1,0,0,0,0,1,0,0,1,0,0,1,0,0,0,1,0,0,1,0,0,0,0,0,0,1,0,1,1,1,0,0,1,0,1,0,1,1,1,1,1,1,0,1,1,1,0,1,1,1,1,1,0,1,1,0,0,0,1,0,1,0,0.03125,-2825.490661072903,1
0,0,1,0,1,0,0,1,0,0,0,0,0,1,0,1,0,1,0,1,1,1,0,1,0,1,0,1,1,1,1,1,0,1,0,0,0,0,1,1,0,0,1,1,1,1,0,1,1,0,1,0,1,1,0,1,0,0,0,1,0,1,0,0,0.015625,-2825.486483877971,1
0,1,1,0,1,1,0,0,1,1,0,0,1,0,0,1,0,1,0,0,1,1,0,0,1,0,1,1,0,1,0,1,0,1,1,1,0,1,1,0,0,0,0,1,1,0,0,1,0,0,1,1,1,0,1,1,0,1,1,1,0,1,0,0,0.015625,-2825.482268518008,1
0,0,1,1,1,0,0,1,0,1,1,1,0,1,1,1,1,0,1,1,1,1,0,0,0,0,1,1,0,0,1,0,0,0,0,0,1,1,0,0,0,1,1,1,1,1,0,0,0,0,0,1,0,1,0,0,0,1,0,0,1,1,1,0,0.0,-2825.4308754428475,1
1,0,1,1,0,0,0,1,1,0,0,0,1,0,0,1,0,1,0,1,1,0,0,0,0,0,0,1,1,0,1,0,1,0,1,1,1,1,1,1,0,1,1,1,1,1,0,1,0,0,0,1,0,1,1,1,1,0,1,1,0,0,0,0,0.0,-2825.4260068738718,1
0,0,1,0,0,0,0,0,0,1,1,1,0,1,1,1,0,1,0,0,1,1,0,1,0,1,0,1,1,1,1,0,1,1,0,0,1,1,0,0,0,0,1,1,0,1,0,1,0,1,1,0,1,0,0,1,1,0,1,0,1,1,0,1,0.0,-2825.42212375556,1
0,1,0,1,0,1,0,1,0,0,0,0,0,1,1,0,0,1,0,0,1,1,0,1,0,1,0,1,0,0,1,1,0,1,1,0,1,0,1,0,1,1,1,1,1,0,0,1,0,1,0,1,1,1,0,1,1,1,0,0,1,1,0,0,0.0,-2825.416989837694,1
1,0,1,0,1,1,0,1,1,1,0,1,0,0,0,1,0,1,0,0,1,0,1,0,0,1,0,1,0,0,1,0,1,0,0,1,1,0,0,0,0,0,1,1,1,1,0,0,0,1,1,1,1,0,1,1,1,0,0,0,1,1,1,1,0.015625,-2825.3708039228122,1
0,0,1,1,1,0,0,1,0,1,1,1,1,1,1,1,1,0,0,0,1,0,0,0,1,0,0,1,1,1,0,0,1,1,0,1,1,0,0,0,1,0,1,1,1,0,0,1,0,1,1,1,0,0,0,1,1,0,0,1,0,1,0,0,0.0,-2825.363565871076,1
1,0,0,0,1,1,0,1,0,0,0,1,1,0,1,1,1,1,0,1,0,0,0,0,0,1,0,1,1,1,1,1,0,1,1,1,1,0,0,0,1,1,1,1,1,1,0,1,0,0,0,0,1,0,1,0,1,1,0,0,0,0,1,0,0.0,-2825.343952516504,1
0,0,1,0,1,1,0,0,0,1,1,0,1,0,0,1,1,0,0,1,1,1,1,1,1,0,1,1,0,0,1,0,0,1,0,1,1,1,1,0,0,0,1,1,1,0,0,0,0,1,0,1,1,0,0,1,1,1,1,0,0,0,1,0,0.0,-2825.319955262555,1
1,0,1,0,1,1,0,1,0,0,1,0,0,1,0,1,1,0,0,1,1,0,0,0,1,0,1,1,0,0,0,0,1,0,1,1,1,0,1,0,0,0,1,1,1,1,1,1,0,1,1,0,1,0,0,1,1,1,0,0,1,1,0,0,0.0,-2825.2927153502055,1
1,1,0,0,1,1,0,0,0,0,1,1,1,0,1,1,0,0,0,0,1,0,0,0,0,0,1,1,1,1,1,0,1,1,0,1,0,1,1,0,0,0,0,1,1,0,1,1,1,1,1,0,0,1,1,1,0,1,0,0,0,0,0,0,0.0,-2825.2432960034535,1
1,0,0,1,0,1,1,0,0,1,0,0,0,1,0,1,1,0,1,1,0,0,0,0,0,0,1,1,0,0,1,0,1,0,0,1,1,1,1,0,1,1,0,1,1,0,1,1,0,1,0,1,0,1,1,1,1,1,0,1,0,1,0,0,0.0,-2825.0676709491627,1
1,0,0,0,1,1,0,1,0,1,1,0,1,1,1,1,0,0,0,1,1,1,0,1,1,1,0,1,0,0,1,0,0,0,1,1,0,0,0,1,0,0,1,1,1,0,0,1,0,0,1,1,0,1,1,1,1,0,0,1,0,1,0,0,0.0,-2825.033847507843,1
1,1,0,0,1,0,0,1,1,1,1,1,0,0,1,1,0,0,0,1,0,0,0,1,0,0,1,1,1,1,1,0,1,0,0,0,1,0,1,1,0,0,0,1,1,1,0,1,1,0,1,0,0,1,0,1,0,1,0,1,0,0,0,0,0.0,-2825.0137811617096,1
1,0,1,1,0,0,1,0,0,1,0,0,0,0,1,1,0,1,0,1,0,1,0,1,0,1,0,1,0,0,1,1,0,1,1,1,1,0,1,0,0,1,0,1,1,1,0,1,0,0,1,0,1,0,0,1,1,1,1,0,1,0,1,0,0.0,-2824.8690412004366,1
1,0,0,1,0,1,0,0,1,0,0,0,1,1,1,0,0,0,0,1,1,1,1,1,1,0,0,1,0,0,1,0,0,0,1,1,0,1,1,1,0,1,1,1,1,1,0,0,0,1,0,1,1,1,1,1,0,1,1,0,0,0,0,0,0.0,-2824.8423808826396,1
1,0,0,0,0,1,0,1,0,1,1,1,1,0,1,1,1,1,1,1,1,1,0,0,1,0,0,1,0,0,1,1,0,0,1,1,0,1,0,1,0,0,0,1,1,1,0,0,0,0,1,0,1,1,0,1,1,1,0,0,0,1,0,0,0.015625,-2824.600777186174,1
1,0,0,0,0,1,0,0,1,0,0,0,1,0,0,1,1,0,1,0,1,1,0,1,1,0,0,1,1,0,0,1,0,0,0,1,0,1,1,0,1,1,1,1,0,1,0,1,1,0,0,1,0,1,0,1,1,0,0,0,1,0,0,1,0.015625,-2818.5823706582732,1
1,1,0,1,0,0,1,1,1,0,0,1,0,0,0,1,0,0,0,1,1,0,0,1,1,0,0,0,1,0,0,1,0,0,0,1,1,0,1,0,0,0,1,1,1,1,1,1,1,0,0,1,1,0,1,1,1,0,0,0,0,1,0,0,0.0,-2818.5797236710278,1
0,0,1,0,1,0,0,0,1,0,0,0,0,0,1,1,1,0,1,1,1,1,1,1,1,1,1,1,0,0,0,0,1,0,1,1,0,0,0,0,0,0,1,0,0,1,1,1,0,1,0,1,0,0,1,0,1,0,0,0,1,1,1,0,0.0,-2818.5697622552925,1
0,0,0,1,0,1,0,0,1,1,0,1,1,0,1,1,0,0,0,1,1,1,0,0,1,1,0,0,1,0,0,1,1,1,1,1,1,1,0,0,0,0,1,0,1,1,0,0,0,1,0,0,0,0,0,1,0,0,1,0,1,1,1,0,0.0,-2818.556180056811,1
1,0,0,0,1,1,1,1,0,1,0,1,0,1,0,1,1,0,1,0,1,0,0,1,0,1,0,0,1,0,1,0,1,1,0,1,0,0,0,1,0,0,1,0,0,0,1,1,0,0,0,1,0,0,1,1,1,0,1,0,0,1,1,0,0.015625,-2818.5458812456272,1
0,0,0,0,1,0,1,0,0,0,1,0,1,0,0,1,1,0,1,0,1,1,0,0,1,0,1,0,0,0,0,0,0,0,0,1,1,0,1,0,0,1,1,1,0,0,1,1,1,0,0,1,1,1,1,1,1,1,1,0,1,1,0,0,0.0,-2818.4461503758653,1
1,0,1,0,0,1,1,1,1,0,1,0,1,0,0,0,0,0,0,0,0,0,0,1,1,1,1,1,1,0,0,0,0,0,0,1,1,1,1,0,1,0,1,1,1,1,0,1,0,1,0,0,0,0,0,1,0,0,0,0,1,1,1,1,0.0,-2818.4190000453978,1
1,0,1,0,0,0,0,0,0,0,1,0,0,0,1,0,1,1,0,0,1,0,0,1,1,0,0,0,0,0,0,1,1,0,0,1,1,0,1,0,1,1,1,1,1,1,1,1,0,1,0,1,1,0,1,0,0,0,0,0,1,1,1,1,0.015625,-2818.4009899253015,1
0,1,1,1,1,1,0,1,1,1,0,0,0,0,0,1,1,1,0,0,1,0,1,0,0,1,1,1,0,0,0,1,0,1,0,0,0,0,0,0,1,0,0,1,0,0,0,1,1,1,0,1,0,1,1,1,0,0,0,0,1,0,1,1,0.0,-2818.3998925772257,1
1,1,1,1,0,0,1,1,1,1,0,0,1,0,0,1,1,0,0,0,1,0,0,0,0,0,0,0,0,1,1,1,1,1,1,1,0,0,0,0,1,0,1,1,1,1,0,1,1,1,0,0,0,0,0,1,0,0,0,0,0,1,1,0,0.015625,-2818.371696374511,1
1,0,1,0,0,1,0,1,1,1,1,0,0,0,0,0,0,1,0,0,0,0,0,0,0,1,0,0,0,1,1,1,0,1,0,1,1,0,1,0,1,0,1,0,1,1,0,1,0,1,0,0,1,0,0,1,1,1,0,0,1,1,1,1,0.0,-2818.3574837375213,1
0,1,1,0,0,1,1,1,1,0,0,0,0,0,0,1,0,1,0,1,1,1,0,0,0,1,0,1,0,0,1,1,0,1,0,1,0,1,0,0,0,1,0,0,1,0,1,1,1,0,0,1,1,1,0,1,1,0,0,1,0,1,0,0,0.0,-2818.3448267206936,1
0,0,0,0,1,1,0,1,0,1,1,0,1,0,0,1,1,0,0,0,1,1,1,1,0,0,0,1,0,0,0,1,0,0,0,1,0,1,1,0,1,0,1,0,0,0,0,1,1,0,0,1,1,1,0,1,1,1,1,1,0,1,0,0,0.0,-2818.3327150271557,1
1,1,0,0,1,0,0,0,0,0,0,0,1,0,1,0,0,0,1,0,1,0,0,1,1,1,0,1,0,1,0,1,1,1,1,1,0,0,0,1,0,1,1,0,1,1,0,1,0,0,0,0,1,1,0,1,1,0,0,1,1,1,0,0,0.0,-2818.3179383410466,1
0,1,1,0,1,1,0,1,1,1,0,0,0,0,0,1,0,1,1,0,0,1,0,1,1,0,1,1,0,0,0,0,0,1,0,1,0,0,0,1,0,0,0,1,1,1,1,1,0,0,0,1,0,0,0,1,1,1,0,0,1,1,0,1,0.015625,-2818.312116589719,1
0,0,1,1,0,1,0,1,1,0,0,1,1,0,1,1,0,0,0,1,1,0,0,0,0,0,1,1,1,0,1,1,0,1,0,1,0,0,0,0,1,0,1,1,0,1,1,1,1,0,0,0,1,0,0,0,0,0,1,1,0,1,1,0,0.0,-2818.2891105489202,1
0,0,0,0,0,1,0,1,0,0,0,1,1,1,0,1,0,1,0,0,1,0,0,0,1,0,0,0,0,0,1,1,0,1,1,0,1,0,1,0,1,1,1,0,1,1,0,1,1,0,0,0,1,0,0,1,1,0,0,1,1,1,1,1,0.0,-2818.2667360010455,1
1,1,1,0,0,0,0,1,0,0,1,0,1,0,1,0,0,0,0,0,1,1,1,1,1,1,1,1,0,0,1,0,1,0,0,1,0,0,1,1,0,1,1,1,0,1,0,0,1,0,0,1,1,0,0,0,1,0,0,1,0,1,0,0,0.0,-2818.198355340936,1
0,0,0,1,1,1,0,1,0,1,0,0,1,0,0,0,0,1,0,1,1,1,0,0,1,1,0,1,1,0,0,0,1,1,0,1,0,0,0,0,0,0,0,1,1,0,1,1,0,1,0,0,0,1,1,1,0,1,1,0,0,1,1,1,0.0,-2818.1887714018276,1
1,0,1,0,0,1,0,1,0,0,0,0,1,0,0,0,0,0,0,0,1,1,0,1,0,0,1,0,1,0,1,1,1,0,0,1,0,1,0,1,0,1,0,0,1,1,1,0,0,1,0,1,1,1,0,1,0,1,1,0,0,1,1,1,0.0,-2818.164648841847,1
1,1,1,0,0,1,1,1,1,0,0,1,0,0,0,0,1,0,0,0,0,1,0,1,1,0,0,1,0,0,0,0,1,0,1,1,1,0,0,1,0,1,0,0,1,0,1,1,0,0,1,1,1,0,0,1,1,0,1,0,1,0,1,0,0.015625,-2818.1598147317586,1
1,0,1,0,0,1,0,1,1,0,0,1,1,0,1,0,1,0,0,0,1,0,0,1,1,0,0,1,0,0,1,0,1,1,1,1,1,0,0,0,0,0,0,1,1,1,1,1,0,1,0,0,0,1,0,1,1,0,0,0,0,1,1,0,0.0,-2818.1593998107173,1
1,1,0,1,0,1,1,1,1,1,0,0,1,1,0,1,0,0,0,0,0,0,0,0,0,0,0,0,1,0,1,0,1,0,0,1,1,1,0,0,0,0,1,1,1,1,0,1,0,1,0,1,1,0,1,1,0,0,0,0,1,1,0,1,0.015625,-2818.1520878673755,1
1,0,1,0,1,0,0,1,1,0,0,1,0,0,1,0,0,0,0,0,1,1,1,1,1,0,0,1,0,0,1,0,0,0,1,0,1,0,1,0,1,1,1,1,1,0,1,1,1,0,0,0,0,0,0,0,1,0,0,0,1,1,1,1,0.03125,-2818.1487159271896,1
0,0,1,0,1,0,1,0,1,0,1,0,1,0,1,0,0,0,0,1,1,1,0,1,1,0,1,0,1,0,0,0,0,0,0,1,1,0,0,0,1,0,1,1,1,0,0,1,0,0,1,1,0,1,1,1,1,0,0,1,1,1,0,0,0.0,-2818.1317109144543,1
0,0,1,0,1,0,0,1,1,0,0,0,0,0,1,1,1,0,0,1,1,0,1,1,0,0,1,1,0,1,0,0,0,0,1,1,1,0,0,1,0,0,1,1,0,1,0,1,1,0,0,1,1,0,0,1,1,0,0,0,1,1,1,0,0.015625,-2818.1137153438863,1
0,1,1,0,0,1,0,0,1,0,0,1,1,0,1,0,0,0,1,1,1,0,0,0,0,1,1,1,1,0,0,0,1,1,1,0,0,0,1,0,0,1,1,1,1,1,0,1,0,0,0,0,0,0,1,0,1,1,1,0,0,1,0,1,0.015625,-2818.109975929668,1
0,1,1,1,0,1,0,0,0,1,0,0,1,0,1,0,1,0,0,0,1,0,1,0,1,1,1,1,0,0,1,0,0,0,0,0,0,1,1,0,0,0,1,1,1,1,0,1,1,1,0,0,1,0,1,0,1,0,0,0,1,1,1,0,0.015625,-2818.108425728582,1
1,1,0,0,0,1,1,0,1,1,1,0,1,0,0,1,0,1,0,0,1,1,0,1,0,0,1,0,1,0,1,0,1,1,1,1,0,0,0,0,0,0,1,1,1,1,1,1,0,0,0,1,0,1,1,1,1,1,0,0,1,1,0,0,0.015625,-2818.1021938949557,1
0,0,0,0,1,0,0,1,0,1,0,0,1,0,0,1,1,1,1,0,0,1,1,1,0,1,1,1,1,0,0,0,0,1,0,1,0,1,1,0,0,1,0,1,1,0,0,1,0,0,0,1,0,0,0,1,1,0,0,1,0,1,1,1,0.015625,-2818.099484915888,1
0,0,0,0,0,0,0,1,1,0,1,0,0,0,0,1,1,0,1,0,1,1,0,1,1,0,0,1,1,0,1,0,1,0,0,1,1,1,1,1,1,0,1,1,1,0,0,1,1,0,0,0,0,1,1,0,1,0,0,0,0,1,1,0,0.0,-2818.0942122459082,1
1,1,1,0,1,0,0,0,0,0,0,1,1,0,0,0,0,0,0,1,1,1,0,0,1,0,1,1,1,1,0,1,0,1,0,1,0,1,0,0,1,0,0,1,1,1,1,1,0,0,1,1,0,0,0,0,1,0,0,0,0,1,1,1,0.0,-2818.0920800554027,1
0,1,1,0,0,1,0,1,1,0,1,0,0,0,0,1,0,0,0,1,0,1,0,1,0,0,1,1,1,0,1,1,1,1,0,1,1,0,1,0,0,0,1,1,1,0,1,1,0,1,0,0,1,1,1,1,0,0,0,0,0,0,0,0,0.0,-2818.0776496065328,1
1,0,0,1,1,1,0,1,1,0,1,1,1,0,1,1,1,1,0,1,1,1,0,0,0,0,0,1,0,0,1,1,0,1,0,0,1,0,0,0,0,0,0,0,0,0,0,1,1,0,0,0,0,1,1,1,1,0,1,0,0,1,1,0,0.0,-2818.0675955048146,1
1,1,0,0,0,1,0,1,0,0,1,0,0,0,1,0,0,0,0,1,1,0,1,1,0,1,0,0,1,0,1,0,1,1,0,0,0,1,1,0,0,1,1,1,1,0,0,1,0,0,0,1,1,1,0,1,1,0,0,1,0,1,0,1,0.0,-2818.057390120076,1
0,0,1,0,1,1,0,0,0,1,0,0,1,0,1,0,1,0,0,1,0,0,1,1,0,0,0,1,0,1,0,1,0,0,0,1,1,0,0,0,0,0,1,1,1,1,1,1,0,0,0,1,1,1,1,1,1,0,0,0,1,1,0,1,0.0,-2818.0559256597976,1
1,1,1,1,1,1,1,1,0,0,0,0,0,0,0,0,0,1,1,1,1,0,0,0,1,0,1,0,0,0,1,0,1,1,0,0,1,1,0,1,0,1,1,1,1,1,1,1,0,0,0,1,0,1,0,1,0,0,0,1,1,1,0,1,0.015625,-2818.0491148460674,1
1,1,1,0,0,1,1,0,0,1,0,1,0,1,1,0,1,0,0,0,0,0,0,0,0,1,0,1,0,1,0,0,0,1,0,1,1,0,1,0,1,0,1,0,1,1,1,0,1,1,0,0,1,1,1,0,0,0,0,0,0,1,1,1,0.015625,-2818.0324810535444,1
1,0,1,0,1,1,0,1,0,0,1,0,1,0,0,1,0,0,1,0,1,0,0,1,0,0,1,0,1,1,1,0,1,0,0,1,1,0,1,0,0,0,1,1,1,0,1,0,1,1,0,1,0,0,0,1,0,0,1,0,0,1,1,0,0.015625,-2818.030157190057,1
0,1,0,1,1,1,1,1,0,1,0,0,0,0,1,0,0,1,0,0,1,0,0,1,1,1,0,0,0,0,0,0,0,0,1,1,1,0,1,0,0,0,1,1,1,0,1,1,1,1,0,1,1,1,1,1,1,1,1,0,0,1,0,1,0.0,-2818.0050929120857,1
0,0,1,0,1,1,0,0,1,0,1,0,1,0,0,0,1,1,0,0,0,0,0,0,1,1,1,1,1,0,0,1,0,0,0,1,1,1,1,0,1,0,1,1,1,1,0,1,1,1,0,0,0,1,0,1,1,1,0,0,1,1,1,1,0.03125,-2817.988740821475,1
1,0,0,1,0,0,0,1,0,1,1,0,1,1,0,0,0,0,1,0,1,0,0,1,1,1,0,1,1,0,0,1,0,0,1,0,1,1,0,1,1,1,1,1,1,0,0,1,0,0,0,1,0,1,0,0,0,0,0,1,0,0,1,1,0.0,-2817.987700768944,1
0,1,0,1,0,1,0,0,1,1,1,1,1,0,0,1,0,1,0,0,1,1,0,0,1,1,0,1,0,0,0,1,1,0,1,1,0,0,1,0,0,1,1,1,1,1,0,1,0,0,0,0,1,0,0,1,1,0,1,1,0,1,1,1,0.015625,-2817.9725360589023,1
0,0,0,0,1,1,0,1,1,0,1,0,0,0,0,0,1,1,0,0,1,0,1,0,0,0,1,1,0,0,0,0,1,1,0,0,1,0,1,0,0,0,1,1,0,1,1,1,0,0,1,1,1,0,0,1,1,1,1,1,1,1,0,0,0.0,-2817.9692045355623,1
0,0,0,1,1,1,0,1,1,1,1,0,0,0,0,1,1,1,1,0,1,0,0,1,1,0,1,1,1,0,0,1,1,0,0,0,0,0,0,1,0,0,1,1,1,1,0,1,1,0,0,0,1,1,1,1,1,0,0,0,1,1,0,1,0.0,-2817.966905618908,1
0,1,0,0,0,0,0,1,0,1,1,0,1,0,1,0,0,0,1,0,0,0,0,0,1,1,1,1,1,0,0,0,1,0,0,1,1,1,0,0,0,0,1,1,1,0,0,0,1,1,0,1,0,0,1,1,1,1,0,1,1,1,0,1,0.0,-2817.93983917353,1
0,0,1,0,1,1,0,0,0,1,0,0,1,0,1,0,0,0,0,1,1,0,1,0,0,1,0,1,0,0,1,1,0,1,0,1,1,1,0,0,1,0,1,1,1,1,0,1,0,1,0,1,1,1,0,1,1,0,0,0,0,1,0,0,0.0,-2817.9210542680685,1
1,0,1,0,0,0,1,1,0,1,0,1,0,1,0,1,1,0,0,1,1,0,1,0,0,0,0,0,0,0,0,1,0,0,1,0,0,1,0,0,0,0,0,1,0,1,1,1,1,1,1,1,0,1,0,1,1,1,0,0,1,1,1,0,0.0,-2817.9015869846226,1
1,0,1,1,1,0,1,1,1,1,1,0,1,0,1,1,0,0,0,1,1,1,0,0,0,0,0,1,0,0,1,1,0,0,0,1,0,0,1,0,0,0,1,0,1,0,0,1,1,0,0,0,1,1,0,1,1,0,0,0,0,1,1,0,0.015625,-2817.8694838843694,1
1,1,1,1,0,0,0,1,1,1,1,0,0,0,0,1,0,1,0,1,1,0,0,0,1,1,1,1,0,0,0,0,1,1,0,1,1,1,0,1,0,0,1,1,1,0,0,1,0,0,0,1,0,1,1,0,1,0,1,1,0,1,0,1,0.0,-2817.8594418212697,1
0,1,0,0,1,0,0,1,1,1,0,0,1,0,0,1,0,1,1,1,1,0,1,0,0,0,1,1,0,0,1,0,1,1,1,1,0,1,0,0,0,0,1,1,1,1,0,1,1,0,0,0,0,1,0,1,1,0,1,1,1,1,0,1,0.0,-2817.8586337267066,1
1,1,1,0,0,0,0,0,1,0,1,0,1,1,0,1,1,0,0,1,1,1,0,0,0,0,1,1,0,0,1,1,1,0,1,1,0,1,0,0,1,1,1,1,1,1,0,0,0,0,0,0,1,0,0,1,1,0,0,0,0,1,0,0,0.0,-2817.8442851553414,1
0,1,0,1,1,0,0,1,0,1,1,0,1,0,0,1,1,0,0,1,1,0,0,1,1,0,1,1,0,0,0,0,0,0,0,0,1,0,0,0,1,1,1,1,1,0,0,1,0,0,0,1,0,0,1,1,1,1,0,1,0,1,0,1,0.0,-2817.8441552599634,1
1,1,0,1,1,0,0,1,1,0,1,0,1,0,0,0,0,1,0,1,1,1,0,0,1,0,0,0,0,1,1,1,1,0,0,1,1,1,0,0,1,1,0,0,1,0,0,0,1,1,0,1,1,0,0,1,1,0,1,0,1,1,1,1,0.015625,-2817.834418846122,1
0,1,0,0,0,0,0,0,0,0,0,0,1,0,0,1,1,0,1,0,1,0,0,0,0,0,1,1,0,1,1,1,1,0,0,1,0,1,1,1,1,1,1,0,1,0,1,1,0,1,0,1,0,0,0,1,0,0,1,1,0,1,1,1,0.0,-2817.8333285822137,1
0,1,0,0,1,0,1,0,1,0,1,0,0,0,1,0,1,0,0,1,1,1,0,0,1,0,1,1,0,1,1,0,0,0,1,1,1,1,0,0,0,1,1,1,1,0,1,1,0,0,0,0,1,1,0,0,1,0,0,1,1,0,0,0,0.0,-2817.833285306895,1
0,0,1,0,1,1,0,1,1,1,1,0,1,1,0,1,0,0,0,0,0,1,0,0,1,0,0,1,0,0,1,1,0,1,0,1,1,0,1,0,1,1,0,1,1,1,0,0,1,0,0,0,0,1,1,1,1,0,0,0,1,0,0,0,0.0,-2817.823607195997,1
0,0,0,1,0,0,0,1,1,1,1,1,1,0,0,1,1,1,0,1,1,1,0,1,0,0,1,0,0,1,1,1,1,0,1,0,0,1,1,0,0,0,1,0,1,1,0,0,0,1,0,0,0,1,0,1,1,0,1,0,1,1,1,1,0.015625,-2817.79614576549,1
1,0,1,0,0,1,0,1,0,0,0,1,1,0,1,1,0,1,1,0,1,1,0,0,0,0,1,1,0,1,1,0,1,0,0,1,0,1,0,0,0,1,0,1,1,0,0,1,0,0,0,1,0,1,0,0,1,0,1,0,1,1,1,0,0.015625,-2817.78079403677,1
0,1,1,0,1,0,0,0,1,1,0,1,1,0,0,0,0,0,0,0,1,1,0,1,0,0,1,1,1,1,0,1,0,0,1,1,1,1,1,0,0,1,0,1,1,1,1,1,0,0,0,0,1,0,0,1,1,0,1,1,0,1,1,1,0.0,-2817.7740566384223,1
0,1,1,1,0,0,0,0,0,0,1,0,0,1,0,1,1,0,0,0,0,1,0,1,0,0,0,1,0,0,1,0,1,0,1,0,1,1,1,0,1,1,1,0,1,1,0,0,0,1,0,0,0,1,0,1,1,0,1,0,1,1,1,1,0.015625,-2817.770582292951,1
1,0,1,1,0,1,0,1,0,1,1,0,0,0,1,0,1,0,1,1,0,1,0,0,1,0,1,1,1,0,0,1,1,1,0,1,0,1,0,0,0,1,0,0,0,0,0,1,1,1,0,1,1,1,1,1,1,0,0,0,0,1,1,1,0.0,-2817.7553932938195,1
0,0,1,0,1,1,0,0,1,1,1,1,1,0,0,0,1,1,1,0,0,0,0,0,0,0,0,1,0,1,0,1,0,0,1,1,0,0,1,0,0,1,1,1,0,1,1,1,1,1,1,1,1,1,0,0,1,1,0,0,1,1,0,1,0.0,-2817.747004273102,1
1,0,1,0,1,1,1,0,0,0,0,0,0,0,0,1,1,0,0,0,0,1,1,0,0,0,0,1,1,0,1,0,1,0,0,1,1,1,0,0,1,1,0,0,1,1,0,1,0,0,1,1,1,1,0,1,1,0,0,1,1,1,0,0,0.0,-2817.744384310669,1
1,1,0,0,1,0,0,1,0,1,1,0,1,0,1,0,0,0,1,0,0,1,0,1,0,0,1,1,1,0,1,0,1,0,0,1,0,1,0,1,1,1,1,1,1,0,0,1,0,0,0,1,0,0,1,1,0,0,0,1,0,1,0,0,0.015625,-2817.7313721676996,1
1,0,1,0,1,1,0,1,0,0,1,1,1,1,0,1,0,0,0,0,1,1,0,1,1,1,1,1,0,0,1,0,0,1,0,1,1,0,1,0,0,1,1,1,0,1,0,1,1,0,0,0,0,0,0,0,1,1,1,0,1,1,1,0,0.0,-2817.6995674229515,1
0,1,1,0,0,1,0,1,0,1,1,0,1,0,0,0,1,0,0,0,1,0,0,1,0,1,0,1,1,0,0,1,1,0,1,0,1,1,1,0,1,1,0,1,1,1,0,0,0,1,0,0,0,0,1,1,0,0,0,1,0,1,1,0,0.0,-2817.696825605868,1
0,1,1,0,0,0,0,0,0,0,1,0,1,1,1,0,1,0,0,0,0,1,0,1,1,1,0,1,0,0,1,1,0,0,0,1,0,0,0,0,1,1,1,1,1,1,1,0,0,0,1,1,1,0,1,0,1,0,1,0,1,1,0,0,0.0,-2817.6877904576304,1
1,1,1,0,0,1,1,0,1,1,0,0,0,0,1,0,1,0,0,0,1,1,0,0,1,0,1,1,1,0,0,0,1,1,1,0,1,1,0,1,0,0,0,1,1,1,1,1,1,0,0,1,1,1,0,1,0,0,0,0,1,1,1,0,0.015625,-2817.6776378801355,1
0,0,0,1,0,1,0,1,1,1,1,0,0,1,1,0,0,1,0,0,1,0,1,0,1,1,0,1,1,0,0,0,1,0,0,1,1,1,1,0,0,1,1,1,1,0,0,1,0,1,0,0,1,0,1,0,0,0,1,0,0,0,0,1,0.0,-2817.655036481238,1
1,1,1,0,1,1,0,0,0,0,0,0,1,0,1,1,0,1,0,0,0,1,0,0,1,0,0,1,1,1,1,1,1,1,1,1,0,0,0,0,0,1,1,1,0,1,1,1,1,0,0,1,1,0,0,1,1,1,0,0,1,0,1,0,0.0,-2817.6317169999274,1
1,0,0,0,0,1,0,0,1,1,0,0,1,1,0,0,0,0,1,0,0,0,0,0,1,1,0,1,0,1,1,1,0,0,0,1,1,1,1,1,0,0,1,1,1,1,1,1,0,1,0,1,1,0,1,1,0,0,0,0,0,1,0,0,0.03125,-2817.6294532932147,1
0,1,0,0,1,1,0,1,0,0,0,0,1,0,0,0,1,0,0,1,1,1,1,1,0,0,0,0,1,0,1,0,1,1,0,0,1,0,1,0,0,0,0,1,1,1,1,0,0,1,1,1,0,1,0,1,1,1,0,0,0,1,0,1,0.046875,-2817.620986411658,1
1,1,0,1,1,0,0,1,0,1,0,0,1,0,1,0,1,0,0,1,0,0,0,0,0,1,0,1,0,0,1,1,1,0,1,1,1,0,1,1,1,0,0,1,1,0,0,1,0,1,0,0,1,0,0,1,1,0,1,1,0,0,0,0,0.0,-2817.5993452409025,1
1,0,1,1,0,1,0,1,1,0,1,0,0,0,1,1,1,1,0,1,1,0,0,0,1,1,1,1,0,0,1,1,0,1,0,1,1,0,0,0,0,0,1,1,0,1,0,1,1,1,0,0,1,0,0,1,1,1,1,1,0,0,0,0,0.0,-2817.591869869745,1
1,0,0,0,0,0,0,0,1,0,0,0,1,0,1,1,1,1,1,1,1,1,1,1,1,0,0,1,0,1,1,0,0,1,0,1,0,0,0,0,1,1,0,0,1,1,1,0,0,0,0,1,0,1,0,0,1,1,0,0,0,0,1,1,0.0,-2817.5501838952596,1
1,0,0,0,1,1,0,1,1,1,0,0,0,0,1,0,0,1,1,0,1,0,1,0,1,0,0,1,0,0,1,1,1,1,0,1,0,0,0,1,0,1,0,1,1,1,1,1,1,0,0,1,1,1,0,1,1,0,0,1,0,1,1,0,0.0,-2817.547445350052,1
1,1,1,0,1,0,0,1,1,0,1,1,0,1,1,1,1,0,0,1,1,1,0,0,0,1,0,0,1,1,1,1,1,1,0,1,1,0,0,0,1,1,0,1,0,1,0,0,0,1,0,1,0,1,0,1,0,0,1,0,1,0,0,0,0.0,-2817.5193490924044,1
1,0,0,1,1,1,0,1,1,1,0,0,1,1,0,1,0,1,0,1,1,0,0,1,0,0,1,1,0,0,1,0,1,0,0,1,1,1,0,0,0,0,1,1,1,1,0,1,0,1,0,0,0,1,0,1,1,0,0,1,0,1,1,1,0.015625,-2817.510484050907,1
0,1,0,1,1,1,0,0,0,1,1,0,1,0,1,1,0,1,0,0,1,0,0,1,0,1,1,0,1,1,1,0,0,1,1,1,1,0,0,0,1,1,0,1,1,1,1,0,0,0,0,1,1,0,1,0,0,0,0,1,0,1,1,1,0.0,-2817.489424061752,1
1,1,1,1,1,1,0,0,1,1,1,0,1,1,0,0,0,1,0,0,1,0,1,0,1,0,0,1,0,0,0,0,0,1,1,1,0,0,0,1,1,1,0,0,1,0,0,1,1,0,0,0,1,1,1,0,1,1,1,1,0,1,0,1,0.0,-2817.483129412386,1
0,1,0,1,1,1,1,1,1,0,1,0,1,1,1,1,0,0,0,0,0,0,0,1,0,0,1,1,0,0,1,1,0,0,0,1,1,1,0,0,0,1,1,1,0,1,1,0,0,1,0,0,0,1,1,0,1,1,1,1,0,1,0,1,0.0,-2817.389698143129,1
0,0,0,0,0,1,0,0,1,0,1,0,1,1,1,0,0,1,0,1,1,1,0,1,0,0,1,1,0,0,1,0,1,1,1,1,0,0,0,1,0,1,1,1,0,0,1,1,0,0,0,1,1,0,1,1,1,1,1,1,1,1,0,0,0.0,-2817.3563256910793,1
0,0,0,0,1,1,0,1,0,1,0,1,0,0,1,1,0,1,0,1,1,1,1,0,0,0,0,1,0,1,1,0,0,0,0,0,1,1,1,0,1,1,0,1,0,1,1,1,0,0,0,0,0,1,1,1,0,0,0,0,0,1,1,1,0.015625,-2817.3259699124405,1
1,1,0,0,1,0,0,0,0,1,1,0,0,0,1,0,0,1,1,1,1,1,0,0,1,1,1,1,1,1,1,1,0,0,0,0,1,1,1,0,1,1,1,1,0,1,0,1,0,1,0,1,0,1,1,0,0,0,0,0,0,1,1,0,0.0,-2817.287349374886,1
0,1,0,1,1,1,1,1,0,1,1,0,1,1,0,0,0,0,0,1,1,0,0,0,0,0,0,1,0,0,0,0,1,0,0,0,1,1,1,1,0,1,0,1,1,0,1,0,0,1,0,0,1,1,1,1,1,0,0,1,0,1,0,0,0.0,-2817.276738648113,1
1,0,1,0,1,0,0,1,0,0,0,0,1,0,1,0,0,0,0,1,0,1,1,0,1,0,1,1,0,1,0,1,1,0,1,1,0,1,1,0,0,1,1,1,1,0,0,1,1,1,0,1,1,0,0,1,1,1,1,1,0,1,0,0,0.0,-2817.2543209756827,1
0,0,1,1,1,0,0,0,1,0,1,0,1,0,1,0,1,1,0,0,1,1,0,0,1,0,0,0,0,0,1,1,0,1,0,1,1,0,1,1,1,1,0,1,1,1,0,1,1,1,1,1,1,0,0,1,0,0,1,0,1,1,0,0,0.015625,-2817.2447548255404,1
1,0,1,0,1,1,1,1,1,1,0,1,1,0,0,1,0,1,1,1,1,1,0,0,0,0,0,1,0,0,1,1,1,0,0,0,0,1,0,1,1,0,1,1,1,0,0,1,0,0,0,0,0,1,1,1,0,1,0,1,1,1,0,0,0.0,-2817.242842204261,1
1,1,0,0,0,0,1,0,0,1,1,1,1,0,1,0,0,1,0,1,1,0,1,0,0,1,0,1,0,1,1,1,0,1,0,1,1,0,0,1,0,0,1,1,1,1,1,1,1,0,0,0,1,1,1,1,1,0,0,0,0,1,0,0,0.0,-2817.218026467902,1
0,0,1,0,0,0,0,1,1,0,1,0,1,0,0,1,1,1,0,0,1,1,0,0,0,1,0,1,1,0,1,0,1,0,0,1,1,0,1,1,1,1,1,1,1,1,1,1,0,1,0,0,0,1,0,1,0,0,1,0,1,1,0,1,0.0,-2817.210931500143,1
0,1,1,1,1,0,0,0,1,0,0,1,1,0,1,1,1,1,0,1,1,1,0,0,0,1,0,1,1,1,1,1,0,1,0,0,0,0,1,0,0,0,1,1,1,0,1,1,0,1,0,0,1,0,1,1,1,0,0,0,1,0,1,0,0.0,-2817.199422838655,1
1,1,0,1,0,1,1,1,0,0,1,0,0,1,0,1,0,0,1,0,0,0,0,0,1,0,1,1,1,0,1,0,1,1,1,0,1,0,1,0,0,0,1,1,1,1,1,1,1,1,0,0,1,0,1,0,0,1,0,1,1,1,0,0,0.015625,-2817.1940195591237,1
1,1,0,0,0,0,0,1,0,1,1,0,0,0,1,0,1,0,1,0,1,1,1,0,1,0,0,1,1,1,0,0,1,1,0,1,0,0,0,0,0,1,1,1,1,1,1,1,0,0,1,1,0,0,1,1,1,0,0,0,1,1,1,1,0.0,-2817.1911798342803,1
1,1,0,0,1,0,0,1,0,1,1,1,1,0,1,0,0,1,1,0,1,0,1,0,0,1,0,1,1,0,0,0,1,1,1,0,0,0,1,0,0,0,1,1,1,1,1,1,0,0,0,1,1,0,1,0,0,1,1,1,0,0,1,1,0.015625,-2817.1897207808183,1
0,1,1,1,0,1,1,1,0,1,1,0,1,1,0,1,1,0,0,0,1,1,0,0,0,0,0,1,0,1,0,1,0,1,0,1,1,0,1,1,0,0,0,1,0,0,0,1,1,0,0,1,1,0,1,1,1,1,0,1,0,1,0,1,0.0,-2817.1794278942316,1
0,0,1,1,1,1,0,0,0,1,0,1,0,0,1,1,0,0,0,1,1,1,0,0,0,0,1,1,1,0,1,0,1,1,0,1,0,1,1,1,1,1,1,0,1,0,1,1,0,1,0,0,1,1,1,1,0,0,1,0,1,0,0,0,0.015625,-2817.1296005959834,1
1,0,0,0,0,1,0,0,1,0,1,0,1,1,1,1,0,0,0,1,1,1,0,1,0,1,1,1,1,1,1,1,1,1,1,0,0,0,0,1,0,1,0,1,0,1,1,1,0,1,0,0,0,1,0,0,1,0,0,1,0,1,1,0,0.0,-2817.076378126019,1
0,1,1,0,1,1,0,1,1,0,0,0,1,1,1,0,0,1,0,1,1,1,0,0,0,0,0,1,1,0,0,1,0,0,1,1,0,1,0,1,0,0,1,1,1,1,1,1,0,1,1,0,1,0,0,1,0,0,0,1,1,1,0,1,0.0,-2817.0205789805073,1
0,1,0,1,0,1,0,1,1,0,1,0,1,0,1,1,0,1,1,1,1,1,1,0,0,0,0,0,0,0,1,0,1,1,0,1,1,1,1,1,0,0,1,1,1,0,0,1,0,0,0,0,1,1,0,1,1,1,0,0,1,1,0,0,0.015625,-2817.0085492002013,1
1,0,0,1,0,0,0,0,0,0,1,0,1,1,0,1,0,0,1,1,1,1,0,0,1,0,1,1,1,0,0,0,1,1,1,0,0,1,1,0,0,0,1,1,1,0,1,1,0,1,0,1,0,1,1,1,0,1,1,1,0,1,0,1,0.0,-2817.0061201893645,1
0,1,0,0,1,1,0,1,0,0,1,0,1,0,1,1,1,0,0,1,1,1,1,1,1,0,0,0,0,0,1,0,0,1,1,1,0,1,1,1,0,1,1,1,1,1,0,1,0,1,0,0,0,1,1,0,1,0,0,0,0,1,1,0,0.015625,-2816.982767749425,1
1,0,1,0,1,1,0,1,1,1,1,0,1,1,0,1,0,1,0,0,1,1,0,1,0,0,0,1,1,0,1,0,0,1,0,1,0,1,0,1,0,0,0,1,1,1,0,0,0,0,0,1,0,1,1,0,0,1,1,0,1,1,1,1,0.0,-2816.9607845838523,1
1,0,1,0,1,0,0,0,1,0,0,1,1,1,1,0,1,0,0,1,1,0,1,1,0,0,0,1,0,1,1,0,1,0,1,1,0,1,0,0,1,0,1,1,0,1,1,1,0,1,1,0,1,1,1,1,1,0,0,0,0,1,0,0,0.015625,-2816.954854010491,1
1,0,1,1,1,0,0,0,0,1,1,0,0,0,0,1,0,0,0,0,1,0,1,1,0,1,1,1,1,1,1,0,1,1,0,1,1,1,1,0,0,0,0,1,1,0,0,1,1,1,1,1,0,1,0,0,0,1,0,0,1,1,0,1,0.0,-2816.9472994160496,1
1,1,1,0,1,1,0,0,0,1,1,0,1,1,1,1,1,0,0,0,1,0,1,0,0,0,0,1,0,0,1,1,1,1,0,0,1,0,1,0,0,0,0,1,1,0,1,1,0,0,1,0,0,0,0,1,0,0,0,1,0,1,0,1,0.0,-2816.932803349257,1
1,0,1,0,0,1,0,0,0,0,1,0,1,0,1,1,0,0,0,1,0,0,0,0,1,0,0,1,0,0,1,1,1,1,0,1,1,1,1,0,1,0,1,1,1,1,0,1,0,1,1,0,0,1,1,1,1,1,0,0,1,1,0,1,0.015625,-2816.771648688027,1
0,0,0,0,1,1,0,1,1,0,1,0,1,1,0,1,1,1,1,1,1,1,0,0,0,1,0,1,1,1,1,0,0,0,1,1,0,0,0,0,1,0,0,1,0,0,0,1,0,1,1,1,1,1,1,1,1,1,0,0,0,1,0,0,0.0,-2816.4754193505164,1
1,0,1,1,1,1,0,1,1,0,0,0,0,0,1,0,0,0,1,0,1,0,0,0,1,1,1,1,1,0,0,1,0,1,1,1,0,0,0,0,0,0,0,1,0,0,1,1,1,0,0,1,0,0,1,1,0,0,1,0,0,1,0,1,0.0,-2804.9196132142,1
1,0,1,0,0,0,1,1,0,1,0,0,1,0,0,0,1,0,0,0,0,0,1,0,0,1,0,1,0,0,1,1,1,1,1,1,0,1,0,0,0,1,1,1,1,0,1,1,1,0,0,1,0,0,0,0,1,0,1,0,0,1,0,1,0.0,-2804.8465867184022,1
0,1,0,0,1,1,1,1,1,1,1,0,1,0,0,1,0,1,0,0,0,1,0,0,0,1,1,0,1,0,0,1,0,1,0,0,1,0,1,0,0,0,1,0,1,0,0,0,1,0,0,1,1,1,1,0,1,0,0,0,0,1,1,0,0.0,-2804.780538276155,1
1,0,1,1,0,1,0,1,0,0,0,0,1,0,0,0,1,0,0,1,0,1,0,0,0,0,1,1,0,0,1,0,1,0,0,1,0,1,0,0,0,0,1,1,1,1,0,1,1,1,0,0,0,1,0,0,1,1,0,0,1,1,1,1,0.015625,-2804.6850664811595,1
1,0,1,0,1,1,0,0,0,1,0,0,0,1,0,0,1,1,1,1,1,0,0,0,0,0,0,0,0,0,0,0,0,0,1,1,0,0,0,1,0,1,1,1,0,1,1,1,0,1,0,1,1,1,0,0,1,1,0,0,1,1,1,0,0.0,-2804.6726874374085,1
1,0,1,0,0,0,0,1,1,0,1,0,0,1,1,1,0,0,0,0,1,0,0,0,0,0,1,0,0,0,1,0,1,1,0,1,1,1,0,0,1,0,1,0,1,1,0,1,0,0,0,0,0,1,0,1,0,0,1,1,1,1,1,1,0.0,-2804.6618517884385,1
1,1,1,0,1,0,1,1,1,1,0,0,1,0,0,1,0,0,0,0,1,0,0,1,0,1,0,1,1,0,0,1,0,0,1,1,1,1,0,1,1,0,0,1,0,1,0,1,0,1,0,1,1,0,0,0,0,0,0,0,1,0,0,0,0.0,-2804.608517370492,1
0,1,1,0,1,0,1,1,1,0,1,0,1,0,0,0,0,0,0,0,1,0,1,0,1,1,1,1,0,1,0,0,1,0,0,1,1,1,0,1,1,1,1,0,0,1,0,1,0,1,0,0,0,1,0,0,1,0,0,0,0,1,0,0,0.0,-2804.607279387499,1
1,0,1,0,0,0,0,1,1,0,1,0,0,0,1,1,0,0,0,1,1,0,1,0,0,0,1,1,0,0,0,0,1,1,1,1,1,0,0,0,1,0,1,0,0,0,1,1,1,1,0,1,1,1,0,0,0,0,1,0,0,0,1,1,0.015625,-2804.6004436255944,1
1,0,0,0,1,1,0,1,0,0,0,0,0,0,1,0,0,0,1,0,1,0,1,1,0,1,0,1,0,1,0,1,0,1,0,1,0,0,0,1,0,0,1,1,0,0,0,1,0,1,0,1,1,0,1,0,1,0,1,1,1,1,1,0,0.0,-2804.574267137577,1
0,0,1,0,0,1,0,0,1,0,0,0,0,0,0,0,1,0,1,1,1,1,0,0,1,1,0,1,1,1,1,1,1,0,1,1,1,0,0,0,0,0,1,1,1,1,0,1,0,0,1,1,0,0,0,0,1,0,1,0,0,1,0,0,0.0,-2804.5582367615775,1
1,0,0,0,1,0,1,1,1,0,0,1,1,0,1,0,0,1,1,0,1,1,0,1,0,0,1,1,1,0,1,0,0,0,0,0,1,1,0,0,1,0,1,0,0,0,0,1,1,0,0,0,1,0,1,1,1,0,0,0,1,1,0,0,0.015625,-2804.546971645066,1
0,1,1,0,0,1,0,1,1,1,0,0,0,0,0,0,1,1,0,1,0,0,0,0,1,1,1,1,1,0,1,0,1,0,1,0,1,1,0,0,0,0,0,1,1,1,0,1,0,1,0,1,1,0,0,0,1,0,0,0,1,1,0,0,0.0,-2804.5455713722868,1
1,1,0,0,0,0,0,0,1,1,1,0,1,0,1,0,0,0,1,1,1,0,0,0,1,1,0,1,1,0,0,1,1,1,0,1,0,1,0,0,0,1,0,1,1,1,0,0,0,0,0,1,0,1,0,0,1,0,1,0,1,0,0,1,0.0,-2804.4991293844387,1
1,0,1,0,1,1,0,1,1,0,0,1,0,0,0,1,0,0,1,1,0,1,0,0,1,1,1,1,0,0,1,1,0,1,0,0,1,0,0,1,0,0,0,1,1,1,0,1,0,0,0,1,0,1,0,0,1,0,0,0,0,1,1,0,0.0,-2804.4985709202087,1
1,1,1,0,1,1,1,0,0,0,0,1,0,0,1,1,0,0,0,0,1,0,0,0,1,0,1,1,1,0,0,1,1,0,0,1,0,0,1,0,0,0,1,1,1,1,0,1,0,0,0,1,0,1,1,1,0,1,0,0,0,1,0,0,0.0,-2804.4658780716736,1
1,0,0,1,0,0,0,0,0,1,1,0,1,1,0,1,1,0,0,0,1,0,1,0,1,0,1,0,0,0,0,1,1,0,1,1,0,1,1,1,1,0,1,1,1,0,0,1,0,0,0,0,0,0,0,1,1,0,1,0,0,1,1,0,0.015625,-2804.455749037209,1
1,0,1,0,0,1,0,1,0,1,0,0,1,0,1,0,1,0,0,1,1,0,0,0,0,1,1,0,1,0,1,1,1,0,0,0,0,0,0,0,1,0,0,1,1,1,0,1,1,1,0,0,1,0,1,1,1,0,0,0,0,0,1,1,0.0,-2804.4294849520475,1
0,1,0,1,1,0,0,1,1,1,1,1,0,0,0,1,0,1,0,0,1,1,0,0,1,0,0,1,0,0,1,0,0,1,1,1,0,0,0,1,0,1,0,0,1,0,1,1,0,0,0,1,0,0,1,0,1,0,0,1,0,1,1,0,0.015625,-2804.427728446319,1
1,0,1,0,1,0,1,1,0,0,1,0,0,0,0,0,0,0,0,0,1,0,0,0,1,0,0,1,0,1,1,1,1,0,0,1,0,1,0,0,1,1,1,0,1,0,0,1,1,1,0,1,1,0,0,1,1,1,0,1,0,1,0,0,0.0,-2804.4236436512183,1
0,0,1,0,1,0,1,1,1,1,0,0,0,0,0,0,0,0,1,0,0,0,1,0,0,0,1,1,0,0,0,1,1,0,0,0,1,0,1,0,1,0,1,1,1,0,1,1,0,1,0,1,1,1,0,1,1,1,0,0,1,1,0,0,0.015625,-2804.415167591884,1
0,1,0,1,0,0,0,0,0,1,1,0,0,0,0,1,1,1,0,0,1,0,0,1,1,1,0,1,0,0,0,1,0,1,0,1,1,0,1,0,0,0,1,1,1,1,0,1,0,0,0,1,0,1,1,1,0,1,0,0,1,0,1,0,0.015625,-2804.4080865880874,1
0,1,1,1,0,1,1,0,0,1,1,1,1,1,0,0,0,0,1,0,1,0,0,0,1,0,0,1,0,0,0,1,0,0,0,0,1,1,0,0,1,1,0,1,1,1,0,1,0,0,0,1,0,1,0,1,1,0,0,1,0,0,1,0,0.0,-2804.3732779711813,1
0,0,1,0,0,1,0,0,0,0,1,0,1,0,0,1,1,0,0,1,1,0,0,1,0,1,1,1,1,0,0,0,0,1,0,1,1,0,1,0,1,0,0,1,1,1,0,1,1,0,0,1,1,0,1,0,0,0,1,1,0,1,0,0,0.0,-2804.3536012690683,1
0,0,0,1,0,1,1,1,0,0,0,1,0,0,0,1,0,1,0,0,1,1,0,0,0,0,1,0,1,1,1,0,1,0,0,1,1,0,0,1,0,0,0,1,1,1,1,1,0,0,0,1,0,0,1,1,1,1,0,0,0,1,1,0,0.0,-2804.310407664725,1
1,1,0,1,1,1,0,0,1,0,0,0,0,0,1,0,1,1,0,0,1,1,1,0,0,0,0,1,0,0,1,0,1,1,0,1,0,0,1,1,0,0,1,0,1,1,1,1,0,0,0,1,0,0,0,1,0,1,0,0,0,1,1,0,0.0,-2804.293294034774,1
0,1,1,0,1,1,0,0,0,0,0,0,1,1,0,0,1,0,0,0,1,0,0,0,1,0,0,1,0,1,1,1,1,1,0,0,0,0,1,0,1,1,1,1,1,1,0,0,0,0,0,0,0,1,0,1,1,0,1,1,1,1,0,0,0.015625,-2804.279200965789,1
0,0,0,0,0,0,1,1,1,0,1,1,0,1,0,1,1,0,1,0,1,0,0,0,1,1,0,0,0,0,1,1,0,0,1,1,0,0,1,0,0,0,0,1,1,1,0,0,0,1,0,0,1,1,0,1,1,1,1,0,0,1,0,1,0.0,-2804.235754396852,1
1,1,1,0,0,1,0,0,0,0,0,0,1,0,0,1,0,0,0,0,1,1,1,1,0,0,1,1,1,1,1,0,0,1,0,0,0,1,0,0,1,0,0,1,0,1,0,1,1,1,0,0,1,0,1,1,0,0,1,1,1,0,0,0,0.0,-2804.2224597120985,1
1,0,0,0,1,1,0,0,1,0,1,0,0,1,1,1,0,0,1,1,1,0,0,1,1,1,0,1,0,1,1,0,1,0,1,0,1,0,0,0,0,1,1,0,0,0,1,1,0,0,0,0,0,0,0,1,1,0,1,0,1,1,0,0,0.0,-2804.190227078562,1
1,0,0,0,1,1,1,0,1,0,1,0,0,0,0,1,0,1,0,1,1,0,1,0,0,0,0,1,0,0,0,0,1,1,1,1,0,1,1,1,0,1,0,1,1,0,1,1,0,0,0,0,0,1,0,0,0,0,1,1,0,1,1,0,0.015625,-2804.1855290335525,1
1,0,1,0,0,1,0,1,0,0,1,0,0,1,0,0,0,1,1,1,1,1,0,0,0,0,1,1,1,0,0,1,1,0,0,0,0,1,1,0,0,0,0,1,0,1,0,0,0,1,0,0,0,1,0,1,1,1,0,1,0,1,1,1,0.0,-2804.1834590406224,1
1,0,0,0,1,1,0,1,1,0,0,0,1,0,1,0,1,0,0,1,1,0,0,0,1,0,0,1,0,1,1,0,0,1,0,0,0,1,1,0,1,1,1,0,0,0,1,1,1,0,0,0,1,1,0,0,1,0,0,0,0,1,1,1,0.0,-2804.165979014009,1
0,1,0,1,0,1,0,0,0,0,0,0,1,1,0,0,0,0,0,1,1,0,0,0,1,1,0,1,0,0,1,0,0,0,0,1,0,1,1,0,0,0,1,1,1,1,0,1,1,1,0,0,1,0,0,1,1,1,1,1,0,1,1,0,0.015625,-2804.1328493494434,1
0,0,1,0,1,0,0,1,1,0,1,0,1,1,0,0,0,0,0,1,1,1,0,0,0,0,1,1,0,0,0,0,0,0,0,1,1,0,1,1,1,1,0,1,1,0,0,1,1,1,0,1,0,1,0,1,1,0,0,0,1,1,0,0,0.015625,-2804.115963428743,1
0,1,0,1,1,1,0,1,0,0,1,0,1,0,1,0,0,0,1,1,0,1,1,0,0,1,1,1,0,0,0,0,0,0,0,0,1,1,1,0,0,0,0,1,1,1,1,1,0,0,0,0,0,1,1,1,1,0,0,0,0,1,0,1,0.0,-2804.1141230110106,1
0,1,0,0,1,0,0,0,0,0,0,1,0,1,0,1,0,0,1,0,0,0,1,0,0,1,0,1,0,0,1,1,0,0,0,1,0,1,0,1,0,1,0,1,1,1,0,1,1,0,0,1,0,0,0,1,1,1,1,1,1,1,0,1,0.0,-2804.0800718707874,1
1,0,0,0,0,1,0,0,0,0,1,0,0,1,1,0,1,1,0,0,1,1,0,0,1,0,1,1,1,1,1,1,1,0,0,0,1,1,0,0,0,0,0,1,1,1,0,1,0,1,0,0,0,1,0,1,0,0,0,1,1,0,0,1,0.0,-2804.063736988764,1
0,0,0,1,1,1,1,1,0,0,0,1,0,1,1,1,0,0,0,0,1,1,0,0,0,0,0,1,1,1,1,0,0,1,1,1,0,0,0,0,0,0,0,1,1,1,0,1,0,0,0,0,0,1,0,1,1,0,1,1,0,1,0,1,0.0,-2804.0511165398107,1
1,0,1,1,0,0,1,1,1,1,0,0,1,1,0,1,0,0,1,0,1,1,0,0,1,1,0,0,1,1,0,1,0,1,0,1,0,0,1,1,1,0,1,0,0,1,1,1,1,1,0,0,0,0,0,1,1,0,1,0,1,1,1,0,0.0,-2804.026712254482,1
1,1,1,0,0,0,0,1,0,0,0,0,0,1,0,1,1,0,0,1,1,0,0,0,0,0,1,1,0,1,0,1,0,1,0,1,1,0,1,1,0,1,1,1,1,1,1,0,0,1,0,1,1,0,0,0,0,0,0,1,0,1,0,0,0.0,-2803.982366236981,1
0,1,1,0,0,0,0,0,0,1,0,0,1,1,0,0,1,1,1,1,1,0,1,1,0,0,0,1,0,0,1,0,1,1,1,1,0,0,0,0,1,1,0,1,1,0,0,1,0,0,0,0,0,1,0,1,1,0,0,1,0,1,1,0,0.03125,-2803.9527499773153,1
1,0,1,0,0,1,0,0,0,1,1,0,0,0,1,1,1,0,1,0,0,1,0,0,1,1,0,0,0,0,0,1,1,1,0,1,1,1,1,0,0,1,1,1,1,0,0,1,1,0,0,1,1,1,1,1,1,0,0,0,1,1,1,1,0.0,-2803.904130401201,1
1,1,0,1,0,1,0,1,0,1,0,0,1,0,1,0,1,0,1,0,1,1,0,0,1,0,1,1,1,0,0,0,0,0,0,0,1,0,0,0,0,1,0,0,1,0,1,1,0,0,0,0,1,1,1,1,1,1,0,0,0,1,1,0,0.0,-2803.8832379535866,1
1,0,1,0,1,0,0,0,0,0,0,1,0,0,1,1,0,1,0,0,1,0,1,0,1,1,0,1,0,0,1,0,1,0,1,0,1,1,0,1,0,0,1,1,1,1,0,1,0,1,0,1,0,1,1,1,1,0,0,0,0,0,0,0,0.0,-2803.877209604619,1
0,0,0,0,0,1,0,1,0,1,1,0,1,0,1,1,0,0,0,1,0,0,0,0,1,1,1,1,0,0,1,0,1,0,0,0,1,0,0,0,0,1,1,1,1,1,1,1,0,1,0,0,0,1,0,1,1,1,0,0,1,1,0,0,0.0,-2803.855239445801,1
1,0,0,0,1,0,0,1,0,1,1,0,0,1,0,1,1,0,1,1,1,0,1,0,0,0,1,1,0,1,0,1,0,0,0,0,1,1,0,0,0,1,1,1,1,1,1,1,0,0,0,0,0,0,0,1,1,0,1,0,0,0,0,1,0.0,-2803.827935840408,1
1,0,0,1,0,0,0,1,0,0,0,0,0,0,1,1,0,0,0,1,1,1,1,0,0,0,0,1,0,1,0,1,1,1,1,0,1,1,0,1,0,0,0,1,0,1,1,1,0,0,0,1,1,0,1,1,1,0,1,0,0,1,0,0,0.015625,-2803.8220887283255,1
1,0,1,0,0,1,0,0,1,0,1,0,1,0,0,0,0,1,1,1,1,1,1,0,1,0,1,1,1,0,1,1,1,1,0,1,1,0,0,0,1,0,1,0,1,0,1,1,0,0,0,0,1,1,1,1,1,0,0,1,0,1,1,0,0.0,-2803.8191805462084,1
0,0,0,0,1,0,0,0,0,1,1,0,1,1,1,1,1,0,0,0,1,1,0,0,0,0,1,1,0,0,0,1,1,0,0,1,1,1,1,0,0,0,1,1,1,1,0,0,0,0,0,1,1,0,0,1,0,1,1,1,0,1,0,0,0.0,-2803.794589026553,1
1,0,0,1,0,1,0,1,0,0,0,1,0,0,0,1,1,1,1,1,0,1,0,1,0,0,1,1,0,0,1,0,0,0,0,1,1,0,0,1,0,1,0,1,0,0,0,0,0,0,0,1,0,1,1,1,0,1,1,1,0,1,1,0,0.015625,-2803.789963356271,1
0,0,1,1,1,1,0,1,0,1,0,1,1,0,0,1,1,0,0,0,1,1,1,0,0,1,1,1,1,1,0,1,1,1,0,1,1,0,0,1,1,0,0,1,1,0,1,0,1,0,0,0,0,1,1,0,1,0,0,1,0,1,0,1,0.0,-2803.7045699445675,1
0,0,0,1,0,0,0,1,1,1,0,0,0,1,1,1,0,0,0,1,1,0,0,0,0,0,0,1,0,0,0,1,0,0,0,1,0,1,0,1,0,1,1,1,1,1,0,1,0,1,1,0,1,0,1,1,1,0,0,0,1,1,0,1,0.0,-2803.700033674796,1
1,0,0,0,0,0,1,1,1,0,1,0,1,0,1,0,0,1,1,1,0,1,0,0,0,0,0,1,1,1,1,1,0,1,0,0,1,1,0,0,1,0,0,1,1,0,1,1,0,1,0,0,0,1,0,1,0,0,0,0,0,0,1,1,0.0,-2803.6975309618715,1
1,0,0,1,1,0,1,1,0,0,0,1,1,0,1,0,0,1,0,0,1,1,1,0,0,1,0,1,1,1,0,0,1,0,0,1,0,0,0,1,1,0,1,1,1,1,1,1,1,0,0,1,1,1,0,0,1,1,0,0,1,1,0,1,0.015625,-2803.684928410262,1
1,1,0,0,0,0,0,1,1,1,1,0,0,1,0,1,0,1,1,1,1,1,0,1,0,0,0,0,1,0,0,1,1,0,1,1,0,0,0,0,0,1,1,1,1,1,0,1,0,1,0,1,1,1,0,1,0,1,0,1,0,1,1,1,0.015625,-2803.669067843376,1
0,1,0,0,0,0,1,1,0,0,0,1,1,1,1,0,1,1,0,0,1,0,1,0,0,1,1,1,0,0,0,0,0,1,1,0,1,1,1,0,0,1,0,0,1,0,1,1,0,0,1,1,1,0,0,1,0,0,0,1,0,1,0,0,0.015625,-2803.6638958436993,1
0,1,0,0,1,1,0,1,0,1,1,1,1,1,0,1,0,0,1,1,0,1,0,0,1,0,1,1,0,0,1,1,1,0,0,1,1,0,0,0,0,1,0,1,0,0,0,1,0,0,1,0,0,1,0,1,1,1,0,0,0,0,0,0,0.0,-2803.645154429197,1
1,1,1,0,1,0,0,1,1,1,0,1,1,1,0,0,0,1,0,1,1,0,0,1,1,0,0,1,1,0,0,0,1,1,0,1,1,0,0,0,0,0,1,1,0,1,1,0,1,0,1,1,1,1,0,1,0,1,0,0,1,1,1,0,0.015625,-2803.6285838641948,1
1,0,0,0,1,0,0,1,1,1,0,1,1,0,0,1,1,1,0,0,1,1,0,0,1,1,1,1,0,1,1,1,1,1,1,1,0,1,0,0,1,0,0,1,1,0,0,1,1,1,0,0,0,0,0,1,1,1,0,1,0,1,0,0,0.0,-2803.6198742206493,1
1,0,1,1,1,1,0,1,0,1,1,0,0,0,0,1,0,0,0,1,0,1,1,1,0,0,0,1,1,0,1,0,1,0,0,1,0,1,0,0,0,1,1,1,1,1,1,1,1,1,0,1,0,1,0,1,0,0,1,0,1,1,1,0,0.0,-2803.5769571988194,1
1,0,1,0,1,0,0,0,0,1,1,0,1,1,0,0,1,0,1,1,1,0,1,1,1,0,1,1,1,0,0,0,1,1,1,1,0,1,0,1,1,0,1,1,1,0,0,1,0,1,0,0,0,0,1,0,1,0,1,0,1,1,0,1,0.0,-2803.55836782333,1
1,1,1,1,1,1,0,1,1,1,1,0,0,0,1,0,0,0,0,0,1,0,0,1,1,1,1,1,1,1,1,1,1,0,0,1,1,0,1,0,0,0,0,1,1,0,0,0,0,0,0,1,1,0,1,1,1,0,0,1,0,0,1,1,0.0,-2803.4816885660093,1
0,1,1,1,0,0,1,0,0,0,0,0,1,0,0,1,1,0,0,1,1,1,0,0,0,0,1,1,0,0,0,1,1,1,0,1,1,1,0,0,0,0,1,1,1,1,0,0,1,1,1,1,1,0,0,1,1,1,1,1,1,0,1,1,0.03125,-2803.465905945812,1
1,1,1,0,1,1,1,1,1,0,1,1,1,0,0,0,0,1,0,1,1,1,0,1,1,0,1,1,1,0,0,1,0,1,1,0,1,1,0,1,0,0,0,1,1,1,0,0,0,0,1,1,0,0,1,0,0,0,0,0,1,1,0,1,0.0,-2803.4469435571004,1
1,0,1,0,1,0,0,1,0,0,1,0,1,1,0,1,1,0,0,1,1,1,0,1,1,0,1,1,0,1,0,1,1,0,1,0,0,0,1,0,0,0,1,1,0,0,1,1,1,0,1,1,1,1,0,1,1,0,0,0,1,1,1,0,0.0,-2803.432733076866,1
0,0,1,0,1,0,0,0,0,1,1,0,1,0,1,1,0,1,0,1,1,1,0,0,0,1,1,1,0,0,0,0,1,1,1,1,0,0,1,0,0,1,1,1,1,0,1,1,1,1,1,1,0,1,0,1,1,0,0,0,1,1,0,1,0.015625,-2803.430346562987,1
0,0,0,0,0,0,0,1,0,0,1,1,1,1,0,1,0,0,1,0,1,0,0,0,0,0,1,1,0,1,0,1,1,0,1,0,1,1,1,0,1,0,0,1,1,0,1,0,0,0,0,1,1,1,1,1,0,0,1,0,1,1,0,0,0.0,-2803.4110503489605,1
1,1,0,0,1,0,1,0,1,1,0,0,0,0,0,0,1,0,1,1,1,0,0,1,1,0,0,1,0,0,1,0,1,0,1,0,1,1,1,1,1,1,1,0,1,0,1,1,1,1,0,0,1,1,1,0,1,1,0,1,0,0,0,1,0.015625,-2803.368726713388,1
0,1,1,0,0,1,0,1,1,0,1,1,1,0,1,1,0,0,0,0,1,1,0,1,1,1,0,1,1,0,0,0,1,1,0,0,0,0,1,1,0,1,1,1,1,1,0,1,0,0,0,1,0,0,1,1,1,1,1,1,1,0,0,0,0.0,-2803.3621688364497,1
1,0,1,1,0,1,0,1,0,0,0,0,1,1,0,1,0,0,1,0,1,0,0,1,0,1,1,0,0,0,1,1,1,0,1,1,1,0,0,1,0,1,1,1,1,0,0,1,0,0,1,1,0,1,1,1,1,0,0,0,1,1,1,1,0.0,-2803.347797284793,1
1,0,1,1,1,1,0,1,1,1,0,1,1,0,1,1,0,1,1,1,1,0,0,0,1,0,1,1,1,1,0,1,0,0,1,1,1,0,0,1,0,1,0,1,0,1,0,1,0,0,0,1,0,0,0,1,1,1,0,0,0,1,0,0,0.015625,-2803.3168220536186,1
0,0,0,0,0,0,1,1,0,0,1,0,0,0,0,0,1,1,1,1,1,0,1,0,0,0,0,1,1,1,0,1,1,1,1,1,0,0,1,1,1,1,1,1,1,1,0,1,1,1,0,0,1,0,0,1,1,0,0,1,0,1,1,1,0.0,-2803.314866004103,1
0,0,0,1,0,1,1,1,0,1,0,0,1,0,1,1,1,1,0,1,1,0,1,1,1,1,0,1,0,1,0,0,0,0,1,1,0,0,0,0,1,1,0,0,1,1,0,1,0,0,0,0,1,1,1,1,1,0,0,1,1,1,1,1,0.0,-2803.3137591878267,1
1,0,1,1,0,1,0,1,0,1,0,0,0,0,1,0,0,1,0,1,1,1,0,1,0,0,0,1,0,0,0,0,1,1,0,1,1,0,0,1,1,0,1,1,1,0,0,1,0,1,0,1,1,1,1,1,1,1,0,1,1,1,1,0,0.015625,-2803.309512322116,1
0,1,0,0,0,0,1,1,0,1,1,0,1,0,1,0,0,0,1,0,1,0,0,0,1,0,1,1,0,1,0,1,0,0,0,0,1,1,1,0,0,1,1,1,1,1,1,1,1,1,0,1,1,1,1,1,1,0,0,0,0,1,1,1,0.03125,-2803.2909749422042,1
1,1,0,0,0,1,0,1,1,1,1,1,1,0,0,1,0,0,0,0,1,1,1,1,1,0,0,1,0,0,0,1,0,0,0,1,1,0,0,1,0,0,0,1,1,0,1,1,0,1,0,1,0,0,1,1,1,1,1,1,0,1,1,1,0.015625,-2803.2859914161713,1
1,0,0,0,1,0,1,1,1,1,0,1,1,0,0,0,1,0,0,1,1,1,0,1,1,0,0,1,1,0,1,1,1,0,1,1,1,0,1,0,0,1,0,1,1,0,0,1,0,0,1,0,0,1,0,1,0,0,1,1,0,1,1,1,0.0,-2803.2472212403463,1
1,1,0,0,0,1,0,1,0,1,1,0,1,0,1,1,0,0,0,1,1,0,0,1,1,1,1,1,0,1,1,0,1,1,1,1,1,0,1,0,1,1,0,1,0,1,1,1,0,1,0,0,0,0,1,0,1,0,0,0,1,0,0,1,0.0,-2803.220687849783,1
1,1,0,1,1,1,1,1,1,1,1,0,1,1,0,0,0,0,1,1,1,1,0,0,1,0,0,1,0,0,0,0,1,0,0,0,1,0,1,0,1,1,1,1,1,0,0,0,0,0,0,1,1,1,1,0,1,1,0,0,1,1,0,1,0.0,-2803.1690851742032,1
0,1,1,0,1,1,0,0,0,0,0,0,1,0,1,1,0,0,0,1,1,0,1,0,1,1,0,1,0,1,1,0,0,1,0,0,1,1,1,0,1,1,1,1,1,1,1,1,1,0,0,1,0,1,0,1,1,0,1,0,0,1,0,1,0.0,-2803.098439897096,1
1,1,1,1,1,0,0,1,1,1,1,1,1,0,1,1,0,0,0,1,1,1,1,0,0,0,1,1,1,1,1,1,0,0,0,0,0,1,1,0,0,1,1,1,1,1,0,1,0,0,0,0,0,1,0,0,1,0,0,0,1,0,0,1,0.0,-2803.067113511929,1
0,0,1,0,0,1,0,1,0,0,1,1,1,0,1,0,0,1,0,1,1,1,1,1,1,1,0,1,0,1,1,0,1,1,1,0,1,1,1,0,1,1,1,1,1,1,0,1,0,0,0,0,0,0,0,1,0,0,1,0,1,1,0,0,0.015625,-2803.026431533409,1
0,1,1,0,1,0,1,1,0,0,1,0,1,0,0,1,0,0,1,1,1,0,1,0,0,0,0,1,1,1,0,1,1,0,1,0,1,1,1,1,0,0,1,0,1,0,1,1,0,0,0,1,1,0,1,1,1,1,1,0,0,1,0,1,0.0,-2802.8468839767634,1
1,1,0,1,0,1,0,0,0,0,0,0,0,1,1,1,0,0,0,1,1,0,1,1,1,0,1,1,1,0,1,0,0,1,0,1,1,0,1,1,1,0,1,1,1,0,0,0,1,1,0,1,0,1,1,1,1,1,0,0,0,1,1,0,0.0,-2802.492292088301,1
0,1,0,1,0,0,0,1,1,0,1,1,1,1,0,0,0,1,0,0,1,0,0,0,0,1,1,1,1,1,1,1,1,0,0,1,0,0,1,1,0,1,0,1,1,0,1,1,0,0,1,1,1,0,1,1,0,1,1,0,1,1,0,0,0.0,-2802.4309179296006,1
1,1,0,1,0,1,1,1,1,0,0,0,1,1,0,0,0,0,0,1,0,0,0,0,0,0,0,0,0,0,0,1,0,1,0,0,0,1,0,0,1,1,1,0,1,1,1,1,1,0,0,1,0,0,1,1,1,0,0,1,1,1,0,0,0.0,-2785.4908373167736,1
1,0,0,0,1,1,0,1,1,0,1,1,1,1,0,0,0,1,0,0,1,0,0,0,0,1,0,1,1,0,0,1,1,1,0,1,1,1,0,0,0,1,1,1,1,1,0,0,0,0,0,1,0,1,0,0,0,0,0,0,0,0,0,1,0.0,-2785.4320531616,1
1,0,1,0,0,1,1,1,1,0,0,0,1,0,0,1,1,0,0,0,1,1,0,0,0,1,1,1,0,0,0,0,1,1,0,0,0,0,1,1,1,0,0,0,0,0,1,1,0,1,0,0,1,0,0,1,1,0,0,0,1,1,1,0,0.0,-2785.378953081123,1
1,0,1,0,0,1,0,0,0,0,0,1,0,0,0,0,0,0,0,1,0,0,1,1,1,0,0,1,0,1,1,1,1,1,1,1,0,1,0,1,0,0,1,1,1,0,1,1,1,0,0,0,0,0,0,0,0,1,0,0,1,0,1,1,0.0,-2785.359522682863,1
0,0,1,0,0,0,0,1,1,1,1,0,0,0,1,0,0,0,0,0,1,0,0,1,1,0,0,0,0,0,1,1,0,1,0,1,1,0,0,0,0,1,1,1,1,1,1,0,0,0,0,0,1,0,0,1,1,1,0,0,1,1,1,1,0.03125,-2785.3157305556847,1
0,1,1,0,0,1,0,0,0,1,0,0,1,0,1,1,1,0,1,0,1,0,0,0,1,1,0,0,1,0,1,1,1,1,1,1,1,1,0,0,0,0,0,1,1,0,1,1,0,1,0,0,1,0,0,0,0,0,0,0,0,1,0,0,0.0,-2785.2834861917468,1
1,0,0,1,0,1,0,0,1,0,1,0,0,0,1,0,1,0,1,0,1,0,0,0,1,1,1,1,0,0,0,1,1,0,0,0,1,0,0,0,1,1,0,1,1,0,0,1,1,0,0,1,0,1,0,1,1,0,0,0,0,0,1,1,0.0,-2785.2583709424202,1
1,0,0,0,0,0,0,1,0,0,0,0,1,1,1,0,1,0,0,0,0,0,1,0,1,0,0,0,1,0,0,1,1,0,1,1,0,1,1,0,0,0,1,1,1,1,1,1,0,1,0,1,0,0,1,1,0,0,0,1,0,1,0,1,0.015625,-2785.2569093081806,1
1,1,0,0,0,1,0,0,0,0,0,1,1,0,1,0,0,1,1,0,1,1,1,1,0,1,0,1,1,0,0,0,1,0,1,0,0,0,0,1,0,0,0,1,1,1,1,1,0,0,0,1,0,1,0,0,0,0,0,1,1,1,0,0,0.015625,-2785.227542630184,1
0,0,1,0,1,0,0,1,0,0,1,1,1,0,1,1,1,1,0,0,0,1,0,0,0,1,1,0,0,0,1,1,1,1,0,0,0,0,0,0,0,0,1,1,1,1,0,1,0,0,1,0,0,0,0,1,1,1,0,0,1,1,0,0,0.0,-2785.204523647483,1
0,0,0,0,0,0,0,1,1,0,1,0,1,0,0,1,1,0,0,1,0,0,1,0,0,0,1,1,1,0,1,1,1,1,0,1,1,0,0,1,1,1,1,1,0,0,1,0,0,0,0,0,0,0,1,0,0,0,0,0,1,1,1,1,0.015625,-2785.202568432836,1
0,0,0,1,0,1,0,1,1,0,0,0,1,0,1,1,1,0,0,1,1,0,1,0,0,0,0,1,0,0,0,1,1,1,0,1,0,0,0,0,0,0,1,1,1,1,1,1,0,0,0,1,0,0,0,0,1,1,1,0,0,1,1,0,0.0,-2785.1812677914086,1
0,0,1,1,1,0,0,1,0,1,1,0,0,0,0,0,0,0,0,0,1,1,0,1,0,0,0,1,0,0,1,0,1,1,1,1,0,0,1,1,0,1,0,1,0,1,0,1,0,0,0,1,1,1,1,1,1,0,0,1,0,0,0,0,0.0,-2785.1796149193215,1
0,0,1,0,1,1,0,0,0,0,1,0,1,0,0,0,1,0,0,1,1,1,0,0,0,1,0,1,1,0,1,0,0,0,0,1,0,1,1,1,1,0,1,1,1,1,0,1,0,0,0,0,0,0,1,1,1,0,0,0,1,1,0,0,0.015625,-2785.1756303521656,1
0,1,1,0,1,1,0,1,0,0,1,0,1,0,0,1,1,0,0,1,1,1,0,1,0,0,1,1,1,0,1,1,0,0,0,1,1,1,0,0,0,1,0,1,0,0,1,1,0,0,0,1,0,0,0,1,0,0,1,0,0,0,0,0,0.0,-2785.168877847241,1
1,1,1,0,0,0,1,1,0,1,0,1,1,0,1,0,0,0,1,0,0,1,0,0,0,0,0,0,0,0,0,0,1,1,0,1,1,0,0,0,1,1,1,1,1,0,1,1,0,0,1,1,1,0,0,0,1,0,0,0,0,1,1,0,0.0,-2785.1180518780234,1
1,0,1,0,1,1,0,1,0,0,0,0,1,1,0,0,0,0,1,0,1,0,0,0,1,0,0,0,0,1,1,0,1,0,1,0,0,0,1,0,0,0,1,1,1,1,0,1,0,0,0,1,0,1,0,1,1,1,0,0,1,1,1,0,0.0,-2785.0983475605763,1
1,0,1,0,1,0,0,1,1,0,0,0,0,0,0,1,0,0,1,1,1,0,0,0,1,0,1,1,1,0,1,0,0,0,1,1,0,1,0,1,0,0,1,1,1,0,0,1,0,1,0,1,0,1,0,1,1,0,0,0,0,0,1,0,0.0,-2785.0505890837985,1
1,0,0,0,1,1,1,0,0,0,0,1,0,0,1,1,0,1,0,0,1,1,0,0,1,0,0,1,0,0,1,0,1,0,0,1,0,1,0,1,1,0,0,0,1,0,0,1,1,0,0,1,0,1,0,0,1,1,0,1,0,1,1,0,0.015625,-2785.0475320936484,1
0,1,0,0,1,1,0,1,0,0,0,0,0,0,0,0,0,0,0,0,1,1,1,1,0,0,1,1,0,0,1,0,1,0,0,1,1,1,0,0,1,0,0,1,1,0,1,1,0,1,0,0,0,1,0,1,1,1,0,0,1,1,1,0,0.015625,-2785.0308187042983,1
1,0,1,0,0,1,0,0,0,1,1,1,0,1,0,0,1,0,0,1,0,1,0,0,0,0,0,1,0,1,0,0,0,1,0,1,0,0,1,1,0,0,1,1,0,1,1,1,0,1,0,0,0,1,0,1,0,1,0,0,1,0,1,1,0.0,-2785.0298527033847,1
1,1,1,1,0,0,0,1,0,1,1,0,1,0,1,1,0,0,0,0,1,0,0,1,1,0,0,1,0,0,1,1,0,0,0,1,0,0,0,0,0,1,0,1,1,1,1,1,0,1,0,1,0,1,0,0,0,0,0,0,1,0,1,0,0.015625,-2784.9884790073074,1
1,1,0,1,0,1,0,0,1,1,1,0,1,0,1,0,0,0,0,1,1,0,0,1,1,1,0,1,1,1,1,1,0,0,0,1,1,0,0,0,1,1,0,0,1,1,0,0,0,0,0,1,0,0,0,0,1,0,0,1,0,0,0,0,0.0,-2784.977102222787,1
0,0,1,0,1,0,0,0,1,0,0,0,1,1,0,0,0,1,0,1,1,1,1,1,1,0,0,1,0,1,1,0,0,1,0,0,1,0,0,0,0,0,1,1,0,1,0,1,0,0,0,1,0,1,1,1,0,1,0,0,0,1,1,0,0.0,-2784.9353425468107,1
0,0,0,0,1,0,0,1,1,1,1,0,0,0,1,0,0,1,0,0,1,0,0,0,0,1,0,1,0,1,0,0,0,1,0,0,0,1,0,1,0,1,1,1,0,0,0,1,0,1,1,1,1,0,0,1,1,0,1,1,1,1,0,0,0.0,-2784.85360611036,1
0,0,0,1,0,0,0,0,0,0,0,0,1,1,1,0,1,0,1,1,1,0,0,0,1,0,0,1,0,1,1,0,1,0,1,1,0,0,1,0,0,0,0,1,1,1,1,1,0,1,0,0,0,1,0,1,1,0,1,0,1,0,0,1,0.0,-2784.7571629010545,1
0,0,0,0,1,0,0,0,0,1,1,0,0,0,1,1,1,1,0,1,0,1,0,0,1,0,0,1,0,1,1,0,0,0,1,1,1,1,1,0,0,1,1,1,1,0,0,1,0,0,0,0,0,1,1,0,0,0,0,0,0,1,1,1,0.0,-2784.6349766945004,1
1,0,1,0,0,0,0,1,0,0,1,0,0,1,1,1,0,1,0,1,0,1,0,0,0,0,1,1,0,0,0,0,1,1,0,1,0,1,1,1,1,0,1,1,1,1,1,0,0,1,0,0,0,1,0,1,0,0,0,0,0,1,0,0,0.0,-2784.624840932568,1
1,0,0,1,0,0,0,0,0,1,1,1,1,1,0,0,0,1,1,1,1,1,0,1,0,0,0,1,0,1,1,0,1,0,0,0,0,0,1,1,0,0,0,0,1,0,1,1,0,1,0,0,0,1,0,1,1,1,0,0,1,0,0,0,0.015625,-2784.539808281941,1
0,1,1,0,0,1,0,0,0,1,1,0,1,0,1,0,1,0,0,0,1,0,0,0,1,1,0,1,0,0,1,0,0,0,0,1,1,0,1,0,0,1,1,0,1,0,0,1,1,1,1,0,0,1,0,1,0,1,0,0,1,0,1,0,0.015625,-2784.4768055732943,1
1,1,0,0,1,0,0,0,0,0,1,1,1,0,1,1,1,1,1,0,1,1,1,1,0,0,0,1,0,1,0,0,1,0,1,0,0,0,1,0,0,1,1,1,1,0,1,0,0,1,0,0,0,1,0,0,0,1,0,0,0,0,0,0,0.0,-2784.3786434449466,1
1,1,0,1,0,1,0,0,0,1,0,1,1,1,0,0,0,1,1,1,1,0,1,0,1,0,1,1,0,0,1,0,1,1,1,1,1,0,1,1,0,0,1,1,0,0,1,1,0,1,0,1,0,0,0,1,1,0,0,1,1,1,0,1,0.0,-2784.283408529092,1
0,0,0,1,1,0,1,1,0,1,1,0,1,1,0,0,1,0,0,1,1,1,1,0,1,0,0,1,0,1,0,0,1,0,1,1,1,1,0,0,0,0,1,1,1,0,1,1,1,1,0,1,0,1,0,1,1,0,1,1,1,1,0,0,0.0,-2784.256227450092,1
1,0,1,0,1,1,0,0,0,0,1,0,1,1,0,0,0,1,0,1,1,0,1,1,0,1,1,1,1,0,0,1,0,1,1,1,0,1,0,0,0,0,1,1,1,1,1,1,0,0,1,1,0,1,1,1,1,0,1,0,1,0,0,1,0.0,-2784.192318846183,1
0,0,1,0,1,1,0,1,1,0,0,0,1,0,0,1,1,1,1,0,0,1,1,1,1,0,1,1,0,0,1,0,0,1,1,0,0,1,1,0,0,0,1,1,1,1,0,1,0,1,0,0,0,1,1,0,1,1,1,1,1,1,1,0,0.015625,-2784.0380011931675,1
1,0,0,0,0,1,0,0,1,0,1,1,1,0,1,1,1,1,1,0,1,1,0,0,1,0,0,1,0,1,1,1,0,1,0,1,1,1,0,0,1,0,1,1,1,1,1,1,1,0,0,1,1,0,0,1,1,0,0,0,0,1,1,0,0.0,-2783.9696877735605,1
0,0,1,0,0,1,1,0,1,0,1,1,1,1,1,0,0,1,1,0,0,1,0,1,1,0,1,1,0,1,1,1,0,1,1,0,1,1,0,0,0,0,1,1,1,1,1,1,0,1,0,0,0,1,0,1,1,0,1,1,0,0,0,1,0.0,-2783.896874548854,1
0,1,0,0,0,0,0,0,1,1,0,0,1,0,1,1,0,1,1,0,1,1,0,1,1,0,0,1,1,0,0,1,0,1,0,1,1,1,1,1,0,0,1,1,1,1,1,1,1,0,1,1,0,1,0,1,1,0,1,0,1,1,0,0,0.0,-2783.8965931533066,1
1,0,1,0,1,1,0,0,1,1,1,1,1,1,1,1,0,0,0,1,1,0,0,0,1,0,1,1,0,0,1,1,1,1,1,1,1,1,0,1,1,0,1,0,1,0,0,1,0,0,0,0,0,0,0,1,1,0,1,1,1,1,0,0,0.0,-2783.8824874941747,1
1,1,0,1,1,0,0,1,0,1,1,0,0,0,1,1,1,0,0,1,0,1,0,0,1,0,1,1,1,1,1,1,1,0,0,1,0,0,0,0,1,1,0,1,1,1,1,1,0,1,0,0,0,0,0,1,1,0,0,1,1,1,1,1,0.015625,-2783.709725756025,1
1,1,0,0,0,1,0,1,1,1,0,0,1,1,0,1,1,1,1,1,1,1,0,0,1,1,0,1,0,0,1,1,0,1,1,1,1,0,1,0,0,0,0,1,1,1,0,1,0,0,0,1,0,1,0,1,1,1,0,0,1,1,0,0,0.0,-2783.7082009306155,1
1,0,1,0,1,1,0,0,0,0,1,1,1,0,0,0,1,1,0,0,1,1,0,0,0,1,1,1,0,0,0,0,1,0,0,0,0,1,1,0,1,1,1,1,1,1,1,0,1,1,1,1,1,1,1,1,1,0,0,0,1,1,1,0,0.015625,-2783.6443488866685,1
1,0,1,1,0,1,1,1,0,1,1,0,0,0,0,1,1,1,1,0,1,0,0,1,1,0,0,1,0,0,1,1,0,1,1,0,1,0,0,0,0,0,1,1,1,1,0,1,1,0,1,0,1,1,1,0,1,1,0,0,1,1,1,0,0.0,-2783.6162242976684,1
1,0,0,0,1,1,1,1,0,0,1,1,0,1,1,1,1,0,0,1,0,1,1,0,0,0,1,0,0,1,1,1,0,1,0,1,0,1,1,1,0,1,1,1,1,0,1,0,0,0,0,0,1,0,0,1,1,0,1,0,1,1,1,1,0.015625,-2783.139932627813,1
1,1,1,0,1,1,1,1,0,1,1,1,0,1,1,0,0,0,0,0,1,1,1,1,1,0,0,1,0,1,0,0,0,0,1,0,1,1,0,1,0,0,0,0,1,0,0,1,0,1,0,1,1,1,1,1,0,1,1,0,0,1,1,1,0.015625,-2783.1140249998443,1
0,0,1,0,0,1,0,0,1,1,0,0,1,0,0,0,1,0,0,0,1,0,0,1,1,0,1,1,0,0,0,1,1,0,1,0,1,1,1,0,0,0,0,1,1,1,0,1,1,0,0,0,0,0,0,1,1,0,0,0,0,1,1,1,0.015625,-2760.801985807932,1
1,1,0,0,0,0,0,1,0,0,1,0,0,0,1,0,1,1,0,0,1,0,0,1,0,0,1,1,0,0,0,1,0,0,1,1,0,1,0,0,0,0,1,0,1,1,1,1,0,0,0,0,1,0,0,1,1,1,0,0,1,1,0,1,0.015625,-2760.669403989325,1
1,0,0,0,1,1,1,1,1,0,0,0,0,0,1,1,0,0,0,0,0,1,1,0,0,0,0,0,1,0,1,1,1,0,1,0,1,1,1,0,0,0,0,1,0,1,1,0,0,0,0,0,0,0,0,1,1,0,1,1,1,0,0,1,0.015625,-2760.6100908474264,1
1,0,1,0,0,0,0,0,1,1,1,1,1,0,0,0,0,1,0,1,1,1,0,0,0,0,1,0,1,0,1,0,1,0,0,0,0,0,0,0,0,1,1,1,0,1,0,1,0,1,0,1,1,1,1,0,1,1,0,0,0,0,0,0,0.0,-2760.6036349262104,1
1,0,0,1,0,1,0,0,1,0,1,0,1,0,0,0,1,1,0,1,1,1,0,0,0,1,1,0,1,0,1,0,1,0,0,0,1,1,0,0,0,0,0,1,1,0,0,1,0,0,0,0,0,0,0,1,1,1,0,1,1,1,0,0,0.0,-2760.537511147159,1
0,0,1,0,1,1,1,0,0,0,0,0,0,1,1,1,0,0,0,0,0,0,0,0,0,0,1,0,0,0,0,0,1,1,1,1,0,1,0,0,1,1,1,1,1,0,0,1,0,0,0,1,1,1,0,1,1,0,0,1,0,1,1,0,0.0,-2760.527357508716,1
0,1,0,0,1,0,0,1,0,0,1,0,0,0,1,0,0,0,1,0,0,1,1,0,1,1,0,1,0,0,0,1,1,0,1,1,1,1,0,0,0,0,1,1,1,0,1,0,0,1,0,1,0,0,1,0,0,0,1,0,0,1,0,1,0.0,-2760.447650926099,1
0,0,1,0,0,1,0,1,1,1,1,0,0,0,1,0,1,1,0,1,1,0,0,1,0,0,0,1,0,0,1,0,0,1,1,1,0,1,0,0,0,0,1,1,1,0,0,1,0,0,0,1,1,1,0,0,0,0,0,0,1,0,1,0,0.0,-2760.347867114675,1
0,0,0,1,1,0,0,1,0,0,1,0,1,0,0,0,0,1,0,1,1,0,1,0,0,1,0,1,0,0,1,1,1,0,0,1,1,1,1,0,0,0,1,1,1,0,0,0,0,0,0,1,0,1,0,1,1,0,1,0,0,1,0,0,0.0,-2760.3119187638,1
0,0,1,0,0,0,0,1,0,1,1,0,0,1,0,0,1,0,1,1,0,0,0,0,1,0,0,1,0,1,1,0,1,1,0,1,1,1,0,0,0,0,0,0,1,1,0,1,1,0,0,1,0,0,1,0,1,0,0,1,1,1,0,0,0.0,-2760.233065942794,1
1,0,0,0,0,1,0,0,0,0,1,0,1,0,0,1,0,0,0,0,1,1,0,1,0,0,1,1,1,0,1,1,1,0,0,0,0,1,0,0,0,1,1,1,1,0,0,0,0,1,0,1,0,1,0,1,1,1,1,0,0,1,0,0,0.0,-2759.937526906108,1
1,0,1,0,0,1,1,1,1,0,1,0,1,0,0,1,1,1,0,0,1,1,0,1,1,0,1,1,0,1,1,1,1,0,0,0,1,1,1,0,0,1,1,1,0,1,1,1,1,0,0,0,1,0,1,1,1,0,0,0,0,1,1,0,0.015625,-2759.0791578258213,1
1,1,0,1,1,0,0,1,1,1,1,1,1,0,1,0,0,1,1,1,0,1,1,1,1,0,1,0,1,0,0,1,1,1,0,0,1,1,0,1,0,0,1,1,1,0,0,0,1,0,0,1,0,1,1,1,0,1,0,1,0,1,0,0,0.0,-2759.075784783981,1
0,1,1,0,0,0,0,1,1,1,1,1,1,0,1,0,1,1,0,1,1,1,0,0,0,1,0,0,0,0,1,1,1,0,0,1,1,0,1,1,1,0,0,1,1,0,0,1,0,1,0,1,0,1,0,1,1,1,1,0,1,1,1,1,0.0,-2758.9778337983494,1
1,0,0,0,0,0,0,0,1,0,1,0,1,1,0,0,0,0,1,0,0,0,0,1,1,1,0,1,1,0,1,1,1,1,1,1,0,1,0,1,1,1,1,0,1,1,1,1,0,1,0,1,1,1,1,1,1,1,1,1,0,1,0,0,0.03125,-2758.922379078491,1
1,0,0,1,1,1,1,1,0,0,1,0,1,0,1,1,0,0,0,1,1,1,0,1,1,1,0,0,0,0,0,0,1,1,1,1,1,0,1,0,0,1,0,1,1,0,1,1,0,0,0,0,1,0,1,1,1,1,1,1,1,1,1,0,0.0,-2758.908041533785,1
1,1,0,1,1,1,1,1,0,0,0,1,0,0,1,1,0,0,0,1,1,1,1,0,1,0,1,1,1,0,1,1,1,1,1,1,0,0,0,0,0,0,1,1,1,1,0,0,0,0,0,0,1,1,0,0,1,1,1,1,1,1,1,0,0.0,-2758.865103328133,1
1,1,1,0,0,0,1,1,1,1,1,0,1,1,1,0,0,1,1,1,0,1,1,0,1,0,0,1,0,0,1,1,0,0,0,0,1,1,1,0,0,0,1,1,1,1,0,1,1,0,0,1,1,0,1,1,0,1,1,1,0,1,0,0,0.03125,-2758.0366028231715,1
1,0,1,0,0,1,0,1,1,0,1,1,0,1,1,1,1,0,0,0,1,1,1,1,0,1,0,1,1,1,1,1,0,0,0,1,0,0,1,0,0,1,1,1,1,0,0,1,0,0,1,0,0,1,1,0,1,1,1,1,0,1,0,1,0.0,-2758.002258429384,1
0,1,1,1,0,0,1,0,0,1,1,0,1,0,0,1,1,1,0,1,1,1,1,0,1,0,0,0,0,0,0,1,1,1,1,1,0,0,0,0,0,0,0,0,0,0,1,1,0,0,0,1,0,0,0,0,1,0,0,0,0,1,1,0,0.0,-2730.53776978922,1
0,1,1,0,0,1,1,1,0,1,0,0,1,0,0,0,1,0,0,1,0,0,0,0,0,0,0,1,0,1,0,1,1,0,1,0,0,0,1,0,0,0,1,0,1,1,0,1,1,0,0,0,0,0,1,0,1,0,1,0,1,1,1,0,0.0,-2730.3695538304746,1
1,0,0,0,0,1,1,1,0,0,0,0,0,1,0,0,1,0,0,0,0,0,1,1,0,0,0,1,0,0,0,1,0,1,1,1,0,0,1,0,0,1,1,0,0,1,1,0,0,0,0,0,1,0,1,1,1,0,1,0,0,1,1,1,0.015625,-2730.345883842762,1
1,0,1,1,0,1,0,0,1,0,0,0,0,0,0,0,1,1,0,1,1,1,1,0,1,0,0,1,1,0,0,0,0,0,0,1,0,1,0,0,0,1,1,1,1,1,0,1,1,0,0,0,1,0,0,0,1,0,0,0,0,1,0,0,0.0,-2730.344459587881,1
1,0,0,0,0,0,0,1,1,0,0,0,1,0,0,0,0,0,0,0,1,0,0,0,1,1,0,1,0,0,0,1,1,1,0,1,1,1,1,0,0,0,1,1,1,0,0,1,1,0,0,1,1,0,1,0,0,0,0,1,1,1,0,0,0.0,-2730.2921044697787,1
0,1,1,0,0,1,0,0,1,1,1,0,0,0,0,1,0,0,0,0,1,1,0,1,1,1,0,1,0,0,1,0,1,0,0,0,1,1,0,1,0,1,0,0,0,1,1,0,1,0,0,1,0,0,1,0,1,0,0,0,0,1,0,0,0.0,-2730.2041622409793,1
1,1,0,0,0,0,0,0,0,0,1,0,0,1,1,0,1,0,0,1,1,1,0,0,1,0,1,1,0,0,0,0,1,0,0,1,1,1,1,0,0,1,1,1,0,0,0,1,0,0,0,1,0,0,0,0,1,0,0,1,1,1,0,0,0.0,-2730.087766590063,1
1,1,0,1,1,0,0,1,0,1,1,0,0,1,1,0,1,1,0,0,1,0,0,0,0,0,0,1,1,0,1,0,1,0,0,1,0,0,0,0,1,0,0,0,1,1,0,1,0,0,0,0,0,1,1,0,0,0,1,1,1,0,0,0,0.0,-2730.035291254313,1
1,1,1,0,0,0,0,0,0,0,0,0,1,1,1,0,0,0,0,1,1,1,1,0,1,1,0,1,0,0,0,1,0,0,0,1,0,0,1,0,1,0,0,1,1,1,1,1,0,0,0,0,0,0,1,1,0,0,0,1,0,1,0,0,0.0,-2729.8687777891455,1
0,0,0,1,0,0,0,1,1,1,1,0,0,1,0,1,0,0,0,0,1,0,0,1,0,0,0,1,0,0,1,0,0,0,0,1,0,0,1,0,0,0,1,1,1,1,1,1,0,0,1,1,1,0,0,0,1,0,1,0,0,1,0,1,0.015625,-2729.6555346570963,1
1,0,1,0,1,1,0,1,1,0,1,0,1,0,0,1,0,1,0,1,1,1,0,0,1,1,0,0,1,0,0,1,1,0,1,0,1,1,0,0,1,1,1,1,1,1,1,1,1,0,0,1,1,1,1,0,1,0,0,0,0,1,1,1,0.015625,-2728.9589484096127,1
1,0,1,0,0,1,0,1,1,0,0,1,1,0,0,0,1,1,0,1,1,1,0,0,1,1,0,1,0,0,1,0,1,1,0,1,1,0,1,0,1,0,1,1,1,1,1,1,1,1,0,1,0,0,1,1,1,1,1,0,0,1,1,0,0.0,-2728.5335658916974,1
1,0,1,0,0,1,1,1,1,1,1,1,1,1,1,1,0,0,0,1,0,0,1,0,1,1,1,1,0,0,1,0,1,0,0,1,0,1,1,0,1,0,0,1,1,1,1,1,1,1,0,0,0,1,0,1,1,1,0,0,1,1,0,0,0.015625,-2727.7333940113313,1
0,0,0,0,0,0,0,1,0,0,1,0,1,1,0,1,1,0,0,0,1,1,0,0,1,0,0,1,0,0,0,0,1,0,0,1,0,0,0,0,1,0,1,1,0,0,0,0,1,0,0,0,1,1,0,1,1,1,0,1,1,1,1,0,0.0,-2694.3513807327436,1
0,0,1,1,0,0,0,1,0,0,1,1,0,0,1,1,1,1,0,0,1,1,0,0,0,0,0,1,0,0,1,0,0,0,0,1,0,0,1,0,0,0,0,1,0,1,0,1,0,0,0,1,0,1,1,0,1,1,1,1,0,0,0,0,0.015625,-2693.9072289949377,1
1,1,0,0,0,0,0,1,1,1,0,1,0,1,0,1,0,0,1,0,1,0,1,1,0,0,0,1,0,0,1,1,0,0,1,0,1,0,0,1,0,0,1,1,1,0,0,1,0,0,0,1,0,0,0,1,1,0,0,0,0,0,0,0,0.015625,-2693.786767368032,1
0,0,0,0,0,1,0,1,0,0,1,0,0,0,1,0,1,0,1,0,0,0,1,0,0,0,0,1,1,1,1,0,0,0,0,1,0,1,1,0,0,1,1,1,1,1,0,1,0,1,0,0,1,0,0,1,0,0,0,0,0,0,1,0,0.0,-2652.076649650079,1
