
#parameters    
param n, integer, > 0; /* number of assets */    
param B, >= 0;      
param mu{i in 1..n};                          
param sigma{i in 1..n, j in 1..n};    
param q;    
                                              
#variables                                    
var y{i in 1..n, j in 1..n}, binary;    
var x{i in 1..n}, binary;                     
    
#capacity constraint    
s.t. card0: sum{i in 1..n} x[i] = B ;    
#constraints to link x and y                   
s.t. card1{i in 1..n,j in 1..n}: y[i,j] <= x[i] ;    
s.t. card2{i in 1..n,j in 1..n}: y[i,j] <= x[j] ;    
s.t. card3{i in 1..n,j in 1..n}: y[i,j] >= x[i]+x[j]-1 ;    
    
#objective function    
minimize obj: sum{i in 1..n, j in 1..n} y[i,j] * sigma[i,j] * q - sum{i in 1..n} mu[i]*x[i];    

solve;
printf: "{ ""solution"": [%d", x[1] > "results/N64_B0.5_correlated_classical/IPL_linearized_N64q1.00B32_solution.json";
printf{i in 2..n}: ",%d", x[i] >> "results/N64_B0.5_correlated_classical/IPL_linearized_N64q1.00B32_solution.json";
printf: "]}" >> "results/N64_B0.5_correlated_classical/IPL_linearized_N64q1.00B32_solution.json";

#data:
data;

param n := 64;
param q := 1.0;
param B := 32;
param mu :=
1 0.006859008741641291
2 0.004142446677119557
3 0.005151572750842886
4 0.005536859262146003
5 0.0029974842154334275
6 0.006011381252850596
7 0.004238142610479632
8 0.004769166408776744
9 0.0022042282169262347
10 0.005881903693541029
11 0.005398667523615677
12 0.005006554761575299
13 0.00177179169439891
14 0.008358714440399087
15 0.004606710253122706
16 0.002587244618854903
17 0.004467063716197618
18 0.006192157438252553
19 0.0021194601929643737
20 0.002563893112254055
21 0.0051356904780570645
22 0.004881783112023538
23 0.0038181927303511005
24 0.006872140115705868
25 0.0055121596454957315
26 -0.0004925791346168662
27 0.005613526739818255
28 0.002256960198421439
29 0.0027149610963359124
30 0.005834456356119032
31 0.004567095648913666
32 0.0019224452189521555
33 0.006184198901451794
34 0.004700345241710078
35 0.006258270819554905
36 0.005031443466038962
37 0.0051104847981220764
38 0.004432027172065425
39 0.004614589613703847
40 0.003227698942259166
41 0.003895236459504514
42 0.003733915772677433
43 0.010585844660058751
44 0.003304710378054333
45 0.003989248777729019
46 0.0003248022333904654
47 0.005709014230645774
48 0.006316752093042769
49 0.0041545571208091965
50 0.003969407264002543
51 0.004870000483430649
52 0.0035502414216526538
53 0.00895893134891038
54 0.002612100121402471
55 0.0019741334158561823
56 0.0034388130682614583
57 0.005044312179849088
58 0.0020326593335369494
59 0.003876199269526833
60 0.003819369289302007
61 0.00750573339081725
62 0.006078513136698562
63 0.005848060864498549
64 0.003784070953656827;
param sigma : 1 2 3 4 5 6 7 8 9 10 11 12 13 14 15 16 17 18 19 20 21 22 23 24 25 26 27 28 29 30 31 32 33 34 35 36 37 38 39 40 41 42 43 44 45 46 47 48 49 50 51 52 53 54 55 56 57 58 59 60 61 62 63 64 :=
1 0.00014286013045448827 6.941786710345493e-05 0.0001088837409330225 0.00011624004071264141 0.00010982797775206425 0.00016805662141589376 5.8191510888582455e-05 7.065014445700865e-05 0.00011207702390271561 9.676513533326636e-05 0.00015974544894095061 0.00013708724492481292 4.718370120115691e-05 0.00010501170400509294 9.80246159979452e-05 7.758229177648736e-05 0.00020354331192931927 0.00011409685906633124 6.389701514411722e-05 7.006069875700886e-05 0.00011949511293242912 8.934696488352983e-05 8.245276170371557e-05 9.457694235409444e-05 0.00010662596909985972 0.0001821334823351327 9.979170745359115e-05 4.5045223517318166e-05 9.288516034602051e-05 7.713576704886977e-05 0.00013374144506338287 8.188703090859143e-05 0.00013902219423330577 7.004332906555278e-05 9.272486226740247e-05 0.00013516531772724954 0.00019953955986766944 0.00010946031645569235 9.046515570823767e-05 0.00010243854238230632 8.111437233348945e-05 5.808804660353508e-05 0.00018188648424386294 0.00011284615796723825 0.0001085901246864608 6.170706363503433e-05 0.0001319597888966318 0.00010053598440409387 0.00013360954612410482 7.24568127275522e-05 8.022049958013165e-05 0.00013279334907139473 9.050024973592236e-05 8.248858125150178e-05 0.00012488473775501557 9.91315581680785e-05 0.0001267511460815278 6.936014871789935e-05 0.00011273723073276543 0.00010910435449761397 0.00015117723976477144 0.0001383635647153146 6.883718059899445e-05 0.00014774875744896966
2 6.941786710345493e-05 8.893713616536962e-05 0.00010682918031685322 8.990155994582279e-05 0.00010536306538168291 0.00013731591337661005 5.5404828820954915e-05 7.510991223957117e-05 0.00010507210802285006 0.00010841885377566557 0.00014549338769542647 0.00011257530806510158 7.402329210464687e-05 7.993276617242068e-05 9.491583913132421e-05 8.550642096234386e-05 0.00017435688950755948 0.00010359224147318159 7.332381114480424e-05 6.214055811358102e-05 0.00010842905630175433 7.664365322261114e-05 9.378797853826061e-05 6.721386113558827e-05 0.00010069813542257423 0.0001598171535566853 7.399750819025294e-05 7.260600408904513e-05 9.306036341477402e-05 7.813917134960237e-05 0.00011306953261198662 7.239529900295692e-05 0.00012297196880379176 7.413944976961588e-05 8.135735052756639e-05 0.00013986073059163274 0.0001752433101160736 0.00011331883030563886 9.025473862628249e-05 0.00011931741088156409 8.172672497398807e-05 8.581426918208285e-05 0.00012695705112373903 0.00012361744886175884 0.0001011861472664616 4.464388289357128e-05 0.00011418104868507717 0.00010370504106836771 0.00012338886466383854 7.031905052783908e-05 4.983911242529449e-05 0.00010819735308994629 0.0001007261281676766 7.78497642344755e-05 0.00010475183575810205 8.093308049372069e-05 0.00014718518889328904 5.730767616754607e-05 0.00012670724943209647 0.00010510903643710785 0.00014504421375338775 0.0001235917191907768 6.298777223439592e-05 0.00015966416979152362
3 0.0001088837409330225 0.00010682918031685322 0.00023208507447313982 0.0001698809355754425 0.00018307160341908047 0.00012257555172262994 6.868358097102265e-05 0.00011019129401486984 0.0001624381466627695 9.14138235302512e-05 0.0002200878227810955 0.00018307110835637325 9.14685588246622e-05 0.00013082902875705593 0.00012643275435581056 0.00013464537289263433 0.00018591302932970477 0.00012839681707941524 0.00013201978753150302 0.00010272373790596207 0.0001808793711036747 0.00010780279015731188 0.00010448830076026437 7.827262350883712e-05 0.00016434586051905915 0.0002353881444931114 0.0001488497261315297 0.0001309909153664255 0.00018050409031070486 6.0754766349373596e-05 0.00014398538782068733 9.522703539071423e-05 0.00019474601970675818 0.00010865268649436467 0.0001283967956562787 0.00022006053795788953 0.00020231209431166477 0.00017420673750642991 0.00016419597966867467 0.00016867567457649578 0.00016613312269860497 0.00012903436375889452 0.00016042666912467838 0.00016741879460124235 0.00014185658810869517 8.628062400425878e-05 0.00017738170860743337 0.00015203696959867786 0.00019039619733596532 0.00010558799075186807 0.00011786805737014641 0.00022524306537451377 0.0001785062761864583 0.00013639817246731712 0.0001981607965404112 0.00011298557021222264 0.00019676944415552831 9.579409548557488e-05 0.00018060408345556278 0.00015184615407923334 0.00021261112930701356 0.0001531663834915246 6.953745387699305e-05 0.00022476357644353286
4 0.00011624004071264141 8.990155994582279e-05 0.0001698809355754425 0.0002113266271062445 0.00014920863536077952 0.00018409183856499955 8.7715255145582e-05 9.67584134181625e-05 0.00014706981273905314 0.00011245312612071693 0.00020059817785478132 0.00018506972686462798 8.0484163357003e-05 0.00010039883012366008 0.0001215996915443899 0.00010568946919389458 0.00020088127443307403 0.00013235850669415648 9.372311982962971e-05 8.861842840032091e-05 0.00017724917880429994 0.00015096019396013355 0.00011760659557221208 9.822027450345007e-05 0.0001421581502415043 0.00023342561804409672 0.0001352893456447954 0.00010378674749170591 0.00012989682593422382 8.39432469549996e-05 0.0001642635159168869 0.00010742961604269535 0.00018257128039524174 8.97398063211349e-05 0.0001082736100995788 0.00018562191722174643 0.0001945019176975684 0.00014482649147374739 0.00014212523200796625 0.000163201761450236 0.0001335324672658247 0.00010264157195207456 0.00012310436356733769 0.0001659286379856118 0.00014677063862982026 8.57401931050641e-05 0.00015377415167061224 0.0001415989660042769 0.00016286450929442966 0.00010952546436720816 0.00010736643897681262 0.00019635108376448698 0.00021229873275593815 0.00013544856785969238 0.0001698785051099823 0.00012011410974722872 0.00018677016376562538 9.241071223684602e-05 0.00015050033860802256 0.00013009428024467803 0.00020407905089885964 0.00015241511197833804 8.54353414834584e-05 0.00021961451514060484
5 0.00010982797775206425 0.00010536306538168291 0.00018307160341908047 0.00014920863536077952 0.00022543540482820534 0.00021193500770854356 7.073069516509299e-05 9.076062550640303e-05 0.0001744845032176396 0.00012713263545063006 0.0002670859449006822 0.00024341886752085498 8.082676864907843e-05 0.00018216147073651565 0.00012032258834629694 0.00011543221120914544 0.00020124615390587644 0.00013486304607886003 0.00011137201758420618 8.627104802031016e-05 0.00022282567420755123 0.00013500928959442804 0.0001013845895637606 0.00010037362744324907 0.0001588818366209396 0.00025400884141163195 0.00012433873489147337 0.00011171241173386735 0.00015787654872057475 7.777507372350001e-05 0.0001443002928842104 0.00012372102558019297 0.00022317653840128417 9.977139191711456e-05 0.00012313357585221602 0.00020195142088933436 0.00020202534574660015 0.00016565269135796777 0.00017362937691862165 0.0002032176929742069 0.00013495465377526253 0.00013029866417934362 0.00019398499924667053 0.0002132958972428583 0.000136170088896508 7.514269533484034e-05 0.00022806214254527483 0.00014588218893720473 0.0002343490471035586 0.00010894045844493118 9.271497139604664e-05 0.0002388046440163787 0.00020583590509257334 0.00011531810073542899 0.00024501421935350806 9.339279804207578e-05 0.00017364758437910194 8.65567374504208e-05 0.00019154393854336712 0.0002065228938990837 0.00023112220578635673 0.00015216211781630932 0.00010733348290285184 0.0002679451432984899
6 0.00016805662141589376 0.00013731591337661005 0.00012257555172262994 0.00018409183856499955 0.00021193500770854356 0.0006440244210466101 0.00021479384457859498 0.00011856885793126639 0.0002476227241080633 0.00032073873831421737 0.00037969994025692955 0.00031451641301813346 0.00015079610631940749 0.0001991013081462347 0.00023339906295606115 0.00017398033759432664 0.0004120357210392529 0.00029956083802707025 0.00013269680805078573 0.00012958815319031894 0.0002829752697894085 0.0002712441599393969 0.00015831436973303943 0.0002137465211489734 0.0002233265220346911 0.00037855117369594985 0.00020600443609578172 0.00010420935506816869 0.00019309808374531366 0.00022013257076440907 0.00033662712126502074 0.00022982216636609578 0.00032113347245493425 0.00013001621503995153 0.00017026546568435014 0.0002632197763894088 0.00037488704779523084 0.00019683002232443893 0.0002498970424586893 0.000270374610548321 0.000184125333032126 0.0001824959646162071 0.0004610636330194856 0.0003161594074156332 0.00021345403541029803 0.00015506348690862083 0.00025868890935159796 0.00018876578425664473 0.0003199666849374663 0.00019058855975073459 0.00010216653573892781 0.00019324585614975486 0.0002958127549185839 0.00018228922035723786 0.00023788770923355816 0.00024884027442234814 0.0002444639541259046 0.0001420083610095637 0.00031442479166442406 0.00020863649454654 0.00023574141623369836 0.0002627371556170418 0.0002365438183848022 0.00038917757297628175
7 5.8191510888582455e-05 5.5404828820954915e-05 6.868358097102265e-05 8.7715255145582e-05 7.073069516509299e-05 0.00021479384457859498 0.00012975994136633833 7.435632935076358e-05 0.00011021755790189025 0.0001236151463428772 0.00013173522208693002 9.696796689755366e-05 7.29304952409425e-05 5.6222183619423063e-05 0.0001131220771473786 0.00010210893488516022 0.00018052072659704074 0.00013128353356333972 7.965635022990425e-05 5.6035285864195584e-05 0.00010224094411953447 0.00011294154896565878 7.448245717294366e-05 7.702796892464097e-05 0.00010883329070750549 0.00016476469717498178 6.271328696981405e-05 7.749240226331758e-05 7.507566833418457e-05 8.616653743466581e-05 0.000156735267291365 0.00011589260115024648 0.00012766362177376003 6.535452953087383e-05 8.04252927578007e-05 0.00011813118940144061 0.0001736217186775774 8.082551356031523e-05 0.0001361434510827436 0.00011425901528274727 0.00011303685401470428 8.214159149400837e-05 0.00018558022932247588 0.00013228084518874899 8.603924582333195e-05 5.476142847431929e-05 8.081092115224742e-05 7.612997016696631e-05 9.528019914914686e-05 7.997279772679941e-05 4.5652617176359304e-05 8.83631412956431e-05 0.00015542758838594722 0.00010378582824880736 6.817924201279176e-05 0.00012066490105760639 9.353669212516368e-05 8.692415754387837e-05 0.00014751303721603518 5.6098714907846325e-05 8.964279731987536e-05 0.0001010341110823275 8.243800731911452e-05 0.00014633092328770295
8 7.065014445700865e-05 7.510991223957117e-05 0.00011019129401486984 9.67584134181625e-05 9.076062550640303e-05 0.00011856885793126639 7.435632935076358e-05 9.322610909996697e-05 9.476495349435466e-05 9.094689274368949e-05 0.00011502542707227196 9.118281998199744e-05 8.136683538785158e-05 6.485852782659998e-05 8.880695245114935e-05 8.637293334389449e-05 0.000153494993428558 9.729863956332927e-05 9.003875906473691e-05 6.0943768380904384e-05 9.034658970656463e-05 7.634259296529619e-05 8.879688101262175e-05 6.529962256273518e-05 9.07327466302682e-05 0.00013756642719044506 7.777182780917377e-05 8.484964457661966e-05 6.889226755230682e-05 7.248087064827e-05 0.00011481575284119825 9.035581609461341e-05 0.00010646155865033902 7.76111495809844e-05 8.409563143961869e-05 0.0001267171232716805 0.00015687303852694008 0.00010342575498910087 8.087213274109732e-05 9.464175448673111e-05 0.00010886507514301104 7.110310523747169e-05 0.0001224403386480806 9.768242108868588e-05 8.741399739655163e-05 4.15696574920883e-05 0.00010242223672919341 9.026072480208809e-05 9.661387410906499e-05 6.001677811574285e-05 4.849017627583628e-05 9.059307869475636e-05 8.51028430981482e-05 9.52592035969464e-05 8.644706108325162e-05 0.00010100683699757695 0.00012069967658562759 6.160088494242371e-05 0.000122627909783281 8.459530627972202e-05 0.00012153149401186947 0.00012299405296319838 6.812405898348379e-05 0.00013096886993626953
9 0.00011207702390271561 0.00010507210802285006 0.0001624381466627695 0.00014706981273905314 0.0001744845032176396 0.0002476227241080633 0.00011021755790189025 9.476495349435466e-05 0.0001981469833277587 0.00013796574689660257 0.0002465595857003383 0.00019354609618113603 9.650222543933263e-05 0.0001462292500276179 0.00014446421897961983 0.00014447401407664825 0.00024050542503320776 0.00015807325492541444 0.00011345527872869586 9.933795357604973e-05 0.00019300486722881392 0.00015323687264445535 9.770997201989428e-05 9.838781701183378e-05 0.00018041646941509932 0.00024212418079136344 0.00011074887730848918 0.00011494452440024709 0.0001548794411889831 9.377337516572661e-05 0.00017904627217784413 0.0001252871233384322 0.00021503094201459993 9.060945115569599e-05 0.00011773253528333879 0.00021570898250055824 0.00024195428430885788 0.0001593493587976238 0.00019438503432224295 0.00019235919265051004 0.00014683376611175243 0.00015790793219201162 0.00020931957819939436 0.00021112766349245507 0.00014006711756570076 7.850863190362382e-05 0.00018607056195308748 0.00014758354716338243 0.00020146688136779222 0.00012875780351100045 8.782274467324227e-05 0.00020691125655234659 0.0002179499998292657 0.00013999147354382165 0.00018017975508649456 0.00011225313780024471 0.00018828281998378027 9.789034185430823e-05 0.00021626748205816668 0.0001517405646195158 0.00021166276893519817 0.0001462279540866792 0.00010577439121236588 0.00025614564649434297
10 9.676513533326636e-05 0.00010841885377566557 9.14138235302512e-05 0.00011245312612071693 0.00012713263545063006 0.00032073873831421737 0.0001236151463428772 9.094689274368949e-05 0.00013796574689660257 0.00023450150187429762 0.00023546638294963263 0.0001798271348934681 0.0001022260442260225 0.00010060558959181258 0.00016148438255662208 0.00013317764712738808 0.00028531792025669137 0.00020809711178763118 9.122649582222847e-05 8.177214974458487e-05 0.00017134277104414203 0.0001630900472047416 0.0001460325023029614 0.00014613266062377944 0.00013140009118286984 0.0002703609124354484 0.00012448200459081005 7.836504408103846e-05 0.00014850520849242108 0.00015158014883123817 0.00020185675934089424 0.00013084935020997012 0.00020275466854994986 0.00011109869920002522 0.00011585105807293437 0.00016573836077548698 0.00027548393211185345 0.00013071161126979305 0.00011983507403326316 0.00017478450912766249 0.00010810722638679917 0.0001209413972307811 0.00027578936147049587 0.00019733497637590406 0.00013785949034657858 0.00010000521891950496 0.00016251812867201944 0.00013237626930144534 0.000187017585326759 0.00010739523014584822 6.857611939564741e-05 0.00010637858541373508 0.00022235908326098425 0.00011535225829368546 0.0001480308783491915 0.00014834603242237999 0.00017186132982875246 0.00011651678854136355 0.00020431333383634856 0.0001485590061828948 0.00018684203100931382 0.00017134404689613523 0.00013808392980761938 0.00024334032977053942
11 0.00015974544894095061 0.00014549338769542647 0.0002200878227810955 0.00020059817785478132 0.0002670859449006822 0.00037969994025692955 0.00013173522208693002 0.00011502542707227196 0.0002465595857003383 0.00023546638294963263 0.00040160950043469865 0.00033945603651625885 0.00010704068214526606 0.00023444851041315657 0.0002073362602406691 0.00019436003209474315 0.00034076317806491725 0.0002491157287143738 0.0001402516298265205 0.0001357920217424612 0.00032377153135609567 0.00022292548989384276 0.00014529903528022814 0.0001699922570577518 0.00021896949560297864 0.0003979044296359003 0.00019572312508440396 0.00013258540111369733 0.00025474404334192044 0.00015091728304916354 0.0002680346997860757 0.00017655823985924333 0.0003395340747075241 0.00014596794240181747 0.00016693260142180757 0.00027234740202554847 0.00033597461302970253 0.00022039195082352686 0.00025203428557949787 0.00029057661575242156 0.0001783526609751642 0.00018415307115413382 0.000331257773975023 0.00031751709209567377 0.00020816416179851913 0.00013920363381959445 0.0002959177538225664 0.0002010571272695088 0.000333712079451959 0.00016949831205764028 0.00014741535887861614 0.00029674466293260295 0.00034290752801011863 0.00018371467277885243 0.0003101270161001356 0.00016280142109768403 0.00025144249096323545 0.0001580382163400671 0.00030472887877140773 0.00025774442564712965 0.000286188244154189 0.00021318230797541548 0.00016740630262005368 0.00039439074073242033
12 0.00013708724492481292 0.00011257530806510158 0.00018307110835637325 0.00018506972686462798 0.00024341886752085498 0.00031451641301813346 9.696796689755366e-05 9.118281998199744e-05 0.00019354609618113603 0.0001798271348934681 0.00033945603651625885 0.0003317486774972732 7.659350268473522e-05 0.00023040251448225814 0.00016293033277174775 0.0001312563959539436 0.00026986429101978285 0.0001868637627248837 0.00010404955599655653 0.00010082482393001529 0.00029866544805795254 0.00020216105256482382 0.00011859565204758307 0.00014728238285360103 0.00017603870856228938 0.00034497503929771344 0.00016260643361924978 0.00010927069693975182 0.00020557008838139863 0.00011958538232406183 0.0002197679620241558 0.00016272075415806864 0.000289300762770857 0.00010982379220615981 0.0001317144371762008 0.00022045260975372602 0.0002544322985462037 0.00018153094170894537 0.00020558917247575706 0.0002444828159991911 0.0001593485275835855 0.00013875939835084866 0.00025928904689253326 0.00026363188653805196 0.00017828961198937098 0.00011407540213884458 0.00026067186776876453 0.00016685183051511925 0.000293806878163433 0.00013359186098098086 0.00011777850056061994 0.0002558274583262734 0.00029565301787462116 0.00016712144456688442 0.000293697649868314 0.00012951990759434018 0.0001937965337909866 0.00011420719567511019 0.00023530919582718333 0.0002331936671781216 0.00022883575162990636 0.00017734501036523504 0.0001306302049008858 0.0003295353972552743
13 4.718370120115691e-05 7.402329210464687e-05 9.14685588246622e-05 8.0484163357003e-05 8.082676864907843e-05 0.00015079610631940749 7.29304952409425e-05 8.136683538785158e-05 9.650222543933263e-05 0.0001022260442260225 0.00010704068214526606 7.659350268473522e-05 0.00010588442159842908 4.555817765410178e-05 9.08881385015618e-05 8.159872222233955e-05 0.00014897073509499348 9.425543807038351e-05 8.64339292600376e-05 5.625984691488069e-05 7.200975789940783e-05 7.768940792967112e-05 9.240698052158657e-05 6.376711984902631e-05 8.872490650590494e-05 0.00011107749643888338 8.265013903790809e-05 8.705090394757887e-05 7.262042572691316e-05 6.643361882929784e-05 9.822707730011801e-05 7.794652633444897e-05 9.251909215300756e-05 6.0857544042278266e-05 6.316003017135338e-05 0.00013072647032222914 0.00015502722888902185 0.00010192431188398035 8.239013522534073e-05 8.210431548371038e-05 9.87697409725892e-05 0.00010149322064430912 0.00011540047285490971 9.160978995048078e-05 8.396119192617148e-05 4.90244818287202e-05 8.756371667809271e-05 9.811835462818062e-05 8.259098131200817e-05 6.799340857138579e-05 2.78789899592938e-05 6.601081227353279e-05 9.29742717356063e-05 9.130477224129319e-05 8.070917536364909e-05 9.156016550104279e-05 0.00013247856485815488 4.7995561665243256e-05 0.00011967031726647143 7.16320275664384e-05 0.00011154531106720347 9.237827476548294e-05 8.259530289532444e-05 0.00012836049886704758
14 0.00010501170400509294 7.993276617242068e-05 0.00013082902875705593 0.00010039883012366008 0.00018216147073651565 0.0001991013081462347 5.6222183619423063e-05 6.485852782659998e-05 0.0001462292500276179 0.00010060558959181258 0.00023444851041315657 0.00023040251448225814 4.555817765410178e-05 0.00023953519899660294 9.177436157656172e-05 8.999614072101727e-05 0.0001663147679658791 0.0001098030848351822 9.024795180740877e-05 6.463823890761991e-05 0.0002080769200207782 0.00015157039260970415 6.313078015572886e-05 9.059485569349296e-05 0.00015298398014277693 0.00023740650558756794 7.585483770695901e-05 8.179206273811236e-05 0.0001482202461502484 8.568040486618332e-05 0.00017650561189875566 0.00011720267169116924 0.00019647746343933923 6.952456507419526e-05 0.00010597259204841466 0.0001715868030614948 0.0001720438990927935 0.0001353886254548708 0.0001510202215463745 0.00015679357168274467 0.00012551671149703183 0.000119428720445591 0.0001733431729261597 0.00016994356026498313 0.00012234138551268814 6.483425357991458e-05 0.00019964237542945135 0.0001255246476404805 0.0002328303376890326 0.00010448423207521046 6.360525312334521e-05 0.0001672212724418377 0.00014502259930986117 0.00011029966450668643 0.00020147298529480794 7.414055250034415e-05 0.00013029086844587072 6.30957512072046e-05 0.00017408020697728136 0.00018507051219038599 0.00020185512754981665 0.00013992887021152054 7.49010921802347e-05 0.00023816503096362477
15 9.80246159979452e-05 9.491583913132421e-05 0.00012643275435581056 0.0001215996915443899 0.00012032258834629694 0.00023339906295606115 0.0001131220771473786 8.880695245114935e-05 0.00014446421897961983 0.00016148438255662208 0.0002073362602406691 0.00016293033277174775 9.08881385015618e-05 9.177436157656172e-05 0.00017712345359158292 0.00012975210752672801 0.00026850802893174734 0.00016746391768598446 8.952703152467458e-05 9.02125686368534e-05 0.0001615095041944086 0.00011963328109335517 0.00011416341499993868 0.0001042165207888676 0.00013336724645476375 0.00023924873972968922 0.00013083404493969216 8.322934988961916e-05 0.000181177350866585 9.68552769561687e-05 0.00017209481180060018 0.00011762043150396911 0.0001850602146893447 8.626672817166236e-05 0.00010872257999744034 0.00016751953304739903 0.00025110554494637937 0.00013290091867944022 0.00016199869164512678 0.00016420175768699138 0.00014308770846665112 0.00012314888381082334 0.00023135863946915152 0.00018632851134440013 0.000135672105369633 8.547071962692495e-05 0.00013429584696821915 0.00012581153595406656 0.0001658566704167692 9.111455276306904e-05 8.19492083602823e-05 0.00014449193493548562 0.0001990355559769877 0.00014848505927772768 0.00013693784280300402 0.0001160939951111679 0.00015616885353357838 0.00010283847322100808 0.0001892924948636686 0.00010315703699313314 0.00013322498107379283 0.00010609184673316104 0.00010081443687296863 0.000219143255932204
16 7.758229177648736e-05 8.550642096234386e-05 0.00013464537289263433 0.00010568946919389458 0.00011543221120914544 0.00017398033759432664 0.00010210893488516022 8.637293334389449e-05 0.00014447401407664825 0.00013317764712738808 0.00019436003209474315 0.0001312563959539436 8.159872222233955e-05 8.999614072101727e-05 0.00012975210752672801 0.00017997099861264586 0.00020806068371724627 0.0001496396607644681 0.00011514630280012102 8.045122652535848e-05 0.0001526311095010902 0.00011426332882092459 9.21711977601713e-05 8.537151723094794e-05 0.00013857768806503903 0.00022911018121584076 8.969274017880312e-05 9.224138828504061e-05 0.00015358042616390067 0.00010005628674912403 0.0001507483663140803 0.00010756404281926136 0.0001663819642026402 8.828822601783591e-05 7.718430390894255e-05 0.00017940576060627213 0.00020819082322216516 0.00012862446108847982 0.00014835237175548827 0.00015313876645541905 0.0001250796479765779 0.00013911191937496004 0.00020877248274820618 0.000165392971795872 0.00011167945154824625 9.520055407609095e-05 0.0001487772769308206 0.00010794276387368766 0.00015328229324429674 9.26446827931152e-05 8.421656620245282e-05 0.00012014898787044109 0.0001840631065530782 0.00011223643514171906 0.0001299990533618957 8.678457220561927e-05 0.00014014645801708607 0.00013110162308851102 0.00021844126589415337 0.0001279066798549335 0.00015272968156754854 0.00011736829235501996 9.595439437274018e-05 0.0002133331575634054
17 0.00020354331192931927 0.00017435688950755948 0.00018591302932970477 0.00020088127443307403 0.00020124615390587644 0.0004120357210392529 0.00018052072659704074 0.000153494993428558 0.00024050542503320776 0.00028531792025669137 0.00034076317806491725 0.00026986429101978285 0.00014897073509499348 0.0001663147679658791 0.00026850802893174734 0.00020806068371724627 0.0005014180407969985 0.0002909784284025132 0.0001402968286417079 0.00013376146481194675 0.00024786069008547496 0.00019125325356121226 0.00021563418664099024 0.00019571632240943508 0.00022165918883362956 0.00042156763255546945 0.00016459870828745295 0.00011875124200898149 0.00021846402507429624 0.0001964637199369045 0.000302086180371105 0.0001895431167619222 0.0003001002583600205 0.00015338632512823473 0.00016778957557261195 0.0002944163122196408 0.0004829115062885291 0.00022635871282404335 0.00024142052650779266 0.0002673313723328514 0.00018136629904874787 0.00018016390385402887 0.0004210070586506792 0.00029732928324568075 0.0002384993805061232 0.00012119106256341937 0.00023017882038864893 0.00021614858241694558 0.0002616403109760589 0.0001593874963918856 0.00011341615975527448 0.0002258330989791954 0.0002667644917305954 0.0001969042789834517 0.0002238402653173885 0.0002071941667916319 0.0002950358767746027 0.00017041304144387598 0.0002948795541271321 0.000199659338350599 0.00026178060453683626 0.00025104959446366437 0.00016517054439498197 0.00034408619625872673
18 0.00011409685906633124 0.00010359224147318159 0.00012839681707941524 0.00013235850669415648 0.00013486304607886003 0.00029956083802707025 0.00013128353356333972 9.729863956332927e-05 0.00015807325492541444 0.00020809711178763118 0.0002491157287143738 0.0001868637627248837 9.425543807038351e-05 0.0001098030848351822 0.00016746391768598446 0.0001496396607644681 0.0002909784284025132 0.0002325818826533786 9.817585578670521e-05 8.876150642971896e-05 0.00017922121578747374 0.00016131460572661762 0.00013566128993859207 0.0001387288658348382 0.0001370959915371647 0.00030203237866093836 0.00012864385296400345 7.251984790712297e-05 0.00015639173524626982 0.0001334720168552743 0.00020209202154672994 0.00012278290290581843 0.00023172482515562633 0.0001181741610098685 0.00011694070649173798 0.00017750573427013894 0.00029576661094052304 0.00013329892711817938 0.0001359532406870924 0.0001829102508999834 0.0001208793999495719 0.00011882680500528195 0.0003008349536630956 0.00019937723192412586 0.00013738404332715363 9.847611065878624e-05 0.00016206257127360962 0.00013591894961477633 0.0001972104961020205 0.00011494082007026516 7.978360437365897e-05 0.00013937237016534086 0.000220782487405003 0.00013190409502169206 0.00016085387531979546 0.0001566788015789436 0.000178855781810012 0.00012584526493140835 0.0002156635691712616 0.00013871967060608004 0.0001755838664096853 0.0001723656092460788 0.0001301759226456556 0.0002348031804515979
19 6.389701514411722e-05 7.332381114480424e-05 0.00013201978753150302 9.372311982962971e-05 0.00011137201758420618 0.00013269680805078573 7.965635022990425e-05 9.003875906473691e-05 0.00011345527872869586 9.122649582222847e-05 0.0001402516298265205 0.00010404955599655653 8.64339292600376e-05 9.024795180740877e-05 8.952703152467458e-05 0.00011514630280012102 0.0001402968286417079 9.817585578670521e-05 0.00013634987909814038 7.397067839807944e-05 0.00010722697284232832 9.769745246097613e-05 7.756637490912287e-05 7.43670273763689e-05 0.00011687789578781487 0.00014704408301767863 8.814513576779135e-05 0.00011727326768084433 0.0001037302787727783 7.08702352995307e-05 0.00014973638329128093 8.725623505009734e-05 0.00012114262326026549 8.747815002228164e-05 8.530719995469939e-05 0.00015200536312112562 0.00016192138102428058 0.00011395246519388619 0.00012009568942824905 0.00010729356280990865 0.00014520670533154823 0.00011689803316312506 0.00013882739624315133 0.00011595735746257907 9.010211074775337e-05 6.287945620426002e-05 0.00011832341240487735 9.127317825652715e-05 0.00011931773633770925 7.46479655743448e-05 5.7877433459380146e-05 0.0001089668722788895 0.0001168955968895526 0.00011390372094502958 0.00010888806127729895 0.00010346385444934127 0.00012336035334380347 9.002494963156703e-05 0.00015028739458571212 0.00010898067261371484 0.00015980269335339584 0.00011899926897812458 8.358653548164843e-05 0.0001436433898262531
20 7.006069875700886e-05 6.214055811358102e-05 0.00010272373790596207 8.861842840032091e-05 8.627104802031016e-05 0.00012958815319031894 5.6035285864195584e-05 6.0943768380904384e-05 9.933795357604973e-05 8.177214974458487e-05 0.0001357920217424612 0.00010082482393001529 5.625984691488069e-05 6.463823890761991e-05 9.02125686368534e-05 8.045122652535848e-05 0.00013376146481194675 8.876150642971896e-05 7.397067839807944e-05 7.387938218665249e-05 0.00010457245818011985 8.204895465892061e-05 5.7922269728646284e-05 6.157503365244732e-05 9.044466892392271e-05 0.00012231038512474333 0.00010211691751726934 7.184570893714028e-05 0.00010450486785754928 5.5488695001112286e-05 0.00011671874086166095 6.427392008347742e-05 0.00011730992904030432 6.335736542563537e-05 7.728295603666545e-05 0.00011331276944943356 0.00013396132190953452 9.422680233564337e-05 9.718282049915732e-05 9.821524899045844e-05 9.652338905061301e-05 7.646671299367645e-05 0.00010532214442747572 0.00010977909236237496 8.436151448804619e-05 5.775068242243591e-05 9.880262636729743e-05 8.048736482704771e-05 0.00011232565208871299 6.327942745770499e-05 7.068558689038795e-05 0.0001121521241003695 0.00012223407027732943 9.987894636429294e-05 9.005502426039688e-05 8.144207600049009e-05 0.00010894572951131084 6.104047602146561e-05 0.00011687575095522076 7.522033822213586e-05 0.00011464982648966964 8.613404953332152e-05 6.294121358493994e-05 0.00013680439205208936
21 0.00011949511293242912 0.00010842905630175433 0.0001808793711036747 0.00017724917880429994 0.00022282567420755123 0.0002829752697894085 0.00010224094411953447 9.034658970656463e-05 0.00019300486722881392 0.00017134277104414203 0.00032377153135609567 0.00029866544805795254 7.200975789940783e-05 0.0002080769200207782 0.0001615095041944086 0.0001526311095010902 0.00024786069008547496 0.00017922121578747374 0.00010722697284232832 0.00010457245818011985 0.00028825907441772813 0.000196262462240871 0.00010595891986023066 0.00013025642088444796 0.00017811927881628266 0.0003261131684608419 0.00015369277673720947 0.00011263123459313151 0.00021553002581206992 0.0001176701561214854 0.0002130053885080515 0.00015926497802971695 0.0002752709015680515 0.00010776359077288366 0.00013115327964270898 0.00021443839863205736 0.000230209601876832 0.00017413370028876644 0.0002062948331884053 0.0002412852905782061 0.00016298143935919532 0.00014593508830471587 0.0002338331359892427 0.00026021480534258893 0.00016723177034552706 0.00011462914412308364 0.0002487126025225781 0.00015599769455260654 0.0002793918095584203 0.00013075935129539746 0.00012512760389570032 0.0002432180785067777 0.00030168050986178606 0.0001649165440690361 0.0002635812023752126 0.00011566370538268542 0.0001807623769007594 0.000124673016122097 0.00024944677845925616 0.00021605617343523477 0.0002208589251288105 0.00016143122584837548 0.00012291016610195134 0.0003304816942418478
22 8.934696488352983e-05 7.664365322261114e-05 0.00010780279015731188 0.00015096019396013355 0.00013500928959442804 0.0002712441599393969 0.00011294154896565878 7.634259296529619e-05 0.00015323687264445535 0.0001630900472047416 0.00022292548989384276 0.00020216105256482382 7.768940792967112e-05 0.00015157039260970415 0.00011963328109335517 0.00011426332882092459 0.00019125325356121226 0.00016131460572661762 9.769745246097613e-05 8.204895465892061e-05 0.000196262462240871 0.00024183131942610628 0.00010515217276151519 0.00012620081598667125 0.00016245016351346532 0.00024830164723148453 0.00011235533290965335 0.00010586936422498925 0.0001438561895449289 0.00011721320358663856 0.00020371600891333199 0.00012909997199040286 0.00021186805386790762 7.930712066457668e-05 0.00010056578888670018 0.00017073117609156833 0.00019055814974984494 0.00011710551902191704 0.00012781077444498745 0.00016008202528602312 0.00014734166171063027 0.00014978803814956918 0.0001702695592765457 0.0001783154117559719 0.00011966435775025619 0.00010968021248211724 0.00016633102871128655 0.00013080356545633153 0.00020446278513100037 0.00012206043611538422 7.031771838448087e-05 0.00011967840848936144 0.00028572010062416253 0.0001712676293474497 0.00015504582917987318 0.00012109182518919605 0.00013581593962460348 9.117210668399604e-05 0.00019319427310106715 0.00014909454488191246 0.00022826445461095592 0.00014557285843069944 0.00010848396764921954 0.00022984555500038672
23 8.245276170371557e-05 9.378797853826061e-05 0.00010448830076026437 0.00011760659557221208 0.0001013845895637606 0.00015831436973303943 7.448245717294366e-05 8.879688101262175e-05 9.770997201989428e-05 0.0001460325023029614 0.00014529903528022814 0.00011859565204758307 9.240698052158657e-05 6.313078015572886e-05 0.00011416341499993868 9.21711977601713e-05 0.00021563418664099024 0.00013566128993859207 7.756637490912287e-05 5.7922269728646284e-05 0.00010595891986023066 0.00010515217276151519 0.00014476102277559365 9.26188959440262e-05 0.00010015093086312112 0.00021046009511992982 8.811680318336917e-05 7.380127756283667e-05 0.0001011350393135954 9.490273113055868e-05 0.0001253608015107007 9.059792027702623e-05 0.0001338025712494874 8.154293348108438e-05 7.602695410579892e-05 0.00014686413438031072 0.0002194594071569499 0.00011860249307430961 7.166629217446136e-05 0.00012385947671602758 8.344904461766895e-05 9.079003834048303e-05 0.00015634146069696484 0.00012734413833705602 0.00011329446902070533 6.600555989988433e-05 0.00011356645109201272 0.00012189810671045562 0.00011807306880412157 6.955226391850345e-05 4.6652920444668394e-05 9.063556240670956e-05 0.00014105410138362992 9.976631721247866e-05 0.00011312359959242524 0.00010890038254490162 0.00016011278468117015 7.741830137227114e-05 0.00013148549478755712 0.00011508643645258312 0.00016558701031431976 0.0001329640742817248 7.858300163217846e-05 0.00016038546864585506
24 9.457694235409444e-05 6.721386113558827e-05 7.827262350883712e-05 9.822027450345007e-05 0.00010037362744324907 0.0002137465211489734 7.702796892464097e-05 6.529962256273518e-05 9.838781701183378e-05 0.00014613266062377944 0.0001699922570577518 0.00014728238285360103 6.376711984902631e-05 9.059485569349296e-05 0.0001042165207888676 8.537151723094794e-05 0.00019571632240943508 0.0001387288658348382 7.43670273763689e-05 6.157503365244732e-05 0.00013025642088444796 0.00012620081598667125 9.26188959440262e-05 0.00012050470744120053 9.24079699365391e-05 0.0001858328945719451 9.911695851861243e-05 6.161924431883974e-05 9.702964488061509e-05 0.00010036234200896067 0.00015180065928610802 8.561288965977596e-05 0.0001473790251580051 8.284913830085793e-05 8.46369561000678e-05 0.00011812655682638288 0.00019536438977485425 9.043705400827859e-05 8.043862689873314e-05 0.00010690075530239555 9.237423583972429e-05 8.228118816960946e-05 0.0001920942518573714 0.00012297171911328423 9.90154778644489e-05 7.446138406765705e-05 0.00012453591568553198 9.159963349472012e-05 0.00013190634604453447 7.861841580838435e-05 5.8420082999060397e-05 8.862463124955955e-05 0.00015717272762677369 9.128734284824508e-05 0.0001270967131144925 0.0001064426254882753 0.00011574509167645602 8.432381201248679e-05 0.00012783171650575107 0.00011332100443761765 0.0001464119448876326 0.0001300206876149746 9.933333273229902e-05 0.0001536480042100058
25 0.00010662596909985972 0.00010069813542257423 0.00016434586051905915 0.0001421581502415043 0.0001588818366209396 0.0002233265220346911 0.00010883329070750549 9.07327466302682e-05 0.00018041646941509932 0.00013140009118286984 0.00021896949560297864 0.00017603870856228938 8.872490650590494e-05 0.00015298398014277693 0.00013336724645476375 0.00013857768806503903 0.00022165918883362956 0.0001370959915371647 0.00011687789578781487 9.044466892392271e-05 0.00017811927881628266 0.00016245016351346532 0.00010015093086312112 9.24079699365391e-05 0.00020792421521368773 0.00024399157944708706 9.748804836735537e-05 0.00012539625293397295 0.00016789952159489187 9.744573468407809e-05 0.0001883446473355092 0.00012269590763859845 0.0001916389605262303 8.26869722758695e-05 0.0001270959925309648 0.00022992925249548706 0.00022343798940420206 0.00015911667772652526 0.00019438108532321175 0.00017335822041749229 0.00015800649917915147 0.00016256124565544009 0.0002026349254754401 0.000187655077904325 0.0001439135557388561 9.107710572130394e-05 0.0001652113027319268 0.00015161451162386518 0.0001928176807656351 0.00013170751185301253 9.077595768631232e-05 0.00018326425974329907 0.00021258802160655416 0.00012955166664619682 0.00015850881184000342 0.00011391703026435842 0.00017993737955442383 9.550698642824966e-05 0.00020050138348574827 0.0001442899400660113 0.00023601092404644107 0.00016032608730578014 7.14759258762923e-05 0.00024393546820226423
