
#parameters    
param n, integer, > 0; /* number of assets */    
param B, >= 0;      
param mu{i in 1..n};                          
param sigma{i in 1..n, j in 1..n};    
param q;    
                                              
#variables                                    
var y{i in 1..n, j in 1..n}, binary;    
var x{i in 1..n}, binary;                     
    
#capacity constraint    
s.t. card0: sum{i in 1..n} x[i] = B ;    
#constraints to link x and y                   
s.t. card1{i in 1..n,j in 1..n}: y[i,j] <= x[i] ;    
s.t. card2{i in 1..n,j in 1..n}: y[i,j] <= x[j] ;    
s.t. card3{i in 1..n,j in 1..n}: y[i,j] >= x[i]+x[j]-1 ;    
    
#objective function    
minimize obj: sum{i in 1..n, j in 1..n} y[i,j] * sigma[i,j] * q - sum{i in 1..n} mu[i]*x[i];    

solve;
printf: "{ ""solution"": [%d", x[1] > "results/N64_B0.5_correlated_classical/IPL_linearized_N64q70.00B32_solution.json";
printf{i in 2..n}: ",%d", x[i] >> "results/N64_B0.5_correlated_classical/IPL_linearized_N64q70.00B32_solution.json";
printf: "]}" >> "results/N64_B0.5_correlated_classical/IPL_linearized_N64q70.00B32_solution.json";

#data:
data;

param n := 64;
param q := 70;
param B := 32;
param mu :=
1 0.0020980074225759593
2 0.0022437347764451554
3 0.0003553649491473632
4 0.004375393511108205
5 0.004350260322010557
6 0.0001667666222984865
7 -0.003255552431399589
8 0.0015296666216021658
9 0.0011756691962590883
10 0.0030031310862235205
11 0.0007634331466439881
12 0.0019448161860741275
13 0.0004708547781194783
14 -0.0009195336029440227
15 0.006277017584579653
16 -0.003987687456173922
17 0.00392280612739222
18 0.007554288430078876
19 0.0012786359717593732
20 0.00876709737685324
21 0.0005394985611746228
22 -0.00033077411757110876
23 0.0008946303425929114
24 0.004854360690218768
25 -0.001085679196563777
26 0.0016639623484224265
27 0.004141758835520759
28 -0.0003355197841794333
29 -0.0006617532851621421
30 0.002359600184910249
31 0.0035760304427612023
32 0.0032726429205188036
33 0.0004989510509485595
34 0.003810213352638275
35 -0.0023287776262590877
36 0.0021348488689336255
37 0.003972581745019466
38 0.004683213368391009
39 0.0008985558717541919
40 0.0016068421542813406
41 -0.0005538453622939976
42 0.0043951458667054796
43 -0.0006500604788665764
44 5.245001374831748e-06
45 0.004460213560344595
46 0.002645644031898342
47 -0.0005420954686436719
48 -0.0016298044204086815
49 0.0030584360333412498
50 0.005542942111032257
51 0.004224360516313963
52 0.0009063656893208372
53 0.00266871178397432
54 0.004353419142692494
55 0.00040005978558999564
56 0.0007833825017985685
57 0.010889493549718864
58 0.003577663270995901
59 -0.0002526584302146584
60 -0.0021790266056933238
61 0.0009792476537843042
62 0.006644771437275104
63 0.002782478593078397
64 -0.001316475677387141;
param sigma : 1 2 3 4 5 6 7 8 9 10 11 12 13 14 15 16 17 18 19 20 21 22 23 24 25 26 27 28 29 30 31 32 33 34 35 36 37 38 39 40 41 42 43 44 45 46 47 48 49 50 51 52 53 54 55 56 57 58 59 60 61 62 63 64 :=
1 3.243951024964444e-05 -6.466785472469448e-06 -5.228506784732107e-06 1.6275448270072177e-05 4.369898999670352e-05 2.4035282787179523e-05 -2.3604563082778615e-05 3.185909354649623e-06 -1.1356837087930276e-05 -4.835866920706272e-06 6.239515433153945e-06 1.294123165016736e-06 -4.18284102038265e-06 2.8621624786492675e-07 1.1276560322901753e-05 -8.375489713456515e-06 2.9231699667071576e-05 -4.7495573872843855e-07 -1.6679456533210813e-05 5.615415932064875e-05 -6.470092700792091e-06 3.7697545115621284e-05 -1.2837130847750528e-06 3.598681920328418e-06 4.778740453190246e-06 5.4502068456281555e-06 3.406100930470576e-05 1.8608477563601246e-05 3.0812037178320924e-05 -2.8789708194162715e-05 3.585916021525541e-05 6.516217194569928e-05 -1.3375793919211543e-05 3.3371793166815704e-05 2.855783543919951e-05 1.9962814041014856e-05 3.370921749304819e-05 4.333707083813957e-05 2.109660420599253e-05 4.318195175271606e-05 -7.456437001185312e-06 1.5570869077323512e-05 9.639980491993314e-06 -1.2218812420372304e-05 3.440096658968757e-05 1.0216185049116e-05 3.7699024347069316e-05 3.438241812412193e-05 2.173585240887288e-05 1.172337293770632e-05 3.8700088669056315e-05 2.6802193021998276e-05 -4.419654902847617e-09 1.6294153423515266e-05 -1.0893159558755925e-05 -2.5546582912415546e-06 4.056242511056277e-05 -3.773906713997247e-07 2.1350333549358807e-06 3.5541415734777354e-06 2.3978903773727243e-05 1.2867004500244975e-06 4.6427078958529825e-06 1.958944868313067e-05
2 -6.466785472469448e-06 8.215248058238518e-05 2.7388832524452144e-05 -2.1874457346446184e-06 1.4867744401898569e-05 1.2946819473941512e-05 1.9978320214220466e-05 1.848259215997112e-05 7.212978725572518e-05 -5.533532307658431e-05 1.6679473751227058e-05 -1.553579792597749e-05 3.459647693593749e-05 -3.902821776950808e-05 -5.931995369556138e-05 -3.330664995233939e-05 -4.442476517176523e-05 -8.165294815446175e-05 -2.0896235870988998e-05 -6.0135099699872184e-05 -1.4912658228629944e-05 -3.709475118628056e-05 2.6157087863240115e-05 3.0161953523273792e-05 1.1017404578019115e-05 -1.9060130125996682e-05 -3.838186122808894e-05 3.804957184924786e-05 3.5379184726021614e-06 -1.1380546789278558e-05 -1.2760370383932192e-05 3.3372147839906545e-06 -3.3246096233355404e-05 8.369666950032007e-06 -2.713461065975727e-05 2.911203113895403e-05 -3.214491325505321e-05 -8.612314972348307e-05 3.727780185138246e-09 7.616359851135299e-06 -5.792097878615546e-05 3.002913465785199e-05 -1.740086164708634e-05 6.543358823036688e-05 1.0589279396094705e-05 -3.779579919338881e-05 1.8430551585942968e-05 -8.478368211507843e-06 2.0274242179240857e-05 -7.435140008387311e-07 2.6800307007029544e-05 -3.60272683590876e-05 6.12771926058283e-05 1.1566822442035168e-05 -3.0121418268835435e-05 -4.800033601275518e-05 -2.1645061826103526e-05 5.1450748704960985e-06 2.97819686204309e-05 -4.3204838698341125e-06 2.302973756451659e-05 4.771719274326301e-05 -8.253156179166971e-07 -2.5268366376902706e-05
3 -5.228506784732107e-06 2.7388832524452144e-05 0.00013958042280905468 1.7311533949186465e-05 -6.398073190832383e-06 4.554929795588674e-05 3.554729069066884e-05 -2.400166024856452e-05 3.896564010300529e-05 -8.9723510025201e-06 -3.854918169259538e-06 -4.349039374496928e-06 9.012259704384922e-09 -1.2256660296653316e-06 -6.008617015707118e-06 -8.714183737112058e-05 8.391753406399191e-05 1.736498417544119e-05 -2.7007721121027103e-05 3.2897502205179285e-05 1.3941716686299558e-05 1.437166785329046e-06 -1.6890405905791152e-05 -1.0876592106285806e-06 6.399870224249242e-05 2.399481986313007e-05 3.9351744439725335e-05 5.71925793950367e-07 3.0475449653698653e-05 -2.237544145923386e-05 1.1066599113237454e-06 -4.6403743517659444e-05 0.00015581577933337622 3.5015874204169865e-05 4.644614914395229e-05 2.055347210452153e-05 -3.6667101326311416e-05 -5.942766194090457e-05 1.0076937316145747e-05 1.6418967859983555e-05 5.5365127496374185e-05 3.840410277580328e-05 -8.476173158714585e-06 5.5295048767311266e-05 -1.6128653177582177e-05 9.749386379067212e-06 -2.3314252024159128e-05 2.1920492416755202e-05 -2.140277116818882e-05 -2.0829637902100344e-05 5.9134750300860274e-05 -4.076907976601271e-05 3.4357257430182826e-05 4.595726737998307e-05 6.494307756082231e-05 3.328203840480921e-05 -7.652208168766263e-05 -6.004290649947833e-06 3.7037026568488076e-06 -5.3535978769858105e-05 -4.214445265819409e-06 6.729104104660993e-05 -2.630582831749089e-06 7.209536234182903e-05
4 1.6275448270072177e-05 -2.1874457346446184e-06 1.7311533949186465e-05 6.63484781938808e-05 4.4300463859784634e-05 4.458812032188524e-05 1.5987393680188903e-05 7.4964024810023996e-06 -1.1395082361999592e-05 9.774409826789551e-06 -1.6854753838616965e-05 1.4940085740109807e-05 5.560686914234513e-05 3.286567932935498e-06 2.7798397528110575e-05 8.616933334923806e-06 -4.017999890282889e-05 3.631532912573494e-05 7.915643518442386e-06 0.000105233203774331 2.9402044457150256e-06 4.6998422407622626e-05 -9.700187182318545e-06 1.590926130057474e-07 7.157420394030215e-06 1.7201050998728322e-05 6.216793170058116e-05 1.876292992972239e-05 7.09482061561417e-05 -4.4193956129259175e-07 4.69507476421584e-05 3.064946943816597e-05 2.1541755097173783e-05 5.648816730278328e-05 4.165262053012398e-05 6.10342808894897e-05 4.643908076658389e-05 -8.034443698987898e-06 3.281304086881404e-05 4.981766916242163e-05 1.7199340138217894e-05 6.873988464903482e-06 -3.7727408047575076e-06 -1.7485407787603177e-05 3.881851350790357e-05 2.927788861763344e-05 4.320776664215623e-05 6.952507492476416e-05 4.052201944073079e-05 -1.951228303170181e-11 5.9560761221967864e-05 1.9786604793978993e-05 7.673928346421947e-06 3.978433255675128e-05 2.817860194850412e-05 2.0888121446212635e-05 4.046375263678966e-05 8.824588207547457e-06 1.426035692718245e-05 3.467709240072127e-05 2.4426535459809704e-05 1.4917769236310079e-06 2.01420178201102e-05 3.2064333754207055e-05
5 4.369898999670352e-05 1.4867744401898569e-05 -6.398073190832383e-06 4.4300463859784634e-05 0.0001368892926031602 6.431109636875332e-05 5.547503953620557e-06 1.9986310633191863e-05 1.180194767466772e-05 5.200182965501647e-07 2.9387691587570454e-05 1.4117052850623482e-05 2.843440510595305e-06 6.462220761190056e-06 1.262578353393869e-05 -4.274913124990985e-09 -7.877498980525226e-05 -1.2875503903529534e-05 -1.1013786833847054e-05 5.695382681650032e-05 -3.546621856526656e-05 6.066350874217874e-05 1.693495024403968e-05 2.2362464173753406e-05 2.0094989807939348e-05 -1.6290618237580364e-06 5.0528978159474e-05 6.232056296554182e-05 0.00010673583314048802 -4.6452855944575344e-05 6.38614995861841e-05 8.604736369452264e-05 -4.763792533416064e-05 6.409474771767026e-05 4.51097687632031e-05 6.23064887215094e-05 5.584195847350758e-05 3.2488884142215635e-05 5.688230014451195e-05 9.145204189636695e-05 -4.56451309732423e-06 4.188151442168083e-05 2.60969495032371e-05 -5.287896811010721e-06 8.095970377271241e-05 5.8630516244549285e-05 7.900129331809228e-05 7.679373579824694e-05 0.00010185713887205755 3.287303107299061e-05 6.180630952974924e-05 2.3732024884974648e-05 2.2440420656737564e-05 4.821696015203567e-05 -4.39424016463388e-05 -1.804405585125971e-05 5.207961554579256e-05 2.2177238596855094e-05 2.9984391714126375e-05 3.5667888803663856e-05 4.98550022118381e-05 5.8193320762086905e-05 2.165894201097932e-05 3.128914104091878e-05
6 2.4035282787179523e-05 1.2946819473941512e-05 4.554929795588674e-05 4.458812032188524e-05 6.431109636875332e-05 0.00010415735679996743 1.336124561066246e-05 1.7339571132073175e-05 -6.89899158322546e-06 2.0983316887704045e-06 1.6654638702255645e-05 1.388724327294234e-05 -6.335593193419125e-06 2.2727924777860288e-05 2.583748194995626e-05 -8.092855700122777e-06 9.294784102221108e-05 5.873032687075679e-05 -2.619479404871567e-05 0.00011853330895559586 -4.071125040718802e-05 4.866509878041697e-05 1.8029954036536298e-05 3.5884707599115306e-05 4.1790587514083564e-05 2.4804969548086623e-05 8.409132057539623e-05 5.128889317790275e-05 8.498535255272101e-05 -4.609722044187618e-05 6.50330432715338e-05 5.9654703724316553e-05 4.4987915335158494e-05 6.861972819576084e-05 7.131010386803695e-05 5.388010483956636e-05 3.8635362778094585e-05 -2.876133779422676e-09 1.749179973861293e-05 5.3698032026316745e-05 5.46207495592772e-05 5.121264795480975e-05 3.4598945225677585e-05 -4.8346506477916995e-06 1.8855781722217853e-05 6.644771339692565e-05 6.789262271206276e-05 8.963407460606485e-05 6.940915600477106e-05 4.132105998058044e-05 8.141996348671551e-05 -1.199193800662894e-05 1.4897730703391506e-05 5.374886748090932e-05 7.830470300374743e-07 2.9500104172463264e-05 5.887311132368817e-05 4.007136804799656e-05 9.437932355815338e-06 2.8359805762059184e-05 2.9900860877914384e-05 7.304797770177628e-05 1.3244313343160723e-05 6.007547666503488e-05
7 -2.3604563082778615e-05 1.9978320214220466e-05 3.554729069066884e-05 1.5987393680188903e-05 5.547503953620557e-06 1.336124561066246e-05 0.00011343303458190189 -4.849056794312134e-06 3.095213142081865e-05 4.898185219497813e-05 -1.1046546294982965e-05 -3.3792697638428836e-07 6.184226639824885e-06 -2.5920216359561187e-05 1.6876410633609468e-05 4.4725106256934725e-08 -0.00010571288360355188 3.883013037523265e-05 3.982887133702862e-05 3.0130274367511594e-05 -3.0856759010633035e-06 -1.1457553069566067e-05 -8.843740648919186e-06 -8.711777731345711e-06 6.591750254599371e-05 -4.642074465880001e-06 1.6515365664647647e-06 1.1043034078897513e-05 6.56972183794307e-05 1.6726221125888127e-05 -6.149103012873594e-06 -8.194556277653965e-05 4.4304308697188655e-05 8.8399226790469e-06 1.5335622025889677e-05 4.214399269006212e-05 -2.012228205069496e-05 -4.699302960094593e-05 -2.7356217476583994e-07 -1.478455715907135e-08 -7.346307533333096e-09 -3.65516441042987e-06 1.3321474811904324e-05 3.9467178029278446e-05 5.097670225045942e-07 2.9079341653907713e-06 -2.18934368944713e-06 5.353608587271992e-05 3.611880601653714e-05 2.4910900971038824e-06 -2.9132134113720287e-05 -3.732952921729874e-05 4.964778039711617e-08 4.489050412636541e-05 2.1545907784576264e-05 1.547332175439466e-05 -0.00011298705765780742 2.255927166969543e-05 8.570422701960717e-06 -1.0056888703702063e-05 -1.8613789605439182e-05 3.817355109290105e-05 -2.6221847638602522e-05 1.2478241844721653e-05
8 3.185909354649623e-06 1.848259215997112e-05 -2.400166024856452e-05 7.4964024810023996e-06 1.9986310633191863e-05 1.7339571132073175e-05 -4.849056794312134e-06 6.21318054129697e-05 1.9291219494632087e-05 -2.7108814411035815e-05 1.3559148133210842e-05 2.416372036845551e-05 1.441408263047718e-05 -1.5326927371043282e-05 -6.2042920331556e-05 -2.2990336722362865e-05 2.4517175667983702e-06 -5.787735206513958e-05 4.14811604681756e-06 3.3676718066607904e-05 -3.2031652543661655e-05 -4.640137209515505e-06 5.404744416563175e-05 1.0058680818027677e-05 -1.445812643613812e-05 -9.567313547897217e-06 5.2666270054799764e-06 1.4772437120411948e-05 2.565152052359664e-06 -4.403951152857972e-06 1.2727134894188007e-05 1.4670529057011669e-05 1.879870722216929e-05 9.174765604266806e-06 1.4765597623969577e-05 1.804917833028286e-05 1.2287795675883336e-05 -2.3757811320601067e-05 -1.2256667690374235e-05 2.3209658448851596e-05 5.788684330268188e-06 1.202622064125118e-05 3.4112490935442425e-06 7.493949613377615e-06 -6.049761755832852e-09 -1.5239639757134839e-05 3.6486909178347877e-06 2.082926499127444e-05 2.4379561091413523e-05 4.504688690660109e-05 1.975439201047831e-05 4.399985894283188e-06 1.7744711036644526e-05 2.8330899858341204e-06 -3.65662711969182e-05 -1.631334927424631e-06 -2.107942937613806e-06 2.631667180146734e-05 1.2435247025304296e-05 1.1084654426745412e-05 1.2481001870847579e-05 3.312725400107418e-05 3.4025878186462085e-06 -3.9790953845396e-06
9 -1.1356837087930276e-05 7.212978725572518e-05 3.896564010300529e-05 -1.1395082361999592e-05 1.180194767466772e-05 -6.89899158322546e-06 3.095213142081865e-05 1.9291219494632087e-05 9.838157010402247e-05 -3.698618251774692e-05 2.8933563718471827e-05 -1.0067627131564658e-05 2.7438476799350677e-05 -2.902993258866721e-05 -6.727685024921397e-05 -4.930674308992398e-05 -5.854364980218036e-05 -9.39942404143364e-05 4.46304560168011e-06 -1.3923589504076642e-05 -2.2275755856671807e-06 -3.5313003926379986e-05 2.4096710645404886e-05 1.14780648770237e-05 1.3538392830523195e-05 -1.9851196348607116e-05 -4.434818880800195e-05 3.382537439120516e-05 7.475020679792516e-09 1.6716641277407953e-05 -6.349776832825917e-06 -1.8953437166996508e-05 -1.731508952566624e-06 -3.3869652316767087e-06 -2.3429501947708582e-05 1.6204079387596295e-05 -3.4885889772063695e-05 -6.211904960166675e-05 -5.166204045578862e-06 2.2434182045764005e-05 -3.2137344517119505e-05 2.9820441963514098e-05 -2.0582182552822634e-05 6.517532289026956e-05 8.587904823266186e-06 -3.0096959234485545e-05 -1.2279134956472325e-05 -1.0272805114242156e-05 1.4391406469373644e-05 1.2835981737626627e-06 1.033371696803055e-05 -2.4255052173544392e-05 5.395373896590353e-05 1.097869529135033e-05 -1.8753691778529048e-05 -3.268220822892582e-05 -8.974387881409758e-05 -3.314652479847233e-06 2.680826656539268e-05 -2.4774734704169797e-05 1.3054135134940602e-05 4.839486383894941e-05 -3.0123423778725183e-06 -4.698249647666624e-05
10 -4.835866920706272e-06 -5.533532307658431e-05 -8.9723510025201e-06 9.774409826789551e-06 5.200182965501647e-07 2.0983316887704045e-06 4.898185219497813e-05 -2.7108814411035815e-05 -3.698618251774692e-05 0.0001974484790254812 -1.2432569460603412e-05 2.9953554455886446e-05 -2.120538916307641e-05 4.314245922524918e-05 0.00013546079186103454 0.00011878200283662234 1.611571582069604e-05 0.00014623882954819598 4.965232852690029e-05 0.0001471929624052638 2.719463384395881e-05 4.481368692483649e-05 -3.514252557886301e-05 -1.2994791956589898e-05 1.7652320699980816e-05 7.29333288975532e-06 7.308897922013867e-05 3.8500590891863475e-05 3.150987940330755e-05 1.5211248147445237e-05 -5.520146319440301e-06 9.167363786068815e-06 -1.401786371876683e-05 -1.6075785070391167e-05 3.268843953873392e-05 3.1505870506073974e-05 3.408460029379429e-05 3.16113753204089e-05 1.4477754096195553e-05 3.2551864201537054e-05 5.9214703518431756e-05 -3.975555228773419e-05 1.647303458998711e-05 -4.232215479195192e-05 1.7214581666249768e-05 5.828775533961613e-05 1.3262528834154115e-08 4.966425318451259e-05 -2.515975721752433e-06 3.712040020855232e-06 -3.1324494833902485e-05 1.762902003915448e-05 -5.587768284230766e-05 1.2608496162233501e-05 5.952424981202667e-05 2.4350529644218937e-05 -3.820905199987014e-05 4.720260074255789e-05 -2.6111083839664933e-06 -7.846475873800966e-07 -2.127714797293989e-05 -4.0887857498995364e-05 -7.911625325112074e-07 6.023019511518073e-07
11 6.239515433153945e-06 1.6679473751227058e-05 -3.854918169259538e-06 -1.6854753838616965e-05 2.9387691587570454e-05 1.6654638702255645e-05 -1.1046546294982965e-05 1.3559148133210842e-05 2.8933563718471827e-05 -1.2432569460603412e-05 6.269415863460757e-05 -2.23661461984257e-05 -9.534247960086219e-06 2.7631307827298086e-05 -3.932981071693961e-05 -1.7373916998457285e-05 1.64663661833525e-05 -4.184339929959934e-05 1.907385384682842e-05 -4.730345313704004e-05 -3.685819088832318e-05 4.804928245547549e-07 2.038068401008427e-05 1.3214320639746099e-05 2.5134649737641e-05 2.365782284073165e-06 -2.0046879025163166e-05 5.722861633979746e-05 1.2072064317028824e-05 -3.2834738277946045e-05 3.0554332301165696e-05 3.251747035281343e-05 -6.690236786018141e-06 -1.1597467659127462e-05 -1.0871035810015409e-05 -2.427255560737709e-05 6.708350602688688e-10 1.5699906418100994e-05 -1.874867697137965e-05 2.1196516078537013e-05 -1.535664348376107e-05 3.0391566460575333e-05 7.59428425510086e-06 4.284375186312946e-07 -2.2909979917963173e-05 1.3763985911397322e-05 7.1753548645883556e-06 8.280382342125966e-06 2.5647125635955483e-05 1.308138281056047e-05 2.503293760778284e-05 -7.444316016600979e-06 3.5251678345602756e-06 5.992005874067044e-06 -4.643796049395225e-05 -1.9236444254946656e-05 -2.4499251188927504e-05 1.067893001602139e-05 -1.1242582446711736e-06 9.798113418487879e-07 6.499098800277337e-06 4.738706633902214e-05 -2.5802102068897584e-06 -2.434064333899384e-05
12 1.294123165016736e-06 -1.553579792597749e-05 -4.349039374496928e-06 1.4940085740109807e-05 1.4117052850623482e-05 1.388724327294234e-05 -3.3792697638428836e-07 2.416372036845551e-05 -1.0067627131564658e-05 2.9953554455886446e-05 -2.23661461984257e-05 6.019528813632148e-05 -5.692235136585405e-06 2.008919023233777e-06 2.8053823294595506e-05 1.3338805670075165e-05 -6.19788769271592e-06 1.8604781847127307e-05 -1.305540929889798e-05 0.00011185148949776797 -5.413339686321219e-06 1.6574190466764008e-05 2.6203434119801576e-05 6.845434318582353e-06 -2.330547823037065e-05 1.666737251937091e-08 2.952150000186974e-05 -2.1655208019968633e-05 1.274087016249149e-05 2.482344982245966e-05 -9.432156152431806e-06 1.3351885051484872e-05 5.046327886257959e-06 1.32268889474714e-05 3.1607943089940686e-05 2.7437459829563642e-05 2.037568031931822e-05 -2.716455134150078e-05 8.461722100837483e-06 1.0658693696765693e-05 5.622513771031095e-05 2.0269715997240127e-06 -1.0007421027854158e-07 -2.432691901019442e-05 1.8678443724035193e-05 3.7830808957134897e-05 -2.5768827707682473e-06 1.8668494410700248e-05 1.5765940320664197e-05 3.476817784385005e-05 -6.5100407171677715e-06 9.51945052425989e-06 1.2103584941958458e-06 -1.2436638627712212e-06 1.133833660222428e-05 2.6398488228059395e-05 2.1003727646088165e-06 1.0631417022646138e-05 1.7987283197696304e-05 2.4089353012513355e-05 -7.12328888995034e-07 4.025462682167445e-06 1.3255765920244846e-05 -3.4731632708214517e-06
13 -4.18284102038265e-06 3.459647693593749e-05 9.012259704384922e-09 5.560686914234513e-05 2.843440510595305e-06 -6.335593193419125e-06 6.184226639824885e-06 1.441408263047718e-05 2.7438476799350677e-05 -2.120538916307641e-05 -9.534247960086219e-06 -5.692235136585405e-06 0.00017817572914944762 -1.2004788894131357e-05 -5.4853944444104416e-05 -3.920899275863024e-07 -9.159200398323334e-05 -6.87954122670716e-05 3.6453439705095554e-05 5.524877707791268e-05 1.899202068093135e-05 -8.45075032218151e-06 9.041774103320279e-06 1.8975984185626615e-05 -6.9299977482503825e-06 1.6623628149921123e-05 -2.935194783432822e-05 1.9323729710135982e-05 3.4285658821300006e-05 3.938770840947624e-05 1.6952319094190164e-05 3.2453069755010134e-05 -2.423271351835771e-05 1.769916535817318e-05 -5.22707338449036e-05 0.00011064513508782962 1.4006155132490507e-05 -7.852053423285274e-05 4.01597727940205e-05 1.3755132356898698e-05 -3.099254753082468e-05 -3.142934751747678e-06 -6.172046344829072e-05 -2.482772789958181e-05 2.512068053355771e-05 -5.161191242309863e-09 -1.2965124234891299e-05 4.3435738695949685e-05 3.8869316455187647e-05 -6.493736349583782e-06 4.554692139676826e-05 4.439634799066508e-06 3.37792629014264e-05 1.529196832100165e-05 1.3751210976924852e-05 -2.5752755450288927e-05 2.495891174080595e-05 -1.1972591845900176e-05 2.493767569017548e-05 6.084635471692387e-05 3.4094044081374946e-05 5.2294947577870435e-06 7.62012133297074e-06 -5.38022314343622e-05
14 2.8621624786492675e-07 -3.902821776950808e-05 -1.2256660296653316e-06 3.286567932935498e-06 6.462220761190056e-06 2.2727924777860288e-05 -2.5920216359561187e-05 -1.5326927371043282e-05 -2.902993258866721e-05 4.314245922524918e-05 2.7631307827298086e-05 2.008919023233777e-06 -1.2004788894131357e-05 0.00011341186368392963 7.075897380493075e-05 9.655523601844811e-06 5.8458195099908216e-05 8.312777947831201e-05 -8.306865189417737e-06 4.1425266897486124e-05 9.74120400286518e-10 4.1085410296662196e-05 3.987923401532165e-06 1.3549214652215036e-05 1.967198389003628e-05 2.703152286618875e-05 7.04310829744609e-05 3.2514196032334924e-05 4.042625461450219e-05 -1.1146309031189724e-06 3.917921786583342e-05 4.156099925880975e-05 -3.6694790347239055e-05 -1.752454563551472e-05 9.969123192815489e-06 -4.555571428830983e-05 3.807969763354145e-05 7.966337540326281e-05 4.479240216020501e-06 1.4659503955229427e-05 6.437160756773427e-05 2.5826940226876425e-06 2.0894804069967587e-05 -5.996152673586956e-05 -2.9750429540536283e-05 8.084984320684155e-05 1.584544439579866e-05 3.679006182760805e-05 7.4106503742577375e-06 -6.205799277300942e-06 2.3826443437346742e-07 -5.806198509026864e-06 -2.874589099785833e-05 1.9435644636211808e-05 2.722773153719505e-05 5.569231997593012e-05 -3.852684190485872e-05 -2.1173565718782948e-05 -9.115061845814021e-06 4.9603574758558156e-05 -1.1446470506750198e-05 -1.1983818411660851e-05 4.586696158455561e-05 1.3791408800169718e-05
15 1.1276560322901753e-05 -5.931995369556138e-05 -6.008617015707118e-06 2.7798397528110575e-05 1.262578353393869e-05 2.583748194995626e-05 1.6876410633609468e-05 -6.2042920331556e-05 -6.727685024921397e-05 0.00013546079186103454 -3.932981071693961e-05 2.8053823294595506e-05 -5.4853944444104416e-05 7.075897380493075e-05 0.00025422841137949926 9.529734663130198e-05 -3.309388633995909e-05 0.0002414050647881223 -1.6340373605885706e-05 0.0001696500506937351 7.346079328371868e-05 7.910327109260151e-05 -5.282719577189234e-05 2.7674573204871307e-06 1.6316550467632178e-05 2.3839991916751373e-05 0.00015134417829409372 -3.2876474996768718e-09 6.243604851599898e-05 9.822061762703464e-06 2.295816448096837e-05 2.56013416256337e-05 -8.461131251371501e-05 2.0441258045319904e-05 5.232030874094599e-05 2.0651056038921536e-06 7.065732789677107e-05 7.529882258222497e-05 3.318135451642862e-05 2.422255489877139e-05 6.401649481097071e-05 -2.9264143909310642e-05 3.644040147285583e-05 -4.7363054273371056e-05 4.988632524981823e-05 0.00010527641118962793 3.266917678692953e-05 5.7938057060655564e-05 -2.1492791863432207e-06 -2.3809559645576797e-05 6.541774883651155e-06 2.4570998179001203e-05 -3.6510519598235505e-05 2.49044605465629e-06 8.075364748902728e-05 6.884566056166733e-05 1.1145205557190331e-05 -3.208140863204033e-05 2.783803936491785e-05 4.132594108752187e-05 -5.824711615313837e-06 -7.429501300365893e-05 4.066188302642784e-05 2.575956480705635e-05
16 -8.375489713456515e-06 -3.330664995233939e-05 -8.714183737112058e-05 8.616933334923806e-06 -4.274913124990985e-09 -8.092855700122777e-06 4.4725106256934725e-08 -2.2990336722362865e-05 -4.930674308992398e-05 0.00011878200283662234 -1.7373916998457285e-05 1.3338805670075165e-05 -3.920899275863024e-07 9.655523601844811e-06 9.529734663130198e-05 0.0002766368250512285 -7.228233572557184e-06 9.889695824272785e-05 1.4650368584536707e-05 4.064125427783502e-05 -4.14927104891426e-06 3.163028258540966e-05 -4.79939018016886e-05 2.6681445295585494e-05 -4.7237612387758784e-05 -1.6804817838705372e-05 -1.1828165982452323e-06 4.437696613518152e-05 -2.4044245663007676e-05 4.1463626111779914e-05 -5.3630211041428755e-06 6.568259794897211e-05 -4.9305261205904586e-05 -4.0501982779699104e-05 -3.0034085634112107e-05 3.302328810769932e-05 4.781740195013697e-05 2.849575718022211e-05 -7.02156086444518e-06 -2.9874720324961044e-05 1.6616086424754985e-05 -2.354139675680162e-05 2.3820297371604755e-06 -7.117819026961838e-05 1.4662069877035739e-05 7.7146686837339e-05 3.3993651647064215e-06 -3.848802242415566e-05 3.611826375487795e-05 3.345131889475025e-06 -6.846255100855237e-05 2.747061029072853e-05 -5.147039219522161e-05 -4.633950259834938e-05 -9.892025241139373e-06 -8.670817438358202e-05 0.00012823504178362526 5.945186837603032e-05 -4.458675183214592e-06 4.565976861842156e-05 5.7970091809847304e-06 -9.51228771455383e-05 -3.5968727556573803e-06 -9.961843669279089e-05
17 2.9231699667071576e-05 -4.442476517176523e-05 8.391753406399191e-05 -4.017999890282889e-05 -7.877498980525226e-05 9.294784102221108e-05 -0.00010571288360355188 2.4517175667983702e-06 -5.854364980218036e-05 1.611571582069604e-05 1.64663661833525e-05 -6.19788769271592e-06 -9.159200398323334e-05 5.8458195099908216e-05 -3.309388633995909e-05 -7.228233572557184e-06 0.000669717759989527 8.170375790424384e-05 -7.952171918770243e-05 0.00013608089304156142 -3.358497924726878e-05 3.0121848522599763e-05 1.8631709373185165e-06 3.389521994191583e-05 -9.963084333794398e-06 5.621652945622588e-05 9.553110086694657e-05 4.081716716038974e-06 -0.0001046242644967457 -4.244139000159914e-05 3.738364545997394e-05 9.091399260892042e-05 0.00015576331196525634 1.52597186578281e-05 9.122451794578345e-05 -2.1281051836830565e-05 -6.046252732929665e-06 0.00012628410570576565 -3.515414203721471e-05 1.682709720046446e-05 0.00014469157882855325 5.3482525103737206e-05 4.398770159801345e-05 -2.261386761028933e-05 -8.071515148393789e-05 3.6465895982719696e-05 1.576049709175945e-05 1.0237406186538623e-05 -4.8833641707436325e-05 6.936506511160287e-05 4.438301667260082e-05 1.200588097709102e-06 -4.69129341963526e-05 -7.638109993459782e-06 4.3388537636391534e-05 6.835093609673118e-05 0.00021452951598000084 8.113929657431737e-05 -9.935253615495829e-05 -8.680897353305575e-05 7.817032382626871e-09 3.431470860298606e-05 -3.922907008941158e-05 0.00011294521560409527
18 -4.7495573872843855e-07 -8.165294815446175e-05 1.736498417544119e-05 3.631532912573494e-05 -1.2875503903529534e-05 5.873032687075679e-05 3.883013037523265e-05 -5.787735206513958e-05 -9.39942404143364e-05 0.00014623882954819598 -4.184339929959934e-05 1.8604781847127307e-05 -6.87954122670716e-05 8.312777947831201e-05 0.0002414050647881223 9.889695824272785e-05 8.170375790424384e-05 0.00030050456504034106 2.4159302406430475e-06 0.00018592722453479344 5.245317726233442e-05 8.078961810736888e-05 -5.89521588879312e-05 -5.793986353316444e-06 3.483262717770224e-05 4.5866667961313015e-05 0.00018660650054463457 -1.4983000429469318e-05 5.958539744979557e-05 4.263361305097295e-06 4.1391073276148865e-05 -1.5104845823627151e-05 7.50957084629314e-06 2.673066208907775e-05 9.193830483392413e-05 -3.3665769875410048e-06 6.326515782415236e-05 9.461095118713243e-05 1.1322491983278755e-05 1.1923372834608136e-05 0.00011203389039089607 -2.7425499863312762e-05 5.746624716238089e-05 -4.9545931308584756e-05 1.0762093067340153e-05 0.00012091734793061102 2.350543627480523e-05 8.096516329146605e-05 5.228674758672172e-06 -1.2367589208399717e-05 -1.2932417419958808e-08 8.390228369030708e-06 -6.205335641289067e-05 1.2249207236018636e-05 0.00010841680444100398 0.0001003685708535051 4.949947389104285e-05 8.722457512696941e-06 -1.0003035379780811e-05 1.8994701341006888e-05 -2.211056966448622e-05 -5.399219961624697e-05 2.1622592607527554e-05 7.979334863489893e-05
19 -1.6679456533210813e-05 -2.0896235870988998e-05 -2.7007721121027103e-05 7.915643518442386e-06 -1.1013786833847054e-05 -2.619479404871567e-05 3.982887133702862e-05 4.14811604681756e-06 4.46304560168011e-06 4.965232852690029e-05 1.907385384682842e-05 -1.305540929889798e-05 3.6453439705095554e-05 -8.306865189417737e-06 -1.6340373605885706e-05 1.4650368584536707e-05 -7.952171918770243e-05 2.4159302406430475e-06 0.00012158674924555484 4.6908131002548184e-05 2.8352714526644834e-05 -9.601223628714537e-06 -1.0155642105535296e-05 -3.433627136099697e-05 -8.95537178641678e-06 1.2877549995026851e-05 -4.109978417835903e-05 -7.2907063975679955e-06 -7.404178279028094e-07 3.240035996627862e-05 9.378706647105611e-06 -5.457018178988329e-05 -1.1817132092084335e-05 -5.187210155420747e-06 2.3682507216589924e-07 1.385441319863331e-05 -1.3381583449831545e-05 -1.0883390469172897e-05 -1.759750585604247e-05 1.8547235135930817e-06 -1.71207310307225e-05 -2.9740522123855232e-05 -1.6766662784744188e-08 -1.721234255138733e-05 -1.2567846935450188e-05 -1.988328261902602e-05 -2.0906432208395604e-06 1.506732459715613e-05 7.851486267125061e-06 1.0701220898401521e-05 -1.8379296825233009e-06 3.7749206211624606e-05 -3.389518189184378e-05 -5.208914684179779e-06 -1.854011686423835e-05 2.8877844848904968e-05 -1.242540785223985e-05 2.8747113403729208e-05 -1.6745296237318838e-05 -1.3692594016643173e-05 -2.1712480937925493e-05 7.641994178324968e-06 -3.396192850169064e-05 -2.5962462113193743e-05
20 5.615415932064875e-05 -6.0135099699872184e-05 3.2897502205179285e-05 0.000105233203774331 5.695382681650032e-05 0.00011853330895559586 3.0130274367511594e-05 3.3676718066607904e-05 -1.3923589504076642e-05 0.0001471929624052638 -4.730345313704004e-05 0.00011185148949776797 5.524877707791268e-05 4.1425266897486124e-05 0.0001696500506937351 4.064125427783502e-05 0.00013608089304156142 0.00018592722453479344 4.6908131002548184e-05 0.0010723724576443018 9.784393984840265e-05 0.00013767606239781273 4.7907957040941654e-05 2.758794405027767e-05 1.0230634604466155e-08 5.4398606347661815e-05 0.00018129856292260887 -3.6473146017372085e-06 0.00019084903089801772 8.350351077215136e-05 0.00016559870554311225 0.00022236396637624901 1.2848502976463964e-05 0.0001778758521793951 0.00021316677782659684 0.00019584395916237538 0.00012588571615062012 5.479085260874323e-05 4.241530850756893e-05 9.8322528771196e-05 0.00023506808796080084 2.2438882873028253e-05 8.736043533015764e-05 -0.00015725411396444035 0.00013212509837743757 0.00011571177645391694 0.00015955227472192233 0.0002224969742498213 8.402925725149305e-05 0.000157823504541872 0.00010984734869174894 0.0001249858135179065 -2.3388475698440258e-05 0.0001236113635010508 7.340089465702626e-05 0.00017381731839590347 -0.00015102554497855084 5.009187306663285e-05 2.368195191654606e-05 8.433992976485562e-05 4.191657549836289e-05 -4.669705935581276e-06 6.8812161552979e-05 -4.561800313801963e-05
21 -6.470092700792091e-06 -1.4912658228629944e-05 1.3941716686299558e-05 2.9402044457150256e-06 -3.546621856526656e-05 -4.071125040718802e-05 -3.0856759010633035e-06 -3.2031652543661655e-05 -2.2275755856671807e-06 2.719463384395881e-05 -3.685819088832318e-05 -5.413339686321219e-06 1.899202068093135e-05 9.74120400286518e-10 7.346079328371868e-05 -4.14927104891426e-06 -3.358497924726878e-05 5.245317726233442e-05 2.8352714526644834e-05 9.784393984840265e-05 0.000133400018782374 4.546308377386591e-06 -2.8405846029711894e-05 -1.692460739545361e-05 -2.6726594920549145e-05 1.4449394002342213e-05 2.9723015425546172e-05 -5.426115208097049e-05 -2.2070395000096315e-05 4.896497804532073e-05 -1.857268450395857e-05 -4.771371113282736e-05 -3.156268037370459e-05 5.825721092207006e-06 3.687158070716346e-06 1.856144335612625e-05 -1.0737342407689175e-05 1.824915168707337e-05 2.791629097813396e-05 -7.057692754015793e-06 1.3907134888192407e-05 -3.89403081777009e-05 2.8208334623903265e-06 7.5484700028536195e-06 2.7540886361915427e-05 -1.8365362295066266e-05 -1.1598228226887492e-05 -2.001137011645578e-05 -5.423786675800096e-05 -1.534066526435112e-05 1.8047200411586888e-05 5.093106140714169e-05 -1.9296308398491606e-06 -1.8718239616361694e-05 2.898628642295822e-05 6.217438372526453e-05 -1.6748109020897842e-05 -4.7351111785629996e-05 1.3581547601454452e-05 -2.4760574710562313e-05 -8.623396070953092e-06 -4.477645525273953e-05 3.195216421697103e-06 1.4933511830343964e-05
22 3.7697545115621284e-05 -3.709475118628056e-05 1.437166785329046e-06 4.6998422407622626e-05 6.066350874217874e-05 4.866509878041697e-05 -1.1457553069566067e-05 -4.640137209515505e-06 -3.5313003926379986e-05 4.481368692483649e-05 4.804928245547549e-07 1.6574190466764008e-05 -8.45075032218151e-06 4.1085410296662196e-05 7.910327109260151e-05 3.163028258540966e-05 3.0121848522599763e-05 8.078961810736888e-05 -9.601223628714537e-06 0.00013767606239781273 4.546308377386591e-06 8.728495082647615e-05 -1.6987910815980527e-05 -1.3514181987740937e-06 2.3036673160806544e-05 2.3851317796677763e-05 0.00010724768823218785 2.9629438882992286e-05 7.680252033060181e-05 -2.286844381909065e-05 6.829154751436322e-05 8.042709694805961e-05 1.4067061289188234e-05 4.511060944774241e-05 7.123632608006084e-05 2.169773237131469e-05 7.264480963799217e-05 8.243402560668454e-05 2.6133594965732255e-05 6.723552823677687e-05 3.460178284178257e-05 1.5180560072633814e-05 2.2343722587950178e-05 -4.2720563443207385e-05 3.438111203040623e-05 6.326515036238e-05 5.122758590894523e-05 7.675730984754212e-05 3.814355183216208e-05 8.47155237618995e-06 4.71532241010188e-05 4.185041231408039e-05 -2.4225639198568606e-05 3.6623051025464546e-05 1.977692093094627e-05 3.0324364180888547e-05 2.6277326760930846e-05 -1.637756064737498e-09 5.608423822111364e-07 1.9460847511655693e-05 1.784011648846981e-05 -2.0858062963845952e-05 1.9296199550782385e-05 4.127744948328006e-05
23 -1.2837130847750528e-06 2.6157087863240115e-05 -1.6890405905791152e-05 -9.700187182318545e-06 1.693495024403968e-05 1.8029954036536298e-05 -8.843740648919186e-06 5.404744416563175e-05 2.4096710645404886e-05 -3.514252557886301e-05 2.038068401008427e-05 2.6203434119801576e-05 9.041774103320279e-06 3.987923401532165e-06 -5.282719577189234e-05 -4.79939018016886e-05 1.8631709373185165e-06 -5.89521588879312e-05 -1.0155642105535296e-05 4.7907957040941654e-05 -2.8405846029711894e-05 -1.6987910815980527e-05 7.460496641060049e-05 2.8269979734290132e-05 8.959611568302858e-07 -3.3309590916331714e-06 -3.468644187915649e-06 2.1615384257610137e-06 1.2650244897975482e-05 -1.1405439981732742e-05 1.27911176830136e-09 2.9936521459470228e-05 -2.4966861667080425e-05 1.3971386021117385e-08 1.2048346977899411e-05 9.038513119384573e-06 -7.90384063854011e-06 -4.373291013960224e-05 -1.4781366676378576e-05 -3.1493389268187937e-06 7.345956603130143e-06 2.1706214727140418e-05 9.723342010141924e-06 4.452487186853205e-07 -1.2147135235668933e-05 -1.8462254001086786e-06 9.126553233658153e-06 1.712333316029939e-05 2.8949966085057134e-05 5.222969152994054e-05 4.926004602555065e-06 -1.5219330650019506e-05 2.5754575400924395e-05 7.0229966037711405e-06 -4.641836208745095e-05 5.9979667734731e-06 -5.0892386277814104e-05 1.1780638702438298e-05 1.604345708340019e-05 2.14536626914666e-05 3.910511142604601e-06 5.227325010085986e-05 9.260465875025716e-06 -1.0858132272737109e-05
24 3.598681920328418e-06 3.0161953523273792e-05 -1.0876592106285806e-06 1.590926130057474e-07 2.2362464173753406e-05 3.5884707599115306e-05 -8.711777731345711e-06 1.0058680818027677e-05 1.14780648770237e-05 -1.2994791956589898e-05 1.3214320639746099e-05 6.845434318582353e-06 1.8975984185626615e-05 1.3549214652215036e-05 2.7674573204871307e-06 2.6681445295585494e-05 3.389521994191583e-05 -5.793986353316444e-06 -3.433627136099697e-05 2.758794405027767e-05 -1.692460739545361e-05 -1.3514181987740937e-06 2.8269979734290132e-05 5.2777774326219897e-05 9.007721666310295e-06 2.1907651838609263e-06 -6.791914291993926e-09 3.418725552878828e-05 2.274545912698321e-05 -6.369059847326851e-06 8.416178297051077e-06 5.398039035814685e-05 -4.0909063716754425e-05 6.47628613594734e-06 -1.7049134819802e-05 4.2987915604076945e-05 7.5609319616518165e-06 -2.4422210895321173e-05 1.2735803701075393e-05 -4.27848475203475e-06 1.380260158374744e-05 3.096679057350841e-05 6.776532841883295e-06 -9.5670559207825e-06 7.455032911385047e-06 4.510927434075335e-05 2.0075560666408747e-05 1.6142711944233736e-05 4.50318673315084e-05 3.267454068008156e-05 1.7139928355424008e-05 -2.1587009866104616e-05 2.359611504677979e-05 5.062372028861563e-06 -2.9761078338075432e-05 -1.779261239561898e-05 3.529771973322259e-05 7.949638085891484e-06 2.1118982249716846e-05 4.4410303580233566e-05 2.3155599878840582e-05 3.880477516517058e-05 8.986703254916313e-06 -2.5876962858924703e-05
25 4.778740453190246e-06 1.1017404578019115e-05 6.399870224249242e-05 7.157420394030215e-06 2.0094989807939348e-05 4.1790587514083564e-05 6.591750254599371e-05 -1.445812643613812e-05 1.3538392830523195e-05 1.7652320699980816e-05 2.5134649737641e-05 -2.330547823037065e-05 -6.9299977482503825e-06 1.967198389003628e-05 1.6316550467632178e-05 -4.7237612387758784e-05 -9.963084333794398e-06 3.483262717770224e-05 -8.95537178641678e-06 1.0230634604466155e-08 -2.6726594920549145e-05 2.3036673160806544e-05 8.959611568302858e-07 9.007721666310295e-06 0.00013760196719982853 2.2288117552977763e-05 4.784308992197828e-05 3.879576851227418e-05 9.63519563761929e-05 -6.243239913420706e-05 3.020295593067401e-05 -5.45146787716521e-09 0.00011436595853726895 3.894530254686901e-06 3.539461048597476e-05 8.947912033544723e-06 -4.342481417149309e-06 -5.8003603894228284e-06 -1.2671421220998685e-05 2.3287762454611736e-06 -2.4101782127842657e-06 3.7056648408500265e-05 1.4895242227598279e-05 1.990781308054244e-05 -3.9049607868193706e-05 3.0471551384122747e-05 -1.9545458686504493e-05 7.534989949286737e-05 3.031524861476417e-05 -6.655752705034162e-06 1.4743499553098355e-05 -5.250719087731933e-05 -2.066729241316884e-06 6.255249382544823e-05 1.3873532959332985e-05 -3.4270289334101967e-09 -0.00017365952381673486 -1.321350016872391e-05 1.368609803908306e-06 -1.7959790424461498e-05 -1.462656692784591e-05 5.663521651007991e-05 -2.2208492968418007e-05 3.8887482984531e-05
