
#parameters    
param n, integer, > 0; /* number of assets */    
param B, >= 0;      
param mu{i in 1..n};                          
param sigma{i in 1..n, j in 1..n};    
param q;    
                                              
#variables                                    
var y{i in 1..n, j in 1..n}, binary;    
var x{i in 1..n}, binary;                     
    
#capacity constraint    
s.t. card0: sum{i in 1..n} x[i] = B ;    
#constraints to link x and y                   
s.t. card1{i in 1..n,j in 1..n}: y[i,j] <= x[i] ;    
s.t. card2{i in 1..n,j in 1..n}: y[i,j] <= x[j] ;    
s.t. card3{i in 1..n,j in 1..n}: y[i,j] >= x[i]+x[j]-1 ;    
    
#objective function    
minimize obj: sum{i in 1..n, j in 1..n} y[i,j] * sigma[i,j] * q - sum{i in 1..n} mu[i]*x[i];    

solve;
printf: "{ ""solution"": [%d", x[1] > "results/N64_B0.5_diversified_classical/IPL_linearized_N64q70.00B32_solution.json";
printf{i in 2..n}: ",%d", x[i] >> "results/N64_B0.5_diversified_classical/IPL_linearized_N64q70.00B32_solution.json";
printf: "]}" >> "results/N64_B0.5_diversified_classical/IPL_linearized_N64q70.00B32_solution.json";

#data:
data;

param n := 64;
param q := 70;
param B := 32;
param mu :=
1 0.006393143130760781
2 0.004750160526395605
3 0.001581534803619809
4 0.004755023028614033
5 -0.0004845846467198333
6 0.0038173435277010013
7 0.0015914905469944414
8 0.005236956872077221
9 0.0019690657723824595
10 0.00125935231084307
11 -0.0006793876949165154
12 -0.005446022395303182
13 -0.0021337346462050747
14 -0.0011143254973657497
15 0.0008426295211948805
16 0.00028568466712689374
17 -0.003035131320963674
18 -0.00475973070859128
19 -0.004068043696156283
20 0.005736643656844136
21 -0.0010488221129957129
22 -0.0014955015157428159
23 0.0027599637946649426
24 -0.009383832578179388
25 -0.00018445730525057646
26 0.00044637550935005833
27 0.0055121596454957315
28 0.0018178293428647958
29 -0.0051798102748966575
30 0.001957837878048469
31 -0.00046469798033975184
32 -0.00670658234500792
33 0.0003019732330945123
34 0.0031107683277510926
35 0.0048468689345851175
36 0.0007573400646063764
37 0.0047482504310432105
38 0.0033127436586148865
39 0.0021855330866411508
40 -0.0019754635366351254
41 -0.004382044476546057
42 0.0029625614640844413
43 -0.0021077205616909936
44 0.005478133358765178
45 -0.004967312985962424
46 0.003638576677704836
47 0.003969407264002543
48 0.002945761314104247
49 0.001928891879991552
50 0.011211291514984203
51 0.0017888739632980818
52 0.003379095670408151
53 -0.0005735583529234237
54 0.0033125287921386666
55 0.004909266502422442
56 0.01125388527870254
57 -0.0030077017805793605
58 0.004980705721246912
59 0.004105538173534788
60 0.00634475088275747
61 0.0016221109691846843
62 0.00017997739099047857
63 0.002316043082424237
64 0.0034750060398807867;
param sigma : 1 2 3 4 5 6 7 8 9 10 11 12 13 14 15 16 17 18 19 20 21 22 23 24 25 26 27 28 29 30 31 32 33 34 35 36 37 38 39 40 41 42 43 44 45 46 47 48 49 50 51 52 53 54 55 56 57 58 59 60 61 62 63 64 :=
1 0.00011049496598121844 3.313645851192489e-05 3.474409423739466e-05 0.00011790915716571173 -1.3222212911302165e-05 -4.105887886384817e-05 2.064003547246665e-05 1.1917457663404864e-05 -1.0235616095921041e-05 -2.0333715134733087e-06 -9.555563886910695e-06 -1.5449493126292493e-05 -3.338034026237999e-05 -3.410548630451434e-05 2.649615577288023e-05 -1.7224039686638236e-05 -2.0566053018134654e-05 6.412292455052125e-05 4.447754461401173e-05 3.1943129261154368e-06 1.9778237722364494e-05 5.437058436421312e-05 -1.3069197323381543e-05 -8.851362856770008e-05 2.032409177100901e-05 -3.7103998946438246e-06 7.401374084363911e-06 6.056151692454943e-06 -4.893189385675729e-06 1.2711197318178553e-05 3.0022988624435017e-05 2.5950999129085287e-05 -2.0518524900030473e-05 5.1064663700499274e-06 1.1307470348032429e-05 1.7981132167574993e-05 -6.639506860586555e-06 2.633596688432703e-05 1.8929954405318938e-06 1.330042449523727e-05 1.5667041853069263e-05 -1.2325483836432395e-05 -3.4082202316764724e-05 -8.43849604916484e-06 -3.2944244882568476e-06 3.069995427610048e-05 -6.347609313972926e-06 2.109254945438369e-05 3.1183877442488126e-06 -9.939760010428665e-08 2.908624722776581e-06 -1.7025038877963766e-05 -4.708801701491613e-06 4.1204466607634875e-05 -5.186146632110452e-05 0.0001087929663803049 5.326996282702166e-05 2.9789964202378335e-05 -1.0694258424975729e-05 0.00010715867395313894 -2.063689538542069e-06 -3.848977359741408e-05 8.94542159539287e-06 1.1098670292391061e-05
2 3.313645851192489e-05 0.0001215292258224844 6.0258736416653594e-05 3.0328580862880102e-05 -2.5390452734782456e-05 1.2207859969210796e-05 4.636902048859827e-05 7.3785649041690455e-06 -1.91343252759754e-05 6.026117243320621e-06 2.253457603892038e-05 8.465458244896082e-06 2.1518081972025665e-06 -2.388284736460108e-05 3.398755534233572e-05 3.630597539149276e-05 3.1077301214086606e-05 -2.1385605056599823e-05 -3.681619030971427e-05 -6.410560138905134e-06 2.2143870857596744e-05 7.62476278735528e-05 1.3668701108722435e-05 7.955371761175947e-05 9.958977993990143e-06 1.7226147973289638e-05 4.21429110088832e-06 -2.043688903966703e-05 6.417123352999044e-05 1.2035137404189444e-05 1.8852568281979896e-05 4.03562075964106e-05 2.108188571837643e-06 -2.8069273964097124e-05 -4.543998719380664e-05 2.2716143021769545e-05 -3.4959859050670487e-06 5.7285074974446496e-05 1.3922985183051934e-05 4.057459866201564e-05 -1.8163741324909003e-05 2.123309241422843e-05 2.1250296928229127e-05 -7.196557588115423e-05 1.0429307769648926e-05 3.3566568988410293e-06 -2.29871079606861e-05 -1.5056981987841934e-05 -2.0782001493878897e-06 -4.245880520935867e-05 -0.00012252827328518705 -1.7445075659227218e-05 -2.317479802921469e-05 1.3491465453445413e-05 -2.343491396744489e-06 -5.142828231277923e-05 3.4958241365636004e-06 2.1521266898044558e-05 1.6536052567797005e-06 8.047692988093956e-06 1.647255281958986e-05 -1.9511813447904704e-05 3.246729031860934e-05 1.9528081613269948e-05
3 3.474409423739466e-05 6.0258736416653594e-05 0.00038068025642956746 9.274475220904123e-06 1.2610316796831812e-05 -7.54359915018301e-05 0.00010457660784648027 -0.00013709337386748861 1.4804744119753363e-06 2.9709693943532723e-05 4.023715965521956e-06 -4.290112177304502e-06 1.7085267503474683e-05 -6.499691300693534e-05 7.248740587135833e-05 -3.976131896729211e-05 -3.390501084610356e-05 7.66338875298389e-05 6.524893983087295e-05 7.596878537729142e-06 -9.232369172200093e-05 9.28956175186263e-05 -2.146005559947223e-05 0.0003958806233733778 1.3797295383863228e-05 -1.2495842979289944e-05 -1.0916814328577198e-05 -2.005752391378719e-05 5.020886886588477e-05 7.977041174621343e-06 7.300064532178475e-05 2.2084725035424385e-05 -9.590960988134757e-05 3.434000733461454e-05 -2.29260737379391e-06 4.548358145852258e-05 4.189883627614239e-05 0.00011933611852045922 7.583317149455164e-05 8.007571828652241e-06 1.1552420899682187e-05 1.393269150109609e-05 4.6572219440434005e-05 -1.472836061853383e-05 2.6871790458270766e-05 1.820607190498609e-05 -5.503221926907526e-06 3.446912620680867e-05 -2.2834985761974047e-05 5.80132694725352e-05 -1.920739515574004e-05 -4.773992771321059e-05 -4.667101326827783e-05 2.5739135086144302e-05 9.323142753520636e-06 -5.987053269379882e-06 4.087263311514669e-05 -8.120343592576009e-05 5.215288409196347e-05 -7.264853873599122e-05 9.763276273418238e-05 -2.79757907203919e-05 -2.4881194836981785e-05 -2.1171287677993902e-05
4 0.00011790915716571173 3.0328580862880102e-05 9.274475220904123e-06 0.0002147388289877466 -3.2416010946319707e-05 -1.9207507834866174e-05 2.8840530670316258e-05 -1.0457613730263023e-05 -3.448801662511206e-06 6.757759646250522e-06 -1.635155250935112e-05 -4.078229659383912e-05 -5.4440151186332185e-05 -6.520545417973654e-05 1.0462305618752328e-05 -7.459240360789272e-05 -1.763666083862111e-05 -6.521017524323075e-06 1.695887723129859e-05 4.497072420498451e-05 2.276877646329834e-05 6.149299515833853e-05 -7.459390219232721e-06 -0.00022750399373170106 3.098079279284819e-05 4.902137069072513e-06 -3.6435739899045115e-05 9.108877823234676e-06 -1.0743546712713907e-05 2.695078957923543e-05 4.521924037004458e-06 2.1475812797898106e-05 -8.278992363373788e-05 3.20663512911044e-05 -1.5947223239740558e-05 -8.614737551506588e-06 -7.732903223554877e-06 -4.462231373485677e-06 -3.7200970359961054e-05 1.0293543131694583e-06 7.45077355223051e-05 -9.192739694303275e-06 -5.234290619274511e-05 -1.167779897116685e-05 -3.147854780514916e-05 1.932331476171996e-05 -2.9984343849949964e-05 1.5888008599720678e-05 6.90673279649832e-06 1.2546010515297791e-05 3.429915479423264e-06 -1.8070967482665703e-05 1.7236077148092513e-05 -1.5979785161428316e-05 -6.073380713082996e-05 0.00013606794993729446 -5.614924160274906e-05 -1.0275387699929621e-06 -1.4587826931482268e-05 0.00021387900296681857 -1.9749783545455657e-05 -7.120798841704386e-05 -1.6268788641451705e-05 -1.3447139922027571e-05
5 -1.3222212911302165e-05 -2.5390452734782456e-05 1.2610316796831812e-05 -3.2416010946319707e-05 0.00023497191165495563 7.005543635204105e-05 4.6654808068818535e-05 -2.1377032115650765e-05 2.2612155702436326e-07 1.57829483410617e-05 -0.00013262945394638837 0.000204092151588862 2.720662212059432e-06 -9.374000940118472e-06 2.936363833763872e-05 0.0001640382502753328 -9.422576402664834e-05 -1.2528897199850803e-05 7.043170723941034e-07 1.3582785688269373e-05 -2.7174077688026474e-06 5.4889547219265184e-05 7.007469972956134e-06 -5.085884815963477e-06 2.5130318124692853e-05 -2.1759381110849018e-05 7.03412775448258e-05 3.4773649892814986e-05 2.1992222219322407e-05 -9.269824124888877e-06 5.136592143850229e-06 7.488013436968624e-05 -2.8325519935498475e-05 -6.0149401786758565e-06 4.8617331260219266e-05 8.777337108671278e-05 8.929280688014885e-06 3.565381149341289e-05 -1.2114124027029837e-05 -2.1806940732950863e-05 0.00011282695633351129 -9.575301935644554e-06 -1.3842256530129916e-05 -8.262533725103738e-06 -1.5930969923445953e-05 -1.8219182322992864e-05 2.6112247590292642e-05 -7.146455807018055e-05 1.0719316757289466e-05 -0.00011593085610276142 2.9909582769753252e-05 -1.4118149847433489e-05 7.10161101913992e-05 0.0001357231999607862 2.113730176053207e-05 -0.00013424747137662663 -0.00010930256860971226 -8.341068208881607e-06 5.420494194559666e-05 -3.107540446728661e-05 -1.563389718075374e-05 -5.133791690341355e-06 7.363522008851322e-06 -2.448049122870445e-05
6 -4.105887886384817e-05 1.2207859969210796e-05 -7.54359915018301e-05 -1.9207507834866174e-05 7.005543635204105e-05 0.00019585428767849582 2.5947316838316177e-05 1.7449097672202613e-05 1.801667219123608e-05 -1.970984298848522e-05 7.848435647682591e-06 8.149596983036716e-05 1.0627690175584366e-05 0.00012153766832968272 -1.7471356761409266e-05 6.571709424839501e-05 6.548747704549881e-05 9.604299515981466e-05 0.00011795217587219876 1.2206097861241493e-05 2.5374876534866125e-05 4.72814304294014e-05 2.320161372339402e-05 -3.656636542578794e-05 -1.1442180903520249e-05 2.614677526786309e-05 9.614332996912004e-05 1.5343957453081796e-05 5.128359263367293e-05 3.6451587437444636e-05 -3.293123630314721e-05 0.00011620952997874837 3.2973314226516244e-05 5.170901213895858e-06 1.790257702804787e-05 -1.354270510886876e-05 3.3984679778267204e-05 -1.5066679555932818e-07 5.226923091961782e-06 -3.780982207964332e-05 -1.859918075131058e-05 -2.3942249440269023e-06 3.824585921961295e-05 -2.2335636664300478e-05 -2.210270005772596e-05 -5.462245308455543e-06 4.14595434848007e-05 -2.536460045181077e-05 -3.290210078355995e-05 2.0743678175427783e-05 1.8898446112429984e-05 -1.8691150208826186e-05 7.568773131061998e-05 3.5358535890631894e-05 1.687339664095181e-05 -3.83307310166896e-05 2.7536830460765543e-05 0.00011909439824260294 4.22206598984412e-05 1.8634759153492715e-06 -3.164476393850651e-05 -6.160167775470551e-06 -2.131046898013679e-07 1.399767613850037e-05
7 2.064003547246665e-05 4.636902048859827e-05 0.00010457660784648027 2.8840530670316258e-05 4.6654808068818535e-05 2.5947316838316177e-05 0.0002593576816991341 -7.763992385403388e-06 8.67008067680522e-07 -3.8765391227532994e-05 2.3037527534992984e-05 0.00011543494105929679 -3.0763076553195894e-05 2.7896046999339613e-05 1.019955549502844e-05 5.3776727916477354e-05 5.1148516947527684e-05 -6.184313077729608e-05 -0.00010278454418767857 3.275039527930058e-05 -0.00011193858202155321 0.00018432774367515745 5.6745825082012464e-05 -1.5666230368643394e-06 3.9494988999394883e-05 2.6561639178514697e-05 1.726731540597026e-05 -6.680373736227983e-05 3.228856742860121e-05 -4.4530333234631074e-05 4.428749795929488e-06 4.0042020510722393e-05 -8.588507835072114e-05 -3.0114833748494598e-05 3.489347255847581e-05 4.965614537254736e-05 -3.415826107590987e-05 9.81194478622406e-05 1.0909392094306166e-05 4.5931237736304355e-06 7.75425843348182e-05 8.868628745906917e-06 1.27010036803189e-05 -9.066767523576788e-06 6.72672125468471e-05 -1.9936390376045248e-05 2.459405634726787e-06 -4.2509330560581006e-05 -2.754034845411956e-06 -3.515982212859354e-05 2.9660410505643174e-05 -0.00013204333904149807 -1.6155005799026018e-06 -1.3795769338082302e-05 -6.997278854028651e-05 1.078426885262496e-05 -4.7257941799495546e-05 9.398728099628979e-05 6.254837913858768e-05 1.3867053356889903e-05 -1.8308426698843608e-06 1.0136900995358025e-06 3.173658724287179e-05 2.600333790558598e-05
8 1.1917457663404864e-05 7.3785649041690455e-06 -0.00013709337386748861 -1.0457613730263023e-05 -2.1377032115650765e-05 1.7449097672202613e-05 -7.763992385403388e-06 0.00018684552402737403 -8.64304838178483e-06 -1.324380840543879e-05 6.036241480236447e-05 6.462052220553167e-05 2.544851745739657e-05 -2.0036321172891204e-06 -1.0565051954754497e-05 9.094803031078163e-05 2.6807065586912403e-05 1.3157616496654195e-05 -1.2028534823871851e-05 -1.9121437329701135e-05 8.116277851102288e-06 6.980150025336036e-05 5.929401320217573e-05 -0.0001840097689553115 1.9987444839116653e-05 6.906065075564745e-05 -5.280133114176538e-07 -2.913056522300459e-05 5.588177808496252e-05 3.277783632112959e-05 6.673120388286945e-07 6.406783632019354e-05 6.827060208426302e-05 -9.354338902207496e-06 5.234121479395226e-05 2.5200121861105556e-05 4.498318670775047e-06 -1.786836158697113e-05 2.7228953040253477e-05 3.98209675832324e-05 -6.849790705560004e-05 6.446057042444178e-06 1.2395266357071179e-05 -2.234353190945881e-05 9.003996215493145e-05 1.2429964438137458e-05 5.9059760988605145e-06 6.669994585827638e-06 4.571172274655439e-05 -1.5622053635200214e-05 4.1626975876978535e-05 1.7028276189833137e-05 -4.855681974109478e-06 -2.718134418547817e-06 -5.069550032250893e-05 3.738412361738752e-05 2.8910549906565568e-05 3.685670541849165e-05 1.0354889678396008e-06 2.9997997004165984e-05 -4.037039348103708e-05 4.6807783422810065e-05 0.00011365259986583528 5.3515390787218894e-05
9 -1.0235616095921041e-05 -1.91343252759754e-05 1.4804744119753363e-06 -3.448801662511206e-06 2.2612155702436326e-07 1.801667219123608e-05 8.67008067680522e-07 -8.64304838178483e-06 8.379871706612909e-05 -4.604383122348468e-06 -6.948976920890941e-06 -6.048779825190185e-06 -5.51588228369381e-07 -2.9403603934423612e-05 4.286539508265294e-06 -3.6808750507499664e-05 -4.0903142711302585e-05 0.00010408507932451845 6.54364895276269e-05 4.201556780079739e-06 7.4758167067779565e-06 -9.64276074856122e-05 4.006978527006326e-06 3.126770738965745e-05 4.7151252215644606e-05 -1.7724862559019302e-05 1.7649762046840483e-05 2.2893261537782367e-06 -3.918776628551341e-05 2.407576881401011e-05 -6.286751291366195e-07 3.892182013994735e-05 4.827620677371774e-06 6.938609247489512e-06 7.466341106535436e-05 1.9304202486630984e-06 -5.0013644742419064e-06 -2.314299053253408e-05 1.8637889285851922e-05 1.5928100896630796e-05 -3.0210844735227062e-06 1.5179001209616185e-05 1.1384352132108653e-05 3.6759193344034086e-06 -9.327511535932125e-05 5.059453766013834e-05 -5.266238535409422e-06 9.521388338922948e-06 -1.68978333626762e-05 -1.4539298083660595e-05 2.4604959298717855e-05 -2.764535274356677e-05 2.7053635793738644e-05 -1.3446727905935478e-05 -2.955178669937413e-05 8.070143445071304e-06 9.566572034077395e-05 -4.0607853001363485e-05 2.6568282794236955e-05 -1.6536792344931009e-06 1.535954668581498e-05 6.463124424545745e-05 -8.123805676977395e-06 -1.0436558869940694e-05
10 -2.0333715134733087e-06 6.026117243320621e-06 2.9709693943532723e-05 6.757759646250522e-06 1.57829483410617e-05 -1.970984298848522e-05 -3.8765391227532994e-05 -1.324380840543879e-05 -4.604383122348468e-06 0.00016986068180294754 -1.0855344010456315e-05 -2.7159154440886226e-05 9.029894015165043e-05 -7.725752304133746e-06 0.00011726520717916665 -4.398721996560686e-05 -4.721425722692446e-05 -0.00010676959820910223 -6.602765929589333e-05 -1.8302348463580875e-05 1.718046310981977e-05 -3.182144294455255e-05 -1.2503360295994678e-05 -7.218298604314108e-05 1.21023826863326e-05 -2.513894400376464e-05 -6.217200119254038e-06 4.649449534068495e-05 -1.1108769275677094e-05 -1.0769303673481609e-05 -3.6628682769110105e-05 -4.078335961483808e-05 -4.3259601678059637e-05 2.530551477449046e-06 -1.9283635265782762e-06 4.7845160888617425e-05 7.028626650712541e-06 -2.3785908233115974e-06 4.059067676241533e-06 2.2823969591864704e-05 -2.8537497681420643e-05 2.491274263280623e-05 2.5365093983981e-05 -1.6438238229406248e-05 -4.409109685399595e-05 2.1731219754209277e-06 -8.71054023181529e-06 8.057314419106371e-06 4.8121076643128187e-05 2.468296699303497e-05 -2.7691856347034638e-05 -1.7962595046869369e-06 -4.3742104679260085e-07 5.315781637715795e-05 -3.402790042851381e-05 8.167015157425482e-06 -0.00014557626132939765 1.3315266930052745e-05 -8.169694672047934e-06 2.1929768455821972e-05 -3.0709099993038426e-06 -2.0993628592774743e-05 -4.016423461015766e-05 2.164181406343185e-05
11 -9.555563886910695e-06 2.253457603892038e-05 4.023715965521956e-06 -1.635155250935112e-05 -0.00013262945394638837 7.848435647682591e-06 2.3037527534992984e-05 6.036241480236447e-05 -6.948976920890941e-06 -1.0855344010456315e-05 0.0004180232193406602 3.893667376481051e-05 -4.372341905440995e-05 6.0845348766333465e-05 -5.067997383465587e-05 5.96137125969642e-06 0.0002775922827283756 3.622705425640659e-05 1.0279708210721956e-05 5.165131104973535e-05 1.8715891893883532e-05 -2.6369363178738674e-05 0.00010102217416613439 5.625723525837062e-05 -3.096299075034151e-05 8.369629308016655e-05 -1.6546570692354634e-05 -3.595362226801784e-05 2.3659111227105996e-06 6.974451197098994e-06 2.4728568027851407e-05 -4.968187453122965e-05 3.815201270338562e-05 4.9792560707946524e-05 1.379811984253684e-05 -7.969230756464486e-05 -1.5737068765179484e-06 4.1191059077262e-05 0.00028771589099861556 -2.8883325931257204e-05 -7.741187647521327e-05 4.883161371493616e-05 0.00010808534047696023 6.8923388798560455e-06 -2.85970516751317e-05 2.516926380044808e-05 1.3448739584855209e-05 2.730272832018894e-05 2.699869095735553e-05 0.00011400166338471369 -1.4505058285598397e-06 -3.928437501719825e-05 7.1234211243393115e-06 -0.0001416606775468547 6.678509402061585e-07 5.0952183406947015e-05 0.00010667047568090982 7.407494439590299e-05 -0.00010714973383534144 7.359569324815978e-06 3.855601144971362e-05 1.1084423483783977e-05 2.456878707032392e-05 0.00021639196312574433
12 -1.5449493126292493e-05 8.465458244896082e-06 -4.290112177304502e-06 -4.078229659383912e-05 0.000204092151588862 8.149596983036716e-05 0.00011543494105929679 6.462052220553167e-05 -6.048779825190185e-06 -2.7159154440886226e-05 3.893667376481051e-05 0.00048268327275799135 6.207322660852918e-06 -8.712911610272997e-05 -2.494238540218062e-05 0.00027277021882547166 -9.11448263802554e-06 0.00011357813394749764 7.928410886757166e-05 -3.0754728191691684e-06 -2.6077030868432638e-05 7.61058139439719e-05 0.00019360949969949936 0.0001722927632731996 4.129145514658141e-05 2.9531124152612506e-05 5.257500561620115e-05 -5.370897033510384e-05 7.025352669852191e-05 -3.014427435240079e-05 5.346304598291822e-05 7.38499538305539e-05 6.982099474172953e-06 -9.34881279780182e-06 6.323857859591977e-05 -7.795132348734952e-06 3.3990740955875335e-05 0.0001277010999703542 6.494927561497985e-05 5.1736686239275116e-06 3.076974145507521e-05 8.991020821799003e-06 5.27806261587673e-05 -4.658261837793467e-05 0.00012022295312494056 1.3992842129766489e-05 2.407193188958868e-05 -0.000115310658283207 6.82103870577969e-05 -2.9552259285264355e-05 -1.5535086858590808e-05 -2.989676755451763e-05 7.915529385828881e-05 9.742139425524991e-05 -1.484752120554571e-05 -0.0003437270044549121 1.0851601977432303e-05 -6.294243750202277e-06 1.1393581596780885e-05 -4.593695841936192e-05 -3.895725994444387e-05 2.677110650743389e-05 4.229648792426826e-05 6.569740977289063e-05
13 -3.338034026237999e-05 2.1518081972025665e-06 1.7085267503474683e-05 -5.4440151186332185e-05 2.720662212059432e-06 1.0627690175584366e-05 -3.0763076553195894e-05 2.544851745739657e-05 -5.51588228369381e-07 9.029894015165043e-05 -4.372341905440995e-05 6.207322660852918e-06 0.0001752579847427829 2.458607617608497e-05 8.000899074354817e-05 -1.984480874878147e-05 -3.6283238076225155e-05 -3.280767801763119e-06 8.471941573575631e-06 -3.234959332327151e-05 -2.2903172438713652e-05 -9.413957429454169e-05 -1.3152950360130265e-05 -6.067207625185766e-06 1.0132723858527826e-05 -6.025216253372012e-05 -4.983356341767617e-05 -6.783597069829802e-06 -3.7734780277863285e-05 1.152678203998191e-05 -1.8335527612577437e-05 7.988180778871728e-05 1.2568812547627217e-05 1.3030456160796343e-05 -1.0440223987458531e-05 1.196257819727348e-05 5.291031962845937e-05 2.1183107401132283e-05 -1.1362809126169539e-05 -8.907545912646603e-06 -4.439273940621149e-05 4.700199032743352e-05 1.65476628061296e-05 -2.443129785415145e-05 5.521176334354488e-06 -1.9428230101476947e-08 -4.208231124003847e-05 1.2882719405717548e-05 3.1765770293888264e-05 0.00010325701870698096 -7.997490919465078e-05 1.3527711990370904e-05 -4.160024585457213e-05 2.3820634686054695e-05 -4.019266168004921e-05 -2.9533025210992334e-05 -5.740635258896567e-05 -8.120960360336278e-05 3.4943735150349695e-05 -4.82030453897627e-05 -2.2461999554521683e-05 -9.342771950389394e-06 2.2410417691978373e-06 -3.429618222620249e-06
14 -3.410548630451434e-05 -2.388284736460108e-05 -6.499691300693534e-05 -6.520545417973654e-05 -9.374000940118472e-06 0.00012153766832968272 2.7896046999339613e-05 -2.0036321172891204e-06 -2.9403603934423612e-05 -7.725752304133746e-06 6.0845348766333465e-05 -8.712911610272997e-05 2.458607617608497e-05 0.00026871716923338346 -1.8446971917127196e-05 -2.6718580711379076e-05 0.00011961497813408697 3.977036361431721e-05 5.275993478763777e-05 4.109448925150603e-06 1.3739224168479135e-07 2.330695514539644e-05 -5.514290565482163e-05 -9.546169233846182e-05 -5.6818516417358383e-05 2.531640404220383e-06 6.739660849462657e-05 1.889804247749026e-05 -2.7990948987838515e-05 -3.743997138515126e-05 -6.678027298176886e-05 3.8956580939155164e-05 3.674711085948601e-05 -3.993670935403243e-06 4.235561614987138e-06 -2.5487705215208084e-05 -2.442152454223282e-06 -1.6878822477379758e-05 5.914217156155247e-05 -9.832276366492192e-05 -5.090902764880376e-05 1.2687886271723163e-06 2.2039735081691084e-05 2.258588114547251e-05 -1.175041671592342e-05 -3.845575609226132e-05 3.436333113082492e-05 8.410894644185727e-06 -4.059956385154676e-05 4.615355861380198e-05 5.567568608943604e-05 -1.8710538684647984e-05 1.654076758545699e-05 -2.112602071369589e-05 1.2438694989718119e-05 0.00011608724112957298 7.268084149807699e-05 0.0002057315403451982 1.9355326824656416e-05 -4.0636771062045195e-05 -2.1145336083797628e-05 -4.027407827945221e-05 -3.442770626594448e-05 4.224125220732076e-05
15 2.649615577288023e-05 3.398755534233572e-05 7.248740587135833e-05 1.0462305618752328e-05 2.936363833763872e-05 -1.7471356761409266e-05 1.019955549502844e-05 -1.0565051954754497e-05 4.286539508265294e-06 0.00011726520717916665 -5.067997383465587e-05 -2.494238540218062e-05 8.000899074354817e-05 -1.8446971917127196e-05 0.0001410202172310369 -2.0922382252563164e-05 -5.101304663367915e-05 -3.283887542674465e-05 -2.9578290339782093e-05 -4.9443535879307096e-06 -4.034195913005921e-06 2.0190496543282228e-07 -4.686247404633674e-06 -3.719193098689863e-05 2.8945125318057372e-05 -3.416238225001632e-05 1.5937371303389856e-05 2.3070151435158092e-05 -1.972199717607031e-05 3.232520248322653e-05 -2.204572292669993e-05 4.8909430815949215e-05 -2.708024878042947e-05 1.3768038991362445e-05 6.153374359491459e-06 0.00011250655660504759 1.9822444815723244e-05 5.206448367004626e-05 -6.249754724307115e-07 6.041736148079776e-05 -2.8736618232046012e-05 1.706313827899091e-06 -8.33405197890077e-07 -7.687418896051914e-06 -6.783630629710567e-05 3.383336383751803e-06 -3.6196345961069334e-06 8.331528459877938e-06 1.59978668230967e-06 4.195444869042837e-05 -4.536565198627252e-05 -1.617968160129684e-05 -3.122986886899668e-05 0.00010107573229990529 -2.7573756823370265e-05 5.942402321167807e-05 -8.37942127842963e-05 3.961481767970281e-05 2.3086549640289085e-05 1.650414565761815e-05 1.4487133067459243e-05 -5.392583670715924e-06 3.289444646644884e-06 8.016706489941735e-06
16 -1.7224039686638236e-05 3.630597539149276e-05 -3.976131896729211e-05 -7.459240360789272e-05 0.0001640382502753328 6.571709424839501e-05 5.3776727916477354e-05 9.094803031078163e-05 -3.6808750507499664e-05 -4.398721996560686e-05 5.96137125969642e-06 0.00027277021882547166 -1.984480874878147e-05 -2.6718580711379076e-05 -2.0922382252563164e-05 0.00045597342164914266 4.872935246606877e-05 6.467014936789296e-05 3.8698020526672336e-05 -1.2211958963580825e-05 -5.553861902487423e-06 1.3125658195159793e-05 6.078245907558343e-05 0.00038221710514136416 -2.8248168234290415e-05 1.4646858985311324e-05 6.060071163658481e-05 2.8816287401561317e-05 -2.8874676303643264e-05 -2.4147596790454614e-05 6.113900152718545e-05 3.7872608266323905e-05 -1.5027427170011154e-05 -3.742770494836711e-05 -7.062707684527292e-06 0.00015243402243098292 -2.8751499657789125e-05 2.1618846516404603e-05 1.109657147177105e-05 2.6341257377421375e-05 -4.2543131668909495e-05 3.79287117779839e-06 4.993536599935422e-05 3.690478600890937e-05 9.41454211885351e-05 -4.766731532612514e-06 3.9820925000601494e-05 -3.953360550987267e-05 3.4297218169704816e-05 -0.0002590589696405159 4.4400905289715474e-05 -2.0733712822780338e-05 0.00010052256563113714 0.00016460201921380112 -3.036288790411408e-07 -0.00014646937011334208 1.8070465587845843e-05 1.8385913276531112e-05 3.628283580542101e-05 -6.937512820364626e-05 -1.5936054866663026e-05 -4.965482983173938e-05 0.0001573566196863302 7.005175902536266e-05
17 -2.0566053018134654e-05 3.1077301214086606e-05 -3.390501084610356e-05 -1.763666083862111e-05 -9.422576402664834e-05 6.548747704549881e-05 5.1148516947527684e-05 2.6807065586912403e-05 -4.0903142711302585e-05 -4.721425722692446e-05 0.0002775922827283756 -9.11448263802554e-06 -3.6283238076225155e-05 0.00011961497813408697 -5.101304663367915e-05 4.872935246606877e-05 0.00037600879917050337 9.932339841371504e-06 2.9817701771403456e-05 9.71245000874617e-05 9.038258082844072e-06 -1.4298190662781412e-05 1.7004000114574283e-05 9.837170710548483e-05 -8.426070150826036e-05 5.430241998848282e-05 -3.92581372071185e-05 2.6313903018882968e-06 -2.3190065438744772e-05 -1.7163484408895034e-05 1.5579913399228524e-05 -2.1337131038685886e-05 -3.2281105899100095e-05 1.163390800769946e-05 -3.721944425430592e-05 -6.956389586136079e-05 1.1565201947246132e-05 1.0411130311237494e-05 9.193733003839915e-05 2.073593809379583e-05 -7.995223705045318e-06 -1.488398577803037e-05 8.617697737695291e-05 -2.0533440470743993e-05 -6.81495838778872e-05 -1.5201545521232683e-05 -1.4483722527763776e-05 4.421912632174603e-05 2.9132075837284794e-05 4.2269008893174965e-05 -6.486628918636545e-05 -4.603039170853151e-05 -2.910949070146249e-05 -9.001032166189524e-05 6.0707104802630956e-05 0.00012147260426943823 4.1414370507867964e-05 8.311977703419484e-05 -2.735214964357341e-05 -1.2752920958244695e-05 -1.7370197863368744e-05 -3.634474048816861e-05 4.5992662575844325e-05 0.00018614610156878964
18 6.412292455052125e-05 -2.1385605056599823e-05 7.66338875298389e-05 -6.521017524323075e-06 -1.2528897199850803e-05 9.604299515981466e-05 -6.184313077729608e-05 1.3157616496654195e-05 0.00010408507932451845 -0.00010676959820910223 3.622705425640659e-05 0.00011357813394749764 -3.280767801763119e-06 3.977036361431721e-05 -3.283887542674465e-05 6.467014936789296e-05 9.932339841371504e-06 0.0008765881843088961 0.0007429906085907548 -3.998758106146119e-05 -3.979105949352857e-06 -6.592942680636031e-05 2.2167416568858834e-05 0.0005621195749385845 -3.2249376701404075e-05 -2.112718870525069e-05 6.040620690173714e-05 1.0601707090353209e-05 5.475466792676736e-05 6.858264200057727e-05 7.603813271360006e-05 0.00021360853450194217 0.00011256238378176198 -3.1818221519894782e-06 0.0001564454949817243 -5.59835280526358e-05 5.362962542928532e-05 2.387255776588832e-05 9.773438216234998e-05 -5.2426330857549565e-05 -0.0002650302833105444 -0.00010128215718059682 9.225056558675447e-05 -3.025735284594232e-05 4.100886649428734e-05 0.00011621340814548289 -7.628342443289698e-06 5.9032123283852785e-05 -8.276130983142715e-05 9.193804047972122e-05 0.00010243970992243232 -4.185840306700136e-06 2.4946954577888385e-05 8.227185986710718e-05 -1.396244408082354e-05 -3.302293005993519e-05 0.0007098609939876366 -4.018451066363359e-06 5.370260993977647e-05 -4.7816221379730605e-05 -1.6503390056971098e-06 2.2019067635467614e-05 1.3647783954493122e-05 2.2978217994377296e-05
19 4.447754461401173e-05 -3.681619030971427e-05 6.524893983087295e-05 1.695887723129859e-05 7.043170723941034e-07 0.00011795217587219876 -0.00010278454418767857 -1.2028534823871851e-05 6.54364895276269e-05 -6.602765929589333e-05 1.0279708210721956e-05 7.928410886757166e-05 8.471941573575631e-06 5.275993478763777e-05 -2.9578290339782093e-05 3.8698020526672336e-05 2.9817701771403456e-05 0.0007429906085907548 0.000688760118927159 -1.80463900848831e-05 1.092845386685957e-05 -4.198087364993656e-05 -2.860606906559027e-06 0.0004816449345806534 -5.684260817980836e-05 -1.0387531226119826e-05 4.2984085432124774e-05 4.0916541420422885e-05 6.683961619432311e-05 6.975013590871782e-05 5.607456368638821e-05 0.0001771349972486646 6.768477345288895e-05 2.6926653799905927e-05 0.00010363526732482752 -7.430386199915997e-05 8.01513848741043e-05 -7.438556072702547e-06 4.712281034760995e-05 -5.6407806899999824e-05 -0.00022184802891610223 -0.00010662083569643877 8.549165908052883e-05 -2.977613361753802e-05 4.2302143405636266e-05 8.018703366299723e-05 -2.4302542343971857e-06 6.578525804470219e-05 -6.112439206556969e-05 0.00011324090682918826 9.031825166476001e-05 3.19825067928375e-05 3.314698049306164e-05 7.886307483966542e-05 2.7926354587446553e-05 -9.849804957581285e-06 0.0005479185356814952 -7.659330540159656e-06 5.2608690803564717e-05 -1.9112020833366342e-05 -1.6974398946320597e-05 -2.202368199227108e-05 -1.354385486816575e-05 6.055207995282263e-06
20 3.1943129261154368e-06 -6.410560138905134e-06 7.596878537729142e-06 4.497072420498451e-05 1.3582785688269373e-05 1.2206097861241493e-05 3.275039527930058e-05 -1.9121437329701135e-05 4.201556780079739e-06 -1.8302348463580875e-05 5.165131104973535e-05 -3.0754728191691684e-06 -3.234959332327151e-05 4.109448925150603e-06 -4.9443535879307096e-06 -1.2211958963580825e-05 9.71245000874617e-05 -3.998758106146119e-05 -1.80463900848831e-05 0.00010633944356821785 6.881695261011595e-06 -6.411648198575475e-05 1.3249671437830304e-05 -9.835813178927681e-05 5.6026042847750845e-06 9.517197654633556e-06 -4.447555362291786e-05 -9.494623441384428e-08 -8.419812687434657e-05 9.507983366662792e-06 -2.4107460993231928e-05 4.306233588284445e-05 -7.321137900028958e-05 4.9661982820405095e-05 8.145744784235428e-06 1.8689319760598466e-05 1.5927847766079947e-05 1.2711965616889857e-05 3.939451479960544e-05 2.874635224295598e-05 9.147576160780817e-05 -3.655972021688403e-06 -7.749673026070477e-06 1.7315405028572582e-07 -0.0001536711754334329 -8.035737984742462e-06 -2.9180877480189606e-05 -1.3606899890360827e-06 2.9706455600738055e-06 -6.207889488921427e-06 -2.018812187127975e-05 9.29869269745802e-06 -1.4151498467177444e-05 -4.59760720289567e-05 4.927927769012655e-05 7.189842971013729e-05 -6.957341847383639e-05 -1.2525510291571103e-05 1.3547450501733553e-05 5.0220635323206584e-05 1.0689902620396468e-05 -4.9184459070187414e-06 1.4105244172646698e-05 3.6061858383543186e-05
21 1.9778237722364494e-05 2.2143870857596744e-05 -9.232369172200093e-05 2.276877646329834e-05 -2.7174077688026474e-06 2.5374876534866125e-05 -0.00011193858202155321 8.116277851102288e-06 7.4758167067779565e-06 1.718046310981977e-05 1.8715891893883532e-05 -2.6077030868432638e-05 -2.2903172438713652e-05 1.3739224168479135e-07 -4.034195913005921e-06 -5.553861902487423e-06 9.038258082844072e-06 -3.979105949352857e-06 1.092845386685957e-05 6.881695261011595e-06 0.0001286967136179046 -0.00010990473709414849 -1.3446215098221962e-05 -4.2363986459204355e-05 1.7277413898095323e-05 -5.881644655649981e-06 3.067494375535245e-05 4.232735982017145e-05 -4.465361511509457e-05 1.1002115852965776e-05 -5.638455869399168e-06 -9.904832816323407e-06 3.722488684900039e-05 2.9780077903079596e-05 -5.755607899095174e-06 -3.210421709018591e-05 5.066052895903659e-06 -4.276036033990989e-05 3.053995464840654e-05 2.8429988156244068e-05 -1.073422433051632e-06 1.6450158938312086e-05 -1.0243078416665161e-05 -2.745554966168245e-05 -0.00011518764561902502 2.3275549061721033e-05 -1.5683998593021677e-06 -4.735696658863662e-06 1.251771452191985e-05 -5.7763270065845815e-05 -9.475334949582955e-05 5.8666304811612335e-05 3.4791102163099614e-05 1.8543959373852918e-05 4.404074856354374e-05 1.5367083830835287e-06 3.559384901500589e-05 2.8187954528113787e-05 -3.5476423051631104e-05 3.164940512910192e-05 1.1142035103636963e-06 9.061127805497857e-06 -2.411294828665511e-05 2.531680235555075e-05
22 5.437058436421312e-05 7.62476278735528e-05 9.28956175186263e-05 6.149299515833853e-05 5.4889547219265184e-05 4.72814304294014e-05 0.00018432774367515745 6.980150025336036e-05 -9.64276074856122e-05 -3.182144294455255e-05 -2.6369363178738674e-05 7.61058139439719e-05 -9.413957429454169e-05 2.330695514539644e-05 2.0190496543282228e-07 1.3125658195159793e-05 -1.4298190662781412e-05 -6.592942680636031e-05 -4.198087364993656e-05 -6.411648198575475e-05 -0.00010990473709414849 0.0007749588049770166 7.611669199699963e-07 -4.098170096650232e-05 -6.063503423388331e-06 0.0001691764120731054 4.5750373166587855e-05 -4.773217037250565e-05 0.0005295413939909029 2.5095248412790734e-05 5.6297052653299e-05 -3.336448940109091e-07 3.3088457548455984e-05 -2.8976445719093576e-05 1.0903896368901747e-05 1.3198299635537681e-05 -3.160748718586814e-05 3.797339634144795e-05 -3.82902465506043e-06 -5.1319028193053294e-05 3.413693633815815e-06 -0.0001223271639670348 3.690023933847695e-05 -0.00011393193810474217 0.0005198327175303935 -0.00013716635440003474 3.586997929747853e-05 -4.9085024573490874e-05 -6.95841200328871e-07 -2.8237981690979196e-05 3.662468125938923e-05 -0.00010353848281540721 -1.8805312961420827e-05 2.1508856771726083e-05 -6.74661623704598e-06 3.682404359975093e-05 -6.153655020660276e-05 0.00016974838088463544 3.9463228057041654e-05 5.3004760900839375e-05 -5.239120227258691e-05 -2.6860403782859166e-05 3.5868593897501635e-05 -9.442553299072146e-06
23 -1.3069197323381543e-05 1.3668701108722435e-05 -2.146005559947223e-05 -7.459390219232721e-06 7.007469972956134e-06 2.320161372339402e-05 5.6745825082012464e-05 5.929401320217573e-05 4.006978527006326e-06 -1.2503360295994678e-05 0.00010102217416613439 0.00019360949969949936 -1.3152950360130265e-05 -5.514290565482163e-05 -4.686247404633674e-06 6.078245907558343e-05 1.7004000114574283e-05 2.2167416568858834e-05 -2.860606906559027e-06 1.3249671437830304e-05 -1.3446215098221962e-05 7.611669199699963e-07 0.0001781106847403224 -2.8757604939900713e-05 3.200310114993419e-05 5.099967785811298e-05 3.939408074877146e-05 -7.56671771107981e-05 -1.1469570780875485e-05 1.4489739618606503e-05 -1.2696026711550327e-05 2.3545142635837653e-05 3.091235849743967e-05 2.7361956015387563e-05 2.250719129305485e-05 5.195598593953263e-06 3.207363481150783e-05 9.570864149403312e-05 7.160767921756391e-05 5.5247808945919766e-05 -4.379332051584036e-05 1.1555756664204799e-05 3.0403570460314186e-05 1.3257327932892806e-05 7.0166958899719406e-06 1.5073700438947026e-05 4.0284175856319825e-05 -4.763759148467224e-05 9.556860980300829e-06 9.876880335955856e-05 1.5952918406810694e-05 1.5227867974614608e-05 1.1091313633534929e-05 5.550674943536981e-06 -3.0930645359734245e-06 -0.00012791860806740955 -2.2661607780702133e-06 7.78028803571198e-05 -3.0451341175897884e-05 1.2645731811772204e-05 1.338739225375539e-05 5.036798444045063e-05 2.7709961132632492e-05 4.158031962384851e-05
24 -8.851362856770008e-05 7.955371761175947e-05 0.0003958806233733778 -0.00022750399373170106 -5.085884815963477e-06 -3.656636542578794e-05 -1.5666230368643394e-06 -0.0001840097689553115 3.126770738965745e-05 -7.218298604314108e-05 5.625723525837062e-05 0.0001722927632731996 -6.067207625185766e-06 -9.546169233846182e-05 -3.719193098689863e-05 0.00038221710514136416 9.837170710548483e-05 0.0005621195749385845 0.0004816449345806534 -9.835813178927681e-05 -4.2363986459204355e-05 -4.098170096650232e-05 -2.8757604939900713e-05 0.0020301626501313132 -3.492802568366161e-05 -6.096120766802541e-05 -4.601578912933548e-05 4.3381184678941095e-05 5.829571673237256e-05 -9.51378451091441e-05 0.00022392653648827812 -0.00013559016034882007 -6.583095638106746e-05 8.010201574251772e-05 -2.360190577744405e-05 -3.7726509769703067e-06 -1.1627817219735136e-05 -1.873814147082965e-05 9.079117541267538e-05 6.039623172592168e-05 -0.0003241323667097402 -6.749524142763974e-05 0.00022301531978232556 -1.0964155443093508e-05 0.00034030216455263585 -1.891574694678873e-05 -5.1386075471245924e-05 3.7348930003953414e-05 1.6451260557350028e-06 -0.0003207568498603038 -0.00024689039090047604 -4.321406619470627e-05 4.6344538378248445e-05 0.00011418884173769722 0.00015791370875180397 -0.00022756576841750497 0.0006419403923439263 -0.00013295436750618357 0.00012559489812185586 -0.00038277748046107603 8.25891989511245e-05 -2.439981232642209e-05 1.3595413734133956e-05 5.8804936362763214e-05
25 2.032409177100901e-05 9.958977993990143e-06 1.3797295383863228e-05 3.098079279284819e-05 2.5130318124692853e-05 -1.1442180903520249e-05 3.9494988999394883e-05 1.9987444839116653e-05 4.7151252215644606e-05 1.21023826863326e-05 -3.096299075034151e-05 4.129145514658141e-05 1.0132723858527826e-05 -5.6818516417358383e-05 2.8945125318057372e-05 -2.8248168234290415e-05 -8.426070150826036e-05 -3.2249376701404075e-05 -5.684260817980836e-05 5.6026042847750845e-06 1.7277413898095323e-05 -6.063503423388331e-06 3.200310114993419e-05 -3.492802568366161e-05 0.0001032942102440298 -3.1091327991298807e-06 -3.138200340267557e-06 -1.7781595713086575e-05 -2.0590795683823995e-05 1.76920722679058e-05 -9.997567422507191e-07 4.8957736658056264e-05 -2.2246565716305974e-05 5.605421009710683e-05 5.9184579069413806e-05 2.0067249654982284e-05 -1.1986619391244892e-06 8.083802207275555e-06 3.450724814178263e-05 4.29461552153785e-05 2.6153636076113135e-05 3.392904944309884e-05 -3.277988938798734e-05 -1.7318213263560544e-05 -2.402587706290441e-05 1.714306926141346e-05 -1.924559713839198e-05 -2.8923995711831055e-05 1.2449056370486165e-05 -4.204493534874327e-05 -5.498457821936188e-05 -1.2720699495017617e-05 1.7079536889131515e-05 -7.0884051401876815e-06 -3.442812047451061e-05 1.763381329113657e-05 1.0602232045873288e-05 1.1957655117838982e-07 3.444235936924724e-05 2.9583426742477257e-05 8.483869674859337e-06 6.266103572567244e-05 -3.7672317828904463e-07 -1.4860256697536837e-05
