0,1,2,3,4,5,6,7,8,9,10,11,12,13,14,15,16,17,18,19,20,21,22,23,24,25,26,27,28,29,30,31,chain_break_fraction,energy,num_occurrences
1,0,1,1,0,1,0,0,0,0,0,1,0,1,0,1,0,0,0,0,1,0,1,0,1,1,1,1,1,1,0,1,0.0,-39.21682694769886,1
1,0,1,1,0,0,0,0,0,1,0,0,1,1,0,1,0,0,0,0,1,1,1,0,0,1,1,0,1,1,1,1,0.0,-39.204894590300476,1
1,0,1,1,0,1,1,0,0,0,1,1,1,0,0,0,0,0,1,0,1,1,1,1,1,0,0,0,1,0,0,1,0.0,-39.19863463183836,1
1,0,1,1,0,0,0,0,0,1,1,1,1,1,0,0,0,0,1,0,1,1,0,0,1,0,0,1,1,1,0,1,0.0,-39.19708495591618,1
1,0,0,1,0,1,0,0,0,0,1,0,0,1,0,1,1,0,1,0,1,1,0,1,0,1,1,0,1,0,1,1,0.0,-39.19479702754161,1
1,0,1,1,0,1,0,0,0,0,1,0,0,0,1,1,0,0,1,1,0,0,1,0,0,0,1,1,1,1,1,1,0.0,-39.18874283433713,1
1,0,0,0,0,1,0,0,0,1,1,1,0,0,0,1,1,0,1,1,1,0,1,0,0,0,1,1,1,1,0,1,0.0,-39.18856344056245,1
1,1,0,1,0,0,1,0,0,0,1,1,0,0,0,1,0,1,1,0,0,1,1,0,1,0,0,1,1,1,0,1,0.0,-39.18614427513509,1
1,1,0,0,1,0,0,0,0,1,1,0,1,0,0,1,1,0,0,0,1,1,1,1,0,0,1,1,0,1,0,1,0.0,-39.185280929990036,1
1,1,1,0,0,1,0,1,0,0,1,1,0,1,0,0,0,0,0,0,1,1,0,0,1,1,1,0,1,1,0,1,0.0,-39.183576831691155,1
0,0,1,1,0,0,1,0,1,0,1,1,0,1,0,1,1,0,1,0,0,0,1,0,0,1,0,0,1,1,1,1,0.0,-39.179618931219515,1
1,1,0,1,0,1,1,0,0,0,1,0,0,0,0,1,1,0,1,0,0,0,1,0,1,1,1,1,0,0,1,1,0.0,-39.17751436178582,1
1,1,0,1,0,1,0,0,0,0,1,0,0,0,0,1,0,1,1,0,1,0,0,0,0,1,1,1,1,1,1,1,0.0,-39.17704194509709,1
1,1,0,1,0,1,1,0,1,0,1,1,0,0,0,0,0,0,0,0,1,1,0,0,1,0,1,1,1,1,1,0,0.0,-39.17611723950829,1
1,0,1,1,1,0,1,0,0,0,1,1,1,0,0,0,0,1,1,0,0,0,1,0,0,1,0,1,1,1,0,1,0.03125,-39.17498926945615,1
1,1,0,0,1,1,1,0,0,1,1,1,1,1,0,0,0,0,0,0,0,0,1,0,1,0,0,0,1,1,1,1,0.0,-39.173339128240634,1
1,0,0,1,0,1,1,0,0,1,1,1,1,1,0,1,1,0,0,0,1,0,1,1,1,0,0,0,0,0,0,1,0.0,-39.172320904564224,1
1,0,0,0,0,1,1,0,0,1,0,1,0,1,0,1,0,0,1,1,0,1,1,1,0,0,0,1,1,0,1,1,0.0,-39.17087485722156,1
1,0,0,0,1,0,1,1,1,0,0,1,0,0,0,1,1,1,0,1,1,0,1,0,0,0,0,1,1,1,0,1,0.0,-39.17085648896796,1
1,1,1,1,0,0,0,0,1,0,1,1,0,1,0,0,1,0,0,0,1,1,1,0,0,1,1,1,0,1,0,0,0.0,-39.17015875630052,1
0,0,0,1,0,0,1,0,0,1,1,1,1,0,0,1,1,0,0,0,1,1,1,0,0,1,1,1,0,1,0,1,0.0,-39.16799268150181,1
1,0,1,1,1,0,0,0,0,0,0,1,1,0,1,1,1,1,0,0,1,1,0,0,0,0,1,1,1,1,0,0,0.0,-39.16757956177782,1
1,0,1,1,0,1,1,0,0,0,1,0,1,0,1,1,0,0,1,0,1,0,1,1,0,1,1,0,1,0,0,0,0.0,-39.16609961289741,1
1,0,1,0,0,1,0,1,1,0,1,0,1,0,0,1,1,0,1,1,0,1,0,0,1,0,0,1,1,1,0,0,0.03125,-39.16438888576426,1
0,0,0,1,1,0,0,0,0,0,1,1,0,0,0,1,1,1,1,1,1,1,1,0,1,0,1,0,1,1,0,0,0.0,-39.16251662595699,1
1,0,1,1,0,1,1,0,0,1,1,0,1,1,1,0,0,0,0,0,1,1,1,0,0,0,0,0,1,1,0,1,0.0,-39.162227873591895,1
1,0,0,1,0,0,1,0,0,1,1,1,1,0,0,0,0,0,0,0,0,1,1,0,1,1,1,1,1,1,1,0,0.0,-39.16168664462217,1
1,0,1,1,0,1,0,0,1,0,1,0,0,0,0,0,1,0,0,0,1,1,0,1,1,1,1,1,0,1,0,1,0.0,-39.16087778882599,1
1,0,0,1,0,0,1,0,0,1,1,0,0,0,0,1,1,1,0,0,1,0,1,1,1,0,0,1,1,1,0,1,0.0,-39.16048480710903,1
1,0,0,1,0,1,0,0,0,0,0,0,1,1,1,1,1,0,1,1,0,0,1,1,1,1,0,0,0,1,0,1,0.0,-39.1599875272124,1
1,1,0,1,0,1,1,0,1,1,0,1,0,1,0,1,0,0,0,0,1,1,0,0,0,1,0,0,1,1,0,1,0.0,-39.15781069609708,1
1,0,0,1,1,1,0,0,1,0,1,1,1,0,1,0,0,0,1,0,1,0,0,0,1,1,0,1,1,0,0,1,0.0,-39.15758530421968,1
1,0,1,0,0,0,0,0,1,0,1,0,1,1,1,1,0,0,1,1,1,0,1,0,1,0,1,0,0,1,0,1,0.0,-39.15692570530712,1
1,1,0,0,0,0,1,1,1,0,1,0,0,0,1,0,1,0,0,0,1,0,0,0,1,1,1,0,1,1,1,1,0.0,-39.15657072252315,1
1,0,0,1,0,0,0,1,0,0,1,0,0,0,1,1,1,0,1,1,0,0,0,1,1,1,0,1,1,1,1,0,0.0,-39.15633828246882,1
1,0,1,1,1,0,1,0,0,0,0,1,0,0,1,1,0,1,0,0,1,1,1,1,1,0,0,0,0,0,1,1,0.0,-39.156037052584715,1
1,0,0,1,0,1,1,0,1,0,0,1,0,0,0,0,1,1,0,1,1,1,1,0,1,0,0,0,1,1,0,1,0.0,-39.15531154016906,1
1,1,1,1,1,0,1,0,0,0,1,1,0,0,0,0,0,1,1,0,1,1,0,0,1,0,1,1,1,0,0,0,0.03125,-39.154959253535345,1
1,1,1,0,1,0,1,0,1,0,1,0,1,0,0,1,1,0,1,1,0,1,0,0,0,0,1,0,0,1,0,1,0.0,-39.15454373914126,1
1,0,1,0,0,1,0,0,0,1,1,0,1,0,0,1,0,1,0,0,0,1,1,1,0,0,1,0,1,1,1,1,0.0,-39.15377268719782,1
1,1,0,1,1,1,0,0,0,1,1,1,1,0,1,1,0,0,0,0,0,0,1,0,1,0,1,0,0,1,0,1,0.0,-39.152371321723614,1
1,1,1,0,0,1,1,0,1,1,0,0,0,0,0,1,0,0,1,0,0,1,1,0,0,1,0,0,1,1,1,1,0.0,-39.15183411023967,1
1,1,0,0,0,0,1,0,0,1,1,1,0,0,1,1,0,0,1,0,1,0,0,1,0,1,0,1,1,1,1,0,0.0,-39.15152848715864,1
0,1,0,1,0,0,0,0,1,1,1,1,0,1,0,0,1,0,0,0,0,0,1,0,1,1,0,1,1,1,1,1,0.0,-39.15104145056191,1
1,1,0,1,0,1,0,0,1,1,1,0,0,0,0,0,0,0,1,0,1,0,1,0,1,1,1,0,1,1,0,1,0.0,-39.15090583852881,1
1,0,1,1,0,0,1,0,0,0,1,0,0,1,1,1,1,0,0,1,1,0,0,0,0,1,1,0,0,1,1,1,0.0,-39.15026212750509,1
1,0,0,0,0,0,1,0,1,0,1,1,0,0,0,1,1,0,0,1,0,1,1,1,0,1,0,1,1,1,1,0,0.0,-39.1498575829495,1
1,0,0,1,0,1,0,1,1,1,1,1,0,0,0,0,0,0,1,0,1,0,1,0,0,1,1,0,1,1,0,1,0.0,-39.14959774565318,1
1,0,1,0,0,1,0,1,1,1,1,1,0,0,0,1,0,0,0,0,1,0,1,0,0,1,1,1,0,1,0,1,0.0,-39.14937740786414,1
1,0,1,1,0,1,0,0,0,0,1,0,0,1,1,0,1,0,1,0,1,1,0,0,1,1,1,0,0,1,1,0,0.0,-39.14931159510114,1
1,1,0,0,0,0,0,0,0,1,1,1,1,0,1,1,0,0,0,0,0,1,1,1,1,1,0,0,1,1,1,0,0.0,-39.14817466046581,1
0,0,0,0,1,0,1,1,1,0,1,0,1,1,0,1,1,1,0,0,0,1,1,0,1,0,0,0,1,1,1,0,0.0,-39.147526669441746,1
1,0,0,0,1,1,1,1,1,1,0,0,1,0,0,0,1,1,0,0,1,0,0,0,0,0,0,1,1,1,1,1,0.0,-39.14751527332953,1
1,0,0,1,0,0,0,0,0,1,0,0,1,1,1,1,0,1,0,1,1,1,0,0,0,0,1,0,1,1,1,1,0.0,-39.14661167406077,1
1,1,0,0,0,0,1,0,0,1,1,1,1,1,0,1,0,1,0,0,0,1,1,0,1,0,0,1,1,0,0,1,0.0,-39.14609219258933,1
1,1,0,1,1,1,0,0,1,0,1,0,1,0,1,1,1,0,0,1,0,0,0,0,1,0,0,0,1,1,0,1,0.0,-39.145330103957896,1
1,1,0,1,1,0,1,1,0,0,1,1,0,0,1,0,0,1,1,0,0,1,1,1,0,0,0,0,1,1,0,0,0.0,-39.14446570163594,1
0,1,0,1,0,1,0,0,0,1,1,0,1,1,1,0,1,0,1,0,1,0,0,1,0,1,0,0,0,1,1,1,0.0,-39.143629365147646,1
1,1,0,1,1,0,0,0,1,1,0,0,1,0,0,1,1,0,1,0,0,0,1,0,1,1,1,0,0,1,0,1,0.0,-39.14333342139578,1
1,1,0,0,1,0,1,0,0,0,1,1,1,0,1,1,0,1,0,0,1,1,0,1,0,1,0,0,0,1,0,1,0.0,-39.14329779838384,1
1,0,1,1,1,1,1,0,0,1,1,1,0,0,0,1,1,0,1,0,1,0,1,0,1,0,1,0,0,0,0,0,0.0,-39.143122455483216,1
1,1,1,0,0,0,0,0,1,0,1,0,0,1,1,0,0,0,0,1,1,0,0,1,0,1,1,1,1,1,0,1,0.0,-39.14230865018408,1
1,0,1,1,0,1,1,1,0,1,1,0,0,1,0,0,1,0,1,0,0,0,0,0,0,1,1,1,0,1,0,1,0.0,-39.142267164748844,1
1,0,0,0,0,1,0,0,0,0,0,0,0,1,1,1,1,1,0,1,1,0,0,1,0,1,1,0,1,1,1,1,0.0,-39.14164514027872,1
1,0,0,1,1,0,1,0,0,1,1,0,0,0,0,0,1,0,0,0,1,1,0,0,1,1,1,1,0,1,1,1,0.0,-39.14163377751085,1
0,1,0,1,0,0,1,0,0,0,0,0,0,0,1,0,1,1,1,1,1,0,0,0,1,1,0,1,1,1,1,1,0.0,-39.140610681921856,1
1,1,1,0,0,1,1,0,1,0,1,1,0,0,0,1,0,1,0,1,1,0,1,0,0,0,0,1,0,1,0,1,0.0,-39.14055317555286,1
0,1,1,1,1,1,0,1,0,1,1,1,0,0,0,1,1,1,0,0,0,0,0,0,1,0,0,0,1,1,0,1,0.0,-39.14039317963295,1
1,1,0,1,0,1,1,0,0,0,0,1,0,0,1,1,1,1,0,1,1,0,0,0,0,1,0,1,1,1,0,0,0.0,-39.14038638826505,1
1,1,0,0,0,0,0,0,1,1,1,0,1,0,1,1,1,0,0,0,0,1,1,0,1,0,1,0,1,1,0,1,0.0,-39.14029024958882,1
1,0,0,0,0,1,0,0,1,0,0,1,0,0,0,1,1,1,1,1,1,1,0,0,1,1,0,0,0,1,1,1,0.0,-39.13914972755408,1
0,1,0,1,1,0,0,1,1,0,1,1,1,0,1,0,0,1,1,0,0,0,0,1,0,0,1,0,1,1,0,1,0.0,-39.138884486114115,1
1,1,0,1,0,0,1,0,0,1,0,1,0,0,0,1,0,1,0,1,0,1,1,1,0,0,0,1,0,1,1,1,0.0,-39.138701820446464,1
1,1,1,1,0,0,1,0,0,0,1,1,1,0,1,1,1,1,1,0,0,1,1,0,0,0,1,0,0,0,0,0,0.0,-39.13855805286136,1
1,0,1,1,0,0,0,1,0,1,1,0,0,1,0,1,1,1,0,1,0,0,1,0,1,0,0,0,1,1,0,1,0.0,-39.13825755623821,1
1,0,0,0,0,1,0,0,0,0,1,1,1,1,0,1,0,1,0,1,1,0,1,0,0,1,0,0,1,1,1,1,0.0,-39.138146045857575,1
1,1,0,1,1,0,1,0,0,1,1,1,1,0,0,0,0,0,0,1,1,0,1,0,1,1,0,1,1,0,0,0,0.0,-39.13796999149998,1
1,0,0,1,1,1,0,0,0,1,0,0,0,0,1,1,0,0,1,1,0,0,0,0,1,0,1,1,1,1,1,1,0.0,-39.13762584004734,1
1,1,0,1,0,1,1,0,0,0,1,0,0,0,1,0,1,0,1,1,1,1,1,0,0,0,1,1,0,0,1,0,0.0,-39.136591069230064,1
1,1,0,1,0,0,1,0,0,1,0,1,1,1,0,0,1,1,1,0,0,1,0,0,0,1,0,1,0,1,0,1,0.0,-39.13630335657811,1
1,1,0,1,0,0,1,0,0,1,1,0,0,1,1,0,0,0,0,0,1,1,1,0,1,0,1,1,1,1,0,0,0.0,-39.13625040979151,1
1,0,0,1,0,1,0,0,1,0,1,1,0,0,1,1,1,0,0,1,1,0,1,0,0,1,1,0,1,1,0,0,0.0,-39.13609012614918,1
1,1,1,1,0,0,0,1,0,1,1,0,0,0,0,1,1,1,0,0,1,0,0,0,1,1,0,1,1,1,0,0,0.0,-39.136013813902075,1
1,1,1,0,0,0,0,0,0,1,1,1,0,0,0,0,1,0,0,1,1,1,1,1,0,1,1,0,0,1,1,0,0.0,-39.13588059683853,1
1,1,1,0,0,0,1,0,0,1,1,1,0,0,1,0,1,0,0,0,0,0,0,0,1,1,1,1,1,1,0,1,0.0,-39.13579384949476,1
1,1,1,1,0,0,0,0,1,0,1,0,1,0,1,0,0,1,0,1,0,1,1,0,0,0,0,1,1,1,0,1,0.0,-39.13546934068998,1
1,0,1,1,0,0,0,0,0,1,0,0,0,1,1,1,1,0,1,1,1,0,0,0,1,0,1,1,0,1,0,1,0.0,-39.134665830607126,1
1,0,1,0,1,0,0,1,0,1,1,1,0,0,0,0,0,1,1,0,0,0,0,0,1,1,0,1,1,1,1,1,0.0,-39.13431731052028,1
0,0,0,1,1,1,1,0,0,1,0,1,0,0,1,1,0,1,0,0,1,1,1,0,0,0,0,0,1,1,1,1,0.0,-39.132321624594304,1
1,1,1,1,0,0,0,0,0,1,1,1,0,0,0,1,0,1,0,0,1,1,1,0,1,1,0,1,1,0,0,0,0.0,-39.1322232308762,1
1,0,1,1,0,0,1,0,0,1,1,0,1,1,0,1,1,1,0,0,0,1,1,1,1,0,0,0,1,0,0,0,0.0,-39.13179697128028,1
1,0,1,1,0,0,0,0,1,0,1,0,0,0,0,1,1,1,0,1,0,1,1,0,0,1,1,0,1,1,0,1,0.0,-39.13162673809558,1
0,0,1,0,1,0,1,1,0,1,1,0,1,1,1,1,0,0,0,0,0,0,1,0,1,0,1,1,1,1,0,0,0.0,-39.130454776872995,1
1,1,0,0,0,1,1,0,1,1,1,0,0,0,0,0,1,1,1,0,1,1,1,0,0,0,0,0,1,1,0,1,0.0,-39.12978002880547,1
1,1,0,0,0,0,1,0,0,1,1,0,0,1,1,0,1,0,0,0,1,1,0,0,1,1,0,1,1,1,0,1,0.0,-39.12772005944865,1
1,1,0,1,1,1,0,0,0,0,1,1,0,1,1,1,1,1,0,0,1,1,0,0,0,1,0,0,0,1,0,0,0.0,-39.126688756937064,1
1,0,0,1,1,1,1,0,0,1,1,0,0,0,0,0,1,1,0,0,1,1,1,0,1,0,0,1,1,0,0,1,0.0,-39.12616257154343,1
0,1,0,0,1,0,0,0,1,1,1,0,1,0,0,1,1,0,0,1,1,1,1,0,0,0,0,1,1,1,1,0,0.0,-39.12606013669095,1
1,1,0,1,1,0,1,0,0,1,1,1,0,1,0,0,0,1,0,0,0,0,1,0,1,0,1,1,0,1,0,1,0.0,-39.12566138058799,1
1,1,0,1,0,0,1,0,1,1,1,1,1,0,1,0,0,0,0,0,0,1,0,0,1,0,0,1,1,1,0,1,0.0,-39.12540425897643,1
1,1,0,1,1,0,1,0,1,1,1,0,0,0,0,1,0,0,1,0,1,1,0,0,0,1,1,0,1,0,0,1,0.0,-39.124059001219386,1
0,1,0,1,1,0,1,1,0,1,0,1,1,1,1,1,1,0,1,0,1,0,0,0,0,1,0,0,1,0,0,0,0.0,-39.12376643494323,1
1,1,0,0,1,0,0,0,1,1,1,0,1,1,1,0,1,0,0,0,0,1,1,0,0,0,1,0,0,1,1,1,0.0,-39.12332230524642,1
0,0,0,0,1,1,1,0,0,1,1,1,1,0,1,1,1,0,0,0,1,0,1,1,0,1,1,0,0,0,0,1,0.0,-39.12291682471284,1
1,1,1,1,0,1,1,0,0,0,1,0,0,1,1,1,0,1,0,0,0,1,0,1,0,0,1,1,1,0,0,0,0.0,-39.12286405023313,1
1,0,0,0,0,0,1,0,0,1,1,0,0,1,1,1,1,0,0,1,1,1,1,0,1,0,0,0,1,1,1,0,0.0,-39.12269271626144,1
1,0,1,1,0,0,1,1,1,1,0,0,0,1,0,1,1,0,0,1,0,0,1,0,0,1,0,0,1,1,1,0,0.0,-39.12257062766808,1
1,1,0,1,1,1,0,0,0,1,1,1,0,0,1,1,0,1,0,0,0,1,0,1,0,0,0,0,1,1,0,1,0.0,-39.12241217626398,1
1,1,0,0,0,0,1,1,1,1,1,0,1,0,1,1,0,0,1,0,0,0,0,1,1,0,1,0,0,1,0,1,0.0,-39.121988246039145,1
0,1,1,1,1,0,0,0,1,0,1,0,1,0,0,0,1,1,0,1,1,1,0,0,0,0,1,1,0,1,1,0,0.0,-39.12141834285374,1
1,1,0,0,0,0,1,0,0,1,1,0,1,0,0,1,0,1,1,0,0,1,0,1,0,1,1,0,1,0,1,1,0.0,-39.12127185397058,1
1,0,0,1,1,1,1,0,0,0,1,0,0,0,1,1,1,1,1,1,0,1,1,0,0,0,0,0,1,1,0,0,0.0,-39.12105587103005,1
1,0,0,1,0,1,0,1,1,1,0,1,0,0,0,0,1,1,0,0,1,0,1,0,0,1,1,1,1,1,0,0,0.0,-39.120724257701134,1
0,1,0,1,0,0,0,0,1,0,1,1,0,0,1,1,1,1,0,0,1,0,0,1,1,1,0,1,1,1,0,0,0.0,-39.12047709559541,1
0,0,0,1,0,1,1,1,0,1,1,0,0,0,0,1,0,0,1,1,0,1,1,0,0,1,1,0,0,1,1,1,0.0,-39.11966714035856,1
0,1,1,1,0,0,1,0,0,1,1,1,0,0,0,0,1,1,1,1,0,1,0,0,1,0,0,0,1,1,0,1,0.0,-39.11962493975083,1
1,1,0,1,1,1,1,0,0,1,1,0,0,0,0,1,0,0,0,1,0,1,0,0,1,0,1,1,0,1,0,1,0.0,-39.11951417578361,1
1,0,0,1,0,0,1,0,1,0,1,0,0,0,0,1,1,1,1,1,1,1,1,1,0,0,1,0,0,1,0,0,0.0,-39.11886881709454,1
1,0,0,1,1,1,1,0,1,1,1,0,0,0,0,0,1,0,0,0,0,1,0,1,0,1,1,0,1,1,0,1,0.0,-39.11849654460127,1
1,1,1,1,0,1,0,0,0,1,1,0,0,0,1,1,0,1,0,0,0,0,0,0,0,1,0,1,1,1,1,1,0.0,-39.118363022791044,1
1,1,0,0,0,1,1,1,0,1,1,0,0,1,0,0,0,1,0,0,1,0,1,0,1,1,0,0,1,1,0,1,0.0,-39.11807493381498,1
1,1,1,1,0,1,1,0,0,0,0,0,1,1,1,1,1,1,0,0,0,1,1,0,0,1,1,0,0,0,0,0,0.0,-39.11790391583908,1
1,1,1,1,1,0,0,0,0,1,1,0,1,0,1,0,1,1,0,0,1,0,0,0,0,0,1,1,0,1,0,1,0.0,-39.117793168343184,1
1,1,0,1,0,1,0,1,0,0,1,0,0,1,1,0,0,1,0,0,1,0,1,0,1,1,1,1,0,1,0,0,0.0,-39.1172925403161,1
1,1,0,0,1,0,0,0,0,1,1,1,0,1,1,0,1,1,0,0,1,0,1,0,0,1,0,0,0,1,1,1,0.0,-39.11671242392408,1
1,0,1,1,0,0,0,0,1,1,1,1,0,1,0,0,0,0,0,1,1,1,1,0,1,1,0,0,1,1,0,0,0.0,-39.1165849231477,1
1,1,0,1,1,1,1,0,0,1,1,1,1,0,0,0,0,1,0,0,0,0,0,1,0,1,0,1,1,1,0,0,0.0,-39.11643309587383,1
1,1,0,1,1,0,1,0,0,1,0,1,0,0,1,1,0,1,0,0,1,0,0,0,0,1,0,1,0,1,1,1,0.0,-39.116392686698916,1
1,0,1,0,0,1,0,0,0,1,1,1,0,0,1,0,1,0,0,0,0,1,1,1,1,1,1,0,0,1,1,0,0.0,-39.1161193905081,1
1,0,0,1,1,0,0,0,0,1,1,1,0,1,1,0,0,0,0,1,1,0,1,1,0,1,0,0,0,1,1,1,0.0,-39.115988597332446,1
1,1,1,1,0,1,0,0,0,1,0,1,0,1,0,0,1,1,0,0,0,1,1,0,1,1,0,1,0,1,0,0,0.0,-39.11544566912693,1
0,0,0,0,0,0,1,0,0,1,0,1,0,1,1,1,0,1,0,1,0,1,1,1,1,0,0,0,1,1,1,1,0.0,-39.11534109872739,1
1,1,0,1,0,0,1,0,1,1,1,0,0,0,0,0,1,0,1,1,0,0,0,1,0,1,0,1,1,0,1,1,0.0,-39.114288411176595,1
1,1,0,1,0,1,1,0,1,0,1,1,0,1,1,0,0,1,1,0,0,0,0,0,0,1,0,0,1,1,0,1,0.0,-39.11407334657238,1
1,1,0,1,0,0,1,1,1,0,1,0,1,1,1,1,1,0,1,1,0,0,0,0,0,1,0,0,0,0,0,1,0.0,-39.11396764955205,1
1,1,0,1,0,0,1,0,0,1,1,1,0,1,1,0,0,0,1,1,1,0,0,1,1,0,0,1,0,1,0,0,0.0,-39.113508436697416,1
1,1,0,0,1,1,0,0,1,0,1,0,0,0,1,1,0,0,1,0,1,1,0,0,1,1,1,1,0,1,0,0,0.0,-39.11349401976574,1
1,0,0,0,0,1,0,0,0,1,1,1,1,1,0,1,0,1,0,1,1,1,1,0,0,1,0,0,0,1,0,1,0.03125,-39.1129434475643,1
1,1,1,1,1,0,0,0,0,1,0,0,0,0,1,0,1,1,0,0,1,0,1,1,1,1,0,0,0,1,0,1,0.0,-39.11262946620737,1
1,0,1,0,0,0,0,0,0,1,1,1,0,0,1,0,1,1,1,0,1,1,0,0,1,0,1,1,1,1,0,0,0.0,-39.11239979683895,1
0,1,1,1,0,1,0,0,0,1,1,1,0,0,1,0,1,1,0,0,0,1,1,0,1,0,0,0,1,0,1,1,0.0,-39.11152042839413,1
1,1,0,1,1,0,0,1,0,1,1,0,0,0,1,0,1,0,0,1,0,0,1,0,0,1,1,0,0,1,1,1,0.0,-39.11146614447141,1
0,1,0,0,0,0,1,1,1,0,1,1,0,1,1,0,1,1,0,0,0,1,1,1,1,0,0,0,1,1,0,0,0.03125,-39.11080168201131,1
0,0,1,0,1,1,0,0,0,1,0,1,0,0,1,0,0,1,0,1,1,0,1,0,1,0,1,1,1,1,0,1,0.0,-39.11059993468034,1
1,0,0,0,0,1,1,0,0,1,1,1,0,1,1,1,0,0,0,1,0,1,1,0,0,1,0,0,1,0,1,1,0.0,-39.11040609677559,1
1,1,0,1,1,0,1,0,0,1,1,1,0,1,0,0,0,1,1,0,0,0,0,0,1,1,0,1,0,1,0,1,0.0,-39.10996703654152,1
0,0,0,0,0,0,1,0,1,0,1,1,0,0,1,0,1,1,1,0,1,0,0,0,1,1,1,1,0,1,1,1,0.03125,-39.10961573166382,1
0,0,1,1,1,0,0,0,1,1,1,0,0,0,0,1,1,0,1,1,0,1,1,0,1,0,0,0,1,1,0,1,0.0,-39.10897354410454,1
1,1,0,0,1,0,1,1,1,1,0,0,1,0,0,1,1,1,0,0,0,0,1,1,1,0,0,1,0,1,0,0,0.0,-39.10707737871353,1
0,1,0,1,1,0,0,1,1,1,1,1,1,0,1,0,0,0,0,0,1,0,0,0,1,1,0,1,1,1,0,0,0.0,-39.10604388292425,1
0,1,1,0,0,1,0,0,1,1,1,1,0,0,0,1,1,1,0,0,1,1,1,0,0,1,0,0,0,0,1,1,0.0,-39.105333314639644,1
1,0,0,0,0,0,0,0,1,1,1,0,0,0,1,1,1,0,1,1,0,0,1,0,1,1,1,0,1,1,0,1,0.0,-39.10500496862456,1
1,0,1,1,1,0,1,0,1,1,1,0,1,0,0,1,0,0,1,1,0,0,0,0,0,1,0,1,1,1,0,0,0.0,-39.10418874060959,1
1,0,0,0,1,0,1,0,1,0,1,0,0,1,1,0,0,1,0,1,0,0,1,0,1,0,1,0,1,1,1,1,0.0,-39.104132504132345,1
1,0,0,0,0,0,1,1,1,1,1,0,0,1,0,1,0,1,1,0,1,1,1,0,1,0,0,1,0,1,0,0,0.0,-39.103865090369,1
1,0,0,0,0,1,1,0,0,1,1,1,1,1,1,0,0,1,0,0,1,1,1,0,0,1,0,0,0,1,0,1,0.0,-39.10334939504501,1
0,1,0,0,0,1,0,0,0,1,1,1,1,1,1,0,1,1,1,0,0,1,0,0,0,0,1,1,0,1,0,1,0.0,-39.10323956727235,1
1,0,1,0,0,0,0,1,1,1,1,0,0,0,1,1,0,0,1,0,0,0,1,1,0,1,1,1,0,1,1,0,0.0,-39.10290785360211,1
1,0,0,1,0,0,1,0,1,1,1,0,1,0,0,1,0,1,0,0,0,1,1,0,1,1,0,1,1,1,0,0,0.0,-39.1024069085087,1
1,0,1,1,1,0,0,0,1,1,1,0,0,0,0,1,1,0,0,1,0,1,0,1,0,0,1,1,0,1,0,1,0.0,-39.102228246836354,1
0,0,1,0,0,0,1,0,1,1,1,1,0,0,1,1,0,0,1,1,1,0,0,0,0,1,1,0,1,1,0,1,0.0,-39.10201963763266,1
1,1,0,1,1,1,0,0,0,1,1,1,0,0,1,1,1,1,1,0,0,0,1,0,0,0,0,1,0,1,0,0,0.0,-39.10149502363656,1
1,1,1,1,0,1,1,0,0,1,0,0,0,0,1,1,0,0,0,1,0,1,1,0,0,1,0,1,1,1,0,0,0.0,-39.101120487198145,1
1,1,1,1,0,1,1,0,1,1,1,1,0,1,1,1,0,0,1,0,1,0,0,0,0,0,0,0,0,1,0,0,0.0,-39.10111291714665,1
1,0,0,1,0,1,1,1,0,1,1,1,0,0,0,1,1,1,0,0,0,1,0,0,0,1,1,0,0,1,1,0,0.0,-39.10098836667999,1
1,1,0,0,0,0,1,0,0,1,1,0,0,1,1,0,1,0,0,1,0,1,1,0,0,1,1,0,1,1,1,0,0.0,-39.10094050128532,1
1,0,1,1,0,0,0,1,0,1,1,1,0,0,1,0,0,1,1,0,0,1,0,0,0,1,1,0,1,1,1,0,0.0,-39.10065247543369,1
0,0,0,1,0,0,1,0,1,0,1,1,0,1,1,1,0,1,0,0,0,1,0,0,1,1,0,1,1,1,1,0,0.0,-39.100445747635966,1
1,0,0,1,1,1,1,1,0,1,1,1,0,1,0,1,0,1,1,0,1,0,0,0,0,1,0,1,0,0,0,0,0.0,-39.10031252421294,1
1,1,0,1,1,0,0,0,1,1,1,0,1,1,0,1,0,1,0,0,0,1,0,0,0,1,1,0,1,1,0,0,0.0,-39.09808530061015,1
1,0,1,1,1,0,1,0,1,1,1,0,0,0,1,0,0,0,1,0,0,1,1,0,0,1,0,0,1,1,0,1,0.0,-39.0969926777754,1
1,1,1,0,1,0,1,1,0,1,1,0,0,0,1,1,0,0,0,0,1,1,0,0,0,1,1,1,0,0,0,1,0.0,-39.09593674680745,1
0,1,0,1,1,1,1,0,0,1,0,1,0,1,1,1,0,0,0,0,1,1,0,0,1,1,0,0,1,1,0,0,0.0,-39.095192471315585,1
1,0,0,0,1,1,1,0,0,1,1,1,0,0,0,0,0,1,0,0,0,0,1,1,1,1,1,0,1,1,1,0,0.0,-39.09517643083255,1
1,1,0,0,0,0,0,0,1,1,1,1,1,1,0,0,0,1,0,1,1,1,0,0,0,1,0,1,1,1,0,0,0.0,-39.09510330841581,1
1,1,0,1,0,0,1,0,1,1,1,0,0,0,0,1,1,1,0,0,0,1,1,1,0,1,0,0,0,1,0,1,0.0,-39.09481375080169,1
1,0,0,1,0,1,0,0,0,1,1,0,0,0,1,1,0,1,0,1,1,0,1,0,1,1,0,0,1,1,1,0,0.0,-39.093438332557085,1
1,1,0,1,1,0,0,0,1,1,0,0,0,1,1,1,0,1,1,0,1,1,0,0,0,0,0,0,1,1,1,0,0.0,-39.09310182131823,1
0,0,1,1,0,0,0,1,0,1,1,1,0,0,1,1,1,1,0,0,0,0,0,1,0,1,1,1,1,1,0,0,0.0,-39.09309982831328,1
1,0,0,1,0,1,1,1,0,1,0,0,0,1,1,0,1,1,0,0,0,0,1,0,0,1,1,1,0,1,0,1,0.0,-39.092485871895406,1
0,1,0,1,0,0,1,0,1,1,0,1,0,0,0,0,0,1,1,0,0,1,1,0,1,1,1,1,1,0,0,1,0.0,-39.091798510548394,1
0,1,1,0,1,0,1,0,0,1,1,1,0,1,1,0,0,1,0,0,0,0,1,0,1,0,1,1,0,1,0,1,0.0,-39.08903796354679,1
1,0,0,1,0,0,0,1,1,1,0,0,1,0,0,0,0,1,1,1,0,1,1,1,1,0,1,0,0,1,1,0,0.0,-39.08840144417017,1
1,1,1,1,1,0,0,0,1,1,0,0,1,0,1,0,0,0,1,0,0,1,0,0,1,1,1,0,0,1,0,1,0.0,-39.08839755727471,1
0,0,1,0,1,1,0,0,1,1,1,1,1,0,1,1,0,0,1,0,0,1,1,0,0,0,1,1,0,1,0,0,0.0,-39.08800514984975,1
1,0,1,0,1,0,1,1,0,1,1,1,0,0,1,1,1,1,0,0,0,0,1,0,0,1,0,0,0,1,1,0,0.0,-39.087895924147766,1
0,0,1,0,0,0,1,0,0,1,1,0,1,0,0,0,0,1,0,1,1,0,1,1,1,1,1,1,0,1,1,0,0.0,-39.086603200464744,1
1,0,0,1,1,0,1,1,1,1,1,0,1,1,0,0,0,1,0,0,0,1,0,0,1,0,0,1,0,1,1,0,0.0,-39.08657319879008,1
0,1,1,1,0,0,1,0,0,1,0,0,0,0,1,0,1,1,1,0,0,0,0,0,1,1,1,1,1,1,0,1,0.0,-39.086364929859286,1
1,1,0,1,0,0,1,0,1,0,1,1,0,1,1,1,1,1,0,0,0,1,1,0,0,1,0,1,0,0,0,0,0.0,-39.08567853348754,1
1,1,1,0,0,1,1,0,1,1,1,0,0,0,1,1,0,0,0,0,1,1,0,1,0,0,1,1,0,1,0,0,0.0,-39.08540194893291,1
0,1,1,0,1,0,0,0,0,1,1,0,0,1,1,1,1,1,0,0,0,0,0,0,1,1,1,0,1,1,0,1,0.0,-39.08382736427988,1
1,0,0,1,0,1,1,0,0,1,1,0,0,0,1,1,0,1,0,0,0,1,1,1,0,1,1,0,1,1,0,0,0.0,-39.08337277255658,1
1,1,1,0,0,1,1,0,1,1,1,0,0,1,1,0,0,0,0,0,0,0,1,0,1,1,0,1,1,0,1,0,0.0,-39.083195079643644,1
0,1,0,1,1,0,1,1,0,1,0,0,0,0,1,1,0,1,0,1,1,0,0,1,0,0,1,1,1,0,1,0,0.0,-39.08047677285368,1
1,0,1,1,0,1,1,1,1,1,1,1,0,0,1,0,0,1,0,0,1,0,1,0,0,0,1,0,0,0,0,1,0.0,-39.07928863444661,1
1,1,0,1,1,0,1,0,1,1,1,1,0,0,1,0,0,0,1,1,0,0,0,0,0,1,0,0,1,0,1,1,0.0,-39.07913801459867,1
1,0,0,1,1,0,1,0,0,1,1,1,0,0,1,0,0,1,1,0,0,1,0,1,1,1,0,0,1,1,0,0,0.0,-39.07904104300942,1
1,1,1,0,1,0,0,1,1,1,1,1,1,0,1,1,0,1,0,0,0,1,1,0,0,0,0,0,0,0,1,0,0.0,-39.076878131283046,1
1,0,1,1,0,0,1,0,1,1,1,0,0,0,1,0,0,1,0,0,0,1,1,0,1,0,0,1,1,1,1,0,0.0,-39.07550491339957,1
1,0,0,1,0,0,1,1,0,0,1,0,1,0,0,1,1,0,0,0,1,1,1,0,0,0,1,1,0,1,0,1,0.0,-39.07508023343571,1
0,0,0,1,1,0,0,1,1,1,1,0,0,0,0,1,1,1,0,1,1,0,1,0,0,1,1,0,0,1,0,1,0.0,-39.074407317546616,1
1,0,0,1,1,0,0,0,1,1,1,1,0,1,1,0,0,1,1,0,1,1,0,0,0,1,0,0,0,1,0,1,0.0,-39.07405400408749,1
1,1,1,1,0,0,0,1,1,1,1,0,0,0,1,1,0,0,1,0,1,1,0,0,0,1,1,1,0,0,0,0,0.0,-39.07371176933347,1
1,1,0,1,0,0,1,0,1,1,1,0,1,0,1,1,0,1,0,0,0,0,1,0,0,1,1,0,0,0,1,1,0.0,-39.07316536406539,1
1,1,0,1,0,0,1,0,0,1,1,0,0,0,1,1,1,1,1,0,0,1,0,1,1,0,0,1,0,1,0,0,0.0,-39.07301087491717,1
1,0,0,1,1,0,1,1,1,1,0,1,0,1,1,0,1,0,0,0,1,1,0,0,0,1,0,1,0,1,0,0,0.0,-39.07159266071447,1
1,1,1,0,0,1,0,0,1,1,1,0,0,0,0,0,1,1,1,0,0,1,0,0,1,1,0,1,0,1,1,0,0.0,-39.07139763725918,1
1,0,0,0,0,1,0,1,1,1,1,0,0,1,0,0,0,1,0,1,1,0,0,0,1,1,0,1,1,1,1,0,0.0,-39.06946253395235,1
1,1,1,0,0,1,0,0,1,1,1,0,0,0,1,0,1,1,0,0,1,1,1,0,0,0,1,1,0,1,0,0,0.0,-39.06925101070316,1
0,1,1,1,0,0,1,0,1,1,0,0,0,1,1,0,1,1,0,0,1,0,1,0,1,1,0,0,0,0,1,1,0.0,-39.06523293030267,1
1,0,1,0,1,1,1,0,1,1,1,1,0,0,0,0,0,1,0,0,0,1,0,1,1,1,0,0,0,0,1,1,0.0,-39.064353158831594,1
1,1,0,1,1,0,1,0,1,1,1,0,0,0,1,0,0,1,0,0,0,1,1,0,1,0,1,0,0,1,0,1,0.0,-39.06002979284805,1
1,1,1,1,1,0,0,1,1,1,1,0,0,0,1,0,0,0,0,1,0,1,0,0,1,0,0,1,1,1,0,0,0.03125,-39.05906459862962,1
0,0,1,0,1,0,0,0,1,1,1,0,1,0,1,0,1,0,0,1,0,1,0,1,0,1,1,1,1,0,0,1,0.0,-39.05732722869424,1
0,1,1,1,1,0,0,0,1,1,1,0,0,0,0,1,1,1,0,0,0,1,0,0,0,1,1,1,0,0,1,1,0.0,-39.0514313916685,1
0,1,1,1,0,1,1,0,0,0,1,1,1,0,0,0,1,0,1,0,1,1,0,0,1,0,0,0,0,1,0,1,0.0,-39.05032409547923,1
0,1,0,1,0,0,1,0,1,1,1,0,0,0,1,0,1,1,0,1,0,0,1,0,1,1,0,0,1,1,0,1,0.0,-39.04889156639167,1
1,1,1,1,0,1,1,0,0,0,1,1,0,0,0,1,0,0,1,0,0,1,1,0,0,0,1,1,1,1,0,1,0.0,-39.048689715784036,1
1,0,0,1,0,0,1,0,1,1,0,1,0,0,1,1,0,1,1,1,1,0,0,0,1,1,1,0,0,1,0,0,0.0,-39.0481100532713,1
1,0,0,1,0,1,1,0,0,0,1,0,1,0,0,0,1,0,1,0,1,1,1,0,0,1,0,1,0,0,1,1,0.0,-39.04716361857014,1
1,0,1,1,0,0,0,0,0,1,1,0,0,1,0,1,0,0,1,0,0,1,0,1,0,0,1,0,1,1,1,1,0.0,-39.046486758242786,1
0,0,0,1,0,0,0,1,1,1,1,0,0,0,1,1,0,1,0,1,0,0,1,1,0,1,1,0,1,1,1,0,0.0,-39.042095594078546,1
1,1,0,1,0,0,1,1,0,0,1,0,0,0,1,1,1,0,1,0,1,0,1,0,0,0,1,1,0,1,0,0,0.0,-39.03987982524034,1
0,1,0,0,0,1,0,0,0,0,0,1,0,1,0,1,1,0,0,0,1,1,1,1,1,1,1,1,0,1,0,0,0.0,-39.03973816794422,1
1,0,0,1,1,1,0,0,0,1,1,1,0,0,0,0,0,0,1,0,1,1,0,0,1,0,1,0,1,1,0,1,0.0,-39.039626527949906,1
1,0,0,1,1,0,1,1,1,1,1,0,0,0,0,1,1,1,0,1,0,1,0,0,0,1,1,0,1,0,0,0,0.0,-39.038246680235794,1
1,1,1,1,0,1,1,0,0,0,1,1,0,0,0,1,1,0,0,1,0,0,1,0,0,0,1,1,0,0,0,1,0.0,-39.03747545031578,1
1,1,1,1,1,0,0,0,1,0,1,1,0,1,0,0,0,0,0,0,0,0,1,0,1,0,1,0,1,1,1,0,0.0,-39.03694332283928,1
1,0,0,1,1,0,0,1,0,0,1,1,1,0,0,1,0,0,1,1,0,1,0,0,0,1,0,0,1,1,1,0,0.0,-39.03612917633072,1
1,0,0,1,0,1,0,0,0,1,0,1,0,0,1,1,1,0,1,0,1,0,0,0,0,1,1,0,1,1,0,1,0.0,-39.033836364646724,1
1,1,1,0,0,0,0,0,1,0,1,0,1,1,1,1,1,0,0,0,0,0,1,1,0,0,1,0,0,1,0,1,0.0,-39.03318611389,1
1,1,1,0,0,0,0,0,0,1,1,0,0,0,1,1,0,0,0,0,1,1,1,0,0,0,1,0,1,1,1,1,0.0,-39.03275275015181,1
1,1,0,1,0,0,0,0,1,0,1,1,0,1,0,1,1,0,1,0,1,0,1,0,0,1,1,0,1,1,0,1,0.0,-39.03251681963461,1
1,0,0,0,0,0,1,1,1,1,1,1,0,0,1,1,1,1,1,1,0,1,1,0,1,0,0,0,0,0,0,0,0.0,-39.032511308183146,1
1,1,0,0,0,0,1,0,0,1,1,1,0,0,0,1,0,0,0,0,1,0,1,0,1,1,1,0,1,1,0,1,0.0,-39.032505497423855,1
1,0,1,0,0,1,1,1,0,0,1,0,0,0,0,1,0,0,0,0,1,0,1,1,1,1,1,0,1,1,0,0,0.0,-39.03185562931877,1
1,0,0,0,1,0,0,1,0,1,1,0,0,1,0,1,0,0,1,0,0,0,1,0,1,1,0,1,1,1,0,1,0.0,-39.03137631037053,1
1,0,0,1,0,1,1,1,1,0,1,0,0,1,0,0,0,0,0,0,0,0,1,0,1,0,1,1,1,1,0,1,0.0,-39.03134039045873,1
1,1,1,1,0,1,1,0,0,0,0,1,0,0,1,1,1,0,0,0,0,1,0,0,0,0,0,1,1,1,1,0,0.0,-39.0312459575846,1
1,1,1,0,0,1,1,0,0,0,1,0,0,1,1,1,1,0,1,0,1,0,1,0,0,0,0,0,0,1,1,0,0.0,-39.02984178399296,1
0,1,0,1,0,0,0,0,0,1,1,1,0,0,0,0,1,0,0,0,0,1,1,0,1,1,0,1,1,1,1,1,0.0,-39.028466647148946,1
1,1,0,1,1,1,1,1,0,0,1,0,0,0,0,1,0,0,0,0,0,0,1,1,0,1,1,1,1,0,0,0,0.0,-39.02846079452056,1
0,1,0,1,1,1,0,0,0,0,1,0,0,1,1,0,0,0,1,0,0,0,1,0,0,1,1,1,1,1,0,1,0.0,-39.02838983529926,1
1,1,0,1,0,1,1,0,0,1,1,1,1,0,0,1,0,0,0,0,1,1,1,0,0,0,1,0,1,1,0,1,0.03125,-39.028377425534735,1
1,1,0,0,1,0,1,0,0,0,1,1,0,0,0,0,1,0,0,1,0,1,1,0,0,1,1,0,1,1,0,1,0.0,-39.02801556851768,1
1,0,1,1,0,1,1,0,0,1,1,1,0,0,0,1,0,0,1,0,0,0,0,0,1,0,1,1,1,0,0,1,0.0,-39.027998045471755,1
1,0,1,1,0,0,1,1,0,0,0,0,0,0,1,0,1,0,0,1,1,0,1,0,0,1,0,1,0,1,1,1,0.0,-39.02766803132148,1
1,0,1,1,1,0,0,0,0,1,0,1,0,0,0,1,0,0,0,0,1,1,1,0,1,1,1,0,0,1,0,1,0.0,-39.027652658844964,1
0,0,1,1,0,0,0,0,0,1,1,0,0,0,0,1,1,0,0,0,1,1,0,0,1,1,1,0,1,1,1,1,0.0,-39.02680359773978,1
0,0,0,0,0,1,0,0,0,0,1,1,0,0,0,1,1,1,1,0,1,1,0,0,0,1,1,1,1,1,1,0,0.0,-39.02607555349867,1
1,0,1,0,0,0,1,1,1,1,0,1,0,0,0,1,0,0,0,0,0,0,1,0,0,1,1,0,1,1,1,1,0.0,-39.02588786519735,1
1,0,1,1,1,0,1,0,0,1,1,0,0,0,0,1,0,0,0,0,1,1,1,1,0,0,0,1,1,0,0,1,0.0,-39.02586711719275,1
0,0,0,1,0,1,0,0,0,0,1,0,1,0,1,0,1,0,0,0,1,1,1,0,1,1,1,1,0,1,0,1,0.0,-39.0226276755622,1
1,0,0,1,0,0,0,0,0,1,1,1,1,1,0,1,1,0,0,0,0,1,1,0,0,1,1,1,1,1,0,1,0.0,-39.02211357296399,1
1,0,0,1,0,1,1,1,0,0,0,0,0,0,1,1,0,0,1,1,0,1,0,0,0,1,0,1,1,1,0,1,0.0,-39.02110128336788,1
1,1,0,0,0,0,1,0,0,1,0,1,0,0,0,0,0,1,1,0,1,0,1,0,1,0,1,1,1,1,0,1,0.0,-39.02091292989172,1
1,1,1,0,0,1,1,0,0,0,1,0,0,0,1,1,0,0,0,0,1,0,1,1,0,1,0,1,0,1,1,0,0.0,-39.020891001823514,1
1,1,0,1,1,0,0,0,0,1,1,1,0,0,0,1,1,0,1,0,0,0,0,0,0,1,1,1,1,1,0,0,0.0,-39.020805227203816,1
1,0,0,0,1,1,0,1,1,0,0,1,0,0,0,1,1,0,1,1,1,0,0,0,1,1,0,0,0,1,0,1,0.0,-39.02043743731727,1
0,0,0,1,0,0,1,0,0,1,1,0,1,1,0,1,0,0,0,1,1,1,1,0,0,0,1,1,1,0,0,1,0.0,-39.020392114617245,1
1,0,0,0,0,0,0,0,0,1,1,0,0,1,0,1,1,0,0,0,1,1,1,1,1,1,1,0,0,1,0,1,0.0,-39.01945178302393,1
1,0,0,1,0,1,0,0,0,0,1,0,1,0,0,1,1,0,0,1,1,0,1,0,1,1,1,1,0,1,1,1,0.0,-39.01732508293595,1
0,0,0,1,1,0,0,0,0,1,0,1,0,0,0,1,1,1,0,0,1,1,1,0,0,0,1,1,1,1,0,1,0.0,-39.01648260048384,1
1,1,0,1,1,0,1,0,0,0,1,1,0,1,0,0,0,1,0,0,1,0,1,0,1,0,1,0,0,0,1,1,0.0,-39.01630813261687,1
0,1,0,0,0,1,1,0,0,1,1,1,0,0,0,1,1,0,0,1,0,0,0,0,1,0,0,1,1,1,1,1,0.0,-39.01574726194937,1
1,1,0,0,1,0,0,0,0,0,1,1,0,0,1,0,1,0,0,1,0,1,0,1,0,1,0,1,1,1,0,1,0.0,-39.014918572691975,1
1,0,0,0,1,1,0,0,0,0,0,1,0,1,0,1,0,1,1,1,0,1,1,0,0,0,1,1,1,1,1,1,0.0,-39.014890979754774,1
1,1,1,0,0,0,1,0,1,0,1,0,0,0,0,0,0,1,0,0,1,0,1,1,0,0,1,1,1,1,0,1,0.0,-39.01410366842553,1
1,1,0,1,1,0,0,0,0,1,1,0,1,0,1,0,1,0,0,0,1,0,1,1,0,1,0,0,1,0,0,1,0.0,-39.013991883293606,1
0,1,0,1,1,1,1,0,1,1,1,0,0,0,1,1,1,0,0,1,0,1,0,0,0,0,0,1,1,1,0,0,0.0,-39.01385207589289,1
1,1,1,1,0,0,0,0,0,1,0,1,0,0,1,1,0,1,0,0,1,0,1,0,0,1,0,0,1,1,0,1,0.0,-39.01307330785415,1
0,1,1,1,0,1,1,0,0,0,0,1,1,1,0,1,0,0,1,1,1,0,1,0,1,1,0,0,1,1,0,0,0.0,-39.01255004462837,1
1,1,0,1,0,1,1,1,0,1,0,1,0,1,0,1,1,0,0,1,0,0,1,1,0,0,0,0,1,0,0,0,0.0,-39.01219870102407,1
1,0,0,1,0,1,1,0,0,0,1,0,0,0,1,0,1,0,0,1,1,0,1,1,1,0,1,0,1,1,0,0,0.0,-39.012191631182624,1
1,0,0,1,0,1,1,0,0,1,1,1,1,0,0,1,1,0,0,1,0,0,1,0,0,0,1,0,0,0,1,1,0.0,-39.01165400648284,1
1,1,1,1,1,0,1,0,0,0,1,0,0,1,0,0,0,0,1,0,0,1,0,0,1,1,1,0,0,1,1,0,0.0,-39.0114743673155,1
1,1,1,0,0,1,1,1,0,0,1,0,1,0,1,1,1,1,0,0,0,0,0,1,0,0,0,0,1,1,0,0,0.0,-39.011466319569486,1
1,0,1,1,0,0,0,0,1,0,0,0,0,1,1,0,0,0,1,1,0,0,1,0,0,1,1,0,1,1,1,1,0.0,-39.01136518232671,1
1,1,1,1,0,0,0,0,1,1,1,1,0,0,0,0,0,0,1,0,0,0,0,0,1,1,0,0,1,1,1,1,0.0,-39.01109739291303,1
1,1,0,0,1,1,1,1,0,0,1,0,1,1,1,1,1,0,0,0,0,0,0,0,0,1,0,1,1,1,0,1,0.0,-39.01101649853045,1
1,0,0,0,1,0,1,0,0,0,1,1,1,0,0,0,1,0,1,1,0,1,0,0,1,1,1,1,1,0,0,0,0.0,-39.0109852533953,1
1,1,1,1,0,0,1,0,1,0,1,1,0,0,0,1,0,0,0,1,1,1,1,0,0,0,1,0,0,1,0,0,0.0,-39.01085275031038,1
1,1,1,1,1,0,1,0,0,0,1,0,0,0,0,1,1,0,1,1,1,1,0,0,1,0,0,0,0,1,0,0,0.0,-39.01070747173446,1
1,0,0,1,0,0,1,1,0,1,0,0,0,0,1,0,0,0,1,0,0,0,0,0,1,1,1,1,1,1,1,1,0.0,-39.01068671760498,1
1,0,1,1,0,1,0,1,0,0,1,0,0,0,0,0,0,1,1,1,1,1,1,0,0,0,0,0,0,1,1,1,0.0,-39.010514498412036,1
0,0,0,1,0,0,0,0,0,1,1,1,1,0,1,1,0,0,0,0,0,0,0,1,1,1,1,1,1,1,0,1,0.0,-39.01034736668095,1
0,0,0,1,0,1,1,0,1,1,1,1,0,0,0,0,1,0,0,0,1,0,1,0,0,0,1,1,1,1,1,0,0.0,-39.0099579029402,1
1,1,0,1,1,1,0,0,0,1,1,1,0,1,0,1,0,0,0,0,0,0,0,0,1,1,0,1,1,1,0,0,0.0,-39.00976230747535,1
0,0,1,1,0,0,1,0,0,1,0,0,1,0,0,1,1,1,0,0,1,1,1,0,0,0,1,1,0,1,0,1,0.0,-39.00941631734402,1
1,1,0,0,0,1,1,1,1,0,0,1,0,0,0,0,0,0,1,1,1,0,1,0,0,1,1,1,1,0,0,0,0.0,-39.009085202048006,1
1,1,1,0,1,0,1,0,0,0,1,0,1,1,0,1,0,1,1,1,1,0,0,0,1,0,0,0,0,1,0,0,0.0,-39.0088626020296,1
1,1,1,0,0,1,1,0,0,1,1,1,0,0,1,0,0,0,0,0,1,0,0,0,0,1,0,1,1,1,0,1,0.0,-39.00828646899654,1
0,0,1,1,0,0,1,0,1,0,0,0,0,1,0,1,1,1,0,0,1,0,0,1,1,1,0,0,1,1,1,0,0.0,-39.00797740601499,1
1,1,0,1,1,0,0,0,0,1,1,0,0,0,0,0,1,0,1,1,0,1,1,0,0,0,1,1,1,1,0,0,0.0,-39.007086387973914,1
1,0,0,1,0,0,0,0,0,1,1,0,0,1,0,0,1,0,1,1,1,0,1,0,1,1,0,1,0,1,0,1,0.0,-39.00705160159626,1
0,1,1,1,1,0,0,0,0,1,1,1,0,0,0,1,1,0,0,0,0,0,1,0,1,0,1,1,0,1,1,0,0.0,-39.00670514516055,1
1,1,1,1,1,1,0,0,0,1,0,0,0,1,1,0,1,0,0,0,1,0,0,0,0,1,0,0,1,1,0,1,0.0,-39.00662593459787,1
0,0,1,0,0,0,0,1,0,1,0,1,0,0,0,0,0,1,0,0,1,1,0,1,0,1,1,1,1,1,1,1,0.0,-39.00603981271606,1
1,1,0,1,0,0,0,0,0,1,1,1,0,0,1,1,1,0,1,0,1,1,1,0,0,0,0,1,0,0,0,1,0.0,-39.00535847060617,1
1,0,1,1,0,0,1,0,0,0,1,0,0,0,1,1,0,0,0,1,1,1,1,0,1,0,0,1,0,1,1,0,0.0,-39.00501514006126,1
1,0,0,0,0,1,0,1,0,1,1,1,0,1,1,1,1,0,1,0,0,0,1,0,1,0,0,1,1,1,0,1,0.0,-39.00459671223322,1
1,0,0,1,1,1,1,1,0,0,0,1,0,0,1,1,0,1,1,0,0,0,1,0,0,1,0,0,0,1,0,1,0.0,-39.00436583209651,1
1,0,0,0,1,1,1,0,0,0,1,1,0,0,0,0,0,1,0,0,1,1,1,0,0,1,1,1,0,1,0,1,0.0,-39.00422641866787,1
1,1,1,0,1,0,1,0,0,0,1,1,0,0,1,0,0,0,0,1,0,0,0,1,1,0,1,1,1,0,1,0,0.0,-39.00381047399515,1
0,1,1,0,0,0,1,1,0,1,1,1,1,1,0,0,1,0,0,0,0,0,0,0,1,1,0,1,0,1,1,0,0.0,-39.00356722426531,1
1,1,0,1,1,1,1,0,0,0,0,0,1,0,1,1,0,0,0,1,0,0,0,0,1,1,1,0,1,1,0,0,0.0,-39.003120013545484,1
0,1,0,0,1,0,0,1,1,0,1,1,0,1,1,1,1,0,0,0,0,1,1,0,0,0,1,0,1,1,1,1,0.0,-39.00293874456897,1
0,0,1,0,1,0,0,0,1,1,1,0,0,0,1,0,1,1,1,1,0,0,1,0,1,1,1,1,0,0,0,1,0.0,-39.00290331359326,1
0,0,0,0,1,0,0,0,0,0,0,1,0,1,1,1,1,1,0,1,1,1,0,1,1,0,0,0,1,1,1,0,0.0,-39.00273088433782,1
1,0,0,1,1,0,0,1,0,1,1,0,0,0,0,1,0,0,1,1,1,1,1,0,1,0,0,0,0,1,1,0,0.0,-39.00273079261777,1
1,1,0,1,0,1,1,0,0,1,0,1,0,1,0,1,0,0,0,0,1,1,0,1,1,1,0,0,1,0,1,1,0.0,-39.002441243617184,1
1,1,0,1,1,0,1,0,0,0,1,0,1,0,1,0,0,0,1,0,0,1,1,0,1,1,0,1,0,0,0,1,0.0,-39.00207383676142,1
0,0,0,1,0,0,1,0,0,1,0,0,1,1,0,1,0,0,0,1,1,1,0,0,1,1,1,1,1,0,0,1,0.0,-39.00167545487324,1
1,0,1,0,0,1,1,1,1,1,0,0,0,1,0,0,0,0,0,0,1,1,1,0,0,0,1,1,0,1,1,0,0.0,-39.00142423900892,1
0,0,0,1,1,0,1,1,0,0,1,0,0,0,1,1,1,0,1,1,0,0,0,0,0,1,0,1,1,1,0,1,0.0,-39.00114686685459,1
1,1,1,1,0,0,0,0,1,0,1,1,0,1,1,1,0,0,1,1,0,0,0,0,0,0,0,1,1,1,1,1,0.0,-39.001044899795254,1
1,0,0,1,0,0,0,1,0,0,1,0,1,0,0,0,0,1,1,0,1,1,1,0,1,1,1,1,1,1,0,1,0.0,-39.00077999215546,1
1,1,0,1,1,1,0,0,0,1,1,0,0,1,0,1,0,0,1,0,1,1,1,0,1,0,1,0,0,1,0,1,0.0,-39.00050058542071,1
0,1,0,1,0,0,0,0,0,0,1,1,0,0,1,0,1,1,0,0,1,1,1,0,0,1,1,1,0,1,0,1,0.0,-39.00024196716807,1
1,1,1,1,1,1,1,0,0,1,1,0,1,0,0,0,1,0,1,0,0,0,1,1,0,0,1,0,0,1,0,1,0.0,-39.00015916558126,1
1,0,0,0,0,1,1,0,1,1,1,0,1,0,0,0,1,0,0,0,0,1,1,0,1,1,0,0,1,1,0,1,0.0,-38.999674254712524,1
1,0,0,1,0,1,0,0,1,0,0,1,0,0,1,0,1,0,0,1,1,0,1,0,0,1,1,1,1,1,1,1,0.0,-38.999594860744715,1
1,1,0,0,0,0,1,0,0,1,1,1,1,1,1,0,0,0,0,1,1,0,0,0,0,0,1,0,1,1,1,0,0.0,-38.999481453609505,1
1,1,0,1,0,0,1,0,0,1,1,0,0,0,1,0,0,0,0,0,0,1,1,0,0,1,1,0,1,1,1,1,0.0,-38.99945264416987,1
0,1,0,1,0,1,0,0,1,1,1,1,1,1,0,1,1,0,0,0,0,0,0,0,0,1,0,1,0,1,0,1,0.0,-38.999346501586544,1
1,1,0,1,0,0,1,0,1,0,1,0,1,0,1,0,0,0,1,0,0,1,0,1,1,0,1,0,0,0,1,1,0.0,-38.99913218329956,1
1,0,0,1,1,1,1,1,0,0,1,0,0,0,1,0,0,1,1,0,0,0,1,0,1,0,0,1,1,1,0,0,0.0,-38.99884738000659,1
1,1,0,0,1,1,0,0,0,0,1,1,0,1,1,1,1,0,0,0,0,1,1,0,0,1,1,1,1,1,0,0,0.0,-38.99812143625737,1
1,0,0,1,1,0,0,1,0,1,1,0,0,0,0,1,1,0,1,0,0,1,1,0,1,1,1,0,0,0,0,1,0.0,-38.99760688499753,1
0,1,0,0,0,1,0,1,0,1,0,1,1,1,1,0,0,0,0,1,1,0,1,0,0,1,1,0,1,1,0,0,0.0,-38.997036941967906,1
1,1,0,1,0,1,1,1,0,1,0,0,1,0,0,0,0,1,0,0,0,0,0,0,1,1,0,1,1,1,0,1,0.0,-38.99679630898587,1
1,0,1,1,0,0,1,0,0,1,1,0,0,0,1,1,1,1,0,0,0,0,1,0,0,0,0,0,1,1,1,1,0.0,-38.996410719373024,1
1,0,1,1,0,0,1,0,0,0,1,0,0,1,1,0,0,1,1,0,1,0,0,0,0,1,1,0,1,0,1,1,0.0,-38.99623119529914,1
1,0,1,1,1,0,0,0,1,1,1,1,1,0,0,1,1,0,0,0,1,0,0,0,1,0,0,1,1,0,1,1,0.0,-38.99586835238979,1
1,1,1,1,1,1,0,0,0,0,1,1,0,0,1,0,1,0,0,0,0,0,1,0,1,1,1,1,0,1,0,1,0.0,-38.99584079779912,1
1,0,1,1,0,1,1,1,0,1,0,0,0,0,1,0,0,1,0,0,0,1,1,0,0,0,0,0,1,1,1,1,0.0,-38.99566357027178,1
1,0,1,1,0,0,0,0,0,1,0,1,1,0,1,0,0,1,0,0,1,1,1,0,0,1,1,0,0,1,0,1,0.0,-38.99447851772128,1
1,0,1,1,0,1,1,0,1,1,1,0,0,0,0,0,1,0,0,0,1,1,0,1,0,0,1,0,0,1,0,1,0.0,-38.99446920678975,1
1,1,0,1,1,0,1,0,0,0,1,1,1,0,0,0,1,0,0,1,0,1,1,0,1,1,1,0,0,1,0,1,0.0,-38.9940541611716,1
1,0,0,1,0,1,1,0,1,1,1,0,0,0,0,0,0,0,0,0,0,1,1,0,0,1,1,0,1,1,1,1,0.0,-38.99385046691931,1
1,1,0,1,0,1,0,0,0,1,1,0,0,1,0,0,1,0,0,0,1,1,1,0,1,1,1,1,1,0,0,1,0.0,-38.993722205322655,1
0,1,0,1,1,1,1,0,0,1,0,1,0,0,0,1,1,0,1,1,0,0,1,0,1,0,0,0,1,1,0,0,0.0,-38.993614903209185,1
0,1,0,1,1,0,0,0,1,0,1,1,1,0,0,1,1,0,0,1,0,1,1,0,0,1,0,1,0,0,0,1,0.0,-38.99292653343912,1
0,1,0,0,1,0,0,0,0,1,1,0,1,0,1,1,0,1,0,0,1,0,1,0,0,1,0,0,1,1,1,1,0.0,-38.992877088794295,1
1,1,0,0,0,0,0,0,1,1,1,0,1,0,0,0,1,0,0,1,1,0,1,0,0,1,1,1,0,1,0,1,0.0,-38.992754502483855,1
1,1,1,1,0,0,0,0,0,1,1,1,0,0,1,0,0,0,0,1,0,0,1,1,1,0,0,0,1,1,1,0,0.0,-38.99271963320925,1
1,1,0,1,0,0,1,0,0,1,1,0,0,1,0,1,0,1,1,0,0,1,0,0,1,0,0,0,0,1,1,1,0.0,-38.992694472155634,1
1,1,0,0,0,1,0,0,0,0,1,1,1,1,0,0,0,1,0,0,0,1,1,1,0,1,0,0,1,1,0,1,0.0,-38.992402621742826,1
1,0,1,0,0,0,1,1,0,1,1,0,0,1,0,1,0,1,1,0,1,0,1,0,0,1,0,0,1,1,0,0,0.0,-38.99176765115429,1
1,0,0,1,1,1,1,0,0,1,1,0,1,0,0,0,0,0,0,1,0,1,0,1,1,0,0,1,1,1,0,0,0.0,-38.991631425691224,1
0,1,0,1,0,1,1,1,0,0,1,1,0,1,1,0,0,1,1,0,1,0,0,0,0,1,0,0,1,0,0,1,0.0,-38.99162982186415,1
1,1,0,1,0,0,1,1,1,1,1,1,1,0,0,0,0,0,0,0,0,0,1,0,0,1,1,0,0,1,0,1,0.0,-38.991588129963574,1
1,0,0,0,1,1,1,0,1,0,1,1,1,0,0,0,1,0,1,1,1,0,0,0,0,1,1,0,0,1,0,0,0.0,-38.9915530237085,1
1,1,0,1,0,0,1,0,0,1,1,1,1,0,1,0,0,0,0,1,0,1,1,0,0,0,0,1,1,1,0,0,0.03125,-38.99114384558,1
1,1,1,0,0,1,0,0,0,1,1,1,0,0,0,1,1,1,0,0,1,1,1,0,1,0,0,0,1,1,1,0,0.0,-38.990395054446196,1
0,0,0,1,1,0,1,1,1,0,1,0,1,0,1,1,0,0,0,0,0,1,0,0,1,1,0,0,1,1,0,1,0.0,-38.990336455024604,1
1,1,1,1,0,0,1,0,0,1,1,0,1,0,0,1,0,0,1,0,0,0,1,0,1,1,1,1,0,0,1,1,0.0,-38.99006719156255,1
1,1,1,0,0,0,0,0,0,1,1,0,1,1,1,0,1,0,0,0,0,1,1,0,0,1,1,0,1,1,1,1,0.0,-38.98985219937624,1
1,1,1,1,1,1,1,0,0,1,0,1,0,0,0,0,1,0,0,0,0,1,1,0,1,1,0,0,1,1,0,1,0.0,-38.98965228532167,1
1,1,0,1,1,0,0,1,0,0,1,0,0,0,1,0,1,0,1,1,0,0,1,1,1,1,0,0,0,1,0,0,0.0,-38.9887596988277,1
0,0,0,0,0,1,1,0,1,0,1,1,0,0,0,0,1,1,1,0,1,0,1,0,0,1,1,1,0,1,0,1,0.0,-38.98725678498762,1
0,1,1,1,1,0,0,1,0,1,1,1,1,0,1,0,0,0,1,0,1,0,1,0,0,1,1,0,1,0,0,1,0.0,-38.98678070738472,1
1,0,0,1,1,1,1,0,0,0,1,1,0,1,0,1,0,0,0,1,0,0,1,0,1,1,1,1,0,1,0,1,0.0,-38.98622284310398,1
0,1,0,1,0,0,0,0,0,1,1,1,0,0,1,0,0,0,1,1,1,0,1,1,1,1,0,0,1,0,0,1,0.0,-38.986175826780965,1
1,1,0,1,1,1,0,0,1,0,0,0,1,0,0,1,0,1,1,1,0,0,0,1,1,0,1,0,1,0,0,0,0.0,-38.98577986006777,1
0,1,0,1,1,0,0,0,1,0,0,1,0,0,1,0,1,1,1,0,1,0,0,1,1,0,0,1,1,1,0,0,0.0,-38.98558471087515,1
1,1,1,1,0,1,1,0,0,0,1,0,1,0,1,1,0,1,0,0,0,0,1,0,1,0,1,1,0,1,0,1,0.0,-38.98533907781911,1
1,1,1,0,0,0,1,0,1,1,1,0,0,0,0,1,1,0,0,0,1,0,1,0,1,1,0,0,0,1,1,0,0.0,-38.98494044200754,1
1,1,0,1,0,0,1,0,0,0,1,0,0,0,1,0,0,1,0,0,1,0,1,1,1,1,1,0,1,1,0,0,0.0,-38.984916324570065,1
1,0,0,1,1,0,0,1,0,1,1,0,0,1,0,1,0,1,0,0,0,0,1,0,1,1,0,0,1,1,1,0,0.0,-38.984109775483546,1
1,1,1,1,1,0,0,1,0,1,1,0,0,0,0,1,0,0,0,0,0,1,1,0,1,1,1,0,0,1,1,1,0.0,-38.98386798506736,1
0,0,0,1,1,0,1,1,0,1,0,0,0,1,0,0,1,1,0,0,1,0,1,0,0,1,1,1,1,1,0,0,0.0,-38.98380020332948,1
1,1,0,0,0,1,1,0,0,1,0,0,0,1,1,0,0,0,1,1,0,0,1,0,0,1,0,1,1,1,1,0,0.0,-38.98358253390084,1
1,1,0,1,0,0,1,0,0,1,1,1,0,0,1,1,1,0,1,0,0,0,1,1,1,0,1,0,0,1,0,1,0.0,-38.98352340615096,1
1,1,0,1,0,0,1,0,1,1,0,1,0,0,1,0,1,0,0,0,1,0,0,1,0,1,1,0,1,1,0,0,0.0,-38.98348790923362,1
1,1,0,0,0,0,1,0,0,0,1,1,0,1,1,1,0,1,1,0,0,0,0,0,1,1,0,1,1,1,1,1,0.0,-38.98284910043576,1
0,1,0,1,0,1,1,0,0,1,0,0,1,1,1,0,1,1,0,0,0,0,1,0,1,0,0,0,1,0,1,1,0.0,-38.982590693355746,1
1,0,0,1,1,1,0,1,0,0,1,0,0,0,1,0,0,1,0,0,0,1,1,0,0,1,1,1,1,1,0,0,0.0,-38.982545474800986,1
1,1,0,0,1,0,0,0,0,0,1,1,0,0,1,0,1,1,1,1,1,0,1,1,0,0,1,0,0,0,1,0,0.0,-38.98240757316972,1
1,1,0,1,0,0,0,0,1,1,1,1,0,1,1,1,1,0,1,0,0,0,1,1,0,0,0,0,0,1,0,0,0.0,-38.98216261587487,1
1,0,0,1,0,0,1,0,1,1,1,0,0,1,0,1,0,1,0,0,0,0,1,0,1,0,1,0,1,1,0,1,0.0,-38.9821155542136,1
1,1,0,0,0,0,1,0,1,1,1,1,1,1,1,1,0,0,0,0,0,0,1,0,0,0,1,1,0,1,0,0,0.0,-38.981419687766746,1
0,1,1,1,0,1,0,0,0,1,1,0,0,0,1,1,0,0,1,0,1,0,1,0,1,1,1,0,1,1,0,1,0.0,-38.98141848205373,1
0,0,1,1,0,0,1,1,1,1,1,0,0,1,0,1,1,0,1,0,0,1,1,0,0,0,1,0,1,1,0,1,0.0,-38.98105855460972,1
1,1,0,1,1,0,0,0,0,1,1,1,0,1,1,0,0,1,1,0,0,0,1,0,0,0,0,1,0,1,0,1,0.0,-38.9805035775691,1
1,0,0,0,1,1,1,0,0,1,1,0,0,0,0,1,0,0,1,1,0,1,1,1,0,1,0,0,0,1,0,1,0.0,-38.98040256075688,1
1,0,0,0,0,1,1,0,0,1,1,1,0,0,1,0,1,0,1,0,1,0,1,0,0,1,1,1,1,1,1,0,0.0,-38.97968615246564,1
1,1,1,0,1,1,1,0,0,0,0,1,0,0,1,1,0,1,0,1,0,0,1,0,1,0,0,1,0,1,0,0,0.0,-38.979443917110714,1
0,1,1,1,0,0,0,1,1,1,1,1,1,1,0,0,0,1,0,0,1,1,1,0,0,0,0,0,0,1,0,0,0.0,-38.979383511257346,1
1,1,0,1,1,1,1,0,0,1,0,1,0,0,0,1,0,0,1,1,1,1,1,0,0,0,1,0,0,1,1,0,0.0,-38.9792629871971,1
1,1,0,1,1,1,0,0,0,1,1,0,1,0,1,0,1,1,0,0,1,0,0,0,1,0,0,0,1,0,0,1,0.0,-38.979051836460656,1
0,0,1,0,1,0,1,1,0,1,1,0,1,0,1,0,1,0,0,0,1,0,1,0,0,1,1,1,1,1,0,1,0.0,-38.97893397579119,1
0,0,0,1,1,0,0,1,0,1,1,1,0,0,0,1,0,1,1,1,0,0,0,1,1,0,0,0,1,1,1,0,0.0,-38.978644925481156,1
1,0,0,0,0,1,0,1,1,1,1,1,0,0,1,1,1,0,1,0,0,0,0,0,0,1,0,0,0,1,1,1,0.0,-38.97825148701451,1
1,1,1,1,0,0,0,0,0,1,1,0,1,0,0,1,0,1,0,0,0,1,1,0,1,1,1,0,0,1,0,0,0.0,-38.97808014001864,1
0,0,0,0,1,1,1,0,1,1,0,1,0,0,0,0,1,1,0,0,1,0,1,0,0,1,1,0,1,1,0,1,0.0,-38.97753226422292,1
1,0,0,1,1,0,1,0,0,1,1,0,0,1,1,1,0,0,0,0,0,1,0,1,1,0,1,0,0,1,0,1,0.0,-38.977061163592005,1
1,1,1,1,0,1,0,0,1,1,1,0,0,0,0,1,1,1,0,0,1,0,1,0,0,0,1,0,0,1,0,0,0.0,-38.97699848341425,1
1,0,0,1,1,0,0,0,0,1,1,1,0,1,1,1,0,1,0,0,1,1,0,0,1,0,0,0,1,0,0,1,0.0,-38.97694872478296,1
1,0,1,0,1,1,1,0,0,1,1,1,0,0,1,1,1,0,1,0,1,0,0,0,0,1,0,0,1,1,0,1,0.0,-38.97669281475688,1
1,1,0,0,0,1,0,0,1,1,0,0,0,1,0,1,0,0,1,1,1,1,1,0,1,1,0,0,1,1,0,1,0.0,-38.97666631760877,1
1,0,0,0,0,1,0,1,0,1,1,0,1,0,1,1,0,1,1,0,1,0,1,0,1,0,1,0,1,1,0,1,0.03125,-38.97635178163007,1
1,0,1,1,1,0,0,1,0,0,1,0,0,0,0,0,1,1,1,0,0,1,0,1,0,1,1,1,0,1,1,1,0.0,-38.97622258723799,1
0,1,1,1,1,1,1,0,0,1,1,0,0,1,0,1,1,0,1,0,1,0,0,0,1,0,0,0,1,0,1,1,0.0,-38.97619744988809,1
1,1,0,1,1,0,1,0,0,1,1,0,0,0,1,1,0,0,0,1,0,0,1,0,0,1,0,0,1,1,0,1,0.0,-38.9757927793948,1
0,0,0,1,1,1,0,0,0,1,1,0,0,0,1,1,0,0,1,0,1,0,1,0,0,1,1,1,0,1,1,0,0.0,-38.97554741954616,1
1,1,1,1,0,0,1,0,0,0,1,0,0,1,1,0,0,0,1,0,1,1,1,1,1,1,0,1,0,0,1,0,0.0,-38.97503575917432,1
0,0,1,0,1,0,1,0,0,0,1,1,0,0,1,0,1,1,0,0,1,0,0,0,1,1,1,1,1,1,1,1,0.0,-38.97470691166231,1
1,1,0,0,0,0,1,0,1,1,1,0,0,0,0,0,1,0,0,1,1,1,1,1,0,1,0,0,1,0,0,1,0.03125,-38.97420045445723,1
0,0,0,1,0,0,1,0,0,1,1,0,0,0,0,1,0,1,0,1,1,0,1,0,1,1,1,0,1,1,0,1,0.0,-38.973924584361534,1
1,1,0,1,1,0,1,0,0,1,1,1,0,1,0,1,0,0,1,1,1,0,1,0,1,0,0,1,0,1,0,0,0.0,-38.97359835902186,1
1,0,1,1,1,1,0,1,0,1,1,1,1,1,0,0,1,0,0,0,0,0,0,0,1,1,1,1,0,0,0,1,0.0,-38.97308580820071,1
0,1,0,0,1,0,1,1,0,1,0,1,0,0,0,0,1,1,0,0,0,0,1,0,1,1,1,1,1,1,0,0,0.0,-38.97290192388917,1
1,0,1,1,1,0,1,1,0,0,1,0,0,0,1,1,0,1,0,0,1,1,1,1,0,0,1,0,0,1,1,0,0.0,-38.97251092929889,1
1,0,0,0,0,0,0,1,1,1,1,0,0,1,0,1,1,1,0,0,0,1,0,1,0,0,1,0,1,1,1,0,0.0,-38.972340101146585,1
1,0,1,1,1,0,1,1,0,0,1,0,0,0,1,0,1,0,1,1,0,1,1,0,1,0,1,0,0,0,0,0,0.0,-38.972161567246744,1
0,0,0,0,1,0,1,0,0,1,1,1,0,0,0,0,1,0,0,1,0,1,0,1,1,1,0,1,0,1,1,1,0.0,-38.97198149033408,1
1,0,0,1,0,0,1,1,1,0,1,0,1,1,1,1,1,0,0,1,0,1,1,0,0,0,0,0,1,1,1,0,0.0,-38.971915664387296,1
1,1,0,1,0,1,1,0,1,1,1,0,0,0,0,0,0,0,1,0,0,0,1,0,1,1,1,0,1,0,1,0,0.0,-38.971400394601524,1
0,1,0,1,0,0,0,0,1,0,1,0,0,0,1,0,1,0,1,1,0,1,1,1,0,1,1,0,0,1,0,1,0.0,-38.971095114438135,1
1,0,1,0,0,0,1,0,1,0,1,1,0,1,1,0,0,1,0,0,1,0,1,0,0,1,0,1,0,1,1,0,0.0,-38.97107171829413,1
1,1,0,1,1,0,1,0,0,0,1,0,0,0,1,0,0,0,0,1,1,1,1,1,0,1,1,0,0,1,1,1,0.0,-38.97073718080638,1
1,1,1,1,0,0,0,1,0,1,1,0,1,0,0,1,1,1,0,1,0,0,1,1,1,0,0,0,1,0,0,1,0.0,-38.97070888042406,1
0,1,0,1,1,0,1,1,0,1,0,1,0,1,1,1,0,0,0,1,1,0,0,0,0,1,0,0,1,1,0,0,0.0,-38.9706820988461,1
1,0,0,0,0,1,0,0,0,1,0,1,0,0,0,1,1,1,0,1,1,0,1,0,1,1,1,1,1,0,1,1,0.0,-38.97017828621718,1
1,1,0,0,1,1,1,0,0,1,1,0,1,0,0,0,0,0,0,1,0,1,1,0,1,1,1,0,0,0,0,1,0.0,-38.969908235199284,1
1,1,1,1,1,0,0,0,1,1,1,1,0,0,0,0,1,1,0,0,0,0,0,0,0,0,1,1,1,1,0,0,0.0,-38.969370702863934,1
1,1,0,1,1,0,1,0,0,1,1,1,0,0,1,1,0,0,0,0,0,0,1,1,1,1,0,0,0,1,0,0,0.0,-38.96930905700223,1
1,0,0,0,1,0,0,1,0,1,1,0,0,1,0,1,1,0,0,1,0,1,1,1,0,1,1,0,1,0,1,1,0.0,-38.968851846770264,1
1,1,1,0,1,0,1,0,0,1,1,1,0,0,0,0,1,1,0,0,0,0,0,0,1,1,0,1,0,1,0,1,0.0,-38.96851914134155,1
0,1,0,0,0,0,0,0,0,1,1,0,1,1,1,1,1,1,1,0,0,0,0,0,0,1,1,0,1,1,1,0,0.0,-38.9684802678388,1
1,0,1,1,0,0,1,1,1,1,1,0,0,0,0,1,0,0,1,1,0,1,1,0,0,0,1,0,1,1,0,1,0.0,-38.96818722645344,1
0,0,0,1,1,0,1,1,0,0,1,0,0,0,1,0,1,1,0,0,1,0,1,0,1,1,1,1,0,0,0,1,0.0,-38.96812466097514,1
1,0,1,0,1,0,1,1,0,1,1,1,0,1,1,1,1,0,1,0,0,1,0,0,0,0,0,0,1,0,0,0,0.0,-38.96810293065094,1
1,1,0,0,1,1,0,0,1,1,1,0,0,0,1,1,1,0,0,0,1,0,1,0,0,1,0,0,0,1,0,1,0.0,-38.967866061492686,1
1,0,1,1,0,0,1,0,0,1,1,1,0,1,0,1,1,0,0,0,1,1,1,0,1,1,1,1,0,0,0,0,0.0,-38.96709686243768,1
1,0,0,1,0,0,1,0,0,1,1,0,0,0,1,1,0,1,0,0,1,1,1,0,1,0,1,0,0,1,1,0,0.0,-38.96652269667889,1
1,0,0,0,0,1,0,0,1,1,0,1,0,0,1,1,1,0,1,1,0,0,1,1,0,0,1,1,0,0,0,1,0.0,-38.96651968743064,1
1,1,0,1,0,0,1,0,1,1,0,1,0,0,0,0,1,1,1,0,1,0,1,1,1,0,0,1,0,1,0,1,0.0,-38.966405152008534,1
1,1,0,1,1,1,0,0,1,0,1,1,0,0,1,0,1,1,0,0,1,0,0,0,1,0,0,1,0,1,1,1,0.0,-38.96606900667211,1
0,1,0,1,0,0,0,1,1,1,1,1,1,1,0,1,1,0,0,0,0,0,1,0,1,1,0,1,0,1,1,0,0.0,-38.96571628803237,1
0,0,1,1,1,0,0,0,0,1,1,0,0,0,1,0,0,1,0,0,1,0,1,1,1,1,0,0,1,0,1,1,0.0,-38.96569275451894,1
1,0,0,1,1,0,1,0,0,1,1,0,0,0,1,1,0,0,1,1,1,0,0,0,0,0,1,1,0,1,1,0,0.0,-38.96568475062816,1
1,0,0,1,1,1,0,0,0,1,0,0,0,1,1,0,1,1,0,1,1,1,1,0,0,0,0,0,1,0,0,1,0.0,-38.96533363399954,1
1,1,0,1,1,0,1,0,0,0,1,1,0,1,1,0,0,1,0,1,0,0,0,0,0,1,0,1,0,1,0,1,0.0,-38.965123938862696,1
0,1,1,0,0,0,1,0,1,0,0,0,0,1,1,1,1,1,0,0,1,0,1,0,0,1,1,1,0,1,0,0,0.0,-38.96468505407786,1
1,0,0,0,1,0,1,0,0,1,1,1,0,1,1,0,1,0,0,1,0,1,0,1,0,0,0,1,1,0,0,1,0.0,-38.964571077780256,1
1,1,0,1,0,0,0,1,0,1,1,0,0,0,1,0,0,0,0,1,1,1,1,1,0,1,1,0,1,1,0,1,0.0,-38.963751861143386,1
1,0,0,1,1,0,1,0,0,1,0,1,0,1,0,1,0,1,1,1,0,1,1,0,0,1,0,0,1,0,0,0,0.0,-38.96374043302867,1
1,1,1,1,0,1,1,0,0,1,0,0,1,0,0,1,1,1,1,1,0,1,0,0,0,0,1,0,1,0,0,1,0.0,-38.96314972683892,1
1,0,0,0,1,1,1,0,0,1,0,0,0,0,1,1,1,0,0,1,1,1,1,0,1,0,0,0,1,1,0,0,0.0,-38.96307480611728,1
1,0,0,0,0,1,1,0,1,1,1,1,0,0,1,0,1,0,1,0,0,0,1,0,0,1,1,0,0,1,0,1,0.0,-38.962776165839436,1
0,0,0,0,0,1,1,0,1,0,1,0,1,1,1,1,0,1,0,0,0,0,1,0,0,1,1,0,0,1,1,1,0.0,-38.962680047112464,1
1,0,1,0,1,1,0,0,1,0,1,0,0,0,1,1,0,0,1,1,0,1,0,0,1,0,1,1,1,1,0,1,0.0,-38.96252203751524,1
1,0,0,0,0,1,1,1,1,1,0,1,0,1,1,0,0,0,0,1,1,0,0,0,1,0,0,1,1,1,0,0,0.0,-38.96234733587856,1
1,0,1,1,0,1,1,1,0,1,1,0,0,0,0,0,0,1,0,0,0,1,1,1,0,1,0,0,1,1,0,0,0.0,-38.96225192210086,1
1,1,0,1,1,1,0,1,1,1,1,0,0,0,0,0,1,0,1,0,0,0,0,0,1,1,1,0,0,1,0,0,0.0,-38.96220861029788,1
1,0,1,0,0,0,1,0,0,1,1,1,1,0,0,0,0,1,0,0,1,1,1,1,0,1,1,1,1,0,0,1,0.0,-38.96207983812791,1
1,0,1,0,0,1,1,0,0,1,0,0,1,0,1,1,1,1,0,0,0,0,1,0,0,1,1,1,1,1,0,1,0.0,-38.96114713990295,1
0,0,0,1,0,0,1,1,1,1,0,0,0,1,0,1,1,1,0,0,0,0,0,1,0,1,0,1,1,1,1,0,0.0,-38.96113601990781,1
1,0,1,0,0,0,1,0,0,1,1,0,0,0,1,0,0,1,0,0,0,0,1,1,1,1,0,1,1,1,0,1,0.0,-38.96066524668256,1
1,1,1,0,0,1,0,1,0,1,0,0,0,0,1,1,0,1,0,0,0,1,0,0,1,0,1,1,1,0,0,1,0.0,-38.96055563918743,1
1,0,0,1,1,1,0,0,1,1,1,0,0,0,0,0,0,1,0,0,0,0,1,0,0,1,1,1,1,1,0,1,0.0,-38.96016645328874,1
1,1,0,1,0,1,0,0,1,1,1,1,0,1,1,0,0,1,0,0,0,0,0,0,0,0,1,0,1,1,0,1,0.0,-38.96005268028619,1
0,1,1,1,0,1,1,0,0,1,1,0,0,1,1,0,1,0,1,0,0,0,1,1,0,1,0,0,0,1,0,0,0.0,-38.959932865058256,1
1,0,0,0,0,0,1,0,1,1,1,1,1,0,1,0,1,1,0,0,1,0,1,0,0,1,0,0,1,0,0,1,0.0,-38.95976693076599,1
1,1,0,0,1,0,1,1,0,1,1,1,0,0,0,0,1,1,1,0,0,1,0,0,1,0,1,0,1,0,1,1,0.0,-38.95969967693232,1
1,1,0,0,0,0,1,0,0,1,0,1,0,1,1,1,0,1,0,1,1,0,1,0,0,1,0,0,0,1,1,0,0.03125,-38.959535780691674,1
1,0,1,1,0,1,0,1,1,1,1,0,1,0,0,1,1,1,0,0,0,0,1,1,0,0,0,1,1,1,0,0,0.0,-38.95952522301506,1
1,1,0,1,1,0,0,0,0,1,1,1,0,1,1,1,1,0,0,0,0,0,0,1,1,1,1,0,1,1,0,0,0.0,-38.959331226008345,1
1,0,0,0,1,1,0,0,1,1,1,0,0,0,1,1,0,0,0,0,0,0,1,1,1,1,1,0,1,1,0,0,0.0,-38.95876844310077,1
1,1,0,1,1,1,1,1,0,1,0,1,1,0,1,1,0,0,1,0,1,0,1,0,1,0,0,1,0,0,0,0,0.03125,-38.958705723331754,1
0,0,0,1,1,0,0,1,0,1,1,0,1,0,1,1,0,1,1,0,0,0,0,0,1,1,0,0,0,1,1,1,0.0,-38.958338589895014,1
1,1,0,0,0,1,1,0,0,0,1,1,0,0,1,0,0,1,1,1,0,1,0,1,1,0,0,1,1,1,0,1,0.0,-38.95774849766707,1
1,1,0,1,1,0,0,0,1,0,1,1,0,1,0,1,0,1,0,0,0,1,1,1,0,1,1,0,1,0,1,0,0.0,-38.95688672258864,1
0,1,0,1,0,1,1,1,0,1,1,1,0,1,0,0,1,1,1,1,1,0,0,0,0,0,0,0,1,0,1,1,0.0,-38.95684524218648,1
1,1,1,1,0,0,1,0,0,1,1,1,0,0,0,1,0,1,1,1,1,1,1,0,0,0,1,0,0,0,0,1,0.0,-38.9561607110774,1
1,1,1,1,0,0,1,0,0,1,0,0,0,0,1,0,1,0,0,1,1,1,1,0,1,0,1,0,0,0,1,0,0.0,-38.956149262353186,1
1,1,1,1,1,1,0,0,0,1,0,1,0,0,1,1,0,0,0,1,0,0,0,0,1,1,1,0,1,1,0,1,0.0,-38.955868106942056,1
0,1,1,0,1,0,0,0,1,1,1,0,0,0,1,0,0,0,1,0,0,1,1,1,1,0,0,0,0,1,1,1,0.0,-38.95570958577754,1
1,1,0,1,0,0,1,1,0,0,1,1,0,0,1,0,0,0,0,1,0,1,1,1,1,1,1,0,0,1,0,1,0.03125,-38.95563843203344,1
1,0,0,1,0,0,1,0,1,1,0,0,0,0,1,1,1,1,0,0,0,0,1,0,0,1,0,1,1,1,0,1,0.0,-38.95453147606269,1
1,1,1,1,1,1,1,0,1,1,0,1,0,1,0,0,0,0,0,0,0,0,1,0,0,1,1,1,0,0,1,1,0.0,-38.9542298487925,1
1,1,1,1,1,0,0,0,0,1,0,0,0,0,1,1,0,1,0,1,0,0,1,0,1,0,0,1,1,0,0,1,0.0,-38.95360969251833,1
1,1,1,1,0,1,1,0,1,0,1,0,0,0,1,1,1,1,0,0,1,0,0,0,1,0,0,1,0,1,0,1,0.0,-38.953452940163984,1
1,1,0,1,0,0,1,0,1,1,1,1,1,0,1,0,0,1,1,0,0,0,1,0,0,0,0,1,1,0,0,0,0.0,-38.95333453388142,1
0,1,0,1,1,1,0,1,1,0,1,1,0,0,1,1,0,0,0,1,0,1,1,0,1,0,1,0,1,0,0,1,0.0,-38.953056735488374,1
1,1,0,1,1,0,0,1,0,1,1,0,0,0,1,0,0,0,1,1,1,1,1,0,0,1,0,1,1,0,0,1,0.0,-38.9530309443876,1
1,1,1,0,1,0,0,0,1,0,1,1,0,0,1,1,1,1,1,0,0,0,0,0,0,1,0,1,0,1,1,1,0.0,-38.95289885417233,1
1,1,1,1,0,1,0,0,0,1,1,1,0,0,1,1,0,1,1,0,1,0,0,1,0,0,1,0,0,0,1,1,0.0,-38.95248787625445,1
0,0,0,0,0,1,1,0,0,1,1,1,1,0,1,1,0,1,0,0,1,1,0,0,0,1,0,1,0,1,1,0,0.0,-38.952311307660814,1
1,0,1,0,0,1,1,1,0,1,1,1,0,0,0,0,1,1,0,0,0,0,0,0,1,1,1,0,0,1,1,0,0.0,-38.951804317355155,1
0,0,1,0,0,1,0,0,1,1,1,0,0,1,0,1,0,1,0,0,0,1,0,0,1,1,1,0,1,1,0,1,0.0,-38.95159002842294,1
1,1,1,0,0,1,0,0,0,1,1,1,0,0,1,1,1,1,0,0,1,1,0,1,0,0,0,1,0,1,0,1,0.0,-38.95155417156253,1
1,1,1,1,1,0,1,0,0,1,1,1,0,0,1,1,0,0,1,0,0,1,0,1,0,0,0,1,1,1,0,0,0.0,-38.95072114520626,1
1,0,1,0,1,1,1,0,0,1,0,1,0,0,1,0,1,0,1,0,1,1,0,0,0,1,1,1,1,0,0,1,0.0,-38.950053238279715,1
1,0,0,0,0,0,1,0,1,1,1,0,1,0,1,1,1,0,0,0,1,1,1,1,0,1,1,0,1,1,0,0,0.0,-38.94994907944963,1
1,0,0,0,0,0,0,0,1,1,0,0,0,0,1,1,1,1,1,0,1,0,1,0,1,1,1,0,0,1,1,0,0.0,-38.949927691601815,1
1,1,1,1,1,0,1,0,1,1,1,0,0,0,0,1,1,0,0,0,1,0,0,0,1,1,1,0,0,1,0,1,0.0,-38.949595745657575,1
1,1,1,1,1,1,0,0,0,0,1,0,0,0,1,1,0,1,0,1,0,1,1,0,0,1,0,0,1,1,1,0,0.0,-38.94891316204996,1
1,0,1,1,0,0,1,0,1,1,1,1,0,1,1,0,1,0,1,0,0,0,0,0,0,1,1,0,1,1,0,1,0.0,-38.948293931591884,1
1,1,0,1,0,1,0,0,0,1,1,1,1,0,1,1,0,1,1,0,0,0,1,0,0,1,1,0,1,1,0,0,0.0,-38.94828057893412,1
1,0,1,1,1,0,1,0,0,1,1,0,1,1,1,0,0,1,0,0,1,0,0,1,0,0,1,0,0,1,1,1,0.0,-38.94822354221209,1
1,1,1,1,0,0,0,0,0,1,1,0,0,0,0,1,0,1,1,1,0,0,1,1,1,0,1,1,0,0,1,1,0.0,-38.94803431232942,1
0,0,1,1,1,0,1,0,0,0,1,0,0,0,1,1,0,1,1,1,1,1,0,0,0,1,1,0,1,0,0,0,0.0,-38.947397201033056,1
0,0,1,0,0,1,1,1,1,1,0,1,0,0,1,0,0,1,0,0,1,1,0,0,1,0,0,0,1,1,1,0,0.0,-38.947366121770216,1
0,1,0,1,1,1,1,0,1,1,0,1,1,1,1,0,0,0,0,0,0,0,0,0,0,1,0,1,1,1,1,1,0.0,-38.94733394392891,1
1,0,0,0,0,1,0,1,0,1,1,0,0,0,0,0,0,1,1,1,1,0,1,1,1,0,1,1,0,1,0,0,0.0,-38.946957619839594,1
0,1,1,1,0,1,1,0,0,1,0,1,0,0,1,0,1,0,0,1,0,1,1,0,1,0,1,0,1,0,0,0,0.0,-38.94692917525417,1
1,0,0,1,1,1,0,1,1,1,1,1,0,0,1,1,1,0,0,0,0,0,1,0,1,0,1,0,0,1,0,1,0.03125,-38.946925158361,1
1,0,0,1,1,0,1,0,0,1,1,1,0,0,1,1,0,0,0,1,0,1,1,1,0,0,1,1,1,1,0,0,0.0,-38.946226358606836,1
0,0,1,1,0,1,1,0,0,1,0,0,0,1,0,1,1,1,0,0,0,1,0,1,1,1,1,0,1,1,0,1,0.0,-38.94612070240386,1
0,0,1,1,0,1,0,1,1,1,0,1,1,1,0,0,0,1,0,0,0,1,0,1,0,1,0,1,1,1,0,1,0.0,-38.94587776123437,1
0,1,0,0,1,1,0,0,0,0,1,1,0,1,1,0,0,1,1,0,0,0,1,1,1,1,1,1,1,0,0,1,0.0,-38.9458696285638,1
1,1,0,1,1,1,0,0,0,1,0,0,0,1,1,1,0,1,0,0,0,0,0,1,0,1,0,1,0,1,1,0,0.0,-38.945210250496665,1
1,0,1,0,0,1,1,1,0,1,1,0,0,1,0,1,0,1,0,0,1,1,0,0,0,1,1,1,0,1,0,1,0.03125,-38.945184527372966,1
1,1,1,1,0,0,0,0,1,1,0,0,0,0,1,0,1,1,1,1,1,0,0,0,0,0,1,0,0,1,0,1,0.0,-38.945140045148115,1
1,1,1,0,0,1,1,0,1,1,1,0,1,0,1,0,1,0,0,0,0,0,0,0,0,1,1,1,0,0,0,1,0.0,-38.945008858455004,1
0,1,0,1,0,0,0,1,0,1,1,1,1,1,1,0,0,0,1,1,0,1,1,0,0,1,0,1,0,0,1,1,0.0,-38.9448565352328,1
1,0,1,0,1,1,0,0,0,1,0,0,0,0,1,1,1,1,0,1,1,0,1,0,0,1,1,0,1,1,0,1,0.0,-38.94421148585361,1
1,1,0,1,0,0,1,0,0,1,1,1,0,0,1,0,1,1,1,1,0,0,1,0,0,0,1,0,1,1,0,1,0.0,-38.944081084327784,1
1,0,0,1,0,1,1,0,0,1,0,0,0,1,1,1,1,1,0,0,0,1,1,0,0,1,1,0,1,1,0,1,0.0,-38.94330794469454,1
1,1,0,1,1,0,1,0,0,0,1,1,1,0,1,0,1,1,0,1,1,1,0,0,0,1,1,0,1,0,0,0,0.0,-38.94316466164075,1
1,1,0,0,0,0,0,0,0,1,1,0,0,0,1,0,0,1,1,1,1,0,1,0,0,1,1,1,0,0,1,1,0.0,-38.943159596907144,1
1,1,0,1,1,0,0,0,0,1,1,0,0,0,1,1,0,1,0,1,1,0,0,0,1,1,0,0,1,1,0,0,0.0,-38.94273524554439,1
1,1,0,0,0,0,0,0,1,1,0,1,0,0,1,0,1,1,0,0,0,0,0,1,1,1,1,0,0,1,1,1,0.0,-38.94265297321932,1
1,0,0,1,1,0,1,0,1,0,1,0,1,0,1,1,0,1,0,0,1,1,0,0,1,1,1,0,1,0,0,1,0.0,-38.942454040468334,1
1,0,0,0,1,0,1,0,0,1,1,0,1,0,0,0,1,1,0,1,1,1,0,0,1,1,1,0,1,1,0,1,0.0,-38.94200741552152,1
0,1,0,0,0,0,1,1,1,1,1,0,0,0,0,0,1,1,0,1,1,0,1,0,0,1,0,1,1,0,0,1,0.0,-38.94168428839471,1
1,0,0,1,0,0,1,1,1,1,1,1,1,0,0,0,1,0,0,1,0,0,1,1,0,1,0,1,0,1,0,1,0.0,-38.94097955860665,1
1,0,1,1,0,0,1,0,1,1,1,1,0,1,0,0,0,1,1,0,1,1,0,0,0,1,0,0,0,0,1,0,0.0,-38.93957027079974,1
0,0,0,1,1,1,0,0,1,1,0,0,1,0,0,0,0,1,1,1,1,0,1,1,0,1,1,0,1,0,0,0,0.0,-38.93919287731183,1
1,0,0,1,1,0,1,0,0,1,1,0,0,0,1,0,1,0,0,1,1,0,0,1,1,1,1,0,0,1,0,0,0.0,-38.93863628843059,1
1,1,0,1,0,0,1,0,1,1,1,1,1,0,0,1,0,1,1,0,0,1,1,0,1,0,1,0,0,1,0,0,0.0,-38.938538672814985,1
1,0,1,1,1,0,0,0,1,1,1,1,0,0,1,1,0,1,1,0,1,0,1,0,0,0,1,0,0,1,0,1,0.0,-38.937745038763985,1
1,1,0,1,0,0,1,0,0,1,1,1,0,1,1,0,0,1,0,1,0,0,1,0,0,0,1,0,0,1,1,0,0.0,-38.93757332961429,1
1,1,1,1,1,0,0,1,0,1,1,1,1,0,1,1,1,1,0,0,0,0,0,0,1,0,1,0,0,1,0,0,0.0,-38.93595756309195,1
1,1,0,0,0,0,1,0,1,1,1,1,0,0,1,1,1,0,0,0,1,1,0,1,1,1,0,0,0,1,0,1,0.0,-38.93433416004778,1
1,0,0,1,0,1,0,0,1,1,1,1,0,0,1,0,1,1,0,0,1,0,1,1,0,1,0,0,0,0,0,1,0.0,-38.93360213004446,1
1,1,1,0,1,1,0,0,1,1,1,0,0,0,1,1,0,0,1,1,1,0,1,0,0,0,0,0,1,1,1,0,0.0,-38.932464971013744,1
1,0,0,1,1,0,0,0,1,1,1,1,1,0,1,0,1,1,0,1,0,1,0,0,0,0,0,0,1,0,0,1,0.0,-38.93171197622367,1
1,0,0,1,1,0,1,0,1,1,1,1,0,0,1,0,1,0,0,0,0,0,0,0,1,1,1,0,0,1,1,0,0.0,-38.93168453257753,1
1,1,0,1,1,1,0,0,1,1,1,1,0,0,0,1,0,1,1,1,1,0,0,0,1,0,0,0,0,1,0,1,0.0,-38.931004302292415,1
1,1,1,0,0,1,0,0,0,1,0,0,0,1,1,0,1,1,1,0,1,1,1,1,0,1,0,1,0,1,0,0,0.03125,-38.93008510393906,1
1,1,1,1,1,1,1,0,0,1,1,1,0,0,0,0,0,1,0,1,0,0,0,0,1,0,1,1,0,1,0,1,0.0,-38.92955137713398,1
1,1,1,1,1,0,1,0,0,1,1,0,0,0,1,1,0,0,1,0,0,0,1,0,1,1,1,1,0,0,0,1,0.0,-38.928968208624696,1
1,0,1,1,1,0,0,1,1,1,1,0,0,0,0,1,1,1,0,0,1,0,1,0,1,1,0,0,0,1,1,0,0.0,-38.92827679582449,1
1,0,0,1,0,0,0,1,1,1,0,1,0,0,1,1,0,1,1,1,1,0,1,0,1,0,1,0,1,0,1,0,0.0,-38.927877617294435,1
1,1,1,1,0,0,1,1,1,0,1,0,0,1,1,0,0,1,1,1,0,0,0,0,1,0,0,1,1,1,0,0,0.03125,-38.92724221208393,1
1,1,1,1,0,1,1,0,1,1,1,1,0,0,0,1,0,1,0,0,0,0,1,0,0,1,1,0,0,1,0,1,0.0,-38.92701826740352,1
0,0,0,0,0,1,1,0,0,1,1,0,1,1,1,1,0,1,1,1,0,0,0,0,1,1,0,0,0,1,0,1,0.0,-38.926455683309094,1
0,1,0,1,0,1,1,0,1,0,1,1,0,0,0,1,0,1,1,1,0,1,0,0,1,1,1,0,1,1,0,0,0.0,-38.92622704826945,1
1,0,1,1,0,0,1,0,1,1,1,0,0,0,1,1,0,1,1,0,0,0,1,0,0,1,0,0,1,1,1,1,0.0,-38.925481023413475,1
1,0,1,0,0,1,1,1,0,1,0,1,0,1,1,0,1,1,0,0,0,0,1,0,1,1,0,1,0,1,1,0,0.0,-38.92545625158332,1
1,1,1,1,1,0,1,0,0,1,1,0,0,0,1,0,0,1,0,0,0,0,1,1,1,0,1,1,0,1,0,1,0.0,-38.92539456928983,1
1,1,0,1,1,1,0,1,0,1,0,0,0,0,0,1,0,1,0,1,1,1,1,0,1,1,1,0,0,0,1,0,0.0,-38.92471976901527,1
1,0,0,1,0,1,1,1,0,1,1,0,0,1,1,1,0,0,1,1,0,0,1,0,0,1,1,0,1,0,1,0,0.0,-38.923827653654136,1
0,1,1,1,1,0,1,0,0,1,1,0,1,0,1,1,1,0,0,1,1,1,1,0,0,0,0,0,1,1,0,0,0.0,-38.92374615468532,1
1,0,1,1,1,1,0,0,1,1,1,1,1,0,1,1,0,0,0,0,1,0,0,0,1,1,0,1,1,0,0,0,0.0,-38.92345019360827,1
0,1,0,1,0,1,1,0,0,1,1,0,1,0,1,0,0,1,0,1,0,0,1,0,0,1,0,1,0,1,1,0,0.03125,-38.92326200628433,1
1,0,0,1,0,1,1,0,0,1,0,0,0,0,1,1,0,1,0,1,0,1,0,0,1,1,1,0,0,1,0,1,0.0,-38.922831241405135,1
0,1,1,1,1,1,1,0,1,1,0,0,0,0,1,1,1,0,0,0,1,0,1,0,0,0,1,0,0,1,0,0,0.0,-38.92262174374349,1
1,1,0,1,0,0,1,0,0,1,1,1,0,1,1,1,1,1,0,1,0,0,0,1,1,0,0,0,0,1,0,1,0.0,-38.921824970154994,1
1,0,0,1,0,1,1,1,1,1,0,1,0,0,0,1,1,1,1,1,0,0,0,1,0,0,1,0,0,1,0,1,0.0,-38.92141187867358,1
1,0,0,0,1,1,0,0,1,1,1,1,1,1,0,1,0,1,0,1,1,0,1,0,0,1,0,0,0,1,0,1,0.0,-38.920591703917104,1
1,0,1,0,1,1,1,0,0,1,1,1,0,1,0,1,0,1,0,1,0,1,1,0,1,0,1,0,0,1,0,0,0.0,-38.919774833353614,1
1,0,0,1,0,1,1,0,1,1,1,1,0,1,1,0,1,1,1,0,1,1,0,0,0,0,0,0,1,0,0,1,0.0,-38.91955567276575,1
1,1,0,1,0,0,1,0,1,1,1,0,0,1,1,0,1,0,0,0,0,1,1,0,0,1,1,1,0,1,0,1,0.0,-38.91938288203894,1
0,0,0,1,0,1,1,0,1,1,0,1,1,0,1,0,1,0,0,1,0,0,0,1,0,1,1,1,1,1,1,0,0.0,-38.9189896077926,1
0,0,0,1,0,0,1,1,0,1,1,1,0,0,1,1,1,0,0,1,0,0,1,1,1,1,1,1,0,0,0,1,0.0,-38.91815058050751,1
0,1,1,0,1,1,0,0,1,1,0,0,0,1,1,1,1,1,1,0,0,0,0,0,0,0,1,0,1,1,1,1,0.0,-38.91763684382074,1
1,0,1,0,1,0,1,0,0,1,1,0,0,1,0,1,0,1,0,1,0,1,1,0,1,1,1,0,1,1,0,0,0.0,-38.91759492805072,1
1,0,1,1,1,1,1,0,0,1,1,0,0,1,0,0,1,0,0,1,0,1,1,0,0,1,1,1,0,0,1,0,0.0,-38.916883342662295,1
1,1,0,0,0,0,0,0,1,1,1,1,0,1,1,1,0,1,0,1,0,0,0,0,1,1,0,0,1,1,0,0,0.0,-38.916710741096885,1
1,0,0,1,1,1,0,1,0,1,1,0,1,0,1,0,0,1,0,1,1,1,0,0,0,1,0,0,1,1,1,0,0.0,-38.91662800766808,1
1,0,1,1,1,0,1,1,1,1,0,0,1,0,1,1,0,0,1,0,0,1,1,0,0,1,1,0,0,0,0,1,0.0,-38.9162822655462,1
1,0,1,1,0,0,0,1,1,1,1,1,0,0,1,1,1,1,1,0,0,1,0,0,0,0,0,1,1,1,0,0,0.0,-38.916208305751084,1
1,1,0,1,1,0,1,0,1,1,1,0,1,0,1,1,1,0,1,1,0,0,0,0,0,0,1,0,1,1,0,0,0.0,-38.9157151839361,1
1,1,0,0,1,1,1,0,1,0,1,1,0,0,0,0,1,1,0,1,0,1,1,0,1,1,1,0,0,0,0,1,0.03125,-38.913352138963816,1
1,0,1,1,1,0,1,0,0,1,1,0,0,0,1,1,1,1,0,0,0,1,0,0,0,1,1,0,1,1,0,1,0.0,-38.9133471915891,1
0,0,0,1,1,0,1,0,0,1,1,0,0,1,1,0,0,1,0,0,1,0,0,1,1,1,1,1,0,1,0,0,0.0,-38.91334667656484,1
1,0,1,0,1,0,0,0,0,1,1,0,0,1,1,1,1,1,0,0,1,1,0,0,0,1,1,1,1,0,0,1,0.0,-38.913321094053266,1
1,0,1,1,1,0,1,1,1,1,1,1,0,0,0,1,1,1,0,1,0,0,0,0,1,0,0,0,0,1,0,1,0.0,-38.91268733786322,1
1,0,1,0,0,0,1,1,1,1,0,0,0,1,1,1,0,0,1,1,1,1,1,0,0,1,0,1,1,0,0,0,0.0,-38.91203847067432,1
1,0,0,1,0,1,0,1,1,1,1,0,1,0,1,0,1,1,1,0,0,0,1,0,0,1,0,1,0,1,0,1,0.0,-38.91160758377213,1
0,1,0,1,0,1,1,1,0,1,1,0,1,0,1,1,1,1,1,1,0,0,0,0,0,1,0,0,1,0,0,1,0.0,-38.91069991575911,1
1,0,0,1,0,1,1,0,1,1,1,0,1,0,0,0,0,1,0,1,0,1,1,1,0,0,1,1,0,0,0,0,0.0,-38.910227502720254,1
1,0,0,1,0,0,1,0,0,1,1,1,0,0,1,0,1,1,0,1,1,0,1,1,1,1,0,0,0,1,0,1,0.0,-38.90973297987549,1
1,1,0,1,0,0,1,0,0,1,1,0,0,1,1,1,0,1,0,1,0,1,1,0,0,1,0,0,1,1,1,0,0.0,-38.90873798711168,1
0,0,1,1,1,1,0,0,1,1,1,0,1,0,1,1,0,1,1,0,0,1,1,0,0,0,0,0,1,1,1,0,0.0,-38.90804157565438,1
1,0,0,1,1,1,1,0,0,1,1,0,0,1,1,0,0,1,0,1,0,0,0,0,1,1,0,0,0,1,0,1,0.0,-38.9077315159996,1
0,1,0,1,1,1,0,0,1,1,1,0,0,1,1,1,0,1,0,0,0,1,0,0,0,0,1,0,1,1,1,1,0.0,-38.90750279255793,1
0,1,0,1,1,0,1,0,1,1,1,0,0,1,1,0,0,1,0,0,1,0,1,0,0,1,0,1,1,1,0,1,0.0,-38.90729950517499,1
1,0,0,1,1,1,0,1,1,1,1,0,0,0,1,0,1,0,1,0,0,0,0,1,1,1,0,1,0,0,1,1,0.0,-38.906932297997045,1
1,0,0,1,0,0,0,0,1,1,1,0,0,1,1,1,0,1,0,0,1,1,0,1,0,1,1,0,0,1,1,1,0.0,-38.90690630344835,1
1,1,0,1,0,0,0,0,1,1,1,0,1,1,1,0,1,1,0,1,1,1,1,1,0,0,0,0,0,0,0,1,0.0,-38.904024230985456,1
1,0,1,1,0,0,1,1,1,1,1,0,0,0,1,0,1,0,0,1,0,1,0,0,0,1,1,0,0,0,0,1,0.0,-38.90271741796069,1
1,0,0,0,1,1,1,0,1,1,1,1,0,1,1,0,0,1,0,0,0,0,1,0,0,1,1,0,0,0,0,1,0.0,-38.90177081370424,1
0,0,0,1,0,0,1,1,1,1,1,1,1,0,1,0,1,1,0,0,1,0,1,0,0,1,1,1,0,0,0,1,0.0,-38.901315129896545,1
0,1,0,1,0,0,1,0,1,1,1,1,0,1,1,1,0,1,0,0,0,0,1,0,1,1,0,0,1,1,1,0,0.0,-38.901202163931586,1
1,0,0,0,1,1,1,1,1,1,0,1,0,1,1,0,0,1,0,1,1,0,1,0,0,0,1,0,0,1,0,1,0.0,-38.901171565666736,1
1,1,0,1,0,0,0,1,1,1,1,1,0,1,1,0,1,1,0,0,0,0,1,1,0,1,0,1,1,0,0,0,0.0,-38.9003473395735,1
1,0,0,1,0,0,1,0,1,1,1,0,0,1,1,0,1,1,1,1,1,0,1,0,1,0,0,0,0,0,0,0,0.0,-38.89971778999675,1
0,1,0,1,0,0,1,0,1,1,1,0,0,0,1,1,0,1,0,1,1,1,1,0,0,0,1,0,0,1,0,0,0.0,-38.89951803809502,1
1,1,1,1,0,1,1,0,1,1,1,1,0,0,1,1,0,1,1,0,0,0,0,0,0,1,0,0,0,1,0,1,0.0,-38.898901595614284,1
0,1,0,1,0,1,0,0,1,1,1,1,0,0,1,0,1,1,1,0,1,0,1,0,1,1,1,0,1,0,0,0,0.03125,-38.89869568090304,1
0,0,0,1,1,1,0,0,1,1,1,0,1,0,1,1,1,0,0,1,1,0,1,1,0,1,0,0,0,1,1,0,0.0,-38.89602659694911,1
1,1,0,1,0,0,1,0,0,1,1,1,0,1,1,0,0,1,1,1,1,1,0,0,0,1,0,1,0,1,0,0,0.0,-38.895675077035726,1
0,0,1,1,1,1,1,0,1,1,1,0,0,1,1,1,0,1,1,0,1,0,0,0,0,0,1,0,0,1,0,1,0.0,-38.89062933792185,1
1,0,0,1,0,0,0,0,1,1,1,1,0,0,0,1,1,1,0,1,0,1,1,1,1,1,1,0,0,0,0,1,0.0,-38.890544588111474,1
0,0,0,1,0,0,1,0,1,1,1,0,0,0,1,0,0,1,0,1,0,0,1,0,1,1,1,1,1,0,0,1,0.0,-38.89046946261562,1
1,1,1,1,0,1,1,0,0,1,1,1,0,1,1,0,0,1,0,1,0,0,1,0,0,1,0,0,0,1,1,0,0.0,-38.88635118675919,1
1,0,0,0,1,1,1,1,0,1,0,0,0,1,1,1,1,1,1,0,0,1,0,0,0,1,1,1,0,1,0,0,0.0,-38.87978835094581,1
1,1,0,0,1,0,1,0,1,1,1,1,0,0,1,1,0,1,1,1,0,1,0,0,0,1,0,0,1,0,0,1,0.0,-38.869804196955926,1
0,0,0,1,1,1,0,0,1,1,1,0,1,0,1,1,0,1,0,1,0,0,0,0,1,1,1,0,0,1,0,0,0.0,-38.86977418896683,1
1,0,0,1,1,0,1,0,1,1,1,1,0,1,1,1,0,0,0,1,0,1,0,0,1,1,0,1,1,0,0,0,0.0,-38.85968215637601,1
1,0,1,1,0,0,0,0,0,0,1,1,1,0,0,1,1,0,0,0,1,1,1,0,1,0,0,1,0,0,0,1,0.0,-38.618637705124925,1
1,0,1,1,0,0,1,0,0,0,0,1,0,0,0,1,1,0,0,0,1,1,1,0,1,0,0,1,1,1,0,0,0.03125,-38.6176037342817,1
1,1,0,1,0,0,0,0,1,0,1,1,1,0,0,0,0,0,0,0,1,0,1,0,1,0,0,1,1,1,0,1,0.0,-38.61378448923335,1
1,0,1,1,1,1,0,0,0,0,1,1,1,1,0,0,1,0,0,0,1,1,0,0,0,0,1,0,0,1,0,0,0.0,-38.6047260106884,1
1,1,0,1,1,1,0,0,0,0,1,1,0,0,0,0,1,0,0,0,1,1,1,0,0,1,0,0,1,1,0,0,0.0,-38.60160188409664,1
0,1,0,0,0,0,1,0,0,0,1,1,1,0,0,1,0,0,0,0,0,1,1,0,0,1,1,1,0,1,1,1,0.0,-38.598776238696644,1
1,1,0,0,1,1,0,0,0,0,1,0,0,1,0,1,1,0,1,1,1,0,0,0,1,0,0,0,1,0,0,1,0.0,-38.597469018473504,1
1,0,1,1,0,0,1,0,0,0,1,1,0,0,0,1,1,0,1,1,0,1,1,0,0,0,0,0,0,1,0,1,0.0,-38.59476857595081,1
1,1,0,1,1,0,0,0,1,0,0,1,0,0,0,1,1,0,0,0,0,1,1,0,0,1,0,0,0,1,1,1,0.0,-38.588318618893744,1
1,1,0,1,1,0,0,0,0,1,0,1,1,0,0,0,0,0,1,0,1,0,0,0,1,1,1,0,0,1,0,1,0.0,-38.58777695908945,1
1,0,1,1,1,0,0,0,0,1,0,0,0,1,0,0,1,0,1,0,1,0,1,0,1,0,0,1,0,1,0,1,0.0,-38.586232397652225,1
0,0,1,1,1,0,0,0,1,0,1,1,0,0,0,0,1,0,0,0,1,0,1,0,0,1,1,1,0,1,0,1,0.0,-38.58201607335168,1
1,1,0,0,1,0,1,1,1,0,1,1,1,1,0,1,0,0,0,0,0,1,0,0,0,0,0,1,1,0,0,0,0.0,-38.58197964732429,1
0,0,0,0,0,0,0,1,1,0,1,1,0,1,0,1,1,0,1,0,0,1,1,1,0,1,0,0,1,0,0,1,0.0,-38.58146574374909,1
1,1,1,0,0,1,0,1,0,0,1,0,0,1,0,0,0,0,1,1,1,0,0,0,1,0,0,0,0,1,1,1,0.0,-38.58087713217674,1
0,0,0,0,0,0,1,0,0,0,1,0,0,0,0,1,1,1,0,0,0,1,1,1,1,0,1,0,1,1,1,1,0.0,-38.57970357327333,1
1,1,0,0,0,1,0,0,0,1,1,0,1,0,1,0,0,0,1,0,1,0,0,0,1,0,1,0,1,1,0,1,0.0,-38.578655939365845,1
1,1,0,0,0,0,1,0,0,0,1,0,0,1,1,0,1,0,0,0,0,1,1,0,0,1,0,1,1,1,0,1,0.0,-38.57857366044682,1
1,1,0,1,0,0,0,1,0,0,1,0,1,1,1,1,1,1,0,0,0,0,1,0,0,0,0,0,0,1,0,1,0.0,-38.578489297807565,1
1,1,1,1,0,0,0,0,0,1,1,0,1,0,1,1,0,0,0,0,0,0,1,0,0,0,1,0,1,1,1,0,0.0,-38.57838452558927,1
1,1,0,1,1,0,0,0,0,1,0,0,0,0,0,0,1,0,1,0,1,1,0,0,0,1,1,0,1,1,1,0,0.0,-38.577506284458956,1
1,1,0,0,0,0,0,0,0,0,1,1,0,1,1,0,1,0,0,0,1,1,0,0,1,1,0,1,0,1,0,1,0.0,-38.57700282258193,1
1,1,1,1,0,0,0,0,0,1,0,1,1,0,1,1,0,0,0,0,0,1,0,0,1,0,0,0,1,1,0,1,0.0,-38.575115432389765,1
1,0,1,1,0,0,0,0,0,0,0,1,0,1,0,1,0,1,0,1,1,1,1,0,1,0,1,0,0,1,0,0,0.0,-38.57489248343251,1
1,0,1,0,1,0,0,1,0,0,1,1,1,0,1,0,0,1,0,0,1,0,0,0,1,0,0,0,0,1,1,1,0.0,-38.5742555281219,1
0,1,1,1,0,0,1,0,0,1,1,1,1,0,1,0,0,0,0,0,0,0,0,0,0,0,1,0,1,1,1,1,0.0625,-38.5735762038228,1
1,0,0,1,0,0,0,1,0,0,1,0,1,1,1,1,0,0,0,1,0,0,1,0,0,1,0,0,1,1,0,1,0.0,-38.573353333288466,1
1,1,1,0,0,0,0,0,0,0,1,1,0,0,1,1,1,0,0,0,1,1,1,0,0,1,0,1,0,0,1,0,0.0,-38.57149584286941,1
1,0,0,1,0,1,0,0,0,1,1,1,1,0,1,1,0,0,0,0,1,1,0,0,1,0,0,0,1,0,0,1,0.0,-38.570622642451056,1
1,0,0,1,0,0,1,0,0,1,1,0,1,0,1,1,1,0,1,0,0,0,1,0,0,0,1,0,0,1,0,1,0.0,-38.57025263744197,1
1,0,1,1,1,1,1,0,0,0,0,0,1,0,1,0,0,0,0,1,1,0,1,0,0,1,0,0,0,1,0,1,0.0,-38.56902805811454,1
1,1,1,1,1,0,1,0,0,0,1,0,0,0,0,1,0,1,1,0,0,1,1,0,0,0,0,0,0,1,1,0,0.0,-38.568260162613875,1
1,0,0,0,0,0,1,1,0,0,1,0,0,1,1,0,1,0,0,1,1,1,1,0,0,0,0,1,0,1,0,1,0.0,-38.56726912242112,1
0,0,0,1,1,1,0,0,0,1,1,0,1,0,0,0,0,0,0,1,1,0,1,0,1,0,1,0,1,1,1,0,0.0,-38.565994432936165,1
1,0,1,1,0,0,0,0,1,1,0,1,0,0,0,1,0,1,0,0,1,0,0,1,1,0,0,0,1,1,0,1,0.0,-38.56489194150454,1
1,1,0,1,0,0,1,0,0,0,1,0,0,1,0,0,1,0,1,1,1,0,0,0,1,1,0,0,0,1,1,0,0.0,-38.56471960308389,1
0,1,0,0,0,1,0,0,0,0,1,0,1,1,1,1,0,1,0,0,1,0,1,1,0,0,1,0,1,1,0,0,0.0,-38.56462581651305,1
1,1,0,1,0,0,1,0,0,1,1,1,0,0,0,1,1,0,1,0,0,1,0,0,0,0,1,1,1,0,0,0,0.0,-38.563667431313505,1
0,0,0,1,0,1,0,0,0,1,0,1,0,0,1,1,1,0,0,0,1,0,1,0,1,0,1,1,0,1,0,1,0.0,-38.561996811054755,1
1,1,0,1,1,0,1,0,0,0,0,0,0,0,0,0,1,1,1,1,1,1,0,0,0,1,0,0,1,1,0,0,0.0,-38.56017804766229,1
0,0,0,1,1,1,0,1,0,0,1,0,1,1,0,0,0,1,0,0,0,1,1,0,0,1,0,1,1,1,0,0,0.0,-38.55885160483615,1
1,0,0,0,0,1,1,0,0,0,1,1,0,0,1,0,0,0,1,1,1,0,1,0,0,1,0,1,0,1,0,1,0.0,-38.558265070183836,1
1,0,0,0,0,0,0,0,0,0,1,1,0,0,1,0,0,0,1,1,1,0,1,1,0,1,1,1,0,1,0,1,0.0,-38.55787715255816,1
1,0,0,1,0,0,0,0,0,1,1,0,0,0,1,0,0,0,1,0,1,0,0,0,1,1,1,1,1,1,1,0,0.0,-38.55762829527532,1
1,1,0,1,0,1,1,0,0,0,1,0,0,1,1,0,1,0,1,1,0,0,0,0,1,0,0,0,1,1,0,0,0.0,-38.55758395158708,1
1,1,1,1,1,0,0,0,1,0,1,0,0,0,1,0,1,0,0,0,0,0,0,1,0,1,0,0,1,0,1,1,0.0,-38.55745873728914,1
0,1,0,1,0,0,0,0,0,0,1,0,0,0,0,0,1,1,0,0,1,0,1,1,1,1,1,1,0,1,0,1,0.0,-38.55705030535245,1
1,0,1,0,1,1,0,0,0,1,1,1,1,1,0,0,0,0,1,1,0,0,1,0,0,0,1,0,0,0,0,1,0.0,-38.5551234092369,1
1,1,0,1,1,0,0,0,0,0,1,0,0,1,0,0,0,1,0,1,0,1,1,1,1,0,0,0,1,0,0,1,0.0,-38.55384992786962,1
1,0,1,0,0,0,0,0,0,1,1,0,0,0,1,1,1,1,1,0,1,0,0,0,0,0,1,0,1,1,0,1,0.0,-38.55302528277211,1
1,1,0,1,0,1,1,0,0,0,1,0,1,0,0,1,1,1,0,1,0,0,0,0,0,1,0,0,1,1,0,0,0.0,-38.552046147155714,1
1,0,1,1,0,0,0,0,0,1,1,0,1,0,1,1,1,1,1,0,1,0,0,0,0,0,0,0,1,1,0,0,0.0,-38.55148730201442,1
1,0,0,1,1,0,0,0,0,1,1,0,0,0,0,0,0,1,1,1,1,0,1,0,0,0,1,0,1,1,0,1,0.0,-38.55090620399249,1
1,1,0,0,1,0,0,0,0,0,1,1,0,0,1,0,1,0,0,1,0,0,0,0,1,1,1,1,0,1,0,1,0.0,-38.55016231183859,1
0,0,0,1,1,0,1,0,0,0,1,1,1,0,1,0,0,1,1,0,1,0,1,0,0,1,0,0,0,0,1,1,0.0,-38.54862537935696,1
1,1,0,1,0,0,1,0,1,0,1,1,0,0,1,0,0,0,0,0,0,0,0,0,1,1,1,1,1,1,0,0,0.0,-38.54854099718758,1
1,0,0,1,0,0,1,0,0,1,1,1,0,0,0,1,0,1,0,0,0,1,1,0,1,0,1,0,0,1,0,1,0.0,-38.54811613103543,1
1,0,0,0,0,1,0,1,1,1,0,0,0,1,0,0,1,0,0,0,0,1,0,0,1,1,0,1,1,0,1,1,0.0,-38.54713359749783,1
1,1,0,0,0,0,1,0,0,0,1,1,0,0,1,1,0,0,1,1,0,0,1,0,1,1,1,0,0,0,0,1,0.0,-38.546208402152814,1
1,1,0,1,0,0,1,0,1,1,1,1,0,0,0,1,0,0,0,0,0,0,0,1,1,0,0,1,0,1,1,0,0.0,-38.54564416143826,1
1,0,0,1,1,0,0,1,0,0,0,0,0,1,0,0,0,1,0,1,1,0,0,1,0,1,1,0,1,1,1,0,0.0,-38.54478627625269,1
0,0,0,1,1,0,0,0,1,0,1,0,0,1,1,0,0,0,0,0,1,1,0,1,0,1,1,1,1,0,0,1,0.0,-38.54358075378218,1
1,1,1,1,0,0,1,0,1,0,1,1,0,0,0,1,1,0,1,0,0,1,0,1,0,1,0,1,1,1,0,1,0.0,-38.54346063636682,1
1,0,1,1,1,0,1,1,0,1,0,0,0,0,1,0,0,0,0,0,0,1,1,1,0,0,0,1,1,1,0,0,0.0,-38.543139016005334,1
1,1,0,1,0,0,1,1,0,1,0,0,0,0,1,0,0,1,0,0,0,0,1,1,1,0,0,0,1,1,0,1,0.0,-38.5431002448708,1
0,1,0,1,0,1,1,1,0,0,0,1,0,0,0,1,1,1,1,1,0,0,0,0,0,1,0,1,0,1,0,0,0.0,-38.54276289391839,1
1,0,0,0,0,1,0,0,0,1,0,0,1,1,0,0,0,1,1,0,0,1,1,0,1,1,0,0,0,1,1,1,0.0,-38.54274406249766,1
1,0,0,1,0,0,1,0,1,1,0,0,0,0,0,1,1,0,0,0,1,1,0,0,0,1,1,1,0,1,0,1,0.0,-38.54157963637176,1
0,1,0,1,0,1,0,0,1,1,1,1,1,0,0,0,0,0,0,0,1,1,1,0,1,1,0,0,1,0,0,0,0.0,-38.54135987123507,1
0,0,0,1,0,0,1,0,0,1,1,1,0,0,0,0,1,1,0,0,0,1,1,0,0,1,0,1,1,1,0,1,0.0,-38.54089111647991,1
1,0,0,1,1,1,0,1,0,1,1,0,0,1,0,0,0,0,0,1,1,1,0,0,0,1,0,0,1,1,0,0,0.0,-38.54079651984199,1
1,0,0,1,1,0,0,0,0,0,1,0,1,0,1,0,1,1,0,0,0,0,0,1,0,1,1,1,1,1,0,0,0.0,-38.540706007749186,1
1,1,1,1,0,1,1,0,0,1,0,1,0,0,1,0,0,0,0,0,0,0,0,0,1,1,1,0,1,1,0,0,0.0,-38.540117276842025,1
1,0,1,0,0,1,1,0,0,1,1,0,1,0,1,0,1,0,0,1,1,0,0,0,0,0,0,1,1,1,0,0,0.0,-38.538775085164005,1
1,0,0,1,1,0,1,0,0,1,1,0,0,0,1,1,1,0,0,0,0,0,1,0,1,0,1,0,1,1,0,0,0.0,-38.537782051448204,1
1,0,1,0,1,0,0,1,1,0,0,0,0,0,1,0,0,1,1,0,1,0,0,0,1,0,1,1,0,1,1,0,0.0,-38.5373968541254,1
1,0,1,1,1,1,1,0,0,1,0,0,1,0,1,0,0,0,0,0,0,0,0,0,0,1,1,1,1,1,0,0,0.0,-38.53682457318315,1
0,1,0,1,0,1,1,0,1,0,1,1,1,0,0,0,0,1,0,0,0,0,1,1,0,0,1,0,1,0,1,0,0.0,-38.53623891363661,1
1,0,0,1,1,1,1,0,0,1,1,0,0,0,1,0,0,0,0,0,0,0,1,0,1,0,1,1,1,1,0,0,0.0,-38.53606277802912,1
1,0,0,0,0,1,1,0,0,1,1,1,0,1,1,1,1,0,0,0,0,0,0,0,1,1,0,0,0,1,0,1,0.0,-38.53558800127131,1
1,0,1,1,0,1,1,0,1,1,1,0,0,0,0,1,0,0,0,0,0,0,1,1,0,1,0,0,0,1,0,1,0.0,-38.5354169355556,1
1,0,0,1,0,0,0,0,1,1,1,1,1,1,1,0,0,0,0,0,1,1,0,0,1,0,1,0,0,0,0,1,0.0,-38.53537478321886,1
0,1,0,1,1,0,1,0,0,0,0,0,0,1,1,1,0,0,0,1,0,1,1,0,1,0,0,1,1,0,0,1,0.03125,-38.53508852065514,1
1,0,1,0,1,1,0,1,0,1,1,0,0,0,1,0,1,0,0,1,1,0,0,0,0,0,1,0,1,1,0,0,0.0,-38.53464989557625,1
0,0,0,0,0,1,0,0,1,1,1,0,1,1,0,1,0,1,0,0,0,1,1,0,0,0,1,0,1,1,1,0,0.0,-38.53457961865251,1
1,0,1,1,0,0,1,1,1,1,0,0,0,0,0,1,0,0,0,1,0,1,1,0,0,0,1,0,0,0,1,1,0.0,-38.534172218137655,1
1,1,0,0,0,0,1,0,0,1,0,1,1,1,1,1,1,0,1,0,0,1,1,0,0,1,0,0,0,0,0,0,0.0,-38.53403297235474,1
1,1,0,1,0,0,0,1,1,0,1,1,1,0,0,0,0,0,0,1,0,1,1,1,0,1,0,0,0,1,0,0,0.0,-38.53389853531921,1
1,1,1,1,0,0,0,0,0,1,1,0,1,0,1,0,0,0,1,1,0,0,0,0,0,1,1,0,0,1,0,1,0.0,-38.533886675772415,1
1,1,0,1,1,0,0,0,0,1,0,0,0,0,0,1,1,1,1,0,0,1,0,0,0,0,1,1,0,1,0,1,0.0,-38.53359914996555,1
1,0,1,1,1,1,1,0,0,1,0,1,1,0,0,0,0,0,0,0,0,0,1,1,1,1,1,1,1,1,0,1,0.0,-38.53355857610592,1
0,0,0,1,1,0,1,1,1,0,0,1,0,0,1,1,0,0,0,1,0,0,0,1,1,0,1,0,0,1,0,1,0.0,-38.53353166968196,1
1,0,1,0,1,1,0,0,0,1,1,0,0,0,1,0,0,0,1,1,0,0,0,1,0,0,1,0,1,1,1,0,0.0,-38.53315404469707,1
1,1,1,0,0,0,0,0,1,1,1,0,0,0,0,0,1,1,1,0,0,0,1,0,0,1,0,0,1,1,0,1,0.0,-38.5329944558356,1
1,1,0,1,0,0,1,0,1,1,0,0,0,0,0,1,0,1,1,0,0,0,0,0,0,1,1,0,1,1,0,1,0.0,-38.5321119586696,1
1,0,0,1,0,0,0,0,0,1,1,1,0,0,1,0,1,0,1,1,1,1,0,1,0,0,0,1,0,1,0,0,0.0,-38.53185943374574,1
1,1,1,1,0,1,0,0,0,1,1,0,1,0,0,0,0,1,1,0,1,0,0,0,1,1,0,0,0,1,0,0,0.0,-38.531681950746346,1
0,1,0,1,0,0,0,0,0,1,1,0,1,0,0,1,0,1,0,0,0,1,1,1,1,0,1,1,0,0,1,0,0.0,-38.53141553722932,1
0,0,1,0,0,1,1,1,1,0,1,1,0,0,1,0,1,0,1,0,0,1,0,0,1,0,1,0,0,0,0,1,0.0,-38.531194275245625,1
1,1,0,0,0,0,1,0,1,1,0,0,1,0,0,1,0,1,0,0,1,1,0,0,1,1,0,0,0,1,0,1,0.0,-38.53077214104232,1
1,1,0,1,1,1,0,1,0,1,1,0,0,1,0,0,0,1,0,0,1,0,0,1,0,0,0,1,0,1,0,0,0.0,-38.53041157639076,1
0,1,1,0,1,0,0,1,0,1,1,1,0,0,1,0,0,0,0,1,0,0,1,0,1,0,1,0,1,1,0,0,0.0,-38.530145652614216,1
1,0,1,0,0,0,0,1,1,1,0,0,0,0,1,0,0,0,0,1,0,0,1,1,1,0,0,1,1,1,1,0,0.0,-38.528780559095125,1
0,0,0,0,0,0,0,0,0,1,1,0,0,0,1,1,1,1,0,0,1,0,1,0,1,1,1,0,1,1,0,1,0.0,-38.52862806258037,1
1,0,0,1,0,1,0,1,1,1,0,1,0,1,0,1,1,0,1,0,1,1,0,0,0,1,0,1,1,1,0,1,0.0,-38.5285439288473,1
0,0,0,0,1,0,1,1,0,1,1,1,0,0,1,1,0,0,0,0,1,1,0,0,0,1,1,0,1,1,0,0,0.0,-38.52827068885357,1
0,0,1,1,0,0,1,0,0,1,1,1,0,0,1,1,1,0,0,0,0,0,1,1,1,0,1,0,0,0,1,0,0.0,-38.52718007177004,1
1,0,0,0,0,1,1,0,1,0,0,0,0,1,1,1,0,1,1,0,1,0,1,1,0,0,1,1,0,0,0,0,0.0,-38.52683720937502,1
1,0,0,1,1,1,1,1,1,1,1,0,0,0,0,1,1,0,0,0,0,0,0,0,0,1,0,0,0,1,0,1,0.0,-38.526051935339325,1
0,0,0,1,1,1,0,0,0,0,1,1,0,1,1,0,1,0,0,1,1,1,0,0,1,1,0,0,0,0,0,1,0.0,-38.52489051518584,1
0,0,0,0,1,0,1,0,0,1,1,0,1,0,0,1,0,1,0,1,0,0,0,0,0,1,1,0,1,1,1,1,0.0,-38.52471742723576,1
1,0,0,0,0,0,1,0,0,1,1,0,0,0,1,0,1,1,0,0,1,0,1,0,0,1,1,0,1,1,0,1,0.0,-38.52405675944365,1
1,1,0,1,1,1,1,1,0,1,1,1,0,1,0,0,0,0,0,0,1,0,0,1,0,1,0,1,1,1,0,1,0.0,-38.52399973430907,1
0,1,1,0,0,1,1,0,0,1,1,0,0,0,1,0,0,0,0,0,1,1,1,0,1,1,0,0,1,0,0,1,0.0,-38.52384419837887,1
1,1,0,1,1,0,1,0,0,1,1,1,0,1,0,0,0,1,0,0,0,1,0,0,0,1,0,0,0,1,0,1,0.0,-38.52220756630172,1
1,1,1,1,0,1,1,0,0,1,1,0,0,0,1,0,1,0,1,0,1,0,1,0,0,0,1,1,1,1,0,1,0.0,-38.521268978645,1
1,1,1,0,0,0,1,0,1,1,1,1,0,1,0,1,0,0,0,0,0,0,1,0,1,1,1,0,0,0,0,0,0.0,-38.52077624501373,1
0,0,0,1,0,0,1,0,1,0,1,0,0,1,1,0,1,1,0,0,0,1,1,1,1,0,0,0,1,1,0,0,0.0,-38.52052843136326,1
1,1,0,1,0,0,1,0,0,1,0,1,0,0,1,1,1,1,0,0,0,1,1,0,0,0,1,0,0,1,0,0,0.0,-38.52029753390573,1
1,1,0,1,1,0,0,0,1,1,0,0,0,0,0,0,0,1,0,1,1,0,1,0,1,0,1,0,0,1,0,1,0.0,-38.52013200548244,1
1,0,0,0,1,0,1,0,0,0,1,1,0,0,0,0,1,1,0,1,0,0,1,1,0,1,1,0,1,1,0,0,0.0,-38.51991607393296,1
1,1,0,1,1,0,0,0,1,1,1,1,0,1,1,1,1,0,0,0,1,0,0,0,0,0,0,0,1,0,0,0,0.0,-38.51945018677512,1
1,0,1,1,1,0,1,1,0,1,0,1,0,0,1,1,1,0,1,0,1,0,0,1,0,0,0,1,1,0,1,1,0.0,-38.519099611022305,1
1,0,1,1,0,0,0,1,0,0,1,0,0,0,1,0,1,0,0,1,1,0,1,1,1,1,1,1,1,1,1,0,0.0,-38.51804052477472,1
1,0,0,1,0,0,0,0,1,1,1,0,0,0,1,1,0,1,0,0,1,0,1,0,0,0,1,1,0,1,0,1,0.0,-38.51732886712092,1
1,1,1,0,0,0,1,0,1,1,1,1,1,0,1,0,1,0,0,0,1,0,1,0,1,0,0,0,0,0,0,0,0.0,-38.51710390712569,1
1,1,0,1,0,1,1,1,0,1,0,1,0,0,0,0,1,0,1,0,0,1,1,0,1,1,1,0,0,1,1,1,0.0,-38.516724133069204,1
1,1,0,1,0,0,0,0,0,1,0,1,0,1,1,1,0,0,1,1,1,0,1,0,1,1,1,0,1,1,0,1,0.0,-38.51642440796444,1
0,1,0,1,0,1,1,1,0,1,1,1,1,0,0,1,1,0,0,0,0,1,1,0,0,1,1,0,0,1,1,1,0.0,-38.51527651951736,1
0,1,0,1,0,0,0,0,0,1,1,0,0,0,0,0,1,1,0,1,1,0,1,0,1,1,0,1,0,1,1,0,0.0,-38.51435622806348,1
0,0,1,0,0,1,1,0,0,1,1,0,0,0,1,0,1,1,0,0,1,1,1,0,0,0,1,0,1,0,0,1,0.0,-38.513506032540256,1
1,1,0,0,0,0,1,1,0,1,1,0,0,0,0,0,1,1,0,0,1,1,0,0,1,1,0,1,0,1,0,0,0.0,-38.5132077530141,1
0,0,0,1,1,0,0,0,1,0,1,0,0,1,0,1,1,1,1,0,0,0,0,0,1,1,1,1,0,0,0,1,0.0,-38.512448795426735,1
1,1,0,1,0,0,1,0,0,1,1,1,0,0,1,1,0,1,1,0,0,0,1,0,0,1,0,0,0,0,0,1,0.0,-38.5118037328195,1
0,1,0,1,1,0,1,0,0,1,1,1,1,0,0,1,0,1,1,0,1,0,0,1,0,0,1,1,1,0,1,1,0.0,-38.511730076196535,1
1,1,0,1,0,0,1,1,0,1,1,0,0,0,0,1,1,1,0,0,1,0,1,0,1,0,1,1,1,1,1,0,0.0,-38.51152634201241,1
0,0,1,0,0,0,1,1,1,1,1,1,0,0,1,0,0,1,0,0,0,0,1,0,0,0,0,1,1,1,0,1,0.0,-38.51078007014878,1
1,0,0,1,1,0,1,1,0,1,1,1,0,1,0,1,0,0,0,1,0,1,1,1,1,0,0,0,1,1,0,1,0.0,-38.51024675113047,1
1,1,0,0,1,0,1,0,0,1,1,0,0,0,0,1,1,1,1,0,1,1,1,0,0,0,1,1,1,1,0,1,0.0,-38.50930472986393,1
1,1,1,1,0,1,0,0,0,1,1,0,0,0,1,0,0,1,0,0,0,0,0,0,1,0,1,1,1,0,1,0,0.03125,-38.50878728391861,1
1,0,1,1,1,1,0,0,0,1,0,0,0,0,1,1,0,0,0,1,0,0,1,0,0,1,1,1,0,0,0,1,0.0,-38.50819302645297,1
1,1,1,1,0,0,0,0,0,1,1,1,1,0,1,0,1,1,0,0,0,0,1,0,0,1,1,0,0,0,0,0,0.0,-38.50774743718715,1
1,0,0,0,1,1,1,0,1,1,0,1,0,0,1,0,1,0,1,0,1,1,0,0,0,0,0,0,1,0,1,0,0.0,-38.50755525518872,1
1,1,0,0,1,0,0,1,1,1,0,0,0,0,1,0,1,0,1,0,0,1,0,0,0,1,1,0,1,1,0,0,0.0,-38.50672186447672,1
0,1,0,1,1,0,1,1,0,1,0,1,0,0,0,1,0,1,0,0,0,1,1,0,1,0,1,1,0,0,0,0,0.0,-38.50514969859569,1
1,0,0,0,0,0,1,0,1,1,1,1,1,0,0,0,0,0,0,1,0,1,1,0,1,1,1,0,0,1,0,0,0.0,-38.503424953422936,1
1,1,1,1,0,0,1,0,0,0,1,1,0,1,1,1,0,0,0,1,0,1,0,0,1,1,0,1,1,0,1,1,0.0,-38.50312581564674,1
1,0,0,1,0,0,0,0,0,1,1,1,0,1,1,0,0,1,1,1,1,1,0,0,0,0,0,1,0,1,0,0,0.0,-38.502713626352445,1
1,1,1,1,0,0,0,0,0,1,1,1,0,1,1,1,0,0,1,0,1,1,0,0,0,1,1,1,0,1,0,1,0.0,-38.50234874429649,1
1,0,0,1,0,0,0,1,0,1,1,0,0,1,0,1,1,1,0,0,1,1,1,0,0,1,1,1,1,0,1,1,0.0,-38.50205326105488,1
1,1,0,1,1,0,1,1,1,0,0,0,1,0,1,0,1,0,0,1,1,0,0,1,1,0,1,1,1,1,0,0,0.0,-38.50177446516803,1
1,0,1,0,1,0,1,0,0,1,1,0,0,1,1,0,0,1,0,0,1,0,0,0,0,1,1,0,1,1,0,0,0.0,-38.50154059266779,1
0,1,0,1,0,1,0,0,0,1,1,0,0,1,1,0,0,1,0,0,1,0,1,1,1,1,0,0,1,0,0,0,0.0,-38.500833795438425,1
1,1,0,0,1,1,0,1,0,1,0,1,0,0,1,1,0,0,1,1,0,1,0,0,1,0,1,0,1,1,1,1,0.0,-38.500787899979066,1
0,1,1,0,0,0,0,0,0,1,1,0,0,1,1,1,0,1,0,1,0,0,1,0,1,0,0,1,0,1,0,1,0.0,-38.500655523637874,1
1,0,0,1,0,0,1,1,0,1,1,0,0,0,1,1,1,0,0,0,0,0,1,1,1,1,1,1,1,1,0,1,0.03125,-38.50059724134097,1
0,0,0,1,0,0,0,1,0,1,1,0,0,0,1,1,1,1,0,0,1,1,1,1,1,0,1,0,0,0,0,0,0.0,-38.499710580864374,1
1,1,1,0,0,1,0,1,0,0,1,0,0,1,1,1,1,1,0,0,1,0,0,1,0,1,1,1,1,0,0,1,0.0,-38.49945364994187,1
1,1,0,1,0,0,1,0,0,1,0,0,0,1,1,0,1,1,0,0,0,0,0,1,1,0,1,1,1,0,0,0,0.0,-38.499403797135436,1
0,1,0,1,0,1,0,0,1,0,1,1,1,1,1,1,1,0,0,0,1,1,0,0,1,1,0,1,1,1,0,0,0.0,-38.498398087463066,1
1,0,1,1,0,0,1,1,1,1,1,0,0,1,1,0,0,0,1,0,0,0,0,1,0,1,0,0,1,0,0,0,0.0,-38.49766285615165,1
0,0,0,1,1,0,0,1,0,1,1,1,1,1,1,1,1,0,0,0,1,0,1,0,1,1,0,1,1,1,0,0,0.0,-38.497468674508866,1
0,1,1,0,0,1,1,0,0,1,0,0,1,0,1,0,1,1,0,0,0,0,1,0,1,1,1,0,0,0,0,1,0.0,-38.49664169034612,1
1,1,0,1,1,1,0,0,1,1,1,1,1,0,0,1,1,0,0,0,1,1,1,0,0,1,0,0,0,0,1,1,0.0,-38.49596314035669,1
1,0,0,1,0,1,1,0,1,0,1,0,0,0,0,1,1,1,1,0,1,0,1,1,1,1,0,1,0,1,0,1,0.0,-38.495490019273014,1
1,0,0,1,1,0,0,0,0,1,0,1,0,0,1,0,1,0,1,1,0,1,0,0,0,1,1,1,0,1,0,0,0.0,-38.495133081225276,1
1,0,1,0,0,1,1,1,0,1,1,0,0,1,0,1,0,0,0,1,0,1,1,0,0,1,1,0,1,1,1,1,0.0,-38.49388705788842,1
0,0,1,0,0,1,0,0,1,0,0,0,1,0,1,1,1,1,1,1,1,1,1,0,0,0,1,1,1,1,1,0,0.0,-38.49216926231926,1
1,1,0,0,1,0,1,0,1,0,1,0,1,0,1,0,0,1,0,1,1,0,0,0,1,1,0,0,0,1,0,0,0.0,-38.492029180841314,1
1,1,0,1,1,0,1,1,0,1,0,1,0,0,0,1,1,1,1,0,0,0,0,1,1,0,1,1,0,1,0,1,0.0,-38.49164065252912,1
1,1,0,0,1,1,1,1,0,0,1,1,0,1,1,0,1,1,0,0,1,1,1,1,0,0,0,1,0,1,0,0,0.0,-38.49097150636202,1
0,1,0,1,1,0,1,1,0,1,1,1,0,0,1,0,0,1,0,0,0,0,1,0,0,1,0,1,0,0,0,1,0.0,-38.48896808537839,1
0,1,1,1,0,0,1,1,1,1,0,0,0,1,0,1,1,0,1,0,0,1,1,1,1,0,1,0,1,1,0,0,0.0,-38.48737803509321,1
1,0,1,1,0,1,0,1,0,0,1,1,0,1,1,1,1,1,0,0,1,0,1,1,1,1,0,0,0,1,0,0,0.0,-38.487376976989545,1
1,0,1,1,0,1,0,0,0,1,1,0,1,0,1,1,0,1,0,0,1,0,0,0,1,1,1,0,1,1,1,1,0.0,-38.48610340478097,1
0,0,0,0,0,1,1,1,0,1,0,1,0,0,1,0,1,1,0,1,0,1,1,0,0,1,0,0,1,0,1,0,0.0,-38.48518351533953,1
1,1,1,1,0,1,1,0,1,1,1,0,0,1,0,1,1,0,0,0,1,0,1,1,0,1,0,1,0,0,0,1,0.0,-38.484035555547656,1
1,1,0,1,1,0,1,0,1,1,1,1,0,0,1,0,0,1,1,0,0,0,1,0,0,0,0,0,0,1,0,0,0.0,-38.48402117122042,1
0,1,0,0,0,1,0,0,1,1,0,1,0,0,1,0,1,0,0,1,1,0,1,1,0,1,1,1,1,1,1,1,0.0,-38.481684658084134,1
1,1,1,1,1,1,0,0,1,1,0,1,0,1,1,0,0,1,0,0,0,0,0,1,0,0,0,0,0,0,1,0,0.0,-38.48054153504805,1
1,0,1,1,1,0,0,1,0,0,1,0,1,0,1,1,1,1,0,1,0,1,0,0,0,1,0,1,1,1,1,0,0.0,-38.47993289787434,1
1,1,0,0,0,0,1,0,1,1,1,1,0,0,1,0,0,1,0,0,0,0,1,0,1,1,0,0,0,0,1,1,0.0,-38.4792631928139,1
1,1,0,1,0,1,1,1,0,1,1,1,1,1,0,1,0,1,0,1,0,0,0,0,0,0,1,1,1,0,0,1,0.0,-38.47840277837856,1
1,1,0,1,0,1,1,0,0,1,1,0,1,0,0,1,0,1,1,0,0,1,1,0,1,1,1,0,1,1,0,0,0.0,-38.4753465369174,1
1,0,1,1,0,0,1,0,0,1,1,0,0,1,0,1,0,1,1,0,0,1,1,0,1,1,1,0,1,1,1,0,0.0,-38.47409742711952,1
1,1,0,1,0,0,0,1,1,1,1,0,0,0,1,0,0,1,0,0,1,0,1,1,0,1,0,1,0,0,0,0,0.0,-38.473166537276605,1
0,0,0,1,1,0,0,1,1,1,1,1,0,0,1,0,0,1,0,0,0,0,0,0,0,1,1,1,1,0,0,1,0.0,-38.47238734070899,1
1,0,0,1,1,1,1,0,1,0,1,1,0,0,0,0,1,1,0,1,0,0,1,0,1,1,0,1,1,1,0,1,0.0,-38.47200588167732,1
1,1,0,1,0,0,0,0,0,1,1,1,0,1,1,1,1,1,1,0,1,1,0,1,0,1,0,0,0,1,0,1,0.03125,-38.47194611816923,1
1,0,1,1,1,0,1,0,1,1,1,1,0,0,1,0,1,0,0,0,1,0,1,0,1,1,0,0,1,1,0,1,0.0,-38.4719439214736,1
1,1,0,0,1,0,1,1,1,1,1,0,0,0,0,1,1,0,0,1,1,0,0,0,1,1,1,0,1,0,1,1,0.0,-38.470393570140644,1
0,1,0,1,0,1,1,1,1,1,1,1,1,1,1,0,1,0,1,0,0,0,0,1,0,0,0,1,0,1,0,1,0.0,-38.47008896247982,1
1,0,0,1,1,0,1,1,0,1,0,1,0,1,1,1,1,1,0,1,0,1,0,0,0,0,0,0,1,1,1,1,0.0,-38.46979446809896,1
1,0,1,0,1,1,0,0,1,1,1,0,0,1,1,1,1,0,0,0,1,1,1,0,0,1,0,0,1,1,0,1,0.03125,-38.46872303581492,1
0,0,0,1,1,1,0,0,0,1,1,1,0,0,1,1,1,0,1,1,1,1,1,0,1,0,0,0,1,1,1,0,0.0,-38.467469449774,1
1,0,0,0,1,1,1,1,1,0,1,1,0,1,1,0,0,0,0,1,0,1,1,0,1,0,1,1,0,1,0,1,0.0,-38.467457462171815,1
0,1,1,0,0,1,0,0,1,1,1,1,0,0,1,0,1,0,1,0,0,0,1,1,0,1,1,1,0,1,1,1,0.0,-38.46679497132341,1
1,0,1,1,0,0,1,0,0,1,1,1,1,0,1,1,0,1,0,1,0,1,1,0,0,0,1,1,1,0,0,1,0.0,-38.465320875880316,1
1,0,0,1,1,0,0,1,1,1,1,0,0,1,1,1,0,0,1,0,1,0,0,0,1,1,1,0,1,1,1,0,0.0,-38.4646012797066,1
1,0,1,1,0,1,1,0,1,0,1,1,0,0,0,1,0,1,0,1,1,0,1,1,1,1,0,0,1,1,0,0,0.0,-38.464232673701744,1
1,1,1,0,0,1,0,0,0,1,1,1,0,0,1,1,1,1,1,0,0,0,1,0,1,1,0,1,0,1,0,1,0.0,-38.463922780262685,1
1,1,0,0,0,0,1,0,0,0,1,0,0,1,1,0,0,1,1,1,1,1,0,1,1,1,0,1,0,1,1,1,0.0,-38.46376685908587,1
1,1,0,0,1,1,1,0,0,1,1,0,1,1,1,0,1,0,0,1,1,1,1,1,0,0,1,0,0,0,0,1,0.0,-38.46332063812575,1
1,1,0,0,0,1,1,0,1,1,1,1,1,1,0,0,0,1,0,1,1,0,1,0,1,0,0,0,1,1,0,1,0.0,-38.46110773952781,1
1,0,1,0,1,0,1,0,0,1,1,0,0,1,1,1,0,1,1,0,1,0,1,1,1,1,0,0,1,0,0,1,0.0,-38.45975522703777,1
1,1,0,1,1,0,1,1,1,1,1,1,1,0,1,1,0,0,0,0,1,0,0,0,1,1,1,0,1,0,0,0,0.0,-38.45258529711447,1
1,1,0,0,1,0,1,0,0,1,1,1,1,0,1,1,0,1,0,1,0,1,1,0,0,0,1,1,1,1,0,0,0.0,-38.45215783971923,1
1,1,0,1,1,1,0,0,1,1,1,0,1,1,1,1,1,0,0,0,0,1,1,0,0,1,0,0,1,1,0,0,0.0,-38.45094910031602,1
1,1,1,0,1,0,1,0,1,1,1,0,0,0,1,1,1,0,0,0,1,0,1,0,0,1,0,1,1,1,1,0,0.0,-38.45072945441636,1
1,1,1,1,0,0,0,0,0,1,1,0,1,0,1,1,0,1,1,0,0,1,1,1,0,1,1,1,0,1,0,0,0.0,-38.44868864765736,1
0,1,1,1,0,0,0,1,1,1,1,1,0,0,1,0,1,1,0,1,0,0,1,0,0,0,1,0,1,1,1,1,0.0,-38.44637084696098,1
1,0,1,1,1,1,0,1,0,1,1,0,0,0,1,1,0,1,0,0,1,1,0,1,0,1,0,1,1,1,0,0,0.0,-38.44526825672605,1
0,0,1,1,0,0,1,0,1,1,0,0,1,1,0,0,0,1,1,1,1,1,1,0,0,1,1,1,0,1,0,1,0.0,-38.443424686873236,1
0,1,1,0,1,1,0,0,1,1,0,1,0,1,1,0,1,0,1,0,1,0,1,0,1,1,0,1,1,0,1,0,0.0,-38.442844975499966,1
1,0,1,0,1,0,1,1,0,1,1,1,0,0,1,0,1,1,0,1,0,0,1,1,0,0,1,0,1,1,1,0,0.0,-38.44272211480532,1
1,0,1,1,0,1,0,0,0,1,1,0,0,1,1,1,1,1,0,1,0,0,0,1,0,1,0,1,1,1,0,1,0.0,-38.44076423383545,1
1,1,0,1,1,0,0,0,0,1,1,0,0,0,1,1,1,1,0,1,1,1,0,1,0,0,1,1,0,1,0,1,0.0,-38.437757974283436,1
0,1,1,0,1,0,1,1,1,1,1,1,0,0,1,1,0,0,0,0,1,1,1,0,0,1,0,1,1,1,0,0,0.0,-38.436534976325625,1
1,1,1,1,0,0,1,0,0,1,1,1,0,1,0,1,0,1,0,1,0,0,0,1,1,1,1,1,0,0,0,1,0.0,-38.434601954363764,1
1,1,0,1,1,1,1,0,1,1,0,1,0,0,1,0,0,1,0,0,1,0,1,0,1,1,0,1,1,1,0,0,0.0,-38.43048958528446,1
1,0,1,1,0,0,0,1,0,1,1,1,0,1,1,1,1,1,0,1,0,0,0,1,1,1,0,0,0,1,0,1,0.0,-38.42794034972225,1
0,1,1,1,0,1,0,1,0,1,1,0,0,0,1,0,0,1,0,0,1,1,1,1,1,1,1,1,0,1,0,0,0.0,-38.42724709928765,1
1,1,0,1,0,1,1,0,1,1,0,1,0,0,1,1,1,1,0,0,0,1,0,0,0,1,1,0,1,1,1,0,0.0,-38.42641676942509,1
1,1,1,1,1,1,0,1,1,1,1,0,1,0,1,0,1,0,0,0,0,1,0,0,1,1,0,0,1,0,1,0,0.0,-38.4241096296388,1
0,1,1,0,1,1,0,1,0,1,1,1,0,0,1,0,1,1,0,0,0,1,0,1,1,1,1,0,1,1,0,0,0.0,-38.422745379302306,1
1,1,0,1,0,0,1,0,1,1,1,1,0,0,1,0,1,1,0,0,0,0,1,0,1,1,1,1,1,1,0,0,0.0,-38.42079841380064,1
1,1,1,1,0,1,1,0,1,1,1,0,0,0,0,1,0,1,0,1,0,0,1,0,1,1,1,0,1,1,0,0,0.0,-38.42009103845827,1
1,0,1,1,1,1,0,1,0,1,1,0,0,1,1,0,0,1,1,1,0,0,1,1,1,0,1,0,1,0,0,0,0.0,-38.418337684183584,1
1,1,1,1,1,1,1,0,1,1,1,0,0,0,0,1,0,0,1,1,0,0,1,1,1,1,1,0,0,0,0,0,0.0,-38.413663072131605,1
1,0,1,0,0,1,1,1,1,1,1,0,1,0,1,1,0,1,1,1,0,1,0,0,0,0,1,0,1,1,0,0,0.0,-38.41071498679466,1
1,1,1,0,0,0,1,0,0,1,1,0,0,1,1,1,0,1,1,1,0,0,1,0,1,1,1,1,0,1,0,0,0.0,-38.410254697976676,1
0,0,1,1,1,1,0,0,0,1,1,1,0,1,1,1,0,1,0,0,0,1,0,1,1,1,1,0,0,1,1,0,0.03125,-38.40863228078976,1
0,1,0,1,0,0,0,0,1,1,1,1,0,0,1,0,1,1,0,1,1,1,1,1,0,1,0,1,0,1,0,1,0.0,-38.407034970230654,1
0,1,1,0,0,1,1,0,1,1,1,0,0,1,1,0,0,1,0,0,1,1,1,0,1,1,0,1,0,1,0,1,0.0,-38.40399462740875,1
1,1,1,1,1,0,1,0,1,1,1,0,0,0,1,0,1,1,1,0,0,0,0,0,1,1,1,0,1,1,0,0,0.0,-38.39270853128631,1
1,0,0,0,0,0,0,1,0,0,1,1,1,1,0,1,1,0,0,0,1,0,1,0,0,0,0,1,1,0,0,1,0.0,-37.873779849040396,1
1,1,0,0,0,0,1,0,0,0,1,1,0,0,0,1,1,0,1,0,0,0,1,0,1,0,0,1,1,0,0,1,0.0,-37.85689756488888,1
0,1,1,1,1,0,0,0,0,0,1,0,1,1,0,0,1,0,0,0,0,0,1,0,0,1,0,0,1,1,0,1,0.0,-37.848699497233,1
0,0,1,0,0,0,1,0,0,0,1,1,0,0,1,0,1,0,0,0,1,0,0,0,0,0,1,1,1,1,1,1,0.0,-37.848053017504355,1
1,0,1,0,1,1,0,1,0,0,0,0,0,0,0,0,1,0,0,0,0,1,1,0,1,0,1,1,1,0,0,1,0.0,-37.846703193488366,1
1,1,0,1,0,1,0,0,0,1,0,0,1,0,0,0,0,0,0,0,0,1,1,1,0,0,1,0,1,1,0,1,0.0,-37.84654558300018,1
1,1,0,1,0,1,1,0,0,0,1,0,0,0,1,1,0,0,0,0,0,0,1,0,0,0,1,0,1,1,0,1,0.0,-37.84062844079067,1
1,1,0,1,1,0,0,0,0,0,1,1,0,0,1,1,0,0,1,0,1,0,0,0,1,0,0,0,0,1,0,1,0.0,-37.83924724003036,1
1,0,0,1,0,1,1,1,0,0,1,0,0,0,1,1,0,0,0,0,0,0,0,0,1,0,1,0,1,1,0,1,0.0,-37.83525717835467,1
1,1,0,1,0,1,1,0,0,0,1,1,0,0,0,1,0,0,1,0,0,1,1,0,1,0,0,0,0,1,0,0,0.0,-37.832492038002215,1
1,0,0,1,0,1,1,0,0,0,0,0,0,1,0,1,0,1,0,0,1,1,0,0,0,0,1,1,1,1,0,0,0.0,-37.83220973834244,1
1,1,1,1,0,0,0,0,0,0,1,1,0,0,1,0,0,0,1,0,1,0,0,0,0,1,0,1,0,1,1,0,0.0,-37.828454292601194,1
1,0,0,1,0,0,1,0,0,0,0,0,0,0,0,1,0,0,1,1,0,1,1,0,1,1,1,0,1,0,0,1,0.0,-37.82764670109819,1
1,1,0,0,1,1,0,1,0,1,0,0,0,0,0,1,0,0,1,0,1,0,1,0,1,0,1,0,0,1,0,0,0.0,-37.82564281979623,1
1,1,0,0,1,0,0,1,0,0,0,1,0,1,1,0,0,0,0,1,0,1,1,0,0,0,0,1,1,1,0,0,0.0,-37.8252516938833,1
1,0,0,0,0,0,0,0,0,0,1,0,1,1,0,0,0,1,1,0,0,0,1,0,0,0,1,1,1,1,1,1,0.0,-37.82130911775113,1
0,1,1,0,0,0,0,0,0,0,1,1,1,1,1,1,0,0,1,1,0,1,0,0,0,0,0,0,1,1,0,0,0.0,-37.82113265750016,1
1,0,0,1,1,0,0,0,1,0,1,1,0,0,0,0,1,0,0,0,1,1,1,0,0,1,1,0,0,0,0,1,0.0,-37.81766498582841,1
1,1,0,1,0,0,1,0,1,0,0,0,0,0,0,0,1,1,0,0,1,1,1,0,0,0,1,0,0,1,0,1,0.0,-37.81766048360929,1
0,1,1,1,0,0,1,0,0,0,0,0,1,0,0,0,1,0,0,0,1,1,1,0,1,1,1,1,0,0,0,0,0.0,-37.81612254219349,1
1,0,0,1,0,1,0,0,0,0,1,1,0,0,1,1,1,0,0,0,0,1,0,0,1,1,0,0,0,1,0,1,0.0,-37.814137333522226,1
1,0,1,1,0,0,0,0,1,0,1,1,0,0,1,1,1,0,0,0,0,0,0,0,0,1,1,0,1,1,0,0,0.0,-37.809001070383104,1
1,1,0,1,0,0,0,0,0,0,0,1,0,0,1,0,1,1,0,0,0,0,1,0,0,1,1,0,0,1,1,1,0.0,-37.808406686989976,1
1,0,0,1,0,0,1,1,0,0,1,1,1,0,1,0,0,1,0,0,0,1,1,0,0,0,0,0,1,1,0,0,0.0,-37.808385952212504,1
1,0,0,0,0,0,0,1,0,1,1,0,0,1,0,0,1,0,0,0,1,1,1,0,0,1,1,0,0,0,1,1,0.0,-37.80661480282332,1
0,1,1,1,0,1,0,0,0,1,1,0,0,0,1,0,0,0,0,0,0,0,0,1,1,0,0,0,1,1,1,1,0.0,-37.80362789060905,1
0,1,0,1,1,0,0,0,0,1,1,1,1,0,0,0,0,0,0,1,1,1,0,0,1,0,0,0,0,1,0,1,0.0,-37.80321014920952,1
1,0,1,1,0,0,0,0,0,1,0,0,0,1,0,0,0,0,0,1,0,1,1,0,0,1,1,1,1,1,0,0,0.0,-37.803076697627944,1
1,1,0,1,0,1,1,0,0,0,1,0,0,0,0,0,0,1,1,1,0,0,0,0,1,0,0,0,1,1,0,1,0.0,-37.800668205224774,1
0,1,1,1,1,0,0,0,0,1,0,1,0,0,1,0,0,0,1,0,1,0,1,0,0,0,1,0,0,1,1,0,0.03125,-37.799608900393245,1
0,0,1,0,0,1,0,0,0,0,0,0,0,0,1,0,0,1,1,1,0,1,1,0,0,0,1,1,1,1,0,1,0.0,-37.79909844378751,1
1,1,0,0,0,0,1,0,0,1,1,0,1,0,1,0,0,0,1,0,1,1,0,0,1,0,0,0,0,1,0,1,0.0,-37.7977088999083,1
1,0,0,0,1,1,0,0,1,0,1,1,1,0,0,1,0,1,0,0,0,1,0,0,0,0,1,1,0,0,0,1,0.0,-37.7964446227635,1
1,0,1,1,0,0,0,1,1,0,0,0,0,0,0,1,0,1,1,0,1,0,0,1,1,1,0,0,0,1,0,0,0.0,-37.7951925504707,1
1,0,1,1,1,0,1,0,1,1,0,0,0,0,0,1,0,0,1,0,0,1,0,0,0,0,0,0,1,1,0,1,0.0,-37.79281511536067,1
1,1,0,1,0,0,0,0,0,1,0,1,0,0,1,0,1,0,1,1,1,1,0,0,0,0,1,0,1,0,0,0,0.0,-37.790103109127905,1
1,1,0,0,0,0,1,0,1,1,1,1,0,0,1,1,0,0,0,0,1,0,0,0,0,0,1,0,1,0,0,1,0.0,-37.79005418998918,1
0,0,0,1,1,1,1,1,0,1,1,1,0,0,0,0,1,0,1,0,0,0,0,0,1,0,0,1,0,1,0,0,0.0,-37.78700425686992,1
1,0,1,1,0,0,1,0,0,1,1,1,0,0,0,0,0,0,1,0,1,1,0,0,1,1,1,0,0,0,0,0,0.0,-37.78690623761182,1
0,1,0,0,0,0,1,0,0,1,1,1,0,0,1,1,1,0,0,0,1,0,1,0,1,0,0,0,1,0,1,0,0.03125,-37.785971642964455,1
1,0,0,1,0,0,1,1,0,1,0,0,0,0,0,1,0,1,0,1,0,0,1,0,1,0,1,0,1,1,0,0,0.0,-37.78447893529781,1
1,0,1,1,0,1,0,0,0,0,1,0,0,0,0,0,0,1,0,1,0,1,0,0,0,1,1,0,1,1,0,1,0.0,-37.78398654018219,1
1,0,0,1,0,0,1,0,0,1,1,0,0,0,0,0,1,1,0,0,1,0,1,0,1,0,1,1,0,0,0,1,0.0,-37.783944566161885,1
1,0,0,0,1,0,1,0,0,1,1,0,0,0,0,0,0,1,0,0,0,1,1,0,1,0,1,0,0,1,1,1,0.0,-37.78086917752501,1
1,0,0,0,0,1,1,0,0,0,0,1,0,1,1,0,1,1,1,0,1,0,1,1,0,1,0,0,0,0,0,0,0.03125,-37.77972446638137,1
1,1,0,1,1,1,1,0,0,0,0,0,0,0,1,0,0,0,1,1,0,0,0,0,0,1,1,1,0,1,0,0,0.0,-37.77914552779474,1
1,0,0,1,1,0,1,0,0,1,1,0,0,0,0,1,0,1,1,0,0,0,0,0,1,0,0,1,1,0,1,0,0.0,-37.77741169977682,1
1,0,0,1,1,0,1,0,0,1,1,0,1,0,1,0,0,0,1,0,0,0,0,1,0,1,0,0,0,0,1,1,0.0,-37.77713122516703,1
1,1,0,0,0,1,0,0,1,0,1,1,1,1,0,0,1,1,0,0,0,0,1,0,0,1,0,0,0,1,0,0,0.0,-37.77552753493904,1
0,1,0,1,0,0,0,0,0,0,1,1,0,0,0,1,1,1,1,1,0,0,0,1,0,1,1,0,0,1,0,0,0.0,-37.77391837464821,1
1,1,1,1,0,1,1,0,1,0,1,1,0,1,1,0,0,0,0,0,0,1,0,1,0,0,0,0,0,0,0,0,0.0,-37.772800971725516,1
1,0,1,0,0,1,0,1,1,1,1,0,0,1,0,0,0,1,1,0,0,0,0,0,0,0,0,0,1,1,0,1,0.0,-37.77278350789298,1
0,0,0,1,1,1,0,0,0,1,1,0,0,0,1,0,0,0,0,0,1,1,1,1,1,0,1,0,0,0,0,1,0.0,-37.7726674412358,1
1,0,0,1,0,0,1,0,1,1,1,1,0,0,1,0,0,0,0,0,1,0,1,0,0,1,0,0,0,1,0,1,0.0,-37.77243955502898,1
1,0,0,1,0,1,0,0,0,1,1,0,0,1,1,1,0,1,0,0,1,1,0,0,0,0,0,0,0,0,1,1,0.0,-37.77119356926235,1
1,1,1,0,0,0,1,0,0,1,0,0,0,0,1,1,1,0,0,0,0,0,0,0,1,1,0,1,1,0,0,1,0.0,-37.76972085380201,1
1,1,0,1,0,0,1,0,0,1,1,1,0,1,1,0,0,0,0,0,0,0,0,0,1,1,1,0,0,1,0,0,0.0,-37.76670961509531,1
1,0,0,0,1,1,0,0,0,1,1,0,0,0,1,1,1,0,0,0,0,0,1,0,1,1,1,0,0,0,0,1,0.0,-37.76625188979011,1
1,0,1,1,0,1,0,0,0,1,1,0,0,1,1,1,0,0,0,1,1,0,0,0,0,1,0,0,1,0,0,0,0.0,-37.76559335525218,1
0,0,1,1,0,1,1,1,0,1,0,1,0,0,1,0,1,0,0,0,1,1,0,0,1,0,0,0,1,0,0,0,0.0,-37.764406751066474,1
1,1,1,1,1,0,0,1,1,0,0,0,0,0,1,0,0,1,0,0,0,0,1,0,1,1,0,0,0,1,0,0,0.0,-37.76316489815956,1
1,0,1,0,0,0,1,0,0,1,1,1,0,1,1,0,1,0,0,1,0,1,1,0,0,0,0,0,1,0,0,0,0.0,-37.762030230935835,1
1,1,0,0,0,0,0,1,1,1,1,0,0,0,1,0,0,1,0,0,0,0,1,0,1,0,0,0,1,1,0,1,0.0,-37.76199269067034,1
1,0,0,0,0,1,0,0,1,0,1,0,0,1,1,1,1,1,0,0,0,0,0,1,0,1,0,0,0,1,0,1,0.03125,-37.759199485883286,1
0,0,0,1,1,0,1,1,0,1,0,1,0,0,1,0,1,1,1,0,0,0,0,0,1,0,0,0,1,1,0,0,0.0,-37.75721554425233,1
1,1,0,0,0,0,1,0,0,1,1,1,0,1,1,0,0,1,0,0,0,0,1,0,1,0,1,0,1,0,0,0,0.0,-37.75312302539293,1
1,0,0,0,1,1,0,0,1,1,1,1,0,0,1,0,1,1,0,0,0,0,0,0,0,0,0,0,1,0,1,1,0.0,-37.75238901783567,1
1,1,0,1,0,0,1,0,0,1,1,0,0,0,1,1,1,1,0,0,0,1,1,0,0,0,0,0,1,0,0,0,0.0,-37.751446054373474,1
1,0,0,0,1,0,1,0,0,1,1,1,1,0,1,0,0,1,0,0,0,0,1,0,0,1,0,1,0,0,0,1,0.0,-37.75010319294286,1
1,0,0,1,0,0,0,1,1,1,1,0,1,0,1,0,0,1,1,0,0,0,0,1,1,0,0,0,0,1,0,0,0.0,-37.736200319422395,1
1,1,1,1,1,0,0,0,0,0,1,1,0,0,1,1,1,1,0,0,1,0,1,1,0,1,1,1,1,0,0,1,0.0,-37.73593711263667,1
1,1,0,0,0,0,1,0,1,1,1,0,0,0,1,0,0,0,1,1,0,0,0,0,0,1,1,0,1,1,0,0,0.0,-37.73514991773039,1
1,0,0,0,1,1,0,1,0,0,1,1,0,1,1,1,1,0,1,1,0,0,0,0,1,1,1,1,1,1,0,1,0.0,-37.732508102851384,1
1,0,1,1,1,1,0,0,0,1,1,1,1,1,1,0,1,0,1,0,1,0,0,0,1,1,0,0,1,1,0,1,0.0,-37.729752172500426,1
1,0,0,0,0,0,0,0,1,1,0,1,0,0,1,1,0,1,0,0,0,1,0,0,0,1,1,1,0,1,1,0,0.03125,-37.72954237280287,1
0,0,0,1,1,1,1,1,0,0,1,0,1,0,1,1,1,1,0,0,1,0,1,0,0,1,1,1,1,1,0,1,0.0,-37.72834806068761,1
1,1,1,1,0,1,1,0,0,1,1,1,1,1,0,1,0,0,0,0,0,0,1,1,0,1,1,0,0,1,1,1,0.0,-37.7265938364242,1
1,1,0,1,1,0,0,0,0,1,1,1,1,1,1,1,0,0,1,0,1,0,0,0,1,1,1,0,0,1,1,1,0.0,-37.72454882602801,1
1,1,0,1,0,0,0,0,1,1,1,1,0,0,0,1,1,0,1,1,0,1,1,1,0,0,1,1,1,1,1,0,0.0,-37.719217530920005,1
1,1,1,1,1,1,1,1,0,1,1,0,1,0,0,1,0,0,1,1,1,0,0,0,0,1,1,0,1,1,0,0,0.0,-37.716121997940284,1
0,1,0,1,1,1,0,1,1,0,1,0,0,0,0,1,1,1,0,1,1,0,0,0,0,1,1,1,1,1,1,1,0.0,-37.7076561906256,1
1,1,0,1,0,1,1,1,0,1,1,0,0,1,1,1,0,0,0,0,1,0,1,0,1,1,1,0,1,1,1,0,0.0,-37.70591816743821,1
1,1,0,1,1,1,0,0,0,1,1,1,0,0,0,0,1,1,0,1,1,1,1,0,0,1,1,0,1,1,0,1,0.03125,-37.69872312026121,1
1,1,0,1,0,1,1,0,0,1,1,0,1,0,0,1,1,1,1,1,0,1,1,1,1,0,0,0,1,1,0,0,0.0,-37.69504679294643,1
1,0,0,0,1,1,0,1,1,1,1,1,0,1,1,1,0,0,1,0,1,1,0,0,1,0,1,0,1,1,1,0,0.0,-37.692258559760205,1
0,0,1,1,0,0,1,1,1,1,1,1,0,1,0,1,1,0,1,1,0,0,0,0,1,1,0,1,1,1,0,1,0.0,-37.687568646290885,1
1,1,0,1,0,0,1,1,0,1,1,0,0,1,1,0,0,0,1,1,1,0,1,1,0,1,1,1,1,1,0,0,0.0,-37.68730061775991,1
1,0,1,1,1,1,0,0,0,1,1,0,1,1,1,1,1,1,1,0,0,0,0,0,0,1,1,0,1,1,0,1,0.0,-37.68226187167572,1
1,0,1,1,0,1,1,1,0,1,1,1,0,0,1,0,0,1,0,0,1,1,1,0,0,1,0,1,0,1,1,1,0.0,-37.679328879344865,1
0,0,0,1,1,0,1,1,1,1,1,1,1,1,0,1,1,0,0,1,1,1,0,0,0,1,0,1,1,0,0,1,0.0,-37.679223222096574,1
1,1,0,0,1,1,1,1,1,1,1,1,0,1,1,1,0,0,1,0,0,0,1,0,1,0,0,1,0,1,0,1,0.0,-37.67891785758737,1
1,0,0,1,0,0,1,0,1,1,1,0,0,0,0,1,1,1,0,0,1,1,1,0,1,1,1,1,0,1,1,1,0.0,-37.67640067879343,1
1,1,1,0,1,1,1,0,0,1,1,0,0,0,0,1,1,0,0,1,1,1,0,0,1,1,1,1,0,1,1,0,0.0,-37.67464126270521,1
1,1,0,1,0,0,1,1,0,1,1,0,0,0,1,1,1,1,0,1,1,0,1,0,1,0,1,1,0,1,0,1,0.03125,-37.67343562106615,1
1,1,0,1,1,1,1,0,1,1,1,1,0,0,1,1,0,0,0,0,1,1,1,0,0,1,0,1,0,1,0,1,0.0,-37.662242139512834,1
0,1,0,1,1,1,1,0,0,1,1,1,0,0,1,1,1,1,0,0,1,0,1,0,0,1,1,1,1,1,0,0,0.0,-37.66170906301157,1
0,1,1,0,0,0,1,0,1,1,1,1,0,1,0,0,1,1,1,1,1,1,1,0,1,1,0,0,1,1,0,0,0.0,-37.64900293214132,1
1,0,1,0,1,1,0,0,1,1,1,0,0,1,0,1,1,1,1,1,0,1,0,0,0,1,1,0,1,1,0,1,0.0,-37.64385109247811,1
1,0,1,0,1,0,1,1,0,1,1,1,0,1,1,0,1,1,1,1,1,0,0,1,1,0,1,0,0,1,0,0,0.0,-37.63797342010716,1
1,1,0,1,0,0,0,0,1,1,1,0,0,1,1,0,1,1,0,1,1,1,1,0,0,1,0,1,1,1,1,0,0.0,-37.63569507734021,1
1,1,0,1,1,1,1,0,1,1,0,1,0,0,1,1,0,1,0,0,0,1,0,0,1,1,1,1,1,0,0,1,0.03125,-37.606127690167376,1
1,1,1,1,0,0,0,0,0,0,1,0,1,0,0,1,0,0,0,0,0,0,1,0,0,1,1,0,0,1,0,1,0.0,-36.78003978198879,1
0,0,0,1,0,1,0,1,0,0,0,1,0,0,1,0,0,0,0,0,1,1,1,0,0,0,1,1,1,0,1,0,0.0,-36.77706326270656,1
0,0,0,0,0,0,0,0,0,0,1,1,1,1,1,0,0,0,1,0,1,0,1,0,0,1,0,1,1,0,0,1,0.0,-36.77358690397651,1
1,0,1,0,0,1,1,1,0,0,1,0,0,0,0,0,0,0,0,0,0,0,0,1,0,0,1,0,1,1,1,1,0.0,-36.768320122888,1
1,0,0,0,1,0,0,0,0,1,1,1,0,0,0,1,0,0,1,0,0,0,0,0,1,1,0,0,1,1,0,1,0.0,-36.76194649683644,1
0,1,0,0,0,0,0,0,0,1,0,1,0,0,0,1,0,1,1,0,1,0,0,0,1,0,1,0,1,1,0,1,0.0,-36.755041450379906,1
1,0,0,1,0,0,0,0,0,1,1,1,0,0,0,1,0,0,0,0,0,1,0,0,0,1,1,1,0,1,0,1,0.0,-36.75126211706113,1
1,0,0,1,1,0,1,0,0,1,1,1,0,0,0,0,0,0,1,0,0,0,0,0,0,1,0,0,0,1,1,1,0.0,-36.74514437978813,1
0,1,0,1,1,0,0,0,0,1,1,0,1,0,0,0,0,0,1,0,0,0,0,0,0,1,1,1,0,0,1,1,0.0,-36.74003812258607,1
1,1,0,1,0,0,1,0,0,0,1,0,1,0,0,0,1,0,0,1,0,1,0,0,1,1,0,0,0,1,0,0,0.0,-36.73892469824656,1
1,1,0,1,0,0,1,0,0,1,1,0,0,0,0,1,1,0,0,1,1,0,0,0,0,0,1,0,0,1,0,0,0.0,-36.73523247527379,1
1,1,0,0,0,0,0,0,1,0,1,0,0,0,0,0,0,1,1,0,1,0,1,0,1,1,0,0,1,0,0,1,0.0,-36.73254800924424,1
0,0,0,1,1,0,0,0,1,1,1,1,0,0,0,0,0,0,0,0,1,0,1,0,1,1,0,0,1,0,0,1,0.0,-36.73091514687267,1
1,0,0,0,0,1,1,1,1,0,1,0,0,0,0,0,0,0,0,0,0,1,1,0,1,1,0,1,0,1,0,0,0.0,-36.728551369563895,1
1,1,1,1,0,1,1,0,0,1,0,1,0,0,1,0,0,0,0,0,0,0,0,1,0,0,0,1,0,0,0,1,0.0,-36.72628617160356,1
0,1,1,0,1,0,0,0,1,0,0,0,0,1,1,0,0,0,0,0,0,0,0,1,1,0,1,1,0,1,1,0,0.0,-36.72244573833332,1
0,0,0,1,0,0,0,0,0,0,0,0,1,0,1,1,1,1,0,0,1,0,0,0,1,1,1,1,0,0,0,1,0.0,-36.722425702899464,1
1,0,0,1,1,1,0,0,0,1,0,1,0,0,0,0,0,1,0,1,0,1,1,0,0,0,0,0,0,1,0,1,0.0,-36.72053627793308,1
1,0,1,1,0,0,1,0,1,1,0,0,0,0,0,0,0,0,0,1,0,0,0,1,0,0,1,1,1,1,0,0,0.0,-36.71827127863591,1
1,1,0,0,1,0,0,0,1,1,1,1,0,0,1,0,0,0,1,0,1,0,1,0,0,0,0,0,0,0,0,1,0.0,-36.71810869841611,1
1,0,1,1,0,0,1,0,0,1,1,1,0,0,0,1,0,1,0,1,0,0,0,0,0,0,0,0,1,1,0,0,0.0,-36.71693643199266,1
1,0,0,1,1,0,0,0,1,1,0,1,0,0,0,0,1,1,0,0,1,0,0,0,0,1,0,0,1,1,0,0,0.0,-36.71605984938826,1
1,0,1,1,0,0,1,0,0,1,0,0,0,0,1,1,1,0,1,1,0,0,0,0,0,0,0,0,0,1,0,1,0.0,-36.71550981235671,1
1,1,0,0,0,0,0,0,1,1,1,0,0,1,1,1,1,0,0,0,0,0,0,0,0,0,0,1,1,0,0,1,0.0,-36.71292227412229,1
0,1,0,1,1,0,0,0,1,0,1,0,0,1,1,0,0,1,0,0,0,0,1,0,0,0,0,1,0,1,0,1,0.0,-36.71247357285063,1
0,0,0,0,0,1,1,0,0,1,0,0,1,1,0,0,0,1,0,0,1,1,0,1,1,0,0,1,0,1,0,0,0.0,-36.71166905285287,1
0,1,0,1,0,1,0,0,0,0,1,0,0,1,1,1,0,1,0,0,0,0,0,0,0,1,1,0,0,1,1,0,0.0,-36.71019003462442,1
1,0,0,0,0,0,0,1,1,0,1,0,0,0,1,0,0,1,0,0,1,0,0,0,0,1,1,1,1,1,0,0,0.0,-36.70582459031172,1
1,1,0,0,0,1,0,0,1,1,0,0,0,1,1,0,1,0,0,0,1,1,0,0,0,1,0,0,1,0,0,0,0.0,-36.693076922761065,1
1,0,1,1,1,1,0,0,0,1,1,0,0,0,1,0,1,1,0,0,0,0,0,0,0,0,0,0,0,1,1,0,0.0,-36.68605218978857,1
1,1,0,0,1,1,0,0,0,1,1,0,0,0,1,0,1,0,0,0,0,1,0,0,1,1,0,0,1,0,0,0,0.0,-36.6808459755037,1
1,0,0,0,0,1,0,0,1,1,1,0,0,1,1,0,0,1,0,0,1,0,1,1,0,0,0,0,0,1,0,0,0.0,-36.673253556217965,1
1,1,1,1,0,1,0,1,0,1,1,1,0,1,0,1,1,0,1,0,1,1,1,0,0,1,1,0,1,1,0,0,0.0,-36.661990896570565,1
1,0,0,1,1,1,1,1,0,0,1,1,0,0,1,1,1,0,1,0,1,1,1,1,1,1,0,1,0,1,0,0,0.0,-36.635359523418906,1
1,0,0,0,1,0,1,1,0,1,0,1,0,1,1,1,0,1,1,0,1,1,1,1,1,1,1,0,0,1,0,1,0.0,-36.587683292105204,1
1,1,0,1,0,1,1,1,0,1,1,0,0,1,0,1,1,1,1,1,0,0,1,0,0,1,1,0,1,1,1,0,0.0,-36.57553966464211,1
1,1,0,1,0,1,1,0,1,1,1,0,0,0,1,0,1,1,1,0,1,0,1,0,1,1,0,0,1,1,1,1,0.0,-36.57396937108391,1
1,0,0,1,1,1,1,1,0,1,1,0,0,1,0,0,1,1,1,1,1,0,1,1,1,1,0,0,0,1,0,1,0.0,-36.56483022004251,1
1,0,1,1,1,0,1,0,1,1,0,1,0,1,1,1,1,1,1,1,0,0,1,0,0,0,1,0,0,1,1,1,0.0,-36.55068385630162,1
1,0,1,1,1,1,0,0,0,1,1,0,0,1,1,1,1,1,1,0,1,1,0,1,0,1,1,1,0,0,0,1,0.0,-36.542603451093235,1
1,0,0,0,0,1,1,0,0,0,1,0,1,0,0,1,0,0,1,0,1,1,0,0,0,0,0,0,0,1,0,1,0.0,-35.41770642192081,1
1,1,0,0,1,0,0,0,0,1,1,0,0,0,0,0,0,0,1,0,0,0,0,0,0,1,0,1,0,1,1,1,0.0,-35.378107377667945,1
1,1,1,0,1,1,0,0,0,1,1,0,0,0,0,0,0,0,0,0,0,0,1,0,1,0,1,0,0,0,0,1,0.0,-35.37077794086258,1
0,0,1,0,0,0,0,0,0,0,1,0,0,1,1,1,1,0,0,0,1,0,0,1,1,1,1,0,0,0,0,0,0.0,-35.36116751498297,1
1,1,0,0,1,1,1,0,0,1,1,1,0,1,0,0,0,0,1,0,0,0,0,0,0,0,1,0,0,0,0,0,0.0,-35.35656701251983,1
1,1,0,0,0,0,1,0,0,0,1,1,0,0,0,0,0,1,0,0,0,0,0,1,0,1,0,1,1,1,0,0,0.0,-35.35313070391172,1
1,0,0,1,0,1,1,0,0,1,1,1,0,0,0,0,0,0,0,1,0,1,0,0,1,0,0,0,0,0,1,0,0.0,-35.3390254316749,1
