0,1,2,3,4,5,6,7,8,9,10,11,12,13,14,15,16,17,18,19,20,21,22,23,24,25,26,27,28,29,30,31,32,33,34,35,36,37,38,39,40,41,42,43,44,45,46,47,48,49,50,51,52,53,54,55,56,57,58,59,60,61,62,63,chain_break_fraction,energy,num_occurrences
0,0,1,1,1,0,0,1,0,0,1,0,1,0,0,1,0,0,0,0,1,0,0,0,1,1,1,0,1,0,0,0,1,1,1,1,1,1,0,0,1,0,1,0,1,1,0,1,1,1,0,0,0,1,1,1,0,0,0,0,1,1,1,1,0.015625,-247.39146013318563,1
0,0,1,1,0,0,0,0,0,0,0,1,1,0,0,0,1,1,1,0,1,1,0,0,1,0,1,0,0,0,0,1,0,0,1,1,0,1,1,0,0,0,1,1,1,1,0,1,1,1,1,0,1,1,1,1,1,0,0,0,1,1,1,0,0.015625,-247.38927295610938,1
0,1,1,0,0,1,1,1,0,1,0,1,1,0,0,0,1,1,0,0,1,0,0,0,1,1,0,0,1,0,1,0,0,0,1,0,0,1,1,0,1,0,1,1,1,1,0,0,1,1,0,0,1,1,0,1,0,0,0,0,1,1,1,1,0.015625,-247.37898591318992,1
0,0,1,1,1,1,0,0,1,0,1,1,0,1,0,0,0,0,1,0,1,1,0,0,0,0,1,0,0,1,0,0,0,0,1,1,0,1,0,1,1,0,0,1,1,1,0,1,1,0,0,1,1,1,1,0,1,0,0,1,1,1,1,0,0.0,-247.37890429436862,1
0,0,0,1,1,0,1,1,1,1,1,1,0,0,0,0,1,0,1,0,1,0,0,1,0,0,1,1,1,0,0,1,0,0,0,1,0,1,0,0,0,0,1,1,1,1,1,0,1,0,0,1,0,1,0,1,1,0,0,0,1,1,1,1,0.0,-247.37855117700255,1
0,1,1,1,1,1,0,1,0,0,1,0,0,0,0,1,0,1,0,0,1,1,0,1,1,0,1,0,1,0,1,1,0,0,0,1,0,1,1,1,1,0,0,1,1,1,1,0,0,1,0,0,0,1,0,0,1,0,1,0,0,0,1,1,0.0,-247.37726848622844,1
1,0,0,1,0,1,1,1,0,0,0,1,0,0,0,1,1,0,0,0,0,1,1,1,1,0,0,1,1,0,1,1,0,0,1,1,0,1,1,1,0,0,1,1,1,1,1,0,0,0,0,0,0,0,1,1,1,0,1,0,0,0,1,1,0.0,-247.37691704862087,1
1,0,1,0,1,1,1,0,0,0,0,1,1,0,0,0,0,1,1,0,0,1,0,0,1,0,1,0,1,0,0,1,1,1,1,1,0,1,0,0,1,0,1,1,1,0,1,1,0,1,0,0,0,1,0,1,1,1,0,0,1,0,1,0,0.0,-247.3755981621832,1
0,0,1,1,0,0,0,0,0,0,0,0,1,1,0,0,0,1,1,0,0,1,1,0,1,0,0,1,0,1,1,1,1,0,1,0,1,1,0,1,0,0,1,1,0,1,0,1,1,0,0,0,0,1,1,0,1,1,1,1,1,1,1,0,0.0,-247.373896143519,1
0,0,0,1,0,0,0,1,1,0,0,0,0,0,0,0,0,1,0,0,1,0,0,0,0,0,1,1,1,0,1,1,1,1,1,1,1,1,0,1,0,0,1,0,1,0,1,1,1,1,0,1,1,1,1,0,0,0,0,1,1,1,1,1,0.0,-247.3738921287667,1
1,0,0,1,1,1,0,1,1,1,1,1,0,0,0,1,1,1,1,1,1,1,0,0,1,1,1,0,0,0,0,0,0,1,1,1,0,1,0,0,0,0,1,1,1,1,0,1,0,0,0,1,0,0,0,1,0,0,0,0,1,1,0,0,0.0,-247.37126723679046,1
0,0,1,1,0,0,1,0,1,0,1,1,1,0,0,0,0,0,1,1,1,1,0,1,0,0,1,1,0,0,0,1,0,1,1,1,0,1,1,0,1,0,1,0,1,0,0,1,1,0,0,0,0,1,1,0,1,1,0,1,0,1,0,1,0.0,-247.37108581376728,1
0,1,1,1,0,1,0,0,1,1,1,1,1,0,0,1,0,0,1,0,1,0,1,0,1,1,0,1,0,0,0,1,0,1,1,0,0,1,1,1,0,0,1,1,1,1,0,0,1,1,0,0,0,1,0,1,1,0,0,0,0,0,1,0,0.0,-247.37103541105148,1
0,0,0,1,1,0,0,1,0,0,0,1,1,0,1,0,1,0,1,1,1,1,0,0,0,1,1,1,0,0,0,1,0,0,0,1,1,0,1,0,0,0,1,1,1,1,1,0,1,1,0,0,1,1,0,0,1,0,1,0,0,1,1,1,0.0,-247.3694028793564,1
1,1,1,1,1,1,1,1,0,0,0,0,1,0,1,0,0,1,1,0,1,1,0,0,0,1,1,1,0,0,0,0,1,1,0,1,0,1,0,1,1,0,1,0,0,1,0,1,0,1,0,0,0,0,0,1,1,0,1,0,1,0,0,1,0.015625,-247.36846077218266,1
0,0,1,1,1,1,1,1,1,0,1,0,1,0,1,1,0,0,0,0,1,1,0,0,1,1,1,1,0,0,0,0,1,0,0,0,0,1,1,0,0,0,1,0,1,1,0,1,0,1,0,0,1,1,0,1,0,1,0,0,0,1,1,1,0.0,-247.36780894972685,1
0,0,1,1,0,1,1,0,0,0,1,1,0,0,0,1,0,1,0,0,1,1,0,0,0,1,1,1,0,0,1,0,1,1,0,1,0,1,0,1,0,0,1,0,1,0,1,0,1,1,0,1,1,0,1,1,1,0,0,0,1,1,0,1,0.0,-247.36717399290498,1
1,1,0,1,0,1,0,1,0,1,1,1,0,0,0,1,1,1,0,0,1,0,0,1,0,0,0,1,0,0,0,1,0,0,1,1,1,1,0,1,1,0,1,1,1,0,1,0,1,0,0,1,0,1,1,0,0,0,1,0,0,0,1,1,0.0,-247.3663445483762,1
0,0,0,1,1,1,1,0,0,1,0,1,1,0,1,1,0,1,1,0,1,0,1,0,0,0,1,0,1,0,0,1,1,1,1,1,1,1,0,0,1,0,1,1,1,1,0,0,0,1,0,0,0,0,0,1,0,0,1,0,1,0,1,0,0.015625,-247.3663371347614,1
0,0,0,1,1,1,0,1,1,0,0,0,0,1,1,1,0,1,1,0,1,1,0,0,1,0,1,1,0,0,0,0,1,0,0,0,1,0,0,1,1,0,1,1,0,1,0,0,0,1,0,0,0,1,1,1,1,0,0,1,1,1,1,1,0.0,-247.36460215043456,1
0,0,1,1,1,1,0,1,0,0,1,0,0,1,1,1,0,0,0,0,1,0,1,1,1,0,0,1,1,1,0,0,1,0,0,0,1,0,0,1,0,0,1,1,0,1,0,1,1,1,0,0,0,1,1,0,0,0,1,0,1,1,1,1,0.0,-247.36412074941188,1
1,1,0,1,0,1,0,1,0,0,0,0,1,0,0,0,1,1,1,0,1,1,1,0,1,0,1,0,0,1,0,1,0,0,1,1,1,1,1,0,1,1,0,1,1,0,0,0,1,0,0,0,1,1,0,1,0,0,0,1,0,1,1,0,0.0,-247.36332239660578,1
0,1,1,1,0,0,0,1,0,1,0,1,0,1,1,1,1,0,0,1,0,1,0,0,0,1,1,1,0,0,0,1,0,0,0,1,0,0,1,1,1,0,1,0,0,1,1,0,1,0,0,0,0,1,0,1,1,0,1,0,1,1,1,1,0.015625,-247.3626467900925,1
0,0,1,1,1,1,1,1,1,0,1,0,1,0,0,1,1,1,0,0,1,1,0,0,0,0,1,1,0,1,0,0,0,1,1,0,1,1,1,0,0,0,1,1,1,0,1,0,1,1,0,0,0,1,0,1,0,0,1,0,0,1,0,0,0.0,-247.3620872398195,1
0,0,1,1,0,1,1,1,0,1,0,0,0,0,0,1,0,0,0,0,1,1,0,0,1,1,1,0,1,0,0,1,1,1,0,1,0,1,0,0,1,1,1,1,1,0,0,0,0,1,0,0,1,1,1,0,1,1,0,0,0,1,1,1,0.015625,-247.3615395013878,1
0,1,1,0,1,1,1,1,0,0,0,0,0,0,0,0,0,1,0,0,1,1,0,0,1,0,0,0,0,1,1,0,1,0,1,1,0,1,1,1,1,1,0,1,0,1,1,1,0,1,0,0,1,0,0,1,1,0,1,0,0,1,1,1,0.0,-247.36094765736908,1
0,0,0,1,0,1,0,1,0,1,1,1,1,0,1,0,1,1,1,0,0,0,0,0,1,0,1,0,0,1,0,1,0,0,1,1,0,0,0,1,0,0,1,0,1,1,1,1,0,1,1,0,0,1,1,1,1,0,0,0,0,1,1,1,0.0,-247.3609230925724,1
1,0,1,1,0,1,0,1,0,0,1,1,1,0,0,0,0,0,1,0,1,1,0,0,0,0,1,1,0,1,0,1,1,0,0,1,1,1,0,0,0,1,1,1,1,1,0,1,0,0,1,0,0,1,1,0,1,0,1,0,0,1,1,0,0.0,-247.36075691115613,1
1,0,0,0,1,1,0,0,0,0,1,0,0,1,0,1,1,1,0,0,0,1,1,0,1,1,1,1,1,0,1,0,1,0,1,0,0,1,1,1,0,1,1,1,1,1,0,1,1,0,0,0,0,1,0,0,0,1,0,1,1,0,0,0,0.0,-247.3596264988016,1
0,0,0,1,1,0,0,1,0,0,0,0,1,1,1,1,1,1,0,0,1,1,0,0,0,1,1,1,0,0,1,0,1,1,1,0,1,1,0,1,1,0,0,1,0,1,1,1,0,1,0,0,1,1,1,0,0,0,0,0,1,0,1,0,0.0,-247.3595239902943,1
0,0,1,0,0,1,0,1,0,0,1,1,0,0,0,0,1,1,1,0,1,1,0,0,0,0,1,1,0,0,0,0,1,1,1,1,1,1,1,0,0,0,0,1,1,0,0,1,1,1,1,0,1,0,1,1,1,0,0,0,1,1,1,0,0.0,-247.3593471601478,1
0,0,0,1,0,0,0,1,0,1,0,0,1,0,0,0,1,1,0,0,1,1,0,0,1,1,0,1,1,1,1,1,1,1,0,1,1,1,1,0,0,1,1,1,1,0,1,1,0,0,0,0,1,0,0,1,0,0,0,0,1,1,1,0,0.015625,-247.3591566032057,1
1,0,1,0,0,1,0,1,0,0,1,1,1,1,0,0,0,0,1,1,1,1,1,1,0,1,1,0,0,0,1,1,0,0,1,0,0,0,0,1,0,0,1,0,1,1,1,1,1,1,0,1,0,0,0,1,0,0,0,1,1,1,0,0,0.0,-247.35866736238304,1
0,0,1,1,1,1,1,1,1,0,0,1,1,0,1,0,1,0,0,0,1,1,0,0,0,0,1,1,0,1,0,1,0,1,1,0,1,1,0,0,0,0,1,0,1,0,1,1,1,1,0,1,0,1,1,0,0,0,0,0,1,0,1,0,0.0,-247.3584577243572,1
1,0,1,0,1,0,1,1,0,0,1,1,0,0,0,0,0,1,1,0,1,1,0,0,0,0,1,1,0,0,1,1,0,0,0,1,0,1,0,1,0,1,1,1,1,1,1,0,0,1,0,0,1,0,0,1,1,0,1,0,1,1,1,0,0.015625,-247.35788217232144,1
0,0,1,1,0,0,1,1,0,0,0,1,0,0,0,1,0,1,0,1,1,1,0,1,1,0,1,1,0,1,0,0,1,0,1,1,0,0,0,1,1,0,1,1,1,1,0,1,1,1,0,0,0,1,0,1,0,1,0,0,1,0,1,0,0.0,-247.3577845720297,1
0,0,1,1,0,1,0,0,0,1,0,1,0,0,0,1,0,1,1,1,0,1,0,0,0,0,1,1,0,1,0,1,0,0,1,0,0,1,1,1,1,0,1,0,1,0,0,1,1,1,0,1,0,1,1,1,0,0,0,1,1,1,1,0,0.0,-247.35737741078484,1
1,0,1,1,0,0,0,1,0,1,1,0,1,0,1,0,1,1,0,0,1,0,0,0,0,0,1,0,0,0,0,1,1,1,1,1,0,1,1,0,0,1,1,1,1,0,0,0,0,1,0,0,1,1,1,1,1,0,1,0,0,1,0,1,0.0,-247.35734700833643,1
1,0,0,1,0,1,0,1,1,1,0,1,0,0,0,1,0,0,1,1,0,0,1,0,0,0,1,1,1,1,0,0,0,0,1,0,0,1,0,0,0,0,1,1,1,1,0,1,1,1,1,0,0,1,1,1,0,0,0,0,1,1,1,1,0.0,-247.35698071534017,1
0,0,0,0,1,0,0,1,1,1,1,1,0,0,0,0,0,0,1,1,1,1,0,0,1,0,0,0,1,0,1,1,0,0,1,1,1,1,0,1,1,0,1,1,1,1,0,1,1,0,0,1,1,1,0,0,0,0,1,0,0,1,1,0,0.0,-247.35678547408412,1
0,0,0,1,1,0,0,1,1,0,0,0,1,1,0,0,0,1,1,1,1,1,0,0,1,1,1,1,1,1,0,1,1,0,0,1,0,1,0,0,0,0,1,1,1,0,0,0,0,1,1,0,1,1,0,0,1,0,0,0,0,1,1,1,0.015625,-247.3565564774675,1
1,0,0,1,1,0,0,0,1,0,0,0,0,1,0,1,1,0,1,1,1,1,0,0,0,0,1,1,0,0,0,0,1,0,0,1,1,1,0,1,1,1,1,1,1,1,0,1,0,0,0,0,0,1,1,1,1,0,1,0,1,0,0,1,0.015625,-247.35639962346895,1
0,1,0,1,1,1,0,1,1,1,1,1,0,1,0,0,0,0,0,0,1,1,1,0,0,0,1,1,1,0,0,0,1,0,1,1,1,1,0,0,1,1,1,0,0,1,1,0,1,0,0,1,0,0,1,0,1,0,1,0,0,0,1,0,0.015625,-247.35625564769848,1
1,0,0,0,1,0,1,0,1,0,1,0,0,1,1,0,0,1,1,0,0,1,0,0,0,0,0,0,1,0,1,1,0,0,1,1,1,1,0,0,0,1,1,1,1,1,0,1,1,1,0,0,0,0,1,0,1,1,1,1,0,1,0,1,0.0,-247.35618594305961,1
0,1,1,1,1,1,1,1,1,0,1,0,1,1,0,1,1,0,0,0,1,1,0,1,0,1,1,1,0,0,1,1,0,1,0,1,1,1,0,0,0,0,0,1,1,1,0,0,0,1,0,0,0,1,1,0,0,0,0,0,0,1,0,0,0.0,-247.35613196486335,1
0,1,1,1,1,0,0,1,0,1,0,1,1,0,1,0,0,0,1,1,1,0,0,0,0,0,1,1,0,1,0,1,0,1,1,0,0,1,1,0,0,0,0,0,1,1,1,1,1,1,0,0,1,1,0,0,0,0,1,0,1,1,1,0,0.0,-247.35594932909757,1
0,0,1,1,0,0,0,0,1,0,1,0,0,1,0,0,1,1,1,0,1,1,0,0,1,1,1,1,0,0,1,0,1,0,1,1,1,0,0,1,1,0,1,1,1,1,1,0,1,0,1,0,0,0,0,1,0,0,1,1,0,0,1,0,0.0,-247.35586200735503,1
0,0,0,1,0,1,1,1,1,1,0,1,1,0,0,1,0,0,1,1,0,1,0,0,1,0,1,1,0,0,1,0,0,1,1,1,1,1,0,1,0,0,1,0,1,1,0,0,1,1,0,0,0,1,0,1,1,0,0,0,0,1,1,0,0.0,-247.35423460696313,1
1,0,1,1,0,0,1,0,1,0,1,1,0,1,0,0,0,1,0,0,0,1,0,1,1,0,1,0,1,0,1,1,0,1,1,0,0,0,1,1,1,0,1,1,1,0,1,0,1,1,1,0,1,0,0,1,1,0,0,0,1,0,0,0,0.015625,-247.35352206115786,1
1,1,0,1,1,1,0,1,0,0,1,1,1,1,1,1,1,0,1,0,0,1,0,0,1,1,1,1,0,0,1,1,0,1,0,1,0,0,0,0,0,0,1,0,0,1,1,1,1,1,0,0,1,1,0,0,0,0,0,0,1,0,0,0,0.015625,-247.3533061838203,1
1,1,0,1,1,0,0,1,0,1,0,1,0,0,0,0,0,0,0,0,1,0,0,1,1,0,1,1,1,0,1,0,0,0,1,1,0,0,0,1,1,0,1,0,1,1,0,1,1,1,0,1,0,1,1,0,1,0,1,1,1,1,0,0,0.0,-247.3528333408229,1
1,0,1,0,1,0,1,1,0,1,0,0,0,0,0,0,0,1,1,0,1,1,0,0,0,1,1,1,0,0,1,1,0,0,0,1,1,1,0,1,0,0,1,1,1,1,1,1,1,1,0,1,0,0,1,0,1,0,0,0,0,0,1,1,0.015625,-247.35276093575902,1
1,0,0,1,1,1,0,0,0,1,1,1,1,1,0,0,0,0,1,0,0,0,0,0,0,0,0,1,1,0,1,1,1,0,1,0,1,1,0,1,0,1,1,1,1,0,0,1,1,1,0,0,0,1,1,1,0,0,1,1,0,1,0,0,0.0,-247.35231266742903,1
1,0,1,0,0,1,1,1,1,0,1,1,1,1,0,0,0,0,0,0,1,1,0,1,0,0,1,0,0,1,1,1,0,0,1,0,0,1,0,1,1,1,1,0,1,1,0,0,0,1,0,1,0,1,1,0,1,0,0,1,1,0,0,0,0.0,-247.35212369717593,1
0,0,1,0,0,1,1,0,1,0,0,0,0,1,0,1,0,1,1,1,1,1,0,1,0,0,1,1,0,1,1,0,1,1,1,1,1,1,0,1,0,0,1,1,0,1,0,0,0,1,0,0,1,0,1,0,1,0,0,0,1,1,0,0,0.0,-247.3519250078179,1
0,0,1,0,0,1,1,1,1,0,1,0,1,1,1,0,0,1,1,0,1,1,0,0,0,0,0,1,0,0,0,0,1,1,0,0,1,1,1,0,0,0,1,0,1,1,0,1,0,0,0,1,0,1,1,1,1,0,0,0,1,1,1,1,0.0,-247.3518534574376,1
0,0,1,1,0,1,1,1,0,1,0,1,0,0,0,0,0,0,1,1,1,1,0,0,0,0,1,1,1,0,0,0,1,1,1,1,0,1,0,0,0,0,0,1,1,1,1,1,1,1,1,0,0,1,0,0,1,1,0,0,1,0,1,0,0.0,-247.35164628508298,1
0,0,1,0,0,1,0,1,1,0,1,1,0,0,1,0,0,1,0,0,1,1,0,0,1,0,1,1,1,0,1,1,0,1,0,0,0,1,0,1,0,1,1,0,1,0,1,1,1,0,0,0,0,1,1,1,0,1,0,0,0,1,1,1,0.0,-247.35078101451364,1
1,0,1,1,1,1,1,0,0,0,0,0,0,1,0,0,1,1,1,0,1,1,0,0,1,1,1,1,0,0,0,1,0,0,1,0,1,0,1,0,0,0,1,1,1,0,1,0,1,1,0,0,1,0,1,1,1,1,0,0,0,0,0,1,0.0,-247.35074038183416,1
1,0,1,0,1,1,0,1,0,1,0,0,0,0,0,1,0,0,1,0,1,1,0,0,1,1,1,1,0,0,0,1,1,1,1,0,1,1,0,0,1,0,1,1,1,0,0,0,0,1,0,0,1,1,1,0,1,1,0,0,1,0,1,0,0.0,-247.35019076962683,1
0,0,0,1,0,0,0,1,1,0,1,1,1,0,0,0,1,1,1,0,1,1,0,1,1,0,1,1,1,0,0,0,0,0,1,1,1,0,0,1,0,1,1,0,1,0,0,1,1,1,0,1,0,0,1,1,0,1,0,0,0,1,1,0,0.0,-247.34988007191174,1
0,0,0,1,1,1,0,1,0,1,0,1,1,0,0,1,1,1,0,1,1,0,0,0,1,0,1,1,0,1,0,1,0,0,1,0,0,1,0,0,1,1,0,1,1,1,1,1,0,1,0,0,0,1,0,1,0,0,0,0,1,1,1,0,0.015625,-247.34944164112693,1
1,0,1,1,0,1,0,1,1,1,0,1,1,0,1,0,0,0,1,0,1,0,1,1,0,0,0,1,1,0,1,0,1,0,1,0,0,1,0,0,0,0,1,1,1,0,0,1,0,0,1,0,0,1,0,1,1,0,0,1,1,0,1,1,0.0,-247.34916966164081,1
0,0,1,0,1,0,0,0,1,0,1,1,0,0,0,1,0,0,1,1,1,1,0,0,1,0,1,1,1,1,0,1,1,1,1,1,1,0,1,0,1,1,1,0,0,0,0,1,0,1,0,0,0,1,0,1,0,0,0,0,1,1,1,0,0.0,-247.34899484047898,1
0,0,0,0,0,1,1,1,0,0,1,1,1,0,1,1,0,1,1,0,1,1,0,0,0,0,1,1,0,0,0,1,1,1,1,1,0,1,0,1,0,0,1,0,1,0,1,0,0,0,1,0,1,0,0,0,1,1,0,1,0,1,1,1,0.015625,-247.3486879220805,1
0,0,1,1,1,0,1,1,1,0,1,0,0,1,0,0,0,1,1,1,0,1,1,0,0,0,1,0,0,0,1,0,0,0,1,0,1,1,0,1,0,1,1,1,1,0,0,1,0,1,0,0,0,0,1,1,0,0,1,0,1,1,1,1,0.015625,-247.34827155556374,1
0,1,1,0,0,1,0,1,1,0,0,1,0,0,1,1,0,0,1,0,1,0,0,0,0,0,1,1,0,0,0,0,1,1,1,1,0,1,0,0,1,1,1,0,1,1,0,0,1,1,0,0,0,0,1,1,1,1,0,1,1,1,1,0,0.0,-247.3473499573503,1
1,1,1,1,0,1,0,1,1,1,1,0,0,0,0,1,0,1,0,0,0,1,0,0,1,0,1,0,0,0,0,0,1,0,1,0,0,1,0,0,1,0,1,1,1,1,0,0,0,1,1,1,1,1,0,0,1,1,0,0,0,1,1,1,0.0,-247.34713339988733,1
0,0,1,1,1,1,1,0,1,0,1,1,0,0,0,1,0,1,0,1,1,1,0,1,1,0,1,1,0,0,0,0,0,1,1,1,0,1,0,1,0,1,1,0,1,1,0,0,0,0,0,1,1,1,0,1,1,0,0,0,0,0,1,0,0.0,-247.34709085314574,1
0,0,0,1,1,1,0,1,0,1,1,0,0,1,1,0,0,1,0,0,1,1,0,0,1,0,1,1,0,0,0,1,1,0,0,1,1,1,1,0,0,0,1,1,1,1,1,1,0,1,0,0,1,0,0,0,1,1,0,0,0,0,1,1,0.0,-247.34676150863055,1
1,1,1,0,0,1,0,1,0,1,0,1,0,0,0,1,1,0,1,0,1,1,0,0,1,0,1,1,0,0,1,1,0,0,0,1,1,1,0,0,1,0,1,1,1,1,0,0,0,0,0,0,0,1,1,0,1,1,0,0,1,1,1,0,0.0,-247.34641479497978,1
0,0,0,0,1,1,0,1,0,0,1,1,1,1,0,0,0,1,1,0,1,1,1,1,0,0,1,1,0,1,1,0,0,1,1,0,0,1,0,0,0,0,1,1,1,0,1,0,1,0,0,0,0,1,1,1,0,1,0,0,1,1,1,0,0.015625,-247.34596029952922,1
1,1,0,0,1,1,0,1,1,0,0,1,1,1,0,1,0,1,1,0,1,1,0,1,0,0,0,1,0,0,1,1,0,1,0,1,0,1,0,0,0,0,1,1,0,0,0,1,0,0,0,1,1,1,1,0,1,1,0,0,1,0,1,0,0.0,-247.34520884303026,1
1,1,1,1,0,0,1,0,0,0,1,1,1,0,0,0,0,0,1,0,1,1,0,0,1,0,1,1,1,1,0,1,0,0,1,0,0,1,0,0,1,0,1,1,1,0,0,0,0,1,0,1,0,1,1,1,1,0,0,0,0,1,1,1,0.015625,-247.34517793777738,1
1,1,0,0,1,0,0,1,0,0,1,0,1,0,0,0,0,1,1,1,0,1,1,0,1,1,1,1,0,0,1,1,1,0,0,0,1,0,0,1,0,0,1,1,1,1,1,1,0,1,0,0,1,0,0,1,1,0,0,0,1,0,1,0,0.0,-247.34507541031172,1
0,0,1,1,1,1,1,0,0,0,0,1,0,0,0,1,0,1,0,1,1,1,1,0,0,0,1,0,1,0,1,1,0,1,1,0,0,1,1,0,1,0,1,1,0,0,1,1,0,1,1,0,1,1,0,0,1,0,0,0,1,1,0,0,0.0,-247.34480260971924,1
1,0,0,1,0,0,0,0,0,1,0,1,0,1,0,0,1,1,1,1,0,1,0,0,1,0,1,1,0,0,0,1,1,1,1,0,1,1,0,0,1,0,1,0,1,1,1,0,0,1,0,1,1,1,0,0,1,1,0,0,1,1,0,0,0.0,-247.34340708187193,1
0,1,1,1,1,0,0,1,0,0,1,1,1,0,0,0,0,1,1,0,1,0,0,0,1,0,1,1,0,1,1,0,1,1,1,1,1,1,0,0,1,0,1,1,1,1,0,0,0,1,0,0,0,1,0,1,0,0,0,0,0,1,1,0,0.0,-247.34330300509967,1
0,1,1,1,1,1,0,1,0,0,1,0,1,1,0,1,1,1,1,0,1,0,0,1,0,0,1,1,0,1,0,0,1,1,0,1,0,1,0,0,0,0,1,1,1,0,0,0,0,1,0,1,0,1,0,1,0,0,1,0,1,0,1,0,0.0,-247.3427530065663,1
1,1,1,1,1,0,1,0,1,1,0,1,1,0,1,0,0,0,1,1,1,1,1,0,1,0,0,1,0,1,0,1,0,1,1,1,0,1,0,0,0,0,0,0,1,0,1,0,0,0,0,0,0,0,0,1,1,0,1,0,0,1,1,1,0.015625,-247.34233156531022,1
0,1,1,1,1,1,1,1,0,1,0,1,1,0,0,0,0,1,1,1,1,0,0,0,0,0,1,0,0,0,1,1,1,1,0,0,1,1,0,1,0,0,0,0,1,0,0,1,0,1,1,0,1,0,1,1,0,0,1,0,0,1,1,0,0.0,-247.34203722289317,1
1,0,0,1,0,1,0,1,1,1,0,1,0,1,0,1,1,0,1,0,1,1,1,0,0,1,0,1,0,0,0,0,0,0,1,1,1,0,0,0,0,0,1,1,1,1,1,0,0,1,1,0,1,1,1,1,1,0,0,0,0,0,0,1,0.0,-247.34167417729813,1
0,1,1,1,1,1,1,1,0,0,1,0,0,0,0,1,0,0,0,0,1,1,1,0,0,0,1,1,0,1,1,1,1,0,1,1,0,1,0,1,0,0,1,1,1,0,0,1,1,1,0,0,1,0,1,1,0,0,1,0,0,0,0,0,0.03125,-247.3410878493061,1
0,0,1,1,1,1,0,1,1,1,1,0,0,0,0,0,0,1,0,0,1,1,1,1,0,0,0,1,1,1,0,1,1,1,0,0,1,0,1,0,0,0,1,1,1,0,0,1,0,1,0,1,0,1,1,1,1,0,0,0,0,0,0,1,0.0,-247.34107478473362,1
1,0,1,1,1,0,0,1,0,1,0,0,1,1,1,0,1,0,1,0,1,1,1,0,0,1,1,1,1,0,1,1,0,0,0,0,0,1,0,0,0,0,0,1,1,1,1,1,0,0,0,0,1,0,0,1,1,0,0,0,0,1,1,1,0.015625,-247.34043048353243,1
0,0,0,1,1,1,0,1,1,0,1,0,0,1,1,1,1,0,0,0,1,1,0,0,0,0,1,1,1,0,1,0,0,0,0,1,0,1,0,1,0,0,1,1,1,1,0,0,0,1,0,1,1,1,0,0,1,0,0,1,0,1,1,1,0.0,-247.33927325226335,1
0,0,0,0,1,1,0,1,0,1,1,0,0,1,0,0,1,0,0,0,1,0,1,1,0,0,1,1,0,0,0,0,1,1,1,0,0,1,0,1,1,0,1,1,1,1,0,0,1,1,1,0,0,1,0,0,1,1,0,1,1,1,0,1,0.015625,-247.3390016387791,1
1,1,1,1,0,0,0,1,1,1,0,0,1,0,0,0,1,0,0,1,1,1,0,0,0,0,0,1,1,0,1,0,0,0,1,1,1,1,0,0,1,0,0,1,1,1,1,0,0,1,0,0,1,1,0,1,0,1,1,0,0,1,1,0,0.0,-247.33888101219918,1
0,1,0,1,1,0,1,1,0,1,0,1,0,0,0,0,0,1,1,1,1,1,1,0,1,0,0,1,0,0,0,1,0,1,1,0,1,1,1,0,0,0,1,0,1,1,0,0,1,1,1,0,0,1,0,1,1,0,1,0,0,0,1,0,0.0,-247.3385310557994,1
0,0,1,0,1,0,1,1,1,0,0,1,0,1,1,0,0,0,1,0,1,0,0,1,0,0,1,0,0,0,0,1,1,1,1,1,0,1,1,0,1,1,1,1,1,0,0,1,1,0,1,0,0,0,0,1,1,0,0,0,0,1,1,1,0.0,-247.33822473847636,1
0,0,1,1,0,1,1,1,0,1,1,1,0,0,0,0,0,0,0,0,1,0,0,1,0,0,1,1,1,0,1,1,0,0,0,1,1,1,0,1,1,0,1,0,1,1,1,0,0,0,1,1,1,0,0,1,1,0,0,0,1,1,1,0,0.0,-247.33660495259886,1
1,1,1,1,1,1,1,0,1,1,1,0,0,0,0,0,0,1,1,0,1,1,1,0,1,0,0,0,0,0,1,1,0,0,1,0,1,1,0,1,0,0,1,1,1,0,0,1,1,1,1,1,0,0,0,0,1,0,0,0,0,0,0,1,0.015625,-247.33651024397113,1
0,0,1,1,0,0,0,1,0,0,0,1,0,1,0,0,1,1,0,0,1,0,1,0,1,0,0,1,0,1,1,1,0,1,1,1,0,1,0,0,0,0,1,1,1,0,1,1,1,1,0,1,0,1,0,1,1,0,1,0,0,1,1,0,0.0,-247.33609120318195,1
0,0,1,0,1,0,0,1,0,0,0,1,0,0,0,1,0,0,1,0,1,1,0,1,1,0,0,1,1,1,1,1,0,0,1,0,0,1,0,1,0,0,1,1,1,1,1,1,1,1,0,1,0,0,1,1,0,1,0,0,1,1,0,0,0.0,-247.3358311318921,1
0,0,1,0,0,1,0,1,0,1,1,1,0,1,0,1,0,1,0,0,0,1,1,0,0,0,1,1,1,0,1,1,0,1,0,1,0,0,1,0,1,0,1,1,1,1,0,1,1,0,0,0,0,1,1,1,0,1,0,0,1,0,1,0,0.0,-247.33547740281503,1
1,0,0,1,0,1,1,0,0,0,1,0,1,1,0,0,0,1,1,0,0,0,0,0,1,0,1,1,0,0,1,1,1,1,0,0,0,1,0,0,1,0,1,1,1,1,1,0,1,1,1,0,0,1,0,1,1,1,0,0,0,1,1,0,0.0,-247.33514262207694,1
1,1,1,1,1,0,0,1,0,1,1,1,0,1,0,0,0,0,1,0,1,1,0,0,1,0,1,1,0,0,1,1,1,0,1,1,0,0,0,0,1,0,1,1,1,0,0,1,0,1,0,0,0,1,0,1,1,0,0,0,0,1,1,0,0.0,-247.33306542225714,1
0,1,1,1,1,0,0,0,1,1,1,1,0,0,0,0,0,1,1,0,1,1,0,0,0,0,1,1,0,0,1,0,1,0,1,0,1,1,0,0,1,0,1,1,1,0,0,0,0,1,1,1,0,1,0,1,0,0,1,1,1,0,1,0,0.0,-247.33248063176111,1
0,0,1,1,1,1,0,0,0,0,0,1,0,0,1,1,1,0,0,0,1,1,0,0,1,0,0,1,0,1,0,0,1,1,1,0,0,1,0,1,1,1,1,1,1,1,1,1,0,1,1,0,0,0,0,1,0,0,1,0,0,1,0,1,0.0,-247.33246430286144,1
0,0,0,1,1,1,1,1,0,0,0,1,1,0,1,0,0,0,1,1,0,0,0,0,1,0,1,1,0,0,1,1,0,0,0,1,0,1,0,1,1,1,1,0,1,1,0,0,1,1,0,1,0,0,0,1,0,0,1,0,1,1,1,1,0.0,-247.33245411547767,1
0,0,1,0,1,1,0,1,0,0,1,0,0,1,1,0,1,1,0,0,1,0,0,0,1,0,1,0,0,0,0,0,1,1,1,1,1,0,1,1,1,1,1,1,1,0,0,1,1,0,0,1,0,1,0,0,1,0,0,0,1,1,1,0,0.015625,-247.3320050649259,1
0,0,1,0,1,1,1,0,1,1,0,0,0,0,0,1,0,1,1,1,1,1,0,1,1,0,0,1,1,1,0,1,0,1,0,0,0,0,1,0,1,1,1,1,1,1,0,0,0,1,0,0,0,1,1,1,0,0,1,0,0,0,1,0,0.015625,-247.3318756828445,1
0,0,1,1,0,1,0,1,0,1,1,1,0,0,0,0,0,1,1,1,1,0,1,0,1,0,1,1,0,0,0,1,0,1,0,0,0,1,1,1,0,0,0,1,1,1,1,1,0,0,1,0,0,0,0,1,1,1,1,0,0,0,1,1,0.015625,-247.3317974364775,1
1,0,1,1,0,1,0,0,0,1,1,0,0,1,0,1,0,1,0,0,1,1,0,0,0,0,1,1,1,1,1,0,0,1,1,0,1,1,0,1,0,0,1,1,1,1,1,0,0,1,1,0,0,0,0,0,1,0,1,0,0,1,1,0,0.0,-247.3317041415551,1
1,0,0,1,0,1,0,0,1,1,1,0,0,0,1,0,0,1,0,1,1,0,0,0,0,0,1,1,0,1,1,1,1,0,1,0,1,0,1,1,1,1,1,1,1,1,0,1,1,1,0,0,1,0,0,0,1,0,0,0,0,1,0,0,0.0,-247.3305742474184,1
0,0,1,1,0,1,0,1,1,1,0,0,1,0,1,0,0,0,1,1,1,0,0,0,1,0,1,1,0,0,1,1,1,0,1,1,0,1,0,0,0,0,1,1,1,0,0,1,1,0,0,1,0,1,1,1,1,0,0,0,1,0,1,0,0.046875,-247.32903387915346,1
1,0,0,1,0,0,1,0,0,1,1,0,0,0,1,0,1,0,1,1,0,1,0,0,1,1,1,1,0,1,0,0,0,1,0,1,0,1,0,0,0,0,1,1,1,1,0,1,1,1,1,0,0,0,1,1,1,1,0,0,1,1,0,0,0.0,-247.3284868160959,1
1,0,1,1,1,0,1,0,0,0,1,1,0,0,0,1,0,0,0,0,1,1,1,0,1,0,1,1,0,0,1,1,1,0,1,0,1,1,0,0,1,0,1,1,1,1,0,1,0,1,0,1,0,0,1,1,1,0,0,0,0,1,0,0,0.0,-247.32783207080016,1
0,0,1,1,0,0,0,1,0,0,1,1,1,1,0,1,0,1,1,0,0,1,0,0,1,0,1,1,1,0,1,0,1,0,1,1,1,0,0,0,1,1,1,0,1,1,0,0,0,1,1,0,0,0,0,1,1,0,0,0,1,1,1,0,0.0,-247.3261377747965,1
0,0,0,0,1,1,1,1,0,1,0,1,1,0,0,0,0,0,1,0,1,0,0,0,1,0,1,0,0,1,1,1,0,1,1,1,0,0,1,0,1,1,1,0,1,0,0,1,1,1,0,0,0,1,1,1,1,1,0,0,0,1,0,1,0.015625,-247.32605022301763,1
0,0,0,1,1,1,0,1,0,1,0,0,1,0,1,0,0,1,0,1,1,0,0,0,1,0,1,0,1,1,1,0,0,0,0,1,0,1,0,0,1,1,1,1,1,1,1,1,0,1,0,0,1,0,0,1,1,0,0,0,1,1,1,0,0.0,-247.32559999932843,1
0,0,1,1,0,1,0,1,1,1,1,1,0,1,0,0,0,0,1,1,1,0,0,1,0,0,0,0,1,0,1,1,1,0,0,1,1,1,0,1,1,0,0,1,1,0,1,0,0,1,1,1,0,1,0,1,1,0,0,0,0,1,0,0,0.0,-247.32524374067123,1
0,1,1,1,1,1,0,1,0,1,0,0,0,1,0,1,1,1,1,0,1,0,0,0,1,0,1,1,1,0,0,1,1,1,0,0,0,0,0,0,0,0,0,1,1,1,0,1,0,1,1,0,1,0,1,1,1,0,0,0,1,0,0,1,0.0,-247.32512105775479,1
0,1,0,1,0,1,0,0,1,1,1,0,1,1,1,0,1,0,1,0,1,1,0,1,1,0,1,1,0,0,1,1,0,1,1,0,0,0,0,1,1,0,1,1,1,1,0,0,0,0,0,0,0,1,1,1,1,0,0,0,0,1,0,0,0.0,-247.32422769299598,1
0,0,1,1,0,1,0,0,0,0,1,0,0,1,1,1,0,0,1,1,1,1,1,0,1,1,1,1,0,0,1,0,1,1,1,0,0,1,0,1,0,0,1,1,1,0,0,1,1,0,0,1,0,0,0,1,0,0,0,0,1,1,1,0,0.0,-247.32396884658772,1
0,0,0,1,1,0,1,0,0,1,0,1,0,0,0,1,1,1,1,1,1,1,1,1,1,0,1,0,0,0,1,1,0,1,1,0,0,0,0,1,0,0,1,1,1,0,1,0,0,1,0,1,1,0,1,1,1,0,0,0,0,1,0,0,0.0,-247.32336102996499,1
0,0,1,1,0,1,0,1,1,0,0,0,1,0,1,1,0,1,0,0,1,0,1,0,1,1,1,1,0,0,0,1,0,1,0,1,0,0,0,0,1,1,1,1,1,0,0,1,0,1,0,1,0,1,0,1,1,0,0,0,0,1,1,1,0.0,-247.32334249821255,1
0,1,0,1,1,1,1,1,0,1,1,0,1,1,1,0,0,1,0,0,1,1,0,1,1,0,1,1,0,0,1,1,1,0,0,1,0,1,0,0,1,0,1,1,0,1,0,0,0,0,1,0,0,1,0,0,0,1,0,1,1,0,0,0,0.0,-247.32171669959914,1
1,0,1,1,1,1,0,0,1,1,1,1,0,0,1,0,0,1,0,0,1,1,0,0,0,0,1,1,0,1,1,0,0,0,0,1,1,1,0,1,0,1,0,0,1,0,0,0,0,1,1,1,0,0,0,1,1,0,0,1,0,1,1,1,0.0,-247.32150275877945,1
0,1,1,1,1,1,0,1,0,0,1,1,0,0,1,0,0,0,0,1,1,0,1,0,0,0,1,1,1,0,0,0,0,0,0,0,1,1,1,1,1,0,1,1,1,1,0,1,0,1,0,0,1,0,0,1,1,1,0,0,1,1,0,0,0.015625,-247.32135599705285,1
0,0,1,0,0,1,0,1,1,1,1,1,1,1,0,1,0,0,1,1,1,1,0,0,1,0,1,1,0,0,0,0,0,1,0,0,0,1,0,0,0,0,0,1,1,0,1,0,0,1,0,1,1,1,1,0,1,1,0,0,1,1,0,1,0.015625,-247.32048011196312,1
0,0,0,1,0,0,0,1,1,0,1,0,1,0,1,1,0,0,1,1,1,1,1,0,0,0,0,1,1,1,1,0,0,0,1,1,0,1,0,0,1,0,1,1,1,0,0,1,1,1,0,0,0,0,0,1,1,1,1,0,0,1,1,0,0.0,-247.31850696793202,1
0,0,1,1,0,0,1,1,0,1,1,1,0,0,0,0,1,0,1,0,1,0,1,1,1,0,1,1,0,1,1,0,1,0,0,0,0,1,0,0,0,1,1,0,1,0,1,0,1,0,1,1,0,0,1,1,1,0,1,0,0,1,1,0,0.0,-247.31745276495457,1
0,1,1,1,1,1,0,1,0,1,1,0,0,0,0,0,0,0,0,0,1,0,0,0,1,0,1,1,0,0,1,0,0,1,0,1,0,1,1,1,1,0,1,1,1,0,1,1,0,1,0,1,1,1,1,0,1,0,0,1,0,1,0,0,0.0,-247.31668126300943,1
0,1,0,0,1,1,1,1,0,0,1,1,0,1,0,1,0,0,1,1,1,1,0,1,0,0,1,1,1,1,0,1,0,1,1,1,1,1,0,1,0,0,1,1,1,0,0,0,0,0,0,1,0,0,0,1,1,0,0,0,0,0,1,0,0.0,-247.31369689746086,1
1,0,0,1,1,0,0,1,0,1,1,1,0,1,1,0,0,1,0,0,0,1,0,0,0,0,1,0,0,0,1,1,1,0,0,0,1,0,0,0,1,1,1,1,1,0,0,0,1,1,1,1,1,1,1,1,0,0,0,1,1,0,1,0,0.0,-247.31265205106882,1
0,1,1,0,0,1,1,1,0,1,1,0,0,1,1,1,1,0,1,0,1,1,0,0,1,0,1,1,0,0,0,1,0,0,0,1,0,1,1,0,1,0,0,1,1,0,0,1,0,1,0,0,0,1,0,1,1,1,0,0,1,0,1,0,0.0,-247.3115795030037,1
1,0,1,1,1,0,1,1,1,0,0,0,1,0,0,1,0,1,0,0,1,0,0,0,1,0,1,1,0,1,1,0,0,0,0,0,0,0,0,0,0,1,1,1,1,0,1,0,0,0,1,1,1,1,1,1,1,1,0,0,1,1,0,1,0.015625,-247.29507603935306,1
1,0,1,1,0,1,1,0,1,1,1,1,0,0,0,0,1,1,0,0,0,1,0,0,1,1,1,1,1,0,1,0,1,1,1,0,1,1,1,1,0,0,0,1,0,1,0,0,1,0,0,0,0,0,1,0,1,0,0,1,1,0,1,0,0.0,-247.16570634257278,1
0,0,0,1,1,1,0,1,0,0,0,1,0,1,0,0,0,0,0,0,0,1,0,0,1,0,1,0,1,1,1,1,1,1,1,1,0,1,1,1,0,0,1,1,1,1,0,1,1,0,0,0,0,0,1,0,1,0,1,1,1,1,1,0,0.015625,-247.1520054070882,1
0,1,0,1,0,1,0,0,1,1,1,1,0,0,0,0,0,0,1,0,1,1,0,1,0,0,1,1,0,0,0,1,1,0,0,0,0,1,1,0,0,1,1,1,0,0,0,0,1,1,0,0,1,1,1,1,1,0,0,1,1,0,1,1,0.0,-247.15009683788236,1
0,0,1,1,0,0,0,1,0,0,0,1,0,1,0,1,0,1,1,0,1,1,0,0,0,1,1,0,0,1,0,0,0,1,0,1,1,1,0,1,1,0,1,0,1,1,1,1,1,0,0,0,1,1,0,1,1,0,1,0,1,1,1,0,0.0,-247.14843482322124,1
0,0,1,0,1,1,0,0,0,0,1,1,1,1,0,0,0,1,0,0,1,1,0,0,1,0,1,0,1,1,0,0,0,0,0,1,0,1,1,0,1,0,0,1,1,1,0,0,1,1,0,0,0,1,0,1,1,0,0,1,1,1,1,1,0.015625,-247.14628099948357,1
0,0,0,1,1,1,0,0,0,0,1,0,1,0,0,0,0,1,0,0,1,1,0,0,1,1,1,0,0,0,0,0,1,1,0,1,0,1,1,1,0,1,1,1,1,1,1,0,1,1,0,1,0,0,1,0,1,0,0,1,0,0,1,1,0.015625,-247.14511987857807,1
0,1,1,1,0,1,1,1,0,0,1,1,1,0,0,1,1,1,0,0,1,1,1,1,1,1,0,0,1,0,0,0,1,0,0,0,1,0,0,1,0,1,0,0,1,0,0,1,0,0,0,0,0,1,0,1,1,0,0,0,1,1,1,0,0.0,-247.1438939235035,1
0,1,1,1,1,1,1,1,1,0,1,1,1,0,1,1,0,0,1,0,0,0,1,0,1,1,1,0,1,0,0,1,1,0,0,1,0,1,0,1,0,0,1,1,0,1,1,0,1,1,0,0,0,0,0,0,0,0,0,0,0,0,1,0,0.0,-247.14352594598466,1
0,1,1,0,1,1,1,1,1,0,1,0,1,0,0,0,1,0,1,0,1,1,0,0,1,1,0,1,0,0,0,1,1,1,0,0,0,1,0,1,0,0,1,1,1,1,0,0,0,1,0,0,0,0,1,0,0,0,1,0,0,1,1,1,0.0,-247.14351823244476,1
0,0,1,1,1,1,1,0,0,0,1,1,0,0,1,0,0,1,1,0,1,1,0,1,0,1,1,1,0,1,0,0,1,1,0,0,0,1,0,0,0,0,1,1,1,1,1,0,0,1,0,0,1,1,1,0,0,0,0,0,1,0,1,0,0.0,-247.14204425892922,1
0,0,1,1,0,1,0,1,1,0,1,0,0,0,0,1,0,1,1,0,1,1,0,0,1,0,1,1,0,0,0,0,0,1,1,1,0,1,1,1,0,1,0,1,0,1,0,0,1,0,0,0,0,1,1,1,1,0,0,0,1,1,1,0,0.0,-247.1417743059216,1
0,0,0,1,0,1,1,1,1,0,0,0,0,1,0,1,1,0,1,0,1,1,1,1,0,1,0,1,0,0,0,1,1,0,1,0,0,1,1,0,1,0,1,1,1,1,0,1,0,1,0,0,1,1,0,0,0,0,0,0,0,1,1,0,0.015625,-247.14046248409457,1
1,1,0,0,1,1,0,1,0,0,1,0,0,0,0,1,1,1,1,0,1,1,0,0,1,0,1,0,1,0,0,0,0,1,1,0,0,1,0,1,1,0,1,0,1,1,1,1,0,1,0,0,0,0,0,1,0,0,1,0,1,0,1,1,0.015625,-247.14018466094134,1
1,0,0,1,0,1,0,1,0,1,0,0,0,1,0,0,1,0,1,0,1,1,0,1,0,0,1,1,0,0,1,0,1,1,1,1,0,1,0,0,0,0,1,1,1,1,1,0,1,0,0,0,0,0,1,0,1,0,1,0,1,0,1,1,0.0,-247.13901014948095,1
1,0,0,0,0,1,1,0,1,0,0,0,1,0,0,1,0,0,1,1,0,1,0,0,1,0,1,1,1,0,0,1,0,0,0,1,1,1,0,1,0,1,1,0,1,1,0,1,1,0,0,0,0,1,0,1,0,0,1,1,1,1,1,0,0.0,-247.1373061397136,1
1,0,1,1,0,1,1,0,0,0,1,1,0,1,0,0,0,1,1,0,1,1,0,1,1,0,1,1,0,0,1,1,0,0,1,1,1,1,0,0,0,0,1,1,1,1,1,1,1,1,0,0,0,0,0,0,0,0,1,0,0,1,1,0,0.015625,-247.13725502475924,1
0,1,0,1,0,0,0,1,0,1,1,0,1,0,0,0,1,0,1,0,1,0,0,0,1,0,0,1,0,0,0,1,1,0,0,1,1,1,0,1,0,0,1,0,1,1,1,1,1,1,0,0,0,0,1,0,1,1,0,1,1,1,1,0,0.015625,-247.13701329416918,1
0,0,0,1,0,1,1,1,1,0,0,1,0,0,0,0,1,0,0,1,1,0,0,1,1,0,1,1,0,0,0,0,1,0,1,1,0,1,0,0,1,0,1,1,1,1,1,0,0,1,0,0,1,0,1,1,1,0,1,0,1,0,1,0,0.0,-247.13692737067163,1
1,0,1,1,1,0,0,1,1,0,0,1,1,0,0,1,1,1,1,0,1,1,0,0,0,0,1,1,1,0,0,0,0,0,1,0,1,1,0,0,0,0,1,1,1,0,0,0,1,0,0,0,1,0,1,1,1,0,0,0,1,1,1,0,0.0,-247.13645046265026,1
1,0,1,1,1,0,1,0,1,1,1,1,1,0,0,0,1,0,0,0,0,1,1,0,0,0,1,1,0,1,0,0,1,0,1,0,1,1,0,0,1,0,0,1,1,0,1,1,1,0,0,0,0,1,0,1,0,0,1,0,1,1,0,0,0.015625,-247.13616297940266,1
0,0,1,1,0,1,1,0,0,1,1,1,1,0,0,0,0,1,1,0,1,1,0,0,0,0,1,1,0,0,1,1,1,0,1,0,0,1,0,0,0,0,1,1,1,0,1,0,1,1,0,0,0,1,0,1,1,0,0,0,1,1,1,0,0.0,-247.13585888206686,1
0,0,1,0,1,0,0,0,1,1,0,1,0,0,0,1,0,1,1,0,0,1,1,1,0,0,0,0,1,0,1,0,1,0,1,1,1,1,1,0,1,0,1,1,1,1,0,0,1,0,1,0,0,1,0,1,0,0,1,0,1,1,1,1,0.0,-247.13523999129228,1
0,0,0,0,0,1,1,1,1,0,1,1,0,0,0,1,0,1,1,0,1,1,0,0,0,0,1,1,0,0,1,1,0,0,1,1,0,1,1,1,1,0,1,0,1,1,0,0,1,1,1,0,0,1,0,0,0,0,1,1,1,1,1,0,0.0,-247.1350797169602,1
0,0,0,1,1,0,0,1,1,0,1,0,1,0,0,1,0,1,0,0,1,1,0,0,1,0,1,0,1,0,0,0,1,0,1,1,1,1,0,0,0,0,1,1,1,1,0,0,0,1,1,0,1,1,0,1,1,0,0,0,1,1,0,1,0.0,-247.13497880233464,1
0,0,1,1,0,1,1,1,1,1,0,1,0,0,1,0,0,0,1,0,1,1,0,0,1,0,1,1,0,0,0,1,0,0,0,1,1,1,0,1,0,0,0,0,1,1,0,0,1,1,0,0,0,1,1,1,1,0,1,0,0,1,1,0,0.0,-247.1348853411127,1
0,0,0,1,0,0,0,1,0,1,0,1,1,0,0,0,0,1,1,0,1,1,0,0,1,0,1,1,0,0,1,0,0,0,1,1,1,1,1,0,1,0,1,1,1,1,0,1,1,1,0,0,0,1,1,0,1,0,1,0,1,1,1,0,0.0,-247.13438116734696,1
1,0,0,1,0,1,0,1,1,0,1,0,0,0,0,0,0,1,0,0,1,0,0,1,1,0,1,0,0,1,0,1,0,1,1,1,1,0,0,1,1,1,1,1,1,1,1,0,0,1,0,0,0,1,1,0,0,1,0,1,1,1,0,1,0.0,-247.13370577795862,1
0,0,1,1,0,1,1,0,1,0,0,0,0,1,0,0,0,0,0,0,1,1,0,1,1,0,0,1,1,0,0,0,0,1,1,1,1,1,1,1,1,0,0,1,1,1,1,0,1,1,0,0,0,0,1,1,1,0,0,0,1,0,0,1,0.015625,-247.13366012678614,1
1,1,1,0,0,1,0,0,1,0,1,1,0,0,0,0,1,0,1,0,1,1,0,0,0,0,0,1,0,0,0,1,1,1,1,1,0,0,0,1,1,0,1,1,1,1,1,0,1,0,0,0,1,1,1,1,1,0,0,0,0,1,0,0,0.015625,-247.13318554442702,1
0,0,1,1,0,1,1,0,1,0,1,1,0,0,0,0,1,0,1,0,0,0,0,0,0,1,1,1,0,1,0,0,0,0,1,1,0,0,1,1,1,0,1,0,1,1,1,1,0,1,0,1,0,1,1,0,1,0,0,0,1,1,1,0,0.0,-247.13311631855927,1
0,1,1,0,1,0,0,1,1,1,1,1,0,0,0,0,0,0,0,0,1,0,0,1,0,0,1,0,1,0,1,1,0,0,1,1,1,1,0,0,1,0,1,1,1,1,1,0,1,0,0,0,0,0,0,1,1,0,0,0,1,1,1,1,0.0,-247.13244149758773,1
0,0,1,1,1,0,0,1,1,1,1,1,1,0,1,1,1,0,1,1,1,1,1,1,0,1,1,1,0,0,0,0,0,0,0,1,0,0,1,0,0,0,0,1,1,1,0,1,1,0,0,0,0,0,1,0,0,0,0,0,1,1,1,1,0.0,-247.13194638669245,1
0,0,0,1,1,1,1,1,1,1,1,1,0,0,0,0,0,1,1,0,1,1,0,0,1,0,1,1,0,0,0,0,1,0,1,0,0,0,0,1,1,1,1,0,0,1,0,1,1,1,0,0,0,1,0,0,1,1,0,0,1,0,0,1,0.015625,-247.13048533001682,1
0,0,1,1,0,1,0,1,0,1,1,1,0,0,0,0,0,0,1,0,1,1,0,1,1,0,1,1,0,0,1,1,0,0,1,0,1,1,0,1,1,0,1,0,1,1,0,1,1,1,0,0,0,1,1,0,0,0,0,0,0,0,1,1,0.0,-247.13045806891282,1
1,1,0,1,1,1,0,1,0,0,0,1,0,0,0,0,1,1,0,1,0,0,0,1,1,1,0,0,0,0,1,0,0,1,1,1,1,1,0,1,0,0,1,1,1,0,1,0,1,0,1,0,0,1,1,1,1,0,0,0,1,1,1,0,0.0,-247.1299335538591,1
0,1,1,1,1,1,1,0,0,1,0,0,0,0,0,0,0,0,1,0,1,0,0,0,0,1,1,1,0,1,1,1,0,1,0,1,0,1,1,1,1,0,0,0,0,1,1,1,1,1,0,0,1,1,0,0,0,0,1,0,1,1,0,0,0.03125,-247.12931349492158,1
1,1,1,0,1,1,0,1,1,0,0,0,0,0,0,0,1,1,1,1,1,1,0,1,0,0,1,0,0,0,0,0,1,1,0,0,0,1,0,1,1,0,1,1,0,1,0,0,1,1,1,0,0,0,0,0,1,1,0,0,1,1,1,0,0.015625,-247.12903657126705,1
0,0,1,1,1,0,1,0,1,0,1,0,0,1,0,0,0,1,0,1,0,0,0,0,1,0,0,1,1,1,0,0,1,0,1,0,0,0,1,1,1,0,1,0,1,1,1,0,1,1,0,0,0,0,1,1,1,0,0,1,1,1,1,0,0.0,-247.12857835404458,1
0,1,1,1,1,1,0,1,1,0,1,1,1,0,1,1,1,1,0,0,0,1,1,0,0,1,1,1,0,0,0,1,1,0,0,0,1,0,0,0,0,0,1,1,1,1,0,1,0,1,0,0,0,0,0,1,0,0,1,1,1,1,0,0,0.0,-247.12789120206364,1
0,0,1,1,0,0,0,1,0,0,0,1,1,0,0,0,0,1,0,0,1,1,0,0,0,0,1,1,1,0,0,1,1,1,1,1,0,1,0,0,0,1,1,1,1,1,1,0,1,0,1,0,1,1,0,0,1,0,1,0,0,1,0,1,0.0,-247.12783888139012,1
0,1,0,1,1,1,0,1,0,1,0,0,0,0,0,0,0,1,1,0,0,0,1,1,1,0,0,1,0,0,0,0,0,0,1,0,1,1,1,1,1,1,1,0,0,1,1,1,1,0,0,0,1,1,0,1,1,0,0,0,1,1,1,0,0.0,-247.12751465962614,1
0,1,0,1,1,1,0,1,1,0,0,0,1,0,1,1,1,1,1,1,0,0,0,0,1,1,0,1,0,0,0,1,0,0,1,0,0,1,0,0,1,0,0,1,1,1,0,1,0,1,0,0,0,1,1,1,0,0,1,1,1,0,1,1,0.03125,-247.12644524324344,1
0,0,0,0,1,1,1,1,1,1,1,1,0,1,0,1,1,1,1,0,0,0,0,0,0,0,1,0,0,0,1,0,1,0,1,0,0,1,0,1,0,0,1,1,1,1,1,0,1,1,0,0,1,0,0,1,1,0,0,0,0,1,1,0,0.0,-247.1263349750824,1
0,0,1,1,1,1,0,1,0,1,0,0,0,0,1,0,0,1,0,0,0,1,0,0,1,0,1,0,1,1,0,0,0,1,0,1,0,1,0,1,1,0,1,1,1,0,0,1,1,0,0,0,1,1,1,0,1,0,1,0,1,1,1,0,0.0,-247.1263281274887,1
0,0,1,1,1,1,1,1,1,0,0,1,0,0,0,1,1,1,0,1,1,1,0,0,0,1,1,1,0,1,0,1,1,1,0,1,0,0,0,1,1,0,1,0,1,1,0,1,0,1,0,0,0,0,0,1,1,0,0,0,1,0,0,1,0.03125,-247.1263047803608,1
0,0,1,1,1,1,0,1,0,1,1,0,0,0,0,0,1,0,0,1,0,0,0,0,1,1,1,1,1,1,0,0,1,1,0,1,1,1,0,0,0,0,1,1,1,1,0,1,0,1,0,0,0,1,1,0,1,0,1,0,1,1,1,0,0.0,-247.12545830966317,1
1,1,0,1,1,1,0,1,1,1,1,0,0,0,0,1,1,0,1,0,0,1,0,1,0,0,1,0,1,1,1,0,1,0,1,1,1,1,0,1,1,0,0,1,1,0,0,1,0,1,0,0,0,1,0,1,0,0,0,0,0,1,1,0,0.0,-247.1242958955311,1
1,0,1,1,1,0,0,1,1,1,1,0,0,0,1,0,0,0,1,0,1,1,0,0,0,0,1,1,0,0,0,1,1,0,0,0,1,1,1,1,1,0,1,1,1,0,1,0,1,1,0,0,1,1,0,0,1,0,0,1,0,1,1,0,0.0,-247.12417893017926,1
1,0,1,1,1,1,0,1,1,1,1,0,1,0,0,0,1,1,1,1,1,1,1,1,0,1,0,1,0,1,1,0,0,1,0,0,0,1,0,0,1,0,0,1,0,1,0,1,1,1,0,0,0,1,1,0,0,0,0,0,0,0,1,0,0.015625,-247.12407680900444,1
0,0,1,1,0,1,1,0,1,1,0,0,0,0,1,0,1,1,0,0,1,1,0,0,1,0,0,1,0,0,0,0,1,0,0,1,1,1,0,1,1,0,0,0,1,1,0,0,1,1,0,1,0,1,1,1,1,0,1,0,0,1,1,0,0.0,-247.12399280201072,1
1,1,1,0,1,1,1,0,0,0,0,0,0,0,0,0,1,0,1,0,1,1,0,0,1,1,1,1,0,1,0,1,1,1,1,0,0,1,0,1,1,0,1,1,0,0,1,0,0,1,0,0,1,1,0,1,1,0,1,1,1,0,0,0,0.0,-247.12384155838984,1
1,1,1,1,0,1,1,1,0,1,1,0,1,0,1,0,0,0,0,1,1,1,0,0,1,1,1,0,0,1,0,1,1,0,1,1,0,1,0,0,0,0,1,1,1,1,0,0,1,0,0,1,0,0,0,0,0,0,1,0,1,0,1,1,0.0,-247.1235894988613,1
1,0,1,1,0,0,0,0,1,0,1,1,0,0,0,0,0,0,1,0,1,0,0,0,1,0,1,1,0,1,1,0,1,1,1,1,1,1,0,1,1,0,1,1,1,1,0,0,1,1,0,0,0,0,1,1,0,0,0,0,0,1,1,0,0.0,-247.12358758574243,1
0,0,0,1,1,1,1,1,0,1,1,0,0,1,0,0,1,0,1,0,1,1,0,0,1,1,0,1,0,0,0,0,0,0,0,1,0,1,0,0,0,1,1,1,0,1,1,1,0,1,0,0,0,1,1,1,1,0,0,0,1,1,0,1,0.0,-247.12340384099426,1
0,0,0,1,0,1,0,1,0,0,0,1,1,1,0,0,1,0,1,0,1,1,1,1,1,0,1,1,0,1,1,0,1,0,0,0,1,1,1,0,0,0,1,1,1,0,1,0,1,0,0,0,0,1,0,1,1,0,0,0,1,1,1,1,0.0,-247.12329471430354,1
1,0,1,1,1,1,1,0,1,0,1,1,0,0,0,1,0,1,0,1,1,1,0,0,0,0,0,1,1,0,0,0,0,1,0,0,1,0,0,1,1,0,1,1,1,1,1,0,1,1,0,0,0,1,0,1,1,0,0,0,1,0,0,0,0.015625,-247.12293223164,1
0,0,1,1,1,1,1,1,1,0,1,0,0,0,0,0,1,1,1,0,1,1,0,0,1,0,0,1,0,0,1,0,0,0,0,1,0,1,1,1,1,1,1,1,1,1,0,0,0,1,0,0,0,1,0,0,0,0,1,0,1,0,1,0,0.015625,-247.1229270666053,1
0,0,0,1,1,1,0,1,1,0,0,0,0,1,0,1,1,1,1,0,1,1,0,0,0,1,1,0,0,0,0,1,0,0,1,0,1,1,0,1,1,1,1,1,0,0,0,1,0,1,0,1,0,1,1,0,1,0,0,0,0,1,1,0,0.0,-247.12245073980276,1
1,0,1,1,0,0,0,1,0,1,1,0,0,0,0,1,0,1,1,0,1,1,0,0,1,1,1,1,0,0,0,1,1,0,0,1,1,0,1,0,1,0,1,1,1,0,0,0,1,1,0,0,1,1,0,1,1,0,0,0,0,1,1,1,0.0,-247.12235295449108,1
0,0,0,1,0,0,1,1,1,1,1,1,1,0,1,0,1,1,1,0,1,1,0,0,0,0,0,0,1,0,1,0,0,1,0,0,0,1,0,0,1,0,1,1,1,0,0,1,0,0,0,0,1,1,1,1,1,0,0,0,1,1,1,0,0.0,-247.1220874917393,1
1,1,1,0,0,1,1,0,0,1,1,1,0,1,0,0,1,1,1,0,0,1,0,0,1,0,1,1,0,1,0,1,0,0,1,1,1,1,0,0,0,0,1,1,0,1,1,1,0,1,0,0,0,1,1,1,0,0,0,0,0,0,1,1,0.0,-247.12205933367952,1
0,0,1,1,1,1,0,1,0,1,1,0,1,0,0,0,1,1,1,0,0,1,0,0,1,0,0,1,1,0,1,1,1,1,0,0,1,1,1,0,1,0,1,1,1,0,0,0,1,0,0,0,0,0,1,0,0,0,1,0,0,1,1,0,0.0,-247.12194193893765,1
1,1,1,1,0,1,0,1,0,1,0,1,1,0,0,1,0,0,1,1,0,0,0,0,1,1,1,0,1,0,0,0,0,1,1,1,0,1,1,0,0,0,1,1,0,1,0,1,1,1,0,0,1,1,0,1,1,1,0,0,0,0,1,0,0.015625,-247.12181796305526,1
1,1,1,1,0,1,0,0,1,1,0,0,1,0,0,1,0,0,1,1,1,0,0,1,1,0,1,0,0,0,1,0,1,0,1,1,0,1,0,0,1,0,0,0,0,1,0,1,0,1,0,1,1,1,0,0,1,0,0,0,1,1,1,0,0.015625,-247.12153334880026,1
1,0,0,1,1,0,0,1,0,1,1,1,0,1,0,0,0,1,1,0,1,1,1,0,0,1,0,1,1,0,1,1,1,1,0,0,1,1,0,1,1,0,0,0,1,0,0,0,0,1,0,0,0,0,1,0,1,0,0,1,0,0,1,1,0.0,-247.1213215750359,1
0,1,1,0,0,1,0,1,1,1,1,1,0,0,1,0,0,1,1,1,1,0,0,0,1,1,1,0,1,0,1,1,0,1,1,0,0,1,0,0,0,0,1,0,1,1,0,0,1,0,0,0,0,0,0,1,1,0,0,0,1,1,1,0,0.0,-247.1201298863545,1
0,0,0,1,1,0,1,1,1,1,1,1,0,0,0,0,1,0,1,1,1,0,0,0,0,0,0,0,0,1,1,0,1,1,1,0,1,1,0,0,1,0,1,0,1,1,0,0,1,1,0,0,0,1,1,1,1,0,1,0,0,0,1,0,0.0,-247.11983569833035,1
1,1,0,0,1,1,0,1,0,1,0,0,1,1,1,0,0,0,0,0,1,1,0,0,0,0,1,0,1,0,0,0,1,0,1,1,1,1,0,0,0,1,1,1,0,1,0,1,1,0,0,0,1,0,0,0,1,1,0,0,1,1,1,1,0.03125,-247.119739456162,1
1,0,0,1,1,1,1,1,0,0,0,0,0,1,0,0,0,0,1,1,0,1,0,1,1,1,0,0,0,0,1,1,0,1,1,1,0,0,0,0,1,0,1,1,1,1,1,0,1,1,0,0,0,0,1,0,1,0,1,0,0,1,0,1,0.015625,-247.11939615504792,1
0,1,0,0,1,1,1,1,1,1,1,1,0,1,0,1,1,0,0,0,1,0,0,1,0,0,1,0,0,0,0,0,0,0,1,1,0,1,0,0,0,0,1,1,1,1,1,1,0,1,0,0,0,1,0,1,1,1,0,0,1,0,0,1,0.0,-247.1186881639552,1
0,0,0,1,1,0,1,1,1,0,1,1,0,0,1,0,0,1,0,1,1,0,1,0,1,0,1,0,1,0,1,0,0,0,0,1,1,0,1,1,0,0,1,1,1,1,1,1,0,1,0,0,0,1,0,0,0,0,0,0,1,1,1,0,0.0,-247.11841755180959,1
1,0,0,0,1,1,1,0,0,1,1,1,1,0,0,0,0,1,0,0,1,1,0,1,1,0,1,0,0,0,1,1,0,1,1,1,1,1,0,0,0,1,1,0,0,0,1,1,1,1,0,0,0,0,0,1,1,1,0,0,0,0,1,0,0.0,-247.1183949164724,1
1,0,1,1,1,1,1,1,0,1,1,0,0,0,0,0,1,1,1,0,1,1,0,0,1,1,1,1,0,0,0,0,1,1,1,1,1,0,1,0,1,1,1,0,1,1,0,0,0,0,0,0,0,0,0,1,0,0,0,0,0,1,1,1,0.0,-247.11834851023124,1
0,1,0,1,0,1,1,1,0,1,1,1,0,0,0,1,1,0,1,1,1,1,0,0,0,0,1,0,0,0,0,0,1,1,1,1,1,1,0,0,0,1,0,0,0,1,0,1,1,0,0,1,1,1,0,1,0,0,0,0,1,0,1,0,0.0,-247.11808993479536,1
0,1,1,0,1,0,0,1,1,0,1,1,0,0,1,1,0,1,0,0,1,1,0,0,0,1,1,0,1,0,1,1,0,1,1,1,1,0,1,0,0,0,1,1,1,1,0,1,1,0,0,0,1,1,1,1,0,0,0,0,0,1,0,0,0.0,-247.11781627438563,1
1,0,1,1,1,1,0,1,1,1,0,1,1,0,0,0,0,0,1,0,0,1,0,0,1,0,1,1,0,0,0,1,0,1,1,1,1,0,1,0,0,1,1,1,1,0,1,1,0,1,0,0,1,1,1,0,0,0,1,0,1,0,0,0,0.0,-247.11754747503204,1
0,0,0,1,1,1,0,0,1,0,1,1,1,0,0,0,0,0,1,0,1,1,0,0,1,1,1,1,0,0,1,0,0,0,1,0,0,1,0,0,1,0,1,1,1,1,0,1,0,1,0,0,1,1,0,1,1,1,0,0,0,1,0,1,0.0,-247.11754324242284,1
0,0,1,1,0,1,0,0,1,0,1,0,1,0,1,0,0,1,1,1,1,1,1,1,1,1,1,1,0,1,0,0,0,0,1,1,0,1,0,1,0,0,1,1,1,0,1,1,0,0,0,0,0,1,0,0,1,0,0,0,0,1,0,0,0.015625,-247.1171827601287,1
0,1,1,1,1,1,1,1,1,0,1,1,0,0,0,0,0,0,0,1,1,1,1,0,1,1,0,1,0,1,0,0,0,0,1,0,0,1,0,0,0,0,1,1,1,1,0,1,0,1,1,0,0,1,0,0,1,0,1,0,1,1,1,0,0.015625,-247.11680472957815,1
1,0,1,1,1,1,0,0,1,1,1,0,0,0,1,0,0,1,0,0,1,0,0,1,1,0,1,1,1,0,1,1,0,0,1,1,0,0,0,0,0,0,1,0,1,1,0,0,0,1,0,0,1,1,0,1,1,0,0,1,0,1,1,0,0.015625,-247.11609853166266,1
0,0,0,0,1,0,1,0,1,0,1,1,0,0,1,0,1,0,1,0,0,0,1,0,0,0,1,1,0,0,1,0,0,1,1,1,0,1,0,1,1,0,1,0,1,1,0,1,1,1,0,0,0,1,1,1,1,0,0,0,1,1,1,0,0.0,-247.11568080353376,1
1,1,1,1,0,0,1,1,1,0,0,0,0,0,0,1,1,1,1,0,1,1,0,0,1,0,0,0,1,1,0,0,0,1,1,1,0,1,0,1,0,1,1,1,1,1,0,1,0,0,0,1,0,0,0,0,1,0,0,1,1,0,0,0,0.0,-247.11556420632002,1
0,0,1,1,0,0,1,0,0,0,1,1,0,1,0,1,0,1,1,1,1,1,0,0,0,0,1,1,0,1,0,0,1,0,1,1,0,1,0,1,1,0,0,1,1,1,0,1,0,0,0,0,1,1,0,1,1,0,0,0,1,1,0,0,0.015625,-247.11556004642705,1
0,0,1,1,1,1,0,1,1,1,1,0,1,1,0,1,0,1,0,0,1,0,0,0,1,0,0,1,1,1,0,1,0,1,0,1,0,1,0,0,0,0,1,0,1,0,0,1,0,1,0,0,1,1,1,0,1,0,0,0,1,1,0,0,0.0,-247.11521834166942,1
1,1,0,1,1,1,1,1,0,1,1,0,1,0,0,1,1,1,0,1,1,1,1,0,1,0,1,0,0,0,1,0,0,0,0,1,0,1,0,0,0,0,1,0,1,1,0,0,1,0,0,0,0,0,1,1,1,0,0,0,0,1,1,0,0.015625,-247.11507194561221,1
0,1,1,1,0,0,1,1,0,1,0,1,0,0,0,1,1,1,1,0,1,0,0,1,0,0,1,1,0,0,1,1,0,0,1,0,0,1,0,0,0,0,1,1,1,1,0,1,0,1,0,0,0,0,1,1,1,0,0,0,1,1,0,1,0.0,-247.114873344749,1
0,0,1,0,1,0,0,1,0,0,0,1,0,0,1,0,0,1,1,0,0,0,0,0,1,1,1,0,0,1,0,1,0,1,1,1,0,1,0,0,1,1,1,1,1,1,0,1,1,1,0,1,0,1,0,0,0,0,1,0,0,1,1,1,0.0,-247.1142587198374,1
0,0,1,1,1,1,0,1,1,1,0,0,1,0,0,1,1,0,1,0,1,0,0,1,0,1,1,1,1,0,1,1,1,0,0,1,1,0,0,0,0,0,1,1,1,0,0,0,0,1,0,0,0,1,1,1,1,0,0,0,0,0,1,0,0.0,-247.11421371191568,1
1,0,0,0,1,0,1,1,0,1,1,0,0,0,0,1,0,1,1,0,1,1,0,0,0,1,1,1,0,0,1,1,1,1,0,1,0,1,0,0,0,1,1,1,1,0,0,1,1,1,0,0,0,1,0,0,1,0,0,0,0,1,1,0,0.015625,-247.1135759064564,1
1,0,1,1,0,0,0,1,0,0,0,1,0,0,0,1,1,1,0,1,1,1,0,0,1,1,0,1,0,1,0,1,0,1,1,0,0,1,1,0,0,1,1,1,1,0,0,1,1,0,0,1,1,1,0,0,1,0,0,0,1,1,1,0,0.0,-247.11351796314125,1
1,1,0,1,1,0,1,1,0,0,1,0,0,0,0,0,0,1,1,0,1,0,0,0,1,0,1,1,1,1,1,1,0,0,0,1,0,0,0,1,0,0,0,1,1,1,1,1,1,1,0,0,0,1,0,1,1,0,0,0,1,0,0,1,0.0,-247.11343575740023,1
0,0,1,1,1,1,0,1,0,0,1,1,0,0,0,1,0,0,1,0,1,0,0,0,0,0,1,0,1,0,0,1,0,1,1,0,0,0,1,1,0,1,1,1,1,1,1,1,0,1,0,1,0,1,1,0,0,0,1,0,0,1,1,0,0.03125,-247.11332815893232,1
0,0,1,1,0,0,1,1,0,1,0,1,1,1,1,0,0,1,1,0,1,1,1,0,1,0,1,1,0,0,0,0,0,0,0,0,0,1,1,0,0,0,1,0,1,1,0,0,1,1,0,0,0,1,1,1,0,1,0,0,1,1,1,0,0.0,-247.11321485936014,1
1,0,1,1,1,1,0,1,1,0,1,1,0,0,1,0,0,1,1,1,1,1,1,0,0,1,0,0,0,0,0,1,0,1,0,1,0,0,0,0,0,0,1,0,1,0,0,0,0,1,1,0,0,1,0,1,1,1,0,0,1,1,1,0,0.0,-247.11286031418928,1
1,0,1,1,0,0,1,1,0,0,0,1,0,1,0,1,0,1,1,0,1,0,0,0,0,0,1,1,1,1,0,0,1,1,1,1,0,1,0,0,0,0,1,1,0,1,0,1,0,1,1,0,1,0,0,1,1,0,0,1,1,1,0,1,0.0,-247.11268039276626,1
0,0,1,1,0,1,0,1,0,1,0,1,1,1,0,1,0,1,1,0,1,0,0,0,1,1,1,1,0,0,0,0,0,1,1,1,1,1,0,0,1,1,0,1,1,0,0,1,0,1,0,0,0,0,0,0,0,0,0,0,1,1,1,1,0.0,-247.11234904875877,1
0,0,1,1,0,1,1,1,0,0,0,1,1,0,0,1,0,1,0,0,1,1,0,0,0,1,1,1,0,0,1,0,0,0,0,1,0,1,0,0,1,1,1,1,0,1,1,0,1,1,1,0,1,0,0,0,1,1,1,0,1,1,1,0,0.0,-247.11233391250565,1
0,0,1,1,0,0,0,1,0,1,1,1,1,0,0,0,0,0,0,0,1,0,1,0,1,1,0,0,1,0,1,1,0,1,1,1,0,1,0,0,1,0,1,1,1,1,0,1,0,1,0,0,1,1,1,1,1,1,0,0,0,0,1,1,0.015625,-247.11210339498396,1
0,0,1,1,1,1,0,1,1,1,1,0,0,0,1,0,0,0,1,0,1,1,0,0,0,0,0,1,1,1,1,1,1,0,1,1,1,1,1,1,1,0,1,1,1,1,0,0,0,0,0,0,0,0,0,0,0,0,0,0,0,1,1,0,0.0,-247.11136460957198,1
0,1,1,1,0,1,0,0,1,0,1,0,1,1,0,1,1,0,1,0,1,1,0,0,0,1,1,1,1,0,1,0,0,0,1,1,0,1,0,0,0,0,1,0,1,1,0,1,0,1,1,0,0,0,0,1,1,0,0,0,1,0,1,0,0.0,-247.11125365870765,1
1,1,1,0,0,1,1,1,1,0,0,0,1,0,0,1,1,1,0,0,1,1,0,0,0,1,1,1,0,0,1,0,0,0,1,0,0,1,0,0,1,0,0,1,1,1,0,1,1,0,1,0,0,1,1,1,1,0,0,0,1,0,0,0,0.0,-247.1112082990099,1
0,0,1,0,0,1,0,0,0,0,1,0,0,1,0,0,1,0,1,0,1,1,0,0,1,0,1,1,1,1,0,1,1,0,1,0,0,1,0,0,1,0,1,0,1,1,1,1,0,1,0,1,0,1,0,1,1,0,0,0,1,1,1,0,0.015625,-247.1110786531171,1
0,0,0,1,1,1,1,0,0,0,0,1,0,0,1,1,0,1,1,0,0,1,0,0,1,0,0,1,1,0,0,1,1,0,1,1,0,1,0,1,0,0,1,1,1,1,0,1,0,1,1,1,0,0,1,1,0,0,1,0,0,1,1,1,0.03125,-247.11079781125756,1
0,1,0,1,1,1,0,1,0,1,0,0,0,0,1,1,1,0,1,0,1,1,0,0,0,0,1,0,0,0,1,0,0,0,1,1,0,1,1,0,0,1,1,0,0,1,0,0,1,1,0,0,1,1,1,0,1,1,0,0,0,1,1,1,0.0,-247.11066404991908,1
1,0,1,1,1,0,1,1,0,0,0,0,1,0,1,0,0,1,0,0,0,1,1,0,1,0,1,1,1,0,1,1,1,0,1,0,0,1,0,1,1,0,0,1,1,1,1,0,1,1,0,0,0,1,0,1,1,0,1,0,0,0,0,1,0.015625,-247.11065513846344,1
0,1,0,1,1,0,1,0,1,0,0,1,0,1,1,0,1,1,0,1,1,1,0,0,1,0,1,1,0,1,0,0,1,1,1,0,0,1,0,0,1,0,0,1,1,0,1,1,0,1,0,0,0,0,0,0,0,0,1,0,1,1,1,0,0.0,-247.1105526019816,1
1,1,1,1,1,1,1,1,1,1,1,0,0,0,1,0,0,1,0,1,1,1,0,0,1,0,1,1,0,0,0,1,0,0,0,1,0,1,0,0,0,0,0,1,1,1,1,0,0,1,0,0,0,1,0,1,1,0,0,0,1,1,1,0,0.015625,-247.1099848533202,1
0,0,0,1,1,1,0,1,0,0,0,1,0,0,1,1,1,1,0,1,1,1,1,0,0,0,0,1,0,0,0,1,0,0,1,1,1,1,1,0,0,0,1,1,0,1,0,1,1,1,0,0,0,1,0,1,1,1,1,0,0,0,0,0,0.0,-247.10967730398556,1
1,0,1,0,0,1,0,1,0,0,0,1,0,0,0,1,1,1,0,1,1,0,1,1,0,0,1,1,0,1,1,0,1,0,1,1,0,1,0,0,0,0,1,0,1,1,1,0,1,1,1,0,0,1,0,1,0,0,1,1,0,1,0,1,0.015625,-247.10951819734225,1
0,0,1,1,1,1,0,1,1,0,0,0,0,1,0,0,0,0,1,0,0,1,0,0,1,0,1,1,0,0,1,1,1,1,0,1,1,1,0,1,0,0,1,1,1,0,0,0,1,1,1,0,0,1,0,1,1,0,1,0,1,1,1,0,0.0,-247.10792795268642,1
0,0,1,1,0,1,0,0,1,0,1,0,0,0,0,1,1,1,1,0,1,1,0,0,1,0,1,1,1,0,0,1,1,1,1,0,0,1,0,0,0,1,1,1,1,1,0,1,0,0,0,1,1,0,1,1,0,0,0,0,0,0,1,0,0.0,-247.10725922326608,1
0,0,0,1,1,1,1,1,0,0,0,1,1,0,0,1,0,1,0,0,1,1,0,0,0,0,1,1,0,0,0,0,0,0,1,1,1,1,0,1,1,1,1,1,1,0,0,0,0,0,0,1,0,1,1,1,0,0,1,1,1,1,0,0,0.0,-247.107244192969,1
0,0,0,1,0,1,1,1,1,0,1,0,0,0,0,0,1,0,1,0,0,1,0,0,1,0,0,1,1,1,1,0,1,1,1,1,0,1,0,1,0,1,1,0,1,1,0,0,1,1,1,0,0,0,0,0,1,1,0,0,1,0,1,0,0.015625,-247.1071202070474,1
0,0,0,1,0,0,1,0,1,0,0,1,0,0,0,1,0,0,1,1,1,0,1,0,1,1,1,1,0,1,1,1,0,0,0,1,1,1,0,1,1,1,0,1,1,1,1,1,0,1,0,0,1,1,0,0,0,0,1,0,1,1,0,0,0.0,-247.10711085878967,1
0,0,1,0,1,1,0,1,1,1,1,1,1,0,0,0,1,0,0,0,0,1,0,0,1,1,0,1,0,0,1,0,0,1,1,1,1,0,0,1,1,0,1,1,1,0,0,1,0,0,0,0,0,0,1,0,1,1,0,1,1,1,0,0,0.015625,-247.10710210731136,1
1,0,0,1,1,1,0,1,1,0,1,0,1,1,0,0,1,0,1,1,1,1,0,0,0,0,1,1,0,0,0,1,0,1,1,0,1,1,1,0,0,0,1,1,1,1,0,0,1,1,0,1,0,0,0,1,0,0,0,1,0,1,1,0,0.0,-247.1069997504837,1
0,0,0,1,0,1,0,1,0,0,0,0,0,0,1,1,0,1,1,0,1,1,1,0,1,1,1,1,0,1,1,1,0,1,0,1,0,1,0,1,0,0,1,1,1,1,1,0,0,0,0,0,1,0,0,1,0,0,1,0,0,1,1,0,0.0,-247.1068562668235,1
1,1,0,1,0,1,0,1,1,0,1,0,1,1,0,0,0,0,1,0,1,1,1,0,0,1,1,1,1,0,1,1,0,0,0,0,1,0,0,1,0,1,1,0,1,1,0,0,1,0,0,1,0,1,1,0,0,0,0,0,1,0,1,0,0.0,-247.10683235030393,1
1,0,0,1,0,0,1,1,0,0,0,0,0,1,0,1,0,1,0,1,1,1,1,0,1,0,1,1,0,0,0,0,1,0,1,1,0,1,0,1,0,1,1,1,1,1,0,1,0,1,1,0,0,1,1,0,0,0,1,0,1,1,1,0,0.0,-247.10671121326718,1
0,1,1,1,1,0,0,1,0,1,1,1,0,0,0,1,0,1,1,1,1,1,0,0,0,0,1,1,1,0,1,1,1,1,1,1,1,1,0,1,0,0,1,1,0,1,0,1,0,0,0,0,0,0,1,1,0,0,0,0,0,0,1,0,0.0,-247.10647047853934,1
0,1,0,1,0,1,0,1,0,1,1,0,0,0,0,1,1,1,1,0,1,1,0,0,0,0,1,0,0,1,1,1,1,0,1,1,1,1,0,0,1,0,1,1,1,1,1,1,1,1,0,1,0,0,0,1,0,0,0,0,1,0,0,0,0.015625,-247.106184254282,1
1,1,0,1,1,1,1,1,0,1,0,1,0,0,0,1,1,1,1,1,1,0,0,0,1,0,1,1,0,1,0,0,0,0,1,0,0,1,0,0,1,0,1,0,1,1,0,1,0,1,0,0,0,0,0,1,1,0,0,0,1,0,1,0,0.015625,-247.10617848990358,1
1,0,1,1,1,1,1,1,0,0,0,0,0,0,0,0,0,1,1,0,0,1,0,0,0,0,1,1,0,0,1,1,1,0,0,1,0,1,1,1,0,1,1,1,1,1,0,1,0,1,0,0,1,1,1,1,1,1,0,0,0,1,0,0,0.0,-247.10590825179105,1
1,1,1,0,0,0,0,1,0,1,0,0,0,0,0,1,1,0,1,1,1,1,0,1,1,1,1,1,0,1,0,0,0,1,1,1,0,1,0,0,1,0,1,1,0,1,1,1,1,0,0,0,0,1,0,0,0,1,0,0,0,0,1,0,0.0,-247.1055449907843,1
1,0,1,1,1,0,0,0,1,1,1,1,0,0,1,0,0,1,0,0,1,1,0,1,1,0,1,1,0,1,0,1,1,0,1,1,0,1,0,0,1,1,0,1,0,0,0,1,0,1,1,0,1,0,1,0,0,1,0,0,0,1,1,0,0.015625,-247.10548176715417,1
0,0,1,1,0,1,1,1,1,0,1,0,0,1,0,0,1,0,0,1,1,1,0,0,1,0,1,1,0,0,0,1,1,0,0,0,1,0,0,1,1,0,1,1,0,1,1,0,0,1,0,0,0,0,0,1,1,1,0,1,0,1,1,0,0.0,-247.105317271088,1
1,1,1,1,1,1,0,1,0,0,1,1,0,0,0,0,0,1,1,1,1,1,0,0,0,0,1,0,0,0,0,0,0,1,0,1,0,1,0,0,1,0,1,1,1,0,0,1,1,1,0,1,1,0,0,1,1,0,0,0,0,1,0,1,0.015625,-247.10503686238505,1
0,1,1,0,0,0,0,1,1,0,1,1,1,0,1,1,0,0,1,0,1,1,0,0,1,1,0,1,0,0,0,0,0,0,0,0,0,1,0,0,0,0,1,1,1,1,0,1,1,1,0,1,0,0,1,1,1,1,1,1,1,1,1,0,0.015625,-247.10481010753622,1
1,0,0,1,0,0,0,0,0,1,0,1,1,0,0,0,0,0,0,0,1,1,0,0,0,1,1,1,0,1,1,1,0,1,0,1,0,1,0,1,0,1,1,1,1,0,1,0,0,0,0,1,1,0,1,1,1,0,1,0,0,1,1,1,0.0,-247.10419639661845,1
1,0,1,0,0,0,0,1,1,0,1,1,1,0,0,1,0,0,1,1,1,1,0,0,1,1,1,1,0,1,0,1,0,1,1,1,0,1,0,0,0,0,1,1,1,1,0,1,1,1,0,1,0,0,0,1,1,0,0,0,0,1,0,0,0.0,-247.10415605788808,1
0,1,0,1,0,0,1,1,1,1,1,0,0,0,0,0,0,1,0,1,1,0,0,0,1,0,1,1,1,0,0,1,0,1,1,1,0,0,0,1,0,0,1,1,1,1,1,1,1,0,0,0,0,0,0,1,1,1,0,0,1,0,0,1,0.0,-247.10413291250157,1
1,0,1,1,1,0,0,1,1,1,1,1,0,1,0,1,0,1,1,0,1,1,0,1,1,0,0,1,1,1,1,0,0,0,1,0,0,0,1,0,0,0,1,1,1,1,0,0,0,1,0,0,0,0,0,1,1,0,1,0,0,1,0,1,0.0,-247.10403116517892,1
0,1,1,1,0,1,0,0,1,0,0,1,0,1,0,0,0,0,1,1,1,1,0,0,1,0,1,1,1,1,0,1,0,1,1,1,1,1,1,0,0,1,1,1,1,0,1,0,0,1,0,0,0,1,1,0,0,0,1,0,0,0,1,0,0.0,-247.1038388886937,1
0,0,0,0,0,0,0,1,0,1,1,1,0,0,1,0,0,0,0,1,1,1,0,1,1,0,0,1,0,1,0,0,0,1,0,0,1,1,0,1,0,1,1,1,1,1,0,1,1,1,0,0,0,1,1,1,0,0,0,1,1,1,1,0,0.0,-247.1037521684443,1
0,1,0,1,1,1,0,1,0,1,1,0,1,0,0,0,0,1,1,1,1,0,0,1,1,0,0,1,0,1,0,1,0,0,1,1,1,1,0,0,1,0,0,1,1,1,1,1,0,1,0,0,0,1,0,1,1,0,0,0,1,0,0,1,0.0,-247.1037053753018,1
0,0,1,1,1,0,0,1,0,1,1,0,1,0,0,0,1,1,0,0,1,0,1,0,1,0,1,1,1,0,0,0,1,0,0,0,1,1,0,1,0,1,1,1,0,1,1,0,0,1,1,0,1,0,0,1,1,0,0,0,1,1,1,1,0.0,-247.1035657608369,1
0,0,0,1,0,1,0,1,0,1,0,1,0,0,0,1,1,0,1,0,1,1,0,1,0,0,1,1,1,0,1,0,1,1,1,1,0,1,0,0,0,0,1,1,1,0,1,1,0,0,0,1,0,0,1,0,1,1,0,0,0,1,1,0,0.0,-247.1027449485093,1
0,1,1,1,1,1,0,1,1,0,0,0,0,0,1,0,0,1,1,0,1,1,0,0,1,0,1,1,0,0,0,1,0,1,1,1,0,1,0,1,1,1,1,1,1,1,0,0,1,1,0,0,0,0,1,1,1,0,0,0,1,0,0,0,0.0,-247.10264413378803,1
0,1,0,0,1,1,0,1,1,1,0,0,1,0,1,0,1,0,1,0,1,1,0,0,1,0,1,1,0,0,1,0,0,0,0,1,0,1,1,0,1,0,1,1,0,1,0,0,1,1,0,0,0,1,0,1,0,1,0,0,1,1,1,0,0.0,-247.10244350591012,1
0,1,0,0,1,1,0,0,0,0,1,0,0,0,0,0,0,0,0,1,1,1,0,1,1,0,0,1,1,1,0,0,0,1,1,1,0,1,0,1,1,0,1,1,1,1,1,0,0,1,0,1,0,1,1,0,1,0,0,0,1,1,1,0,0.0,-247.10187913329267,1
1,0,0,1,0,0,1,0,1,1,0,1,0,0,0,1,0,0,0,1,1,1,0,1,0,0,1,1,1,1,1,1,0,0,1,0,0,1,0,0,1,0,1,1,1,1,1,0,0,0,1,0,0,0,1,1,1,0,1,0,0,0,1,0,0.0,-247.10152474284422,1
1,0,1,1,0,0,0,1,0,1,1,1,0,1,1,0,0,1,0,1,1,1,0,1,1,0,1,1,1,0,0,0,1,1,0,0,1,1,0,0,1,0,1,1,0,0,0,0,1,0,0,1,1,1,0,0,1,0,0,0,1,1,1,0,0.0,-247.10120757667522,1
1,0,1,1,1,0,1,1,1,1,1,0,0,1,0,0,0,0,1,1,1,0,0,0,0,1,1,1,0,0,1,1,0,0,0,1,0,1,0,0,0,0,1,0,1,0,0,1,1,1,0,0,0,1,0,1,1,1,0,0,1,0,0,1,0.0,-247.10115798419395,1
0,0,1,1,0,1,0,0,1,0,1,0,0,0,0,0,1,0,1,1,1,1,0,0,1,0,1,1,0,0,0,0,1,1,1,1,0,1,0,1,1,1,1,0,1,1,0,0,1,1,0,1,1,0,0,1,0,1,0,1,1,1,0,0,0.015625,-247.1010616688166,1
1,0,1,1,1,1,0,1,0,1,0,0,0,0,0,1,0,1,1,0,1,0,0,0,1,0,0,0,0,0,1,1,1,1,0,1,1,1,0,0,1,0,1,1,1,1,0,0,1,0,1,0,1,1,1,0,1,1,1,0,0,1,0,0,0.015625,-247.10098824877628,1
1,0,1,0,0,1,0,1,1,0,1,0,0,1,1,0,0,0,1,0,1,1,0,1,1,1,1,1,0,0,0,1,1,1,0,1,1,0,1,1,0,0,1,1,1,1,0,0,0,1,1,0,0,0,0,0,1,0,0,0,0,0,0,1,0.0,-247.10094130945893,1
0,0,0,1,1,1,0,1,1,0,1,1,0,0,0,0,0,0,1,1,1,1,0,0,1,0,1,1,0,1,0,1,0,0,1,0,0,1,1,1,0,0,1,1,1,0,0,1,0,1,0,1,1,1,0,1,1,0,0,0,0,1,0,0,0.0,-247.1008114167339,1
1,0,0,1,0,1,0,1,0,0,1,0,0,1,1,0,0,1,0,0,1,0,0,0,0,0,1,1,1,1,1,1,0,0,0,1,1,0,0,0,1,0,1,1,1,1,1,1,0,1,0,0,0,1,0,1,0,0,0,0,1,1,1,1,0.015625,-247.10042388585734,1
0,0,0,1,1,1,0,0,0,0,1,1,0,1,0,0,0,0,0,1,0,1,0,0,1,0,1,1,0,1,0,0,0,0,1,1,1,0,0,1,1,1,1,1,1,1,1,1,0,1,0,0,0,0,1,1,1,0,0,0,1,1,1,0,0.0,-247.10004599061185,1
0,0,0,1,0,1,1,1,1,0,0,0,0,0,0,1,0,1,1,0,1,0,0,0,0,0,1,1,0,0,1,1,1,1,0,1,0,1,0,0,0,1,1,1,1,1,0,1,0,1,0,1,0,0,1,0,1,1,0,0,1,1,1,0,0.0,-247.09976483897773,1
1,1,1,1,1,0,0,1,1,1,0,1,0,0,0,1,0,0,0,0,1,1,0,0,1,0,1,1,0,0,0,0,1,1,1,0,0,1,0,1,0,1,1,1,1,0,1,0,0,1,0,0,0,1,0,1,1,1,1,0,0,0,0,0,0.0,-247.0993760293391,1
1,0,0,1,0,1,1,1,1,1,1,0,0,0,1,0,0,1,1,0,1,0,1,1,0,1,1,1,0,1,1,0,0,0,1,0,0,0,0,1,0,1,1,0,1,1,0,0,0,1,0,0,1,1,1,0,0,1,1,0,0,1,1,0,0.0,-247.0992005740057,1
0,0,0,1,0,0,0,1,0,1,1,0,1,1,0,0,1,1,1,0,1,0,0,0,0,1,1,1,0,1,0,1,0,0,0,1,0,1,0,0,0,1,1,0,1,1,1,0,1,1,1,1,0,1,0,1,1,0,1,0,0,1,1,1,0.0,-247.09896837134096,1
0,1,0,1,1,1,1,1,0,0,0,0,0,1,0,0,1,0,1,0,1,0,0,0,1,0,1,1,1,1,0,0,0,0,1,1,1,1,0,0,1,1,1,1,1,1,1,0,0,1,0,0,0,0,1,1,0,0,0,0,1,1,1,1,0.0,-247.09879810640257,1
1,0,1,1,0,1,0,0,1,0,0,1,0,1,0,1,0,0,1,1,1,1,0,0,1,0,1,1,0,0,1,1,0,0,1,0,0,1,0,0,1,0,1,1,1,1,0,0,1,0,0,1,0,1,0,1,1,0,0,0,1,0,0,1,0.0,-247.0986530156318,1
0,0,1,1,0,1,0,1,1,0,1,1,0,0,0,1,0,1,1,0,0,1,1,0,1,0,0,1,1,0,0,0,1,1,0,1,1,1,0,0,1,0,1,1,1,1,1,0,0,0,1,1,0,0,1,1,1,0,0,0,0,1,1,0,0.0,-247.09860786262215,1
1,0,1,0,1,1,0,1,1,1,1,0,0,0,0,0,1,0,1,0,1,1,1,0,0,0,1,1,1,1,0,1,0,0,1,0,0,1,0,1,0,1,1,1,1,0,0,1,0,1,0,0,1,0,0,1,1,0,0,0,1,0,0,0,0.0,-247.09837771764535,1
1,0,1,1,0,0,1,1,1,1,1,0,0,0,1,0,0,1,0,0,1,0,0,0,0,0,0,0,1,0,1,1,0,1,1,1,0,1,0,1,0,0,1,0,1,1,0,1,0,1,1,1,1,0,1,0,1,0,0,0,1,1,0,0,0.0,-247.0983249270416,1
1,0,1,1,1,1,0,1,1,0,1,1,0,1,0,1,1,0,0,0,1,1,0,0,1,0,0,1,0,1,1,1,1,1,0,0,0,1,0,0,1,1,1,0,0,0,0,0,1,1,0,0,0,1,1,1,0,1,0,0,0,0,0,0,0.0,-247.09821212245453,1
0,1,1,1,0,1,0,1,0,1,0,0,0,0,1,1,1,0,0,0,1,1,0,0,0,0,0,1,0,0,0,1,0,1,0,1,1,1,1,0,0,0,0,1,1,1,0,0,0,1,1,0,0,1,1,1,1,0,0,1,1,1,1,0,0.015625,-247.0982024343416,1
0,0,1,1,1,0,1,0,0,1,1,1,1,0,1,1,0,1,0,1,1,1,1,1,0,0,0,0,1,0,1,0,0,1,1,1,0,1,0,0,1,0,1,1,1,1,0,1,1,0,0,0,0,0,0,1,1,0,0,0,0,1,1,0,0.0,-247.0980361929164,1
0,1,1,0,1,0,0,0,1,1,0,0,0,0,1,0,1,0,1,0,1,1,0,1,0,0,0,0,1,1,1,1,1,1,0,0,0,1,0,0,1,0,1,1,1,1,1,1,0,0,1,0,0,1,1,0,1,1,0,0,1,1,1,0,0.0,-247.09784671375738,1
1,1,1,0,0,1,0,1,1,0,0,1,1,0,0,0,0,0,0,0,1,1,0,1,1,0,1,1,0,1,1,0,0,0,0,1,1,0,0,0,1,0,1,1,1,1,0,1,1,0,1,0,1,0,1,1,1,0,0,1,0,1,1,0,0.0,-247.09761562786866,1
1,1,1,0,1,0,0,0,0,0,0,1,0,0,0,0,0,1,1,0,1,0,0,1,1,0,0,1,1,0,1,0,1,0,1,1,0,1,1,0,1,0,1,1,1,0,1,1,1,1,0,1,0,0,0,1,1,1,0,0,1,0,0,0,0.0,-247.0975896988481,1
0,0,1,1,1,1,1,1,0,1,1,1,1,0,0,0,0,1,0,0,1,0,0,0,1,1,0,1,0,0,1,0,0,1,0,0,1,0,1,0,1,1,1,0,1,1,0,0,1,0,0,1,0,1,0,1,1,0,1,1,1,1,0,0,0.0,-247.09710569946884,1
0,1,1,1,0,0,0,1,0,1,0,1,1,0,0,0,0,1,1,1,0,1,0,0,1,1,1,1,0,1,0,0,0,0,1,0,0,0,0,0,1,0,1,1,0,1,1,1,1,1,1,1,1,0,0,0,0,0,1,0,0,1,1,0,0.0,-247.0969211887406,1
0,0,1,0,0,0,0,1,1,1,1,1,1,0,0,1,0,0,0,0,0,0,0,0,0,0,1,0,0,0,0,0,1,0,1,0,1,1,1,1,1,1,1,1,1,1,0,0,1,1,1,1,0,0,0,0,1,1,1,0,1,1,1,0,0.015625,-247.09664373554457,1
1,1,1,1,1,1,1,1,0,1,0,1,1,1,1,1,0,0,1,0,1,1,0,0,0,0,0,0,0,0,1,0,0,1,1,0,0,1,0,0,1,1,1,0,1,1,1,1,0,0,0,0,1,0,1,0,0,0,0,0,1,1,1,0,0.0,-247.09588606985548,1
1,0,0,0,1,1,1,0,0,0,1,0,0,0,0,0,0,1,1,0,1,1,1,0,0,0,1,1,0,1,0,1,1,0,1,1,1,0,1,1,0,1,1,1,1,0,1,1,0,1,1,0,0,1,1,1,0,0,0,0,0,1,1,0,0.015625,-247.09585477221253,1
0,1,1,1,1,1,0,1,1,0,1,0,0,0,1,0,0,0,0,0,0,1,1,1,1,1,0,1,1,1,1,0,1,1,1,1,0,1,1,0,1,0,1,1,1,0,1,0,1,1,0,0,0,0,0,1,1,0,0,0,0,0,0,0,0.015625,-247.0957087747989,1
0,1,0,1,0,1,0,1,0,0,0,0,1,1,0,0,0,0,1,0,1,1,0,0,1,0,1,1,1,0,1,0,0,0,1,1,0,1,0,1,1,0,1,1,1,1,0,1,0,1,0,0,1,1,0,1,0,1,0,0,1,1,0,0,0.0,-247.0953876319464,1
1,0,1,1,0,1,0,1,1,1,1,1,1,0,1,0,0,0,0,0,1,0,0,0,1,0,1,1,0,1,0,0,0,1,1,0,0,1,0,1,1,0,1,1,1,0,0,1,1,1,0,1,0,0,0,0,1,0,0,1,0,1,0,0,0.0,-247.09531713301052,1
0,0,0,1,0,1,0,1,0,1,1,0,0,0,1,1,0,0,1,0,0,1,0,0,1,0,0,1,0,0,0,1,0,1,0,1,1,1,0,0,1,0,1,1,1,1,0,1,1,1,0,1,1,1,0,1,0,0,0,0,1,1,0,1,0.0,-247.09466179895549,1
0,1,1,0,0,1,1,1,0,1,1,0,0,0,0,1,0,0,1,0,0,1,0,1,0,0,1,1,1,0,1,1,1,1,1,1,0,1,0,0,1,1,1,0,1,0,0,0,1,0,0,0,1,1,0,1,1,0,0,0,0,1,1,1,0.0,-247.09454412560993,1
0,0,1,1,0,0,1,0,0,0,1,1,0,0,0,0,1,0,1,0,1,0,0,0,1,0,1,1,1,1,1,0,1,0,1,1,0,0,1,1,0,1,1,1,1,1,0,0,0,1,0,1,0,0,1,0,0,1,1,1,1,1,1,0,0.015625,-247.09445102071456,1
1,0,0,0,1,1,1,1,1,1,0,0,0,1,0,0,1,1,0,0,0,1,0,0,0,0,0,1,0,0,1,1,0,1,0,0,1,1,1,0,0,0,0,1,1,1,0,0,1,1,1,0,0,1,1,1,1,1,0,1,0,1,1,1,0.0,-247.09414855658272,1
1,1,0,1,1,1,0,1,1,0,0,1,1,1,0,1,0,1,0,0,1,0,0,0,1,1,1,1,0,0,0,0,0,0,1,1,1,0,0,1,0,1,1,1,1,0,0,1,1,1,0,1,1,0,0,1,0,0,0,0,0,0,0,0,0.0,-247.09382914137822,1
0,0,0,1,0,0,1,1,0,0,1,1,0,1,0,1,1,0,0,1,1,1,0,0,0,0,1,1,0,0,1,0,0,1,1,1,0,0,0,1,0,1,1,0,1,0,1,0,0,1,0,0,0,1,1,1,1,0,0,0,1,1,1,1,0.0,-247.0937185870866,1
0,0,1,1,0,0,1,1,0,0,0,1,1,1,0,0,0,0,1,1,1,1,1,0,1,0,1,1,1,1,1,1,1,1,0,1,0,1,0,0,0,0,1,1,1,1,1,0,0,1,0,0,0,1,0,0,0,0,0,0,0,0,1,0,0.0,-247.09328591301036,1
1,0,1,1,0,0,1,0,0,1,1,0,0,0,0,0,1,0,1,1,1,1,0,1,1,1,1,1,0,0,1,1,0,1,0,0,1,0,0,0,0,1,1,1,1,0,0,0,0,1,0,0,0,1,1,0,0,1,0,0,1,1,1,0,0.0,-247.09310353338367,1
0,1,0,1,1,0,0,1,0,1,0,1,1,0,0,1,0,1,0,1,1,0,0,0,1,0,1,1,1,0,1,1,0,0,1,1,0,1,0,0,0,1,1,1,1,1,0,0,1,1,0,0,1,0,1,1,1,0,0,0,0,1,1,0,0.0,-247.09310196211078,1
1,0,0,1,1,1,0,1,1,0,1,0,1,0,0,0,0,0,1,0,0,1,0,0,1,1,1,1,1,1,1,0,0,0,0,0,1,0,0,0,0,0,1,1,1,0,1,0,1,1,1,1,1,1,1,1,0,0,0,0,1,1,1,0,0.0,-247.0927442163962,1
0,0,1,1,1,1,0,1,0,1,1,0,0,0,0,1,1,1,1,1,1,1,0,0,0,0,1,1,0,0,1,0,1,1,0,0,1,1,0,0,0,0,1,1,1,1,0,0,1,1,0,0,0,1,0,1,1,1,0,0,1,1,0,0,0.0,-247.09254926938178,1
0,1,0,1,1,0,0,1,0,1,1,1,0,0,0,1,0,0,0,0,1,1,1,0,1,0,1,1,1,1,1,0,0,0,1,1,1,1,0,0,1,0,1,1,1,1,1,0,1,1,0,1,0,1,0,0,0,0,0,0,1,1,0,0,0.0,-247.09165996283275,1
1,1,0,0,0,1,1,1,1,0,0,0,0,1,0,0,0,0,1,0,1,1,0,0,0,0,1,1,0,1,1,1,0,1,1,0,1,1,1,0,0,0,1,0,1,0,0,1,1,1,0,1,0,0,0,1,1,0,0,0,0,1,1,1,0.015625,-247.0914901298256,1
1,1,1,1,0,1,1,1,0,0,1,0,0,0,1,0,1,1,1,0,0,1,1,0,1,0,1,1,1,0,1,0,1,1,1,1,1,1,0,1,0,0,1,1,1,0,0,0,0,1,0,0,0,1,0,1,0,0,0,0,0,1,0,0,0.0,-247.091478215082,1
0,0,1,0,1,0,1,1,0,0,1,1,0,0,1,1,0,0,0,1,1,1,0,0,0,0,1,1,0,0,1,1,0,0,1,0,1,1,0,1,1,0,1,0,1,1,0,1,1,0,0,0,1,0,1,1,1,0,0,0,1,1,0,0,0.0,-247.0910651551692,1
0,0,1,0,0,0,0,0,0,1,1,1,0,0,0,0,0,0,1,1,1,1,0,1,1,0,1,1,1,0,1,1,0,1,1,1,1,1,1,1,0,0,1,0,1,0,0,1,0,0,1,0,0,1,0,1,1,0,0,0,0,1,1,0,0.0,-247.0907488880058,1
0,0,0,1,1,1,1,1,1,1,0,0,0,0,1,0,1,1,1,0,1,1,1,0,0,0,1,1,0,0,1,0,0,1,1,1,0,0,1,0,0,0,0,1,1,1,1,0,1,1,0,1,0,0,1,0,1,0,0,0,0,0,1,0,0.015625,-247.09030875463907,1
1,0,0,0,1,1,1,1,0,1,0,0,0,1,1,1,0,0,0,0,0,1,0,0,1,1,0,1,0,0,1,1,0,1,1,1,1,0,0,1,0,1,1,0,0,1,1,1,0,0,0,0,0,1,0,1,1,0,1,0,1,1,0,0,0.015625,-247.0901357359176,1
0,1,1,1,0,0,1,1,0,0,1,1,0,0,0,1,0,1,0,0,0,1,0,0,1,0,0,1,0,0,1,1,1,0,1,0,1,1,0,0,1,1,1,0,1,1,0,0,0,1,0,1,1,1,1,1,0,0,0,0,1,1,0,0,0.0,-247.08991544212859,1
0,0,0,0,0,1,1,0,1,0,1,0,0,1,0,0,0,0,0,0,1,0,1,1,1,0,0,1,0,1,1,1,1,1,1,0,0,1,0,0,0,1,0,1,1,1,0,0,0,1,1,0,0,1,1,1,1,0,1,1,1,1,0,0,0.0,-247.08952799220128,1
0,1,0,0,0,0,1,0,0,0,1,1,0,0,0,1,1,1,1,1,1,1,1,1,0,1,0,1,1,0,1,1,0,0,1,1,0,0,0,1,1,1,1,1,0,0,1,0,0,1,0,1,0,1,0,0,1,0,0,0,1,0,0,0,0.0,-247.08937856920292,1
0,0,1,0,1,1,0,1,0,0,0,1,0,1,0,1,0,0,0,0,1,1,0,0,1,0,0,1,0,1,0,1,0,1,1,1,0,1,0,1,0,0,1,1,1,0,1,1,0,1,0,1,0,1,1,0,1,1,0,0,0,0,1,1,0.0,-247.08921414568,1
0,0,1,1,0,0,0,1,1,1,0,1,0,1,0,0,1,1,0,1,1,1,0,0,1,0,1,1,0,0,0,1,0,0,1,1,0,1,0,1,1,0,0,1,1,1,1,1,0,1,0,1,0,0,1,1,1,1,0,0,0,1,0,0,0.0,-247.08913014576115,1
1,0,0,1,1,0,0,1,0,1,0,0,0,0,0,1,1,0,1,0,1,0,1,0,0,0,1,1,0,0,0,1,0,1,0,0,0,1,0,0,0,1,1,1,1,1,1,1,0,1,1,0,1,1,0,1,1,0,0,0,1,1,1,0,0.0,-247.08912561136356,1
0,1,1,1,0,0,0,1,0,0,1,0,0,1,1,0,1,0,0,1,1,1,0,0,0,1,0,1,0,0,0,0,0,1,1,1,1,1,0,0,1,0,1,0,1,0,0,1,0,1,1,0,0,1,1,0,1,0,1,0,1,1,0,1,0.0,-247.08857249683572,1
0,0,0,0,1,1,1,1,0,1,1,0,1,0,1,0,1,0,0,1,1,1,0,0,1,1,1,1,0,0,0,1,0,0,1,1,1,1,0,1,1,0,1,1,1,0,0,1,1,0,0,0,0,1,0,1,1,0,0,0,0,0,0,0,0.0,-247.08844995457792,1
0,0,1,1,0,1,1,1,1,0,1,0,0,1,0,0,1,0,1,0,1,0,0,0,1,0,1,1,0,0,0,1,0,0,1,1,0,1,0,1,1,1,0,1,1,1,0,0,0,1,0,1,1,0,0,1,1,0,0,0,0,1,0,1,0.0,-247.08820188925878,1
0,0,0,1,0,0,1,1,0,1,1,0,1,1,1,0,0,1,1,1,1,0,0,0,1,1,1,1,0,0,1,1,1,0,1,0,0,1,0,1,0,1,1,0,1,1,1,0,0,1,1,0,0,0,0,0,0,0,0,1,1,0,1,1,0.015625,-247.08799887863,1
1,0,1,1,0,0,1,1,1,0,1,1,0,1,0,1,0,0,0,1,1,0,1,0,1,0,0,0,1,0,1,0,1,0,0,1,0,1,1,1,1,0,0,1,1,1,0,1,1,1,0,1,0,1,0,1,1,1,0,0,0,0,0,0,0.015625,-247.0879014465677,1
1,1,0,0,0,0,0,1,1,0,1,1,0,1,1,0,0,0,1,0,1,0,0,0,0,1,1,1,0,0,0,1,0,0,0,0,1,1,0,1,0,1,1,1,1,1,1,0,0,0,1,1,1,1,1,0,1,0,1,0,1,1,1,0,0.0,-247.0879005239982,1
1,1,0,1,0,0,0,1,1,0,0,0,0,1,1,0,0,0,1,0,1,0,0,0,1,0,0,1,1,1,1,0,1,1,1,1,1,0,1,1,1,1,0,1,1,1,0,1,1,0,0,0,1,0,0,0,0,0,0,1,1,0,0,0,0.015625,-247.08764362288014,1
1,0,0,1,0,1,1,1,1,1,1,1,0,1,0,0,0,0,1,1,1,1,0,0,1,0,1,1,0,0,0,1,1,0,0,0,1,1,0,1,1,1,0,1,1,1,0,1,0,0,1,1,0,1,0,0,0,0,0,0,0,1,1,0,0.0,-247.0875282894966,1
0,0,1,1,0,1,0,0,0,0,0,1,0,1,1,0,0,1,1,1,1,1,0,1,0,0,1,1,0,0,0,1,0,1,1,1,1,1,0,0,1,0,1,1,1,1,0,1,0,0,1,0,0,1,0,1,0,1,0,0,1,1,0,1,0.0,-247.0875272409381,1
0,1,1,1,1,0,1,1,0,1,0,1,0,1,0,1,0,0,1,1,1,1,0,0,0,1,1,0,1,0,0,1,0,0,0,0,0,1,0,1,1,0,1,0,1,1,0,1,0,1,1,1,1,1,0,1,0,0,0,0,0,1,0,1,0.0,-247.08744133120206,1
1,0,1,1,1,0,0,1,1,1,0,0,1,1,1,1,1,0,1,0,1,1,0,1,1,0,1,1,0,0,0,0,1,1,1,1,0,1,0,1,0,1,1,0,1,0,0,1,0,1,0,0,0,0,0,1,0,1,0,0,0,1,0,0,0.0,-247.08696095626914,1
0,0,0,0,1,0,0,0,0,1,0,1,0,0,1,1,0,0,1,0,1,1,0,0,1,1,1,1,0,0,1,0,0,0,1,0,1,1,0,1,0,1,1,1,1,0,0,0,1,1,0,0,0,1,1,1,1,1,1,0,1,1,0,0,0.015625,-247.08686809121212,1
0,0,1,1,1,0,1,1,0,1,1,0,0,1,0,0,1,1,1,0,1,1,0,0,0,0,0,1,0,1,0,1,0,0,1,1,0,1,1,0,1,1,1,1,1,0,0,1,0,1,0,0,1,1,1,1,0,0,0,0,0,0,0,0,0.0,-247.08659749553377,1
0,0,0,0,1,1,0,1,0,1,0,0,0,0,0,1,0,0,0,0,1,0,0,0,1,1,1,0,1,0,1,1,0,1,1,1,1,0,1,0,1,0,1,1,1,0,1,0,0,1,1,1,0,1,0,0,1,0,1,1,1,0,1,0,0.0,-247.08643802019748,1
0,0,1,0,1,1,0,0,0,0,1,1,1,0,1,0,1,1,1,0,1,1,0,1,1,0,0,1,0,0,0,1,0,1,1,1,0,0,0,1,1,0,1,1,1,0,0,1,0,1,0,1,0,1,0,1,0,1,0,0,1,0,0,0,0.0,-247.08640366900428,1
0,0,1,0,1,1,1,0,0,1,0,0,1,0,1,1,0,1,0,1,1,1,0,0,0,0,1,1,0,1,0,0,0,0,1,1,0,0,0,1,0,0,1,1,1,1,1,1,0,1,0,1,0,1,1,0,1,0,0,1,1,1,1,0,0.0,-247.08613899268997,1
0,1,1,1,0,0,0,0,0,1,1,1,0,1,0,0,0,1,1,1,1,0,0,0,0,1,1,1,0,0,1,0,0,1,0,1,1,1,0,1,1,0,0,1,1,1,0,1,0,0,1,0,0,1,1,1,0,0,0,0,0,1,1,0,0.015625,-247.08606053819219,1
1,1,0,1,1,1,0,1,1,0,0,0,0,0,1,0,0,0,1,1,0,1,1,0,0,0,1,1,0,0,1,1,1,0,1,1,0,1,0,1,0,0,1,0,0,1,0,1,0,1,1,1,1,0,0,0,0,1,0,0,1,0,1,0,0.0,-247.08559906439098,1
0,0,1,1,0,0,0,0,1,0,0,0,0,0,0,0,0,0,1,1,1,1,0,0,1,0,1,1,1,0,1,1,0,0,1,1,1,1,0,1,1,1,1,1,1,1,0,0,1,1,0,1,1,0,1,0,0,1,1,0,0,1,1,0,0.0,-247.08539350838328,1
1,0,0,1,1,1,1,1,1,1,0,0,0,0,1,0,1,1,0,0,1,1,1,0,0,0,1,1,1,1,0,1,0,0,0,0,0,1,0,0,1,1,1,0,1,1,0,1,0,1,0,1,0,0,1,1,1,0,0,0,0,0,0,0,0.0,-247.0852905419488,1
0,0,1,1,0,0,0,1,0,1,1,0,1,1,0,1,1,1,0,0,1,1,0,0,1,0,1,1,0,1,1,1,0,0,0,0,1,1,0,0,0,0,1,1,1,0,1,0,0,1,0,0,0,1,1,1,0,1,0,1,0,1,1,1,0.0,-247.0852177963155,1
1,0,1,1,0,0,0,0,0,0,0,0,0,0,0,1,0,1,1,0,1,0,0,0,0,0,1,1,1,0,1,1,0,1,1,1,0,1,1,1,1,0,1,1,1,0,1,1,1,1,1,1,1,1,0,1,0,0,0,0,1,0,0,1,0.0,-247.08510233524197,1
0,0,1,1,1,1,1,1,1,1,0,0,0,0,0,1,1,1,0,0,1,1,0,0,1,0,0,1,1,1,1,1,0,1,0,0,0,1,0,0,0,0,1,0,1,0,0,1,0,0,1,1,0,1,0,0,0,1,0,0,1,1,0,1,0.0,-247.08484136666138,1
1,0,1,1,0,0,1,1,0,1,1,0,1,0,0,1,0,0,0,0,1,1,0,0,1,1,1,1,1,0,0,1,0,0,0,1,1,0,0,0,0,1,0,1,1,1,1,1,0,1,0,1,0,1,0,1,1,1,0,0,0,1,0,1,0.0,-247.08461092662938,1
1,1,1,1,1,1,1,1,0,0,0,0,0,0,1,0,1,0,1,0,1,0,0,0,1,0,1,1,0,1,0,0,0,1,1,0,1,1,0,0,0,1,1,1,1,1,0,0,0,1,0,0,0,0,1,1,1,0,0,0,1,0,1,0,0.0,-247.0843818679773,1
1,1,1,0,0,1,1,1,0,0,1,0,0,0,1,1,0,1,0,0,1,1,0,1,1,0,1,1,0,0,1,0,0,0,1,1,0,1,0,1,0,1,1,0,1,1,0,0,0,1,1,0,0,1,0,1,1,0,0,0,1,1,1,0,0.0,-247.0841562116292,1
0,1,1,1,0,1,0,1,1,1,1,1,1,1,1,0,0,0,0,0,1,0,1,1,1,0,1,1,0,0,1,1,0,0,0,0,0,0,0,1,0,0,1,1,0,1,0,1,1,1,1,0,0,0,1,0,1,0,0,0,0,0,1,0,0.0,-247.0831534488473,1
0,1,1,1,0,0,0,1,0,1,1,0,0,0,1,0,0,1,1,0,1,0,0,1,1,1,1,1,0,0,1,1,1,0,0,1,0,0,0,0,0,1,1,0,1,0,0,1,0,1,0,1,1,0,0,1,1,0,0,0,1,1,1,0,0.0,-247.08298633888413,1
1,1,1,1,1,0,1,0,1,1,0,0,0,0,0,0,1,1,0,0,1,1,0,0,0,0,1,1,0,1,1,1,0,0,0,1,0,1,0,0,1,1,1,1,1,0,0,1,0,1,0,1,0,1,0,1,1,0,0,0,0,0,1,0,0.0,-247.08246001569591,1
0,0,0,0,0,1,0,1,0,0,0,0,0,1,1,0,0,0,1,0,1,1,1,0,1,0,0,1,0,1,0,0,0,1,1,0,1,1,1,1,0,1,1,0,1,1,0,1,1,1,0,0,1,0,1,1,0,1,1,0,1,1,0,0,0.015625,-247.08236806558313,1
0,0,1,0,0,1,1,1,0,1,1,1,0,0,0,0,1,1,0,1,1,1,1,0,0,0,1,1,0,0,1,1,0,1,1,0,0,1,1,1,1,1,1,1,1,1,0,0,0,1,0,0,0,0,0,0,1,0,0,0,0,1,0,0,0.0,-247.0822259574807,1
1,0,0,1,1,1,1,1,0,1,1,0,0,1,1,0,1,0,0,0,0,1,0,0,0,0,1,1,1,0,0,1,1,0,1,0,1,1,0,0,1,1,1,1,1,1,0,1,1,1,0,1,0,0,0,1,1,0,0,0,0,1,0,0,0.015625,-247.08139025446818,1
1,1,1,1,1,1,1,0,0,0,1,0,1,0,0,1,1,0,1,0,1,0,0,0,1,1,0,1,0,1,1,1,0,0,1,1,0,1,0,0,0,1,1,1,1,1,0,0,1,0,0,1,0,0,0,1,1,1,0,0,0,0,1,0,0.015625,-247.0812313625398,1
0,0,0,1,0,0,1,1,1,1,1,0,0,1,1,0,0,1,1,1,1,0,0,0,1,0,1,1,0,0,1,0,1,0,0,1,1,1,0,0,1,1,1,0,1,1,0,1,1,1,0,0,0,1,0,0,1,0,0,0,0,0,1,0,0.0,-247.08079551424228,1
0,0,1,1,1,1,0,1,1,0,0,0,1,1,0,0,1,0,1,1,1,1,0,0,0,0,1,1,1,1,0,1,0,1,0,0,1,1,0,0,1,1,1,1,1,1,0,1,0,0,0,1,0,1,0,1,0,0,0,0,0,0,1,1,0.03125,-247.07895172845917,1
1,0,0,1,0,0,0,1,1,1,0,0,1,0,0,1,0,0,0,0,1,0,1,0,1,0,1,1,0,1,1,1,0,1,1,0,1,1,0,0,0,0,1,1,1,1,0,1,0,1,0,1,0,1,0,1,0,1,0,0,1,0,1,0,0.015625,-247.07857241781034,1
0,1,0,0,0,0,0,1,0,1,0,1,0,0,0,0,0,0,0,0,1,0,0,0,1,0,1,1,1,1,1,1,0,1,1,1,0,1,0,1,0,0,1,1,1,1,0,1,0,1,1,1,0,0,0,1,1,0,0,1,0,1,1,1,0.0,-247.07621789164676,1
0,0,0,1,1,1,1,1,0,1,1,0,0,0,1,1,0,1,1,1,0,1,0,0,1,0,1,1,0,0,1,1,0,1,0,0,0,1,0,0,1,1,1,1,1,1,1,0,1,0,0,0,0,0,0,0,1,0,0,0,1,0,1,0,0.0,-247.07572332977466,1
0,0,0,0,1,1,1,1,1,1,0,0,0,0,1,1,0,0,0,0,1,1,0,1,0,0,0,1,0,0,1,1,1,0,1,1,1,0,0,1,1,0,1,1,0,0,0,1,0,1,0,1,0,0,1,1,1,1,0,0,0,1,1,0,0.0,-247.07513863111248,1
0,1,1,1,1,1,1,0,0,1,1,0,1,0,1,0,0,1,1,0,1,1,0,0,1,0,1,1,0,0,1,0,0,0,1,0,0,1,0,0,0,0,1,1,1,0,0,0,0,1,1,1,0,1,1,0,0,0,1,0,1,0,1,0,0.0,-247.07499039551917,1
0,0,1,1,1,0,0,0,0,1,1,0,0,0,1,1,1,0,0,1,1,1,0,1,0,0,0,1,0,0,1,1,1,0,1,1,1,0,0,0,1,1,0,0,1,1,0,0,1,1,0,1,0,0,0,1,1,0,0,0,0,1,1,1,0.0,-247.07469490565236,1
0,0,1,1,1,0,1,0,0,1,0,1,1,1,1,1,0,1,0,1,1,0,0,1,1,1,1,1,0,0,1,0,0,0,0,0,0,0,0,1,1,0,1,0,1,0,1,0,0,1,0,1,1,0,0,0,1,0,0,0,1,1,1,0,0.0,-247.07455566733648,1
1,0,1,0,1,0,1,0,0,1,0,0,0,1,0,0,0,0,1,1,1,1,1,0,1,0,0,1,0,0,0,0,1,1,1,1,1,1,0,0,0,1,1,0,1,1,1,0,1,0,1,0,0,1,1,1,1,1,0,0,1,1,0,0,0.0,-247.07454409807264,1
0,1,1,1,1,0,0,1,1,1,1,0,0,0,1,0,0,1,1,0,1,0,0,0,1,0,1,1,0,0,0,0,1,1,1,1,0,1,0,0,0,1,1,1,1,0,1,1,0,1,0,1,0,1,0,1,0,1,1,0,0,0,1,0,0.0,-247.07453259654034,1
0,1,0,1,0,1,0,1,1,1,1,1,1,0,1,1,1,0,1,0,1,0,0,0,1,0,0,1,0,0,1,0,0,0,1,1,0,1,0,0,1,0,1,1,1,0,1,0,0,1,1,0,1,1,1,1,0,0,1,0,0,0,0,1,0.0,-247.07401063958895,1
0,1,1,1,1,1,0,1,0,0,1,0,0,0,0,1,1,0,0,0,1,1,0,0,0,0,1,0,0,1,1,1,0,0,1,1,1,0,1,0,0,1,1,1,1,1,0,1,0,1,0,1,1,1,0,0,1,1,1,0,0,1,0,0,0.0,-247.07400454330184,1
0,1,1,1,1,0,1,1,1,1,1,1,0,0,1,1,0,1,0,0,0,1,0,0,0,0,1,0,1,0,1,0,0,1,1,0,0,0,0,1,1,0,1,1,0,1,0,0,1,1,1,1,0,0,0,1,0,1,0,1,0,1,0,1,0.015625,-247.07368276099825,1
0,0,1,1,0,0,1,0,1,1,1,0,0,1,0,0,0,1,1,0,1,1,0,0,1,0,1,0,0,1,1,0,1,1,0,0,0,0,0,0,0,1,1,0,1,1,1,1,0,1,1,1,0,1,0,1,1,1,1,0,1,1,0,0,0.0,-247.0736493300237,1
0,0,1,1,0,0,0,0,0,1,0,0,1,1,1,0,0,0,0,0,1,1,1,0,1,0,1,1,0,1,1,1,0,1,1,0,0,0,1,0,1,0,1,1,1,1,1,0,0,1,0,0,1,1,1,1,1,0,0,0,1,1,0,1,0.0,-247.07214761503727,1
1,1,1,1,0,1,0,0,0,1,1,1,0,0,0,0,0,0,1,0,1,1,0,0,1,1,0,1,0,0,1,1,0,1,1,1,1,0,0,0,1,1,0,0,1,1,0,1,0,1,1,1,1,0,0,1,0,0,0,0,1,0,0,0,0.0,-247.0712911129035,1
1,0,1,0,0,0,0,1,0,0,1,1,1,0,1,0,0,1,1,0,1,1,1,0,1,0,0,1,1,0,1,0,0,0,1,1,0,0,0,1,0,0,1,1,1,1,0,1,1,0,1,1,0,0,1,1,1,0,0,0,0,0,1,0,0.015625,-247.0709359268332,1
1,0,1,1,1,0,0,0,0,1,1,1,0,1,1,0,0,0,0,0,1,0,0,1,1,0,1,0,0,1,0,0,0,1,0,0,1,1,0,1,1,1,1,1,1,0,0,0,1,1,1,1,0,1,1,1,1,0,0,0,1,0,1,0,0.0,-247.07007170946991,1
1,0,1,1,0,0,1,0,1,1,0,0,1,1,0,0,0,0,1,0,1,1,0,0,1,1,1,1,0,1,1,1,0,0,0,0,0,1,0,0,0,0,1,1,1,0,1,1,0,0,1,1,1,0,1,1,1,1,0,0,1,0,0,1,0.0,-247.07003367863157,1
1,0,1,1,0,0,1,1,0,0,1,0,1,0,0,0,0,0,1,1,1,0,0,0,0,1,1,1,0,0,1,1,1,1,1,1,0,0,1,1,1,1,1,1,1,0,0,0,1,0,0,1,0,0,0,1,1,1,0,0,0,1,0,1,0.0,-247.06897787715394,1
1,0,1,1,0,0,0,0,1,1,0,0,0,0,0,0,1,0,1,0,1,0,0,0,0,0,1,1,0,1,1,0,1,1,0,0,1,1,0,1,1,1,0,1,0,0,0,1,1,1,1,1,1,0,0,1,0,1,0,0,1,1,1,0,0.015625,-247.06876704408873,1
0,0,1,1,0,0,0,0,0,1,0,1,0,0,1,0,0,0,0,1,1,0,0,0,1,0,0,1,0,0,1,1,0,0,1,0,0,1,0,1,1,1,1,1,1,0,1,0,1,1,1,1,0,1,0,1,0,0,1,1,1,1,1,0,0.0,-247.06801757496694,1
1,0,1,1,1,1,0,0,0,0,0,0,0,0,1,1,1,0,0,1,0,1,0,0,1,0,1,1,0,1,0,1,0,1,0,1,1,0,0,1,1,0,1,1,1,0,0,0,0,1,0,1,0,1,1,1,1,0,0,0,0,1,1,0,0.03125,-247.067880128067,1
0,0,1,1,0,0,0,0,1,1,0,0,0,0,1,0,1,1,1,1,0,0,0,0,1,0,1,1,0,0,0,0,0,0,0,1,0,0,1,0,1,1,1,1,1,1,1,1,0,1,1,0,0,1,0,1,1,1,1,0,0,1,1,0,0.0,-247.06700492630324,1
0,0,1,1,1,0,1,1,1,0,0,0,1,1,1,0,0,1,0,1,1,1,0,1,0,1,0,1,0,1,1,1,1,0,0,0,0,0,0,1,0,1,0,1,1,0,0,1,0,1,1,0,0,0,1,1,0,1,1,0,0,1,1,0,0.015625,-247.06641282409439,1
0,0,0,1,1,0,0,1,0,0,1,1,0,0,1,0,0,0,1,0,0,0,0,0,1,0,1,1,1,1,1,1,1,1,1,1,0,0,0,1,1,1,1,1,1,1,0,0,1,1,0,1,0,1,1,1,0,1,0,0,0,1,0,0,0.0,-247.06270614204124,1
0,0,1,0,0,1,0,1,1,0,1,0,1,0,1,1,1,0,1,0,1,1,0,1,0,0,1,1,0,1,1,0,0,0,1,1,1,1,0,1,1,1,1,1,1,0,0,0,0,1,1,0,1,0,0,0,1,0,0,0,0,1,1,0,0.0,-247.06119132654212,1
0,1,0,0,0,0,0,0,0,1,1,1,1,0,1,0,0,0,0,1,1,1,0,1,1,0,1,1,0,1,1,0,0,1,0,1,1,0,0,0,1,0,1,1,1,1,0,0,1,1,0,0,0,1,0,1,1,1,0,0,0,1,1,0,0.015625,-247.06028749689779,1
0,1,0,1,1,1,1,1,0,0,1,0,0,0,1,0,0,1,1,1,1,0,0,0,1,0,0,1,0,1,1,1,0,0,1,1,1,1,0,0,0,0,1,0,1,1,1,0,0,1,1,1,1,1,0,1,0,0,0,0,0,1,1,0,0.0,-247.05847430897464,1
1,0,1,1,1,0,1,1,0,0,1,1,1,0,0,1,0,0,0,1,1,0,0,0,1,0,1,1,0,1,1,0,0,0,0,1,1,1,0,0,0,1,1,0,1,0,0,1,1,1,1,1,0,1,0,1,0,1,1,0,1,0,0,0,0.0,-247.05169939221412,1
0,1,1,1,0,1,0,1,0,1,1,0,0,0,1,1,1,0,1,0,1,1,0,0,0,0,0,1,0,1,1,0,0,0,1,1,0,1,0,0,1,0,1,1,1,0,0,0,0,1,0,1,0,1,1,1,1,1,0,0,0,0,1,0,0.03125,-247.0514535666433,1
0,1,1,1,1,0,0,1,0,1,0,0,0,1,1,0,0,1,1,0,1,1,0,0,1,0,0,0,1,0,1,0,0,1,0,0,0,0,1,0,1,1,1,1,0,0,0,1,0,1,1,1,0,1,0,1,0,1,1,0,1,0,1,0,0.0,-247.04306925536108,1
1,0,1,1,1,1,0,0,1,0,1,1,1,0,0,0,0,0,0,0,1,1,0,0,1,1,1,0,1,0,1,1,1,0,1,0,0,1,1,1,1,0,1,1,1,0,1,1,0,0,0,0,1,1,0,0,1,0,0,0,1,1,1,0,0.0,-246.43921444650465,1
1,0,1,1,0,1,0,1,1,1,1,1,0,0,0,0,1,1,0,0,0,1,0,1,1,1,0,1,1,0,0,0,1,0,0,1,0,1,0,0,1,0,0,1,1,1,0,1,1,1,0,0,1,0,1,1,0,1,0,0,1,1,1,0,0.015625,-246.433217226495,1
0,1,0,0,0,1,0,0,1,1,0,1,0,0,1,0,0,1,1,0,1,1,0,0,1,0,0,0,1,0,0,1,1,1,1,1,0,1,0,1,1,0,0,1,1,1,0,1,1,1,0,0,0,1,0,0,0,0,0,0,1,1,1,0,0.0,-246.4304718266882,1
0,0,1,1,1,1,0,1,1,0,1,1,1,0,0,0,0,1,1,0,1,1,0,0,0,0,0,0,0,0,0,0,1,0,0,1,0,1,0,0,1,0,1,1,0,1,1,1,1,1,1,0,0,1,0,1,1,1,1,0,1,1,1,1,0.0,-246.42853667835362,1
1,0,0,1,1,0,0,1,0,0,1,1,1,0,0,1,1,1,0,0,0,1,0,1,1,1,0,1,0,0,0,1,1,1,1,1,0,1,1,1,1,1,1,1,0,1,0,0,0,1,0,0,1,0,1,0,1,0,0,0,1,0,1,0,0.0,-246.42725323171243,1
1,0,1,1,0,0,0,0,1,1,0,0,1,0,0,0,0,1,0,1,1,1,0,0,0,0,1,0,1,0,1,0,0,0,1,1,0,1,0,1,0,0,1,1,1,1,1,1,0,1,0,0,0,0,0,0,1,0,0,1,1,1,1,1,0.0,-246.42661455490335,1
1,0,1,1,0,1,0,1,1,0,1,0,0,0,0,0,1,1,0,0,1,1,0,0,1,1,1,0,0,0,0,1,0,1,1,0,1,0,0,1,1,1,1,1,0,1,1,1,0,1,0,0,0,0,0,0,0,0,1,0,0,1,1,0,0.0,-246.42382076436996,1
1,0,0,1,1,1,1,0,1,0,0,0,0,0,0,0,0,1,1,0,1,1,1,0,1,0,1,0,0,0,0,0,0,1,1,1,0,0,1,1,0,0,1,1,1,1,0,0,0,1,0,0,0,1,0,1,1,0,1,1,1,1,0,0,0.0,-246.42251628351667,1
0,0,1,1,1,1,1,0,0,0,0,1,0,0,0,0,0,1,1,0,0,1,0,1,0,1,1,1,0,0,1,1,0,0,1,1,0,1,0,0,1,1,1,0,0,1,0,1,1,1,0,0,0,1,0,1,0,0,0,0,1,1,1,0,0.0,-246.42198153065817,1
0,0,1,1,0,1,0,0,1,0,1,0,1,0,0,1,0,1,0,0,1,1,0,1,0,1,1,1,1,0,0,0,0,0,1,1,0,1,0,1,0,1,1,1,1,1,1,0,0,1,0,0,0,0,0,1,1,0,0,0,1,0,1,0,0.0,-246.42143746874268,1
0,0,1,1,0,1,0,1,1,0,0,0,1,0,0,0,0,1,1,0,1,0,0,1,1,0,0,1,0,0,1,0,1,1,1,1,0,1,1,0,1,0,1,0,1,1,1,0,1,0,0,0,1,1,1,1,1,0,1,0,1,1,1,0,0.015625,-246.42142664091784,1
0,0,1,1,1,0,0,0,1,1,0,1,0,0,0,1,0,0,0,0,1,1,0,0,1,0,1,0,1,0,0,1,1,0,1,1,0,1,0,0,1,0,1,1,1,0,1,1,0,1,0,0,1,0,0,1,1,0,0,0,1,1,1,0,0.015625,-246.41990761604475,1
1,1,1,0,1,1,1,1,0,0,1,1,1,0,0,1,0,0,0,0,1,0,0,0,0,1,1,0,0,0,0,0,1,0,1,1,0,1,0,0,1,0,1,1,1,0,1,0,0,1,0,0,0,1,1,1,0,0,0,0,1,0,1,1,0.0,-246.4171718656781,1
1,0,1,1,1,1,1,1,1,0,1,1,1,0,0,1,0,0,0,0,1,1,0,0,1,0,1,0,1,0,1,0,1,1,0,1,0,1,0,0,1,0,0,0,1,0,0,0,1,0,1,0,1,1,1,0,1,0,0,0,1,1,1,1,0.0,-246.41218069873372,1
0,0,1,1,0,1,0,1,0,1,0,1,1,0,0,1,0,0,0,0,0,1,1,0,1,0,1,1,1,0,1,0,1,0,0,1,0,1,0,1,0,0,0,1,1,1,0,0,1,1,0,0,0,0,0,1,0,0,1,0,1,1,1,1,0.0,-246.41118385725937,1
0,1,1,0,1,1,0,1,0,0,0,1,0,0,0,1,0,1,0,0,0,1,0,1,1,0,1,0,1,0,0,1,1,1,0,0,1,1,0,1,0,0,1,1,0,1,0,1,1,1,0,1,0,0,1,1,0,0,1,0,1,0,0,0,0.0,-246.4100021809448,1
1,0,0,1,1,1,1,1,0,0,0,0,0,0,0,1,1,0,1,0,1,1,0,1,1,0,0,1,0,0,1,1,1,0,0,0,1,1,1,1,0,0,1,0,1,0,1,0,1,1,0,0,0,0,1,1,0,0,0,0,1,0,0,1,0.0,-246.40996084569667,1
1,1,1,1,0,0,1,1,0,1,0,1,0,0,0,0,1,1,1,0,1,0,1,0,1,1,1,0,0,0,0,1,0,1,0,0,0,1,0,1,1,0,0,0,1,1,1,0,0,0,0,0,0,0,0,1,1,1,1,0,0,1,1,0,0.0,-246.40913803224498,1
0,0,0,1,1,1,1,1,1,1,0,1,1,0,0,0,0,0,0,0,1,0,1,0,1,0,1,0,0,1,1,1,0,1,1,0,0,1,0,0,0,0,1,0,1,1,1,1,1,1,0,0,0,0,1,1,0,0,0,0,1,1,0,0,0.0,-246.40617329441642,1
1,0,1,1,1,1,1,1,0,0,1,1,1,0,0,1,1,1,0,0,1,0,0,0,1,0,1,1,0,1,0,0,1,0,0,0,1,1,1,0,0,0,1,0,1,0,0,0,1,1,0,0,0,1,1,1,0,1,0,0,1,1,1,1,0.0,-246.40608902624643,1
1,0,0,1,0,1,0,1,0,0,0,1,0,0,0,0,1,0,1,0,0,1,1,0,0,1,1,0,1,1,0,0,1,0,0,1,1,1,0,0,1,0,1,1,1,1,0,0,1,1,1,0,0,0,0,1,1,1,0,0,0,1,1,0,0.0,-246.4042072467124,1
1,1,1,1,1,1,1,0,0,1,0,1,1,0,0,0,0,0,1,0,1,1,0,0,0,0,1,0,0,0,1,1,0,0,1,1,0,1,0,1,0,0,1,0,1,0,1,0,1,1,0,0,0,1,1,1,0,1,0,0,0,1,0,0,0.0,-246.40349621089615,1
0,0,1,0,0,0,1,0,0,0,1,0,1,0,0,1,0,0,1,0,0,1,0,1,1,1,0,1,0,1,1,0,1,1,1,1,0,1,1,1,0,0,0,1,1,1,1,1,1,0,0,0,0,1,1,0,0,1,0,0,0,0,1,0,0.0,-246.40300651875222,1
1,0,1,1,1,1,0,1,1,1,0,0,0,0,0,0,0,1,1,0,1,1,0,1,1,0,1,0,0,0,1,0,1,0,1,0,0,1,0,1,0,0,1,1,0,0,0,1,1,1,0,1,0,0,0,1,0,1,0,1,1,0,0,0,0.0,-246.4022546442108,1
1,0,1,0,1,1,0,0,1,0,1,0,1,0,0,0,0,0,0,0,0,1,0,1,1,1,1,1,0,0,0,0,1,1,0,0,1,1,1,0,0,1,1,1,1,1,0,1,0,1,0,0,0,0,0,1,1,1,0,0,1,0,1,0,0.0,-246.40153682169407,1
0,0,0,1,1,1,0,1,0,0,0,0,1,0,0,0,0,0,1,0,1,1,0,0,1,0,1,0,1,1,0,1,0,0,0,1,0,1,0,1,1,1,1,0,1,0,0,1,1,1,1,0,0,1,0,0,1,0,1,0,0,1,1,1,0.015625,-246.39938664132757,1
0,0,1,1,1,0,1,1,0,0,1,0,0,0,0,1,1,0,1,0,1,1,0,0,0,1,0,0,1,0,1,1,0,1,1,0,1,1,0,1,1,0,1,0,1,0,0,1,1,1,0,0,1,0,0,0,0,1,0,0,1,0,1,0,0.015625,-246.39929442988395,1
0,0,1,1,0,1,1,1,1,1,1,1,0,0,1,1,0,0,0,1,1,1,0,0,1,1,0,1,0,0,0,0,1,0,0,1,1,0,0,1,0,0,1,0,1,1,0,1,0,1,0,0,1,1,0,1,1,0,1,0,1,1,1,0,0.0,-246.39914609261047,1
0,1,1,1,0,0,0,1,0,0,0,0,1,1,1,1,0,1,0,0,1,1,0,1,1,1,0,1,0,1,1,0,1,0,0,0,1,1,1,1,0,0,1,1,1,1,0,0,1,0,0,0,0,0,0,0,0,0,1,0,1,0,1,0,0.0,-246.39852315075083,1
0,1,0,1,1,1,1,1,1,1,1,0,1,0,1,0,1,0,0,0,0,1,1,0,1,0,1,1,0,0,0,1,0,0,0,1,1,1,0,1,0,0,1,0,1,0,0,0,1,0,0,0,0,0,0,0,1,0,1,1,1,0,1,0,0.0,-246.39841299153088,1
1,0,0,0,1,1,0,1,1,0,1,1,0,0,1,0,0,1,1,0,1,1,0,1,0,1,0,1,0,1,1,0,0,0,0,1,0,0,0,1,0,0,1,1,1,1,0,0,0,1,0,0,0,1,0,0,1,1,1,0,0,1,1,0,0.0,-246.39834318471327,1
0,0,1,1,1,1,0,1,0,0,1,1,1,1,0,1,1,1,1,0,1,1,0,1,1,0,1,1,0,0,0,0,0,0,1,1,0,1,0,1,1,0,1,1,1,0,1,0,0,0,0,0,0,0,1,1,1,0,0,1,1,0,0,1,0.015625,-246.39768441152904,1
0,1,1,1,0,1,1,0,0,1,0,1,0,1,0,0,0,1,1,0,0,1,0,0,0,1,1,0,0,1,0,1,0,1,1,0,0,1,0,0,0,1,0,1,1,1,0,1,0,1,0,0,1,1,0,1,1,0,0,0,0,1,1,0,0.0,-246.39738600431815,1
1,0,1,1,0,1,0,1,1,1,1,1,0,0,0,1,0,1,0,0,1,1,0,0,0,0,0,1,1,0,1,1,1,0,1,0,1,1,1,1,1,0,1,1,1,1,0,1,0,1,0,0,0,0,1,0,0,1,0,0,0,1,1,0,0.0,-246.3968035583144,1
1,1,0,0,1,1,0,0,0,1,0,1,0,0,1,0,1,1,1,0,1,1,0,0,1,1,0,1,0,1,0,1,0,0,1,0,0,0,0,1,0,0,1,1,1,0,1,0,0,1,0,0,0,1,1,1,0,0,1,0,0,1,0,1,0.0,-246.39641058978037,1
0,0,1,1,0,0,1,1,1,1,1,0,0,0,0,1,0,0,1,0,1,1,0,1,0,1,0,1,0,0,0,1,0,1,0,1,0,0,0,1,0,0,1,0,1,1,0,1,0,1,1,0,0,1,1,1,1,0,1,0,1,0,0,0,0.0,-246.3962503582802,1
0,1,1,1,1,1,0,0,0,0,1,0,1,0,1,1,0,1,0,0,1,1,0,0,1,1,0,1,1,0,1,1,0,0,1,1,0,1,1,1,1,0,0,1,1,1,1,1,0,0,0,0,1,1,0,0,1,0,0,0,1,0,1,0,0.0,-246.39618254713355,1
0,1,1,0,0,0,0,1,0,1,1,0,1,0,0,0,0,0,1,0,1,1,0,0,1,1,0,1,1,0,1,1,0,0,0,0,0,1,1,1,0,0,1,0,1,1,1,0,0,1,0,0,0,1,1,0,1,1,1,0,1,1,0,0,0.015625,-246.39581918332811,1
0,0,0,1,1,1,0,0,0,1,0,0,0,0,1,1,0,1,1,0,1,0,1,1,0,1,1,1,0,0,1,1,1,0,1,1,1,0,0,1,0,0,1,0,1,1,0,1,1,1,0,0,0,1,0,1,0,0,0,0,0,0,1,0,0.0,-246.39475658872198,1
1,0,1,1,1,0,1,1,0,1,0,0,0,0,0,1,0,1,0,0,1,0,0,1,0,0,1,0,1,0,0,1,0,0,0,1,1,1,0,0,1,0,1,1,0,0,0,1,0,1,1,0,0,0,1,1,0,1,0,0,1,1,1,1,0.0,-246.39470039806744,1
1,0,1,1,0,0,1,0,0,1,1,0,0,0,0,0,0,0,1,0,1,0,0,0,0,0,1,1,0,1,1,1,0,1,1,0,1,1,0,1,1,0,1,1,0,1,1,1,1,0,0,0,1,1,0,1,1,0,0,1,1,1,1,1,0.0,-246.39468365112236,1
0,0,1,0,0,0,1,1,0,1,1,1,0,0,0,0,1,1,1,0,1,1,0,1,1,0,1,0,0,0,1,0,1,1,0,1,1,1,0,1,0,0,0,1,0,0,0,1,1,0,1,1,0,1,1,1,0,0,1,0,1,1,1,1,0.015625,-246.39451684786053,1
0,0,1,1,0,1,0,1,0,1,1,0,0,0,0,1,0,0,0,0,0,1,0,0,0,0,1,1,1,0,0,0,0,0,1,1,0,1,1,1,0,0,1,1,1,0,1,1,0,1,0,0,0,0,0,1,1,1,1,1,0,1,1,1,0.015625,-246.394451820562,1
1,1,0,1,0,1,1,0,0,0,1,1,0,1,0,0,1,1,0,0,1,1,0,0,0,0,0,0,0,1,0,0,0,0,0,1,1,1,1,0,1,0,1,1,1,0,1,1,1,1,0,1,0,1,0,1,1,0,0,0,0,1,0,0,0.0,-246.39407796569392,1
0,0,1,0,1,1,0,1,1,1,1,1,0,0,0,0,1,1,1,0,0,1,1,0,1,1,1,1,1,0,0,0,0,0,0,0,1,0,0,0,1,0,1,1,1,0,0,0,1,1,0,0,0,1,1,1,1,0,0,0,1,0,0,0,0.0,-246.39354136332028,1
0,1,0,1,1,1,1,1,1,1,0,0,0,0,1,1,0,0,1,0,1,0,0,1,1,0,1,0,0,0,0,0,1,0,1,0,0,1,1,0,0,0,1,1,1,1,1,1,1,0,0,1,1,1,0,1,1,0,0,0,1,1,0,1,0.0,-246.39347911376785,1
0,0,0,1,0,1,0,1,0,0,0,1,0,1,1,0,1,0,0,0,1,0,1,1,0,1,0,1,1,0,1,0,0,0,1,1,0,1,0,0,1,0,1,1,1,1,0,1,1,1,0,0,0,1,0,1,1,0,0,0,1,0,1,0,0.0,-246.39336232270648,1
0,0,0,1,1,0,0,0,0,1,1,1,0,0,0,1,0,0,0,1,1,0,0,1,1,0,0,1,1,0,0,1,1,1,1,1,1,1,1,0,0,0,1,1,1,1,1,0,0,1,0,1,0,0,1,1,0,0,0,1,1,1,1,1,0.0,-246.39307813967974,1
1,0,1,1,0,1,0,1,0,1,1,0,0,1,0,1,0,1,1,0,1,1,0,1,1,1,1,1,0,0,1,1,1,0,0,0,0,0,0,0,0,1,1,1,0,1,0,0,0,1,0,0,0,0,0,0,1,0,1,0,0,1,1,0,0.0,-246.3927235150891,1
1,0,1,0,1,1,0,1,0,1,0,0,0,0,1,1,0,1,0,0,1,1,0,1,0,0,1,0,1,0,0,0,1,1,1,1,0,0,1,0,1,1,1,0,1,1,0,0,0,0,0,0,0,0,1,1,1,0,0,0,0,1,1,1,0.0,-246.3922844384108,1
0,0,1,1,0,1,0,1,1,0,0,1,1,0,0,0,0,1,1,0,1,0,0,0,1,1,1,1,0,0,0,1,0,1,1,0,1,1,1,0,1,1,1,1,1,1,0,1,1,1,0,1,0,1,0,1,0,0,0,0,0,1,1,0,0.015625,-246.39215004733762,1
1,0,0,0,1,0,0,0,0,1,0,0,0,0,0,0,0,1,1,0,1,1,0,0,1,1,0,1,1,0,0,0,0,0,1,0,1,1,0,0,0,0,1,1,1,0,1,1,1,1,1,0,0,1,1,1,1,1,0,0,1,1,1,0,0.0,-246.39210709524178,1
1,0,1,1,1,1,0,1,0,0,1,0,0,0,0,1,0,0,1,0,1,0,0,0,0,0,1,1,0,0,1,1,1,1,0,1,1,1,1,0,1,0,1,0,1,1,0,1,1,0,0,0,0,0,1,0,0,1,0,0,1,1,0,0,0.015625,-246.39203548976747,1
0,0,1,1,0,1,0,0,1,0,0,0,1,0,0,1,0,1,0,1,1,0,0,0,1,0,1,1,0,0,1,1,0,1,0,1,0,1,0,0,1,1,1,0,1,1,0,1,0,1,0,0,0,1,1,0,0,0,1,0,1,0,1,1,0.0,-246.392014472557,1
0,0,1,1,0,0,0,1,0,0,0,1,0,0,0,0,0,1,0,0,1,1,0,1,1,0,1,1,0,0,1,1,1,1,1,1,1,1,0,0,1,0,1,1,1,1,1,0,0,0,1,0,0,0,0,0,1,0,1,0,0,1,0,1,0.015625,-246.3919487939432,1
1,0,1,1,0,1,1,0,1,1,1,0,0,0,0,0,0,0,1,1,1,0,1,0,1,1,1,1,0,0,0,0,1,1,1,1,0,0,0,1,0,0,1,1,1,1,0,0,1,1,0,0,0,0,0,1,1,0,0,0,0,1,0,0,0.0,-246.3918288096115,1
0,1,1,1,1,1,0,1,1,0,0,1,0,1,1,1,1,1,1,0,1,0,0,0,1,1,1,1,0,0,0,1,0,1,1,1,0,0,0,0,1,0,1,0,1,1,0,1,1,1,0,0,1,1,0,0,0,0,0,0,1,1,0,0,0.015625,-246.3917880588673,1
0,1,0,1,0,1,0,0,0,1,1,1,0,0,0,1,1,1,1,1,1,1,0,1,1,0,1,1,0,0,1,0,0,1,1,1,0,1,1,0,0,0,0,0,1,0,0,0,1,1,0,0,0,1,0,1,0,0,0,0,0,1,1,0,0.0,-246.39177483208823,1
1,0,0,0,1,1,0,0,1,0,1,1,0,0,0,0,0,0,1,1,1,1,0,1,1,1,0,1,0,0,1,0,0,0,1,0,1,0,0,0,0,0,1,1,1,1,1,1,0,1,0,1,0,1,0,0,1,0,1,0,1,1,0,0,0.0,-246.3917591681013,1
1,1,1,1,0,1,1,0,1,1,0,0,0,0,0,1,0,0,1,1,1,1,0,0,1,1,1,1,0,0,0,0,0,0,1,0,1,1,0,0,1,1,1,0,1,0,1,0,1,1,0,0,0,1,0,0,0,0,0,0,0,1,1,0,0.0,-246.39175085324837,1
0,0,1,0,0,1,0,1,0,0,1,1,1,0,0,1,1,0,0,1,1,1,0,1,0,0,0,1,0,0,0,0,1,1,1,0,0,1,1,0,1,0,1,1,1,1,1,0,0,1,1,0,0,1,0,0,0,0,0,0,1,1,0,1,0.0,-246.39168453307843,1
1,0,1,1,0,1,1,0,0,0,1,1,0,0,0,0,0,1,0,1,1,0,0,0,0,0,1,1,1,0,1,1,1,0,1,1,0,0,0,0,1,1,1,0,1,0,1,0,1,1,0,0,0,1,1,0,1,0,0,0,0,1,0,1,0.015625,-246.39141574885025,1
1,0,1,0,1,0,1,1,0,0,1,0,1,0,0,1,0,1,0,0,0,1,0,0,0,1,1,1,0,1,0,0,0,1,1,0,0,1,0,0,1,1,0,1,1,0,1,0,1,1,0,0,0,0,0,1,1,0,0,0,1,1,1,1,0.015625,-246.39096522256435,1
0,1,1,0,1,1,1,1,0,0,0,1,0,0,0,0,1,1,1,0,1,0,0,0,1,0,1,0,1,0,1,1,1,0,0,1,0,0,0,1,1,1,1,1,1,0,1,0,0,0,0,0,0,0,0,0,1,0,0,0,1,1,1,1,0.0,-246.39094564890615,1
0,0,1,1,0,1,1,1,1,0,0,0,0,0,0,0,1,0,1,1,1,1,0,1,1,1,1,1,0,1,1,1,1,1,1,1,0,1,0,0,0,1,1,0,1,1,0,0,0,0,0,0,0,1,0,1,1,0,1,0,0,0,1,1,0.0,-246.39085243933982,1
0,1,1,1,0,1,0,1,1,1,0,0,1,0,0,0,0,1,1,1,1,0,0,0,0,0,1,1,0,0,0,0,1,0,1,1,0,1,1,1,0,0,0,1,1,1,1,1,0,1,0,0,0,0,0,1,1,1,0,0,0,0,1,0,0.0,-246.3905848552811,1
1,1,1,1,1,1,0,1,1,1,1,0,0,1,1,0,0,0,0,0,1,1,0,1,0,0,0,1,1,0,0,0,1,1,0,0,1,1,0,1,0,0,1,1,0,1,1,1,0,1,0,0,0,0,1,1,0,1,0,0,1,1,0,1,0.0,-246.390523345053,1
0,1,0,1,1,0,0,1,0,1,1,1,1,0,0,1,1,1,1,0,1,1,0,0,1,1,1,1,0,0,1,1,0,0,1,1,1,1,1,0,0,0,1,1,1,1,0,1,0,1,0,0,0,1,0,1,0,0,0,0,0,0,1,0,0.0,-246.39045045444556,1
0,1,1,0,1,1,1,1,0,1,1,0,0,0,1,0,1,1,0,0,1,0,1,0,1,0,1,0,1,0,0,1,0,0,1,1,1,1,0,1,0,1,0,0,1,1,0,0,0,1,0,0,0,1,0,0,0,0,0,0,1,1,1,0,0.0,-246.39007640844372,1
0,0,1,1,0,1,1,0,0,1,1,1,1,1,1,1,0,1,1,0,1,0,0,0,1,0,0,1,0,1,0,1,0,0,0,1,0,1,0,0,0,0,1,1,0,1,0,1,0,1,0,0,0,1,1,0,1,0,0,0,1,1,0,0,0.015625,-246.389644186559,1
0,1,1,0,1,1,0,1,0,0,1,0,1,0,1,0,1,0,0,0,0,1,0,0,1,0,1,1,1,0,0,0,1,0,0,0,1,1,1,0,1,0,1,1,0,1,0,0,1,1,0,0,1,0,0,1,1,0,1,0,1,1,0,0,0.015625,-246.3893173311884,1
1,0,1,1,0,1,0,0,1,1,1,1,0,0,0,1,1,0,0,0,1,1,0,0,0,0,1,0,1,1,0,1,0,1,1,0,0,1,0,0,1,0,1,1,1,1,0,1,1,1,1,1,0,0,0,1,1,0,0,0,0,1,1,1,0.0,-246.3891741433397,1
0,0,1,1,0,1,0,1,1,1,1,0,1,0,1,1,1,1,1,0,0,1,0,1,1,0,1,1,1,0,1,0,0,0,0,1,0,1,0,0,1,0,0,1,1,1,0,0,1,1,0,0,0,1,1,1,1,0,0,0,1,1,0,0,0.0,-246.38847021614123,1
1,1,1,1,1,1,0,1,1,0,1,0,0,0,1,1,0,0,0,1,1,0,1,0,1,0,1,0,0,0,0,1,0,1,0,1,0,1,0,1,0,0,1,1,0,1,0,0,0,0,0,0,0,1,0,1,1,0,0,0,1,1,1,0,0.0,-246.3880837365829,1
0,1,0,0,1,1,0,1,1,0,0,1,0,0,0,1,0,0,0,1,1,1,0,1,0,0,0,0,1,1,0,0,0,1,0,1,0,1,0,0,0,0,1,1,1,1,1,1,1,1,0,1,1,1,0,1,1,0,0,0,0,1,0,0,0.0,-246.3877110184187,1
0,1,1,0,1,1,1,0,1,1,1,1,1,0,0,0,0,1,1,1,0,1,1,0,0,0,1,0,1,0,1,1,1,0,1,1,0,1,0,0,1,1,0,0,1,0,0,1,0,1,0,0,1,1,0,0,1,0,0,0,0,1,1,1,0.0,-246.38737526411535,1
1,0,1,0,1,1,0,0,1,0,1,0,0,0,1,0,0,0,0,0,1,1,0,0,1,0,1,1,0,1,1,1,1,1,0,1,1,1,1,0,0,0,1,1,1,0,1,0,1,1,0,0,1,0,1,1,1,0,0,0,1,1,1,0,0.0,-246.38702035670946,1
0,1,1,0,0,0,0,0,1,1,0,1,0,0,0,0,0,0,1,1,1,1,0,1,1,0,1,1,0,1,0,1,1,1,1,1,1,1,0,1,0,0,1,0,1,1,1,1,0,0,1,0,0,1,0,1,1,0,1,0,1,1,0,0,0.0,-246.38692987881848,1
0,0,1,1,0,1,0,1,1,1,0,1,0,1,0,0,0,0,0,0,0,1,1,0,1,1,1,1,1,0,0,0,1,1,1,1,0,1,1,1,0,1,1,1,1,1,1,0,0,1,0,0,0,1,0,1,1,1,0,0,0,0,0,1,0.015625,-246.38690810115418,1
0,0,0,1,0,1,0,1,0,0,1,1,0,1,0,1,0,0,1,0,1,0,0,0,1,0,1,0,1,0,1,1,1,0,1,0,1,1,0,1,1,0,1,1,1,0,1,1,0,1,0,1,0,1,0,1,0,0,1,1,1,1,1,0,0.0,-246.38682323981237,1
0,0,1,1,1,0,1,1,1,0,0,1,0,1,0,0,0,1,0,1,1,1,0,0,1,1,1,1,0,0,0,1,0,0,0,1,1,1,0,0,0,0,1,1,1,1,1,1,0,1,1,0,0,1,1,1,1,0,1,0,0,0,0,1,0.015625,-246.38632982345206,1
1,0,0,1,0,1,1,0,0,1,1,1,0,0,0,1,0,1,1,0,1,1,0,0,0,0,1,1,0,0,1,0,1,1,1,1,1,0,1,0,1,0,1,0,1,0,0,1,0,1,0,0,0,0,0,1,1,0,0,0,0,1,1,0,0.0,-246.38614315748083,1
0,0,1,0,1,0,0,1,0,1,1,1,0,0,1,1,0,1,0,0,1,0,0,1,1,0,0,1,0,0,0,1,0,0,1,1,0,1,0,0,1,0,1,1,1,1,0,0,0,1,0,0,1,1,0,1,1,0,0,0,1,0,1,1,0.015625,-246.386094427421,1
1,0,1,1,0,1,0,1,0,1,1,0,0,0,1,0,1,1,0,0,0,1,0,0,0,0,1,0,1,0,0,0,0,0,0,0,1,1,0,1,1,0,1,1,0,1,0,1,0,1,0,1,0,1,1,1,0,1,1,0,0,1,0,1,0.0,-246.3857800376569,1
0,0,0,1,0,1,0,0,1,0,1,1,1,0,0,1,0,1,1,1,1,1,0,0,1,1,0,1,0,0,0,1,1,0,0,1,0,0,0,0,1,1,1,1,0,0,1,0,0,0,0,1,1,0,0,1,0,1,0,0,1,1,0,1,0.0,-246.38519085364808,1
0,0,0,1,0,0,1,1,1,0,0,0,0,1,1,1,0,0,1,0,0,1,0,0,0,1,1,1,0,1,0,1,0,1,1,1,0,0,0,1,0,1,1,1,1,1,1,1,0,0,0,0,0,0,0,1,0,0,1,0,1,1,1,0,0.0,-246.38515863818387,1
0,1,1,0,0,0,1,0,0,1,1,1,0,0,0,0,1,1,1,0,1,0,0,0,1,1,0,0,0,0,1,1,1,1,0,1,0,0,0,1,0,0,1,1,1,0,0,1,1,0,0,1,1,1,0,1,1,0,0,0,0,1,1,0,0.0,-246.3851358749955,1
1,0,1,0,0,0,0,1,0,0,1,1,0,0,0,1,0,1,1,0,1,0,0,0,1,1,1,0,0,1,0,1,0,1,1,0,0,1,1,0,1,1,1,1,0,0,1,0,0,0,1,0,0,1,1,0,1,1,1,0,1,0,0,0,0.015625,-246.38485556214428,1
1,0,1,1,0,1,1,1,0,0,1,1,0,0,0,1,0,1,1,0,0,1,0,0,0,1,1,1,0,1,1,0,0,0,0,1,1,1,0,0,1,0,1,1,0,1,0,0,0,1,0,1,0,0,1,1,0,0,0,0,0,1,1,0,0.0,-246.38431085354833,1
1,0,1,0,1,0,1,0,1,0,1,1,0,0,1,0,0,1,1,0,1,0,1,1,0,0,0,1,0,0,1,1,0,1,1,0,1,0,0,0,1,1,1,0,1,1,0,0,1,1,0,0,0,1,0,0,0,0,1,0,1,0,1,0,0.0,-246.3843048201679,1
1,0,1,1,1,0,0,0,1,1,1,0,0,0,0,0,0,0,0,0,0,1,0,0,1,0,1,0,0,1,0,1,0,1,1,1,0,0,1,1,0,0,1,1,1,1,0,0,0,0,1,1,0,1,0,1,1,0,1,0,0,1,1,1,0.0,-246.38426410850627,1
0,0,1,0,0,0,0,1,0,1,1,1,0,0,0,1,0,1,1,0,1,0,1,1,0,1,1,0,0,0,1,1,1,1,1,1,0,0,0,0,1,1,1,0,1,1,1,0,1,1,1,0,0,0,0,0,0,0,1,0,0,0,1,0,0.015625,-246.38421556080644,1
1,1,1,1,0,1,0,1,1,1,0,0,0,1,1,1,1,1,1,0,1,0,1,0,1,0,0,0,1,0,1,1,0,0,1,1,0,1,0,0,0,0,1,1,1,0,0,1,1,0,0,0,0,0,0,0,1,1,0,0,1,1,1,1,0.0,-246.38414542530882,1
0,0,0,1,1,1,1,1,1,1,1,0,0,0,1,1,0,0,1,1,1,1,0,0,1,0,1,1,0,0,0,1,1,0,0,0,0,1,1,1,1,0,1,1,1,1,0,0,0,0,0,0,1,1,0,1,0,0,1,0,0,1,1,1,0.015625,-246.3840523196219,1
0,0,1,1,0,1,0,0,1,0,1,0,1,0,1,1,1,1,0,0,1,1,0,1,1,0,1,1,0,0,1,0,1,1,1,1,1,1,0,0,1,1,0,0,1,0,0,1,0,0,0,0,0,0,0,0,1,0,0,0,0,1,1,0,0.015625,-246.38385314461055,1
0,0,1,0,1,0,0,0,0,1,0,1,1,0,1,0,0,0,1,0,0,0,0,0,1,0,1,1,0,0,1,1,1,1,1,1,0,0,1,1,1,0,1,0,1,0,0,1,1,1,0,0,0,1,0,0,1,0,0,0,1,1,1,1,0.0,-246.38383742576735,1
0,0,0,1,1,1,0,1,0,0,1,0,0,0,0,0,0,0,1,1,0,1,0,1,1,0,1,1,0,1,0,1,1,0,1,1,1,0,0,0,0,0,1,1,1,1,0,0,1,0,1,0,0,1,0,1,1,0,0,0,0,1,1,1,0.015625,-246.38378762060012,1
0,1,1,1,1,0,0,0,0,0,1,1,1,0,1,1,1,1,1,0,1,1,0,0,1,0,0,1,0,0,1,1,0,0,0,0,1,0,0,0,1,0,1,0,1,0,0,0,1,1,0,0,0,1,1,0,1,0,0,0,1,0,1,1,0.0,-246.38366404308664,1
0,0,1,0,0,0,1,0,0,0,1,1,0,1,0,0,0,1,1,1,1,1,0,0,0,1,1,1,0,0,1,1,0,0,1,0,0,0,0,1,1,1,1,0,1,1,1,0,1,1,0,0,0,0,0,1,1,0,0,0,1,1,1,0,0.0,-246.383436127505,1
1,1,1,1,0,1,1,1,0,1,1,0,0,0,0,1,1,1,0,0,0,1,0,0,1,1,0,1,0,0,1,1,0,0,0,0,1,0,0,1,0,0,1,0,1,1,0,0,0,0,1,0,0,0,1,0,0,1,0,1,1,1,1,0,0.03125,-246.38323635106036,1
1,1,0,1,1,1,0,1,1,0,1,0,0,0,0,0,1,0,0,0,1,1,1,0,1,0,1,1,0,0,0,1,1,1,1,1,0,1,0,1,1,0,1,1,1,0,0,0,1,0,0,1,0,0,0,1,1,1,0,1,1,0,0,1,0.015625,-246.38305045932492,1
1,0,1,1,1,0,0,0,1,1,0,0,0,0,0,0,1,0,1,1,1,0,0,0,1,0,0,0,0,0,1,1,1,1,1,1,0,1,0,0,1,0,0,1,1,1,1,1,1,0,0,1,0,0,0,0,1,1,1,0,0,0,1,0,0.015625,-246.38248112475847,1
0,0,1,1,1,1,1,1,1,0,0,1,0,1,0,0,0,1,0,0,1,1,0,0,1,0,1,1,0,1,1,1,0,0,1,0,0,1,0,0,0,1,1,1,0,1,0,0,0,1,0,1,0,0,0,0,1,0,0,0,1,1,1,0,0.0,-246.3823317465553,1
1,0,1,1,1,1,0,1,0,1,0,0,0,1,1,0,0,0,1,0,1,1,0,1,1,1,0,1,0,0,0,0,1,0,1,1,0,1,1,0,0,0,1,1,1,0,1,0,0,1,1,0,0,1,1,1,1,0,1,0,0,1,1,0,0.0,-246.3822975218322,1
0,0,0,1,0,0,0,1,0,0,0,1,0,1,0,0,0,1,1,1,0,1,1,1,0,1,0,1,1,1,1,0,1,1,1,0,0,1,0,0,1,1,1,1,1,1,0,1,1,0,0,0,0,1,1,1,0,1,0,1,1,0,1,0,0.0,-246.38220582980256,1
0,0,1,1,1,0,1,1,0,1,1,0,0,0,0,1,1,1,1,1,1,1,0,1,0,1,1,1,0,1,1,1,0,1,1,1,0,0,0,0,0,0,0,0,1,1,0,1,1,1,0,0,0,0,0,0,1,1,0,0,1,1,1,0,0.0,-246.38215722449235,1
1,1,1,1,1,0,1,0,0,1,0,0,0,0,1,0,0,1,0,0,0,1,1,1,0,1,1,1,0,0,1,1,0,0,1,1,0,0,1,0,0,0,0,0,1,1,1,0,0,1,0,0,1,0,0,1,1,1,0,0,1,0,1,0,0.015625,-246.38168708053277,1
0,0,1,1,0,1,0,1,1,0,0,0,0,0,0,1,0,0,1,1,1,1,1,0,0,0,1,1,1,0,1,1,1,0,1,1,0,0,0,1,0,0,1,1,1,1,1,0,0,1,0,0,0,1,0,1,1,0,0,0,0,1,0,0,0.0,-246.38102892485435,1
1,1,0,1,0,1,0,1,1,0,1,1,0,1,0,1,1,1,1,0,1,1,1,0,0,0,1,0,0,0,0,0,0,1,1,1,1,1,0,0,1,1,1,0,1,0,1,0,0,1,0,1,0,0,1,1,0,0,0,0,1,1,0,1,0.0,-246.38082347138004,1
0,1,1,0,0,1,1,0,1,1,1,0,1,1,0,1,0,0,1,0,1,1,0,1,1,1,1,1,0,0,0,1,0,1,1,1,0,0,0,0,0,0,0,1,1,0,0,0,1,1,0,0,1,0,0,0,0,1,0,0,0,1,1,0,0.0,-246.38070865924774,1
1,1,1,1,0,1,0,1,0,1,1,1,1,0,1,1,0,0,0,0,1,1,0,1,1,0,1,1,0,0,1,1,1,1,0,0,1,1,0,1,0,0,0,1,1,1,0,0,0,1,0,0,0,0,0,1,1,0,0,1,1,0,1,0,0.015625,-246.38063834576587,1
0,0,0,1,0,1,1,1,0,1,1,1,1,0,1,1,0,1,1,0,1,0,0,0,0,0,0,1,1,0,1,1,1,1,1,1,0,0,0,1,1,0,1,1,1,1,0,0,1,1,0,0,0,1,1,1,0,0,0,0,0,1,1,0,0.0,-246.38052339139654,1
1,0,1,1,1,0,0,1,0,1,0,0,0,0,0,0,0,0,0,0,1,0,0,0,1,1,1,1,0,0,1,1,1,1,1,1,1,0,0,1,0,0,1,1,1,1,1,0,0,0,1,0,0,0,0,1,1,0,0,0,1,1,1,0,0.0,-246.38032138206736,1
0,1,1,1,1,0,1,0,0,0,1,0,0,0,0,1,1,1,0,0,1,1,0,0,0,1,0,1,1,0,1,0,1,0,1,0,0,0,1,0,0,1,1,1,0,1,1,1,0,1,1,0,1,1,1,1,1,0,0,0,1,1,0,1,0.0,-246.38026349299906,1
0,1,1,1,1,0,0,0,0,0,1,1,0,0,0,0,0,1,0,0,1,1,0,0,1,0,1,1,0,0,1,0,0,1,1,1,1,1,1,1,1,0,0,1,1,1,0,0,0,0,1,0,0,1,0,1,0,0,1,0,0,1,1,0,0.0,-246.38024030708277,1
1,0,0,0,1,1,1,1,1,0,0,0,0,1,1,0,1,1,1,0,0,0,0,0,0,1,1,1,0,0,0,0,0,0,1,0,1,1,0,1,1,0,1,0,1,1,0,0,0,1,0,1,0,0,1,1,1,0,1,1,0,0,1,0,0.0,-246.38006189494195,1
1,0,1,1,1,0,1,1,1,0,1,0,1,0,1,0,0,0,0,1,1,1,1,0,1,0,0,1,0,0,0,0,1,1,1,0,0,0,0,0,0,0,0,1,1,1,0,1,1,1,0,0,0,0,1,1,1,0,0,0,0,1,1,0,0.0,-246.3800475063006,1
0,1,1,1,0,0,0,1,0,1,1,0,0,0,0,1,0,1,1,0,0,1,0,0,0,0,0,0,0,1,0,1,1,0,1,1,0,1,0,0,0,0,1,1,1,1,0,1,0,1,1,1,0,1,1,1,0,0,0,0,0,1,1,1,0.0,-246.3800280309597,1
0,0,1,1,0,0,1,1,0,1,1,0,1,0,0,1,0,0,0,0,1,1,0,0,0,0,1,1,0,0,0,0,1,1,1,1,0,1,0,1,0,1,1,1,1,1,0,0,0,1,0,1,1,0,0,0,0,0,1,0,0,1,1,1,0.0,-246.3798422496204,1
0,0,1,0,1,1,0,1,0,1,1,0,0,1,0,0,1,1,0,0,1,1,1,1,0,0,0,1,0,1,1,1,0,1,1,1,0,0,0,0,0,0,1,0,0,1,1,0,0,1,0,0,0,1,1,1,1,0,0,0,1,0,1,0,0.0,-246.3798382004117,1
0,1,1,1,1,0,0,1,0,0,0,1,1,0,0,0,0,1,1,0,1,1,1,0,1,0,0,0,0,0,1,0,0,1,0,0,1,0,0,1,1,1,1,1,1,1,0,0,0,1,0,0,0,1,1,1,0,0,1,0,1,0,0,1,0.0,-246.37974006735598,1
1,0,1,1,1,0,1,1,0,0,0,0,0,0,0,0,1,0,0,0,0,0,1,1,1,0,1,1,1,1,0,0,0,0,1,0,1,1,1,0,1,0,1,0,1,0,1,0,1,1,0,0,1,0,0,1,1,1,0,0,0,1,0,1,0.015625,-246.37972849180798,1
0,0,1,0,0,1,0,1,1,1,1,1,0,0,0,0,1,0,0,1,1,1,0,1,1,1,0,1,0,1,1,0,0,0,1,0,0,1,0,0,0,0,0,1,1,0,1,0,0,1,1,0,0,1,0,1,1,0,1,0,1,0,1,0,0.0,-246.3791397256032,1
0,0,1,1,1,1,0,0,0,0,1,0,1,1,0,0,1,1,0,0,1,0,0,1,1,0,0,0,1,1,0,1,1,1,0,1,0,0,0,0,1,0,1,1,1,0,1,1,0,0,0,1,0,0,1,1,0,1,0,0,1,1,0,0,0.0,-246.3790823297943,1
1,0,1,1,0,1,0,1,1,1,0,1,1,1,0,0,0,0,0,0,1,0,1,0,1,1,1,1,0,0,1,0,1,0,1,0,0,0,0,1,0,1,1,1,1,0,0,0,0,1,0,0,0,0,0,1,1,0,0,0,0,1,1,1,0.015625,-246.37824064060945,1
0,0,1,1,0,0,0,0,1,1,0,1,1,1,0,1,0,0,1,0,1,1,0,0,0,0,0,1,1,1,0,0,0,1,1,1,1,1,0,0,1,0,1,1,1,1,0,0,1,0,0,1,0,0,0,1,1,0,0,0,0,0,1,1,0.0,-246.37778513983656,1
0,0,1,1,1,1,1,1,0,1,0,0,0,1,0,0,0,1,0,0,1,1,0,0,0,0,1,1,0,0,0,0,1,1,0,0,1,1,0,1,1,1,1,1,1,0,1,1,0,1,0,0,1,0,1,1,1,0,0,0,1,1,1,1,0.0,-246.37750519401806,1
1,1,0,1,1,1,0,0,0,1,1,1,1,0,0,0,0,0,1,0,1,0,0,0,1,0,0,1,0,1,1,1,0,0,1,0,0,1,0,0,0,0,0,1,1,1,0,1,1,1,0,1,0,1,0,1,1,0,0,1,0,1,0,0,0.0,-246.37717388581018,1
0,1,1,1,1,1,0,1,0,1,1,1,0,0,1,0,0,1,1,0,1,0,0,1,1,1,1,1,0,0,0,0,0,0,0,0,0,0,0,0,1,1,1,1,0,0,0,0,1,1,0,0,0,0,1,1,0,1,1,0,1,1,0,0,0.0,-246.37672255843108,1
1,0,1,1,1,1,0,0,1,0,0,0,0,0,0,0,0,1,0,1,1,0,0,0,1,0,1,0,0,0,0,0,0,1,1,1,1,1,0,0,1,1,1,1,1,1,0,1,1,1,1,1,0,1,0,1,1,0,1,1,0,1,1,0,0.0,-246.37643061957033,1
0,0,1,1,0,1,0,0,0,0,0,1,0,1,0,0,0,0,0,0,1,1,0,0,1,0,1,1,0,0,1,0,1,0,1,0,1,1,0,0,1,1,1,1,1,1,1,1,0,0,0,1,1,0,0,0,1,0,1,0,1,1,1,0,0.0,-246.3764093494861,1
1,1,1,1,1,1,1,1,0,1,0,0,1,0,0,1,1,1,0,1,0,1,0,0,1,1,1,0,0,0,0,1,0,1,0,1,0,1,0,1,0,0,0,1,0,1,1,0,0,1,1,1,0,0,1,0,1,1,1,0,0,0,1,0,0.015625,-246.37632610058796,1
1,0,1,1,0,1,1,1,0,1,1,1,0,1,0,1,0,0,0,0,1,0,0,0,0,0,1,1,1,0,0,0,1,0,1,0,1,0,0,0,0,0,1,1,1,1,0,0,0,1,0,0,0,0,1,1,1,1,0,0,0,1,1,1,0.0,-246.37593476599184,1
0,0,1,1,0,1,1,1,1,1,0,0,0,0,0,0,0,0,1,1,1,0,1,0,1,0,1,1,0,0,1,1,0,0,1,1,0,0,0,0,1,0,0,0,0,1,1,1,0,1,0,0,0,1,1,1,0,1,1,0,1,0,1,0,0.0,-246.37569313392447,1
1,1,0,0,1,1,1,0,1,0,1,0,0,0,1,1,0,1,1,1,1,1,1,1,1,0,1,0,0,1,0,1,0,1,1,0,0,1,0,0,0,1,1,0,1,1,0,0,1,1,0,1,0,1,1,0,0,0,0,0,1,1,0,0,0.0,-246.37545219735648,1
1,0,1,1,1,0,1,1,0,0,1,0,1,0,0,0,1,0,0,1,1,1,0,0,1,0,0,1,0,1,1,0,0,0,1,0,0,1,0,1,0,0,0,1,1,1,0,1,1,1,0,0,0,1,0,1,0,1,1,0,0,1,0,0,0.0,-246.3751021753609,1
0,0,1,0,0,1,1,0,0,1,0,1,0,0,0,0,0,1,1,0,1,1,0,0,0,0,1,1,0,1,0,0,0,1,1,0,1,0,0,1,1,0,1,0,1,0,0,1,0,1,0,1,0,0,1,1,1,0,1,1,1,1,0,1,0.015625,-246.3743484578833,1
1,1,0,1,1,1,0,1,0,1,1,1,0,0,0,1,1,0,0,0,1,1,0,0,0,0,1,0,0,1,1,1,0,0,0,1,0,0,0,1,1,0,1,0,1,1,1,1,0,0,1,1,0,0,0,0,0,0,1,0,0,1,1,0,0.0,-246.37422050386408,1
0,0,1,1,0,0,1,1,1,1,1,1,0,0,0,1,0,1,1,1,1,1,1,1,0,0,1,1,0,0,1,1,0,0,1,0,0,1,1,0,0,1,1,1,1,0,1,1,1,0,0,0,0,0,0,1,1,0,1,0,0,0,1,0,0.0,-246.3741833301617,1
1,1,0,1,0,1,0,1,0,0,1,1,0,1,0,1,1,0,0,0,0,1,1,0,1,0,1,0,0,0,1,0,0,1,1,1,1,1,0,1,0,0,1,1,1,1,0,1,1,1,0,1,1,0,0,0,1,1,0,0,1,0,1,0,0.0,-246.37406188545447,1
0,0,1,1,1,0,0,1,1,0,1,1,0,0,0,0,0,1,1,0,1,0,0,0,0,0,0,1,1,0,1,1,1,1,1,1,0,1,0,0,1,1,1,1,1,1,0,1,0,1,0,1,0,1,0,0,1,1,1,0,0,1,1,0,0.0,-246.37397711557668,1
1,1,1,0,1,1,0,1,0,0,0,0,1,0,0,1,0,0,0,1,1,1,0,0,1,0,1,1,1,0,0,0,1,1,1,1,0,0,0,1,1,0,1,0,1,0,1,1,0,0,0,0,0,0,1,1,1,0,0,0,0,1,1,0,0.0,-246.373745268702,1
0,0,1,0,1,0,0,0,1,1,1,1,0,0,0,0,0,0,1,1,1,0,1,0,0,0,1,1,0,0,0,1,0,0,1,1,1,0,0,0,0,0,1,1,1,0,1,1,1,0,1,0,0,1,0,1,1,0,1,0,0,1,1,1,0.03125,-246.37355934905423,1
0,1,0,1,1,1,1,1,0,1,0,0,1,0,0,0,0,1,1,1,1,1,1,1,0,0,1,1,0,0,1,1,0,0,1,0,0,1,0,0,0,0,1,1,1,0,1,0,0,1,0,1,0,1,0,1,0,0,1,0,1,1,1,1,0.0,-246.37290946596647,1
0,0,0,1,0,0,0,1,0,0,1,0,0,1,0,1,1,0,1,1,1,0,0,1,0,1,1,1,1,1,1,1,0,0,1,1,0,0,0,0,0,0,1,1,1,1,1,1,1,1,1,0,0,1,0,1,0,0,0,0,1,1,1,1,0.03125,-246.3728088885523,1
1,1,1,1,1,1,0,1,0,0,0,1,0,1,0,1,0,0,1,0,1,1,0,0,0,0,1,1,0,1,1,0,0,0,0,0,0,1,0,1,0,1,0,1,1,0,1,1,1,1,0,0,0,0,0,1,1,0,0,0,1,0,1,0,0.0,-246.3722100379932,1
0,0,1,1,1,0,1,1,1,0,1,1,1,0,0,0,0,0,1,1,1,1,1,0,1,1,0,0,0,1,1,1,0,1,1,0,1,0,0,1,0,1,1,0,0,1,1,1,0,1,1,0,0,1,0,1,0,0,0,0,0,1,1,0,0.0,-246.37206405721554,1
1,0,1,1,0,0,0,1,0,1,0,1,0,0,0,0,1,0,0,1,1,0,0,0,1,1,1,1,0,0,1,1,0,1,0,0,0,0,1,1,1,0,1,1,1,1,0,1,1,0,1,0,1,0,0,0,1,0,0,0,0,1,1,0,0.0,-246.37132855697894,1
1,1,1,1,0,1,0,0,0,1,0,0,1,0,0,0,0,1,1,1,1,1,0,0,0,1,1,1,0,1,1,1,0,1,1,1,0,1,0,0,1,1,1,0,1,1,0,1,0,0,0,0,0,0,0,1,0,0,0,0,0,1,0,0,0.0,-246.3712869851705,1
0,1,1,1,1,1,1,1,0,0,0,1,0,0,0,1,0,1,1,0,1,0,1,0,1,0,1,1,0,1,0,1,1,0,0,1,0,1,0,0,1,1,1,1,1,1,0,0,1,1,0,1,0,1,0,1,0,0,1,0,0,0,1,0,0.0,-246.37117405955178,1
1,1,1,1,0,1,0,1,0,1,1,0,0,1,0,0,0,1,1,1,1,0,0,0,0,0,1,0,0,1,0,0,1,0,0,1,0,1,0,0,1,1,0,1,1,1,0,0,1,0,0,1,0,1,0,0,1,1,0,0,1,0,1,0,0.0,-246.371169256713,1
1,1,1,0,0,0,0,1,0,0,1,0,1,0,0,0,0,0,1,0,1,1,0,1,1,1,1,1,0,1,0,1,1,0,1,1,1,1,0,1,1,1,1,0,1,0,1,0,0,1,0,1,0,1,0,1,0,1,0,0,1,1,0,0,0.0,-246.37109705961603,1
1,0,1,0,1,0,0,1,1,0,1,0,0,0,1,0,0,0,1,0,1,0,0,0,1,0,1,1,1,1,1,0,0,0,0,0,1,1,0,0,0,0,1,1,1,1,0,0,0,0,0,0,0,1,0,1,1,1,1,0,1,1,1,1,0.0,-246.37106125439553,1
0,0,0,0,1,0,1,0,0,1,0,1,1,0,1,1,1,0,1,1,1,1,1,0,1,0,1,0,0,0,0,1,0,0,1,0,0,1,1,0,1,0,0,0,1,0,1,1,1,1,1,0,1,0,0,0,1,0,0,0,0,1,1,0,0.015625,-246.36969471608342,1
1,1,1,1,1,1,1,0,0,1,1,1,0,0,0,1,0,1,0,1,1,1,0,0,0,1,1,1,0,1,1,0,1,1,1,1,0,0,0,1,1,1,1,1,1,0,0,0,0,1,0,0,0,1,0,0,0,0,0,0,1,0,1,0,0.0,-246.36937512568903,1
0,1,1,1,0,1,1,0,0,0,0,0,0,1,0,0,0,0,1,0,1,0,0,1,1,1,1,1,0,0,0,0,1,1,1,1,1,0,0,0,1,1,1,1,0,1,1,1,0,0,0,1,0,1,0,0,1,0,0,0,1,1,0,0,0.015625,-246.36902041801602,1
0,0,1,1,1,1,0,1,0,1,0,0,1,1,0,1,1,0,0,0,1,0,1,0,1,0,1,0,0,0,1,0,0,0,1,0,1,1,0,1,0,0,1,0,1,1,0,1,0,1,1,0,0,1,1,1,0,0,1,0,1,0,0,0,0.0,-246.36878685953764,1
1,0,1,1,0,1,0,1,1,0,0,1,0,0,0,0,1,0,0,0,1,1,0,0,1,0,1,1,1,0,0,0,0,0,1,1,1,0,0,0,1,1,1,1,1,1,0,1,0,1,1,1,0,0,0,0,1,0,0,0,0,1,1,0,0.015625,-246.36877128311792,1
0,0,1,1,1,1,0,1,1,1,1,0,0,0,1,0,0,1,0,1,1,1,0,0,1,0,0,1,1,1,1,1,0,0,1,1,0,1,0,1,1,0,1,1,1,1,0,1,0,1,0,0,0,1,1,0,1,0,0,0,0,0,1,0,0.015625,-246.36838522685326,1
0,0,1,0,1,0,0,1,1,0,0,0,0,1,0,0,0,1,0,0,1,0,1,1,0,0,0,1,0,0,1,1,1,0,1,1,1,1,0,1,1,0,1,1,1,0,0,0,0,1,1,0,1,1,0,1,0,0,1,0,0,1,1,0,0.0,-246.3677707815496,1
1,0,1,0,1,0,0,1,0,0,1,0,1,0,1,0,0,0,0,0,1,1,0,1,0,0,0,0,0,1,1,0,1,0,1,1,0,0,0,1,0,0,0,1,1,1,0,0,1,0,1,1,1,0,1,1,1,0,1,1,0,1,1,0,0.015625,-246.36740722798243,1
1,1,1,0,0,1,0,1,1,1,1,1,0,0,0,0,0,0,1,1,1,1,0,0,1,0,1,1,0,0,1,0,0,0,1,1,0,1,0,0,1,0,1,1,1,1,1,0,1,1,1,0,0,0,1,1,1,0,0,0,1,0,1,0,0.0,-246.36730806691367,1
0,0,1,1,1,0,0,1,0,1,1,0,0,1,0,0,0,1,0,0,1,0,1,0,1,0,0,1,0,1,1,1,1,0,1,0,0,0,0,1,0,0,1,1,1,1,0,0,0,1,0,1,1,1,0,0,0,0,0,0,1,1,1,1,0.015625,-246.3673010688333,1
0,0,1,1,1,1,1,1,0,0,0,1,0,0,1,0,0,1,0,0,1,0,0,0,1,0,0,1,1,0,0,0,1,0,1,0,1,1,1,1,1,1,1,1,0,1,1,0,0,0,1,1,0,1,1,0,0,0,0,0,0,1,0,0,0.015625,-246.36696862978826,1
1,0,1,1,1,1,1,1,1,1,1,0,0,0,1,1,1,1,1,0,0,1,0,0,0,0,0,1,0,0,1,0,0,1,0,1,0,1,0,0,0,0,1,1,1,0,0,0,0,1,0,1,0,0,1,0,1,0,0,0,1,0,1,0,0.03125,-246.3668795842633,1
1,0,1,0,1,1,1,1,0,0,1,0,1,0,0,1,0,0,1,0,1,1,1,0,1,0,0,1,0,0,0,1,1,1,1,0,0,1,0,0,0,1,1,1,1,0,0,0,0,0,0,1,0,0,1,1,0,0,0,0,1,1,1,0,0.0,-246.3666778608076,1
0,0,0,1,1,0,1,1,0,1,0,0,0,1,0,1,0,0,0,0,1,0,0,1,1,0,1,1,0,0,1,1,0,1,0,1,0,1,0,0,0,0,1,1,1,1,1,1,1,1,0,1,0,0,0,0,0,1,0,0,1,1,1,0,0.015625,-246.36662070947963,1
0,1,1,0,0,1,0,1,0,1,0,1,0,0,0,0,0,1,1,1,1,0,0,0,1,1,1,0,1,0,1,0,1,1,1,1,0,1,0,0,1,1,1,1,1,0,0,0,0,1,0,0,0,1,0,1,1,0,0,0,0,0,0,1,0.015625,-246.36658920507483,1
1,1,0,0,0,1,0,1,1,0,0,0,0,1,0,0,1,0,1,0,1,1,0,0,0,0,1,1,0,1,1,1,0,1,1,0,0,1,1,0,1,0,1,0,1,1,0,1,1,1,1,0,1,0,1,1,1,0,0,1,0,1,1,0,0.015625,-246.36657420930248,1
1,0,1,1,1,1,1,1,0,1,1,0,1,0,0,1,1,0,0,0,1,1,0,0,0,0,1,1,0,0,0,1,1,0,0,1,1,1,0,0,1,1,1,1,1,1,0,0,1,1,0,1,0,1,1,0,0,1,0,0,0,0,0,1,0.015625,-246.36636998736162,1
0,1,0,1,0,1,0,0,1,0,0,1,1,0,0,1,0,1,0,0,1,1,0,0,0,0,1,1,0,0,1,1,0,0,0,1,0,1,0,0,0,1,1,1,1,1,0,1,0,1,1,1,0,1,1,1,1,0,0,0,0,0,1,0,0.0,-246.3661808293382,1
1,1,1,1,0,1,1,1,0,1,0,0,0,0,1,0,1,1,0,1,0,1,1,0,0,0,0,1,1,0,0,0,0,1,1,1,0,0,0,0,0,0,0,1,1,1,1,0,0,1,0,0,0,1,0,1,0,1,0,0,0,1,1,1,0.015625,-246.3656018746246,1
1,1,0,0,0,0,0,0,0,0,1,1,0,0,1,1,0,0,0,1,1,0,0,0,1,0,1,1,0,0,1,0,1,1,0,1,1,1,0,1,0,0,1,1,1,1,1,1,0,0,0,0,1,0,0,1,0,1,0,0,1,1,1,0,0.015625,-246.3651040889369,1
1,0,1,1,1,1,1,1,1,0,0,1,0,0,1,0,0,1,1,0,1,0,0,0,1,0,0,1,0,0,1,1,1,1,0,0,1,0,0,0,1,0,1,1,1,1,0,1,0,0,1,0,0,1,0,1,0,0,0,0,0,0,1,0,0.0,-246.3649875147821,1
1,0,0,0,1,0,0,0,0,1,1,1,0,0,0,1,0,0,1,0,1,1,0,0,1,1,1,1,0,0,1,1,0,0,1,1,1,0,0,1,1,0,1,0,1,0,1,0,1,1,0,1,0,0,1,1,1,0,0,0,0,1,0,0,0.0,-246.36497822000013,1
0,1,1,1,0,1,0,0,0,0,0,0,0,0,1,1,1,1,1,0,1,0,0,0,1,1,0,1,1,1,0,0,0,0,1,0,0,1,0,0,1,1,1,1,1,1,0,1,0,1,0,0,0,1,0,1,1,1,0,0,0,0,1,0,0.015625,-246.36487327370523,1
0,0,0,0,0,1,1,0,0,0,1,1,1,0,0,1,1,0,1,1,1,1,0,0,0,0,1,1,1,0,1,0,0,1,1,1,0,1,0,0,1,0,1,1,1,0,1,0,0,0,0,0,0,0,0,1,1,1,0,1,0,1,1,0,0.0,-246.36479704417712,1
0,1,1,1,1,0,0,1,0,1,1,0,0,0,0,1,0,0,1,0,0,0,0,1,1,0,1,1,0,1,0,1,0,1,0,1,0,1,0,1,1,0,0,1,1,0,1,1,0,1,0,1,0,0,0,0,1,0,0,0,0,1,1,1,0.015625,-246.3642382084256,1
1,0,1,0,0,1,0,1,0,1,1,0,0,0,0,1,0,0,0,0,1,0,1,0,1,0,0,0,1,0,1,1,1,0,1,1,1,1,0,1,0,0,1,1,1,0,0,1,1,0,1,1,0,0,0,1,0,0,0,0,0,1,1,1,0.0,-246.36400205627808,1
1,0,1,0,1,1,1,1,0,1,1,1,0,0,1,0,1,0,1,0,1,0,0,0,1,1,0,1,0,1,1,0,0,1,0,0,0,0,0,0,0,1,1,0,1,0,1,1,1,1,0,0,0,0,0,0,1,0,1,0,0,1,1,0,0.0,-246.3636587287645,1
0,0,1,0,0,0,1,1,0,0,0,0,0,1,1,0,0,0,0,0,1,1,0,1,1,1,1,1,0,0,1,1,0,1,1,0,0,1,1,1,1,0,1,0,1,1,1,1,0,1,0,1,1,1,0,1,1,0,0,0,1,1,1,0,0.0,-246.36339301924397,1
1,1,1,1,1,1,1,1,0,1,1,0,1,0,0,0,0,1,1,0,0,1,0,0,0,0,1,1,0,0,0,0,1,1,0,0,1,0,1,0,0,1,1,1,1,0,0,0,0,1,1,0,0,1,0,1,0,0,0,0,1,0,1,0,0.0,-246.3629645028486,1
0,0,0,1,0,1,0,1,1,1,1,0,0,0,1,1,0,1,1,0,1,0,0,1,1,0,0,1,0,0,0,1,0,0,1,1,1,1,0,0,1,0,1,1,1,1,0,1,0,1,1,1,0,1,0,1,1,0,0,0,0,1,1,1,0.0,-246.36239024303939,1
0,1,1,1,1,1,1,1,0,1,0,1,1,0,0,1,0,0,0,0,1,0,0,0,0,0,1,1,0,0,0,1,0,0,1,0,0,1,0,0,1,1,1,1,1,1,1,1,1,1,0,1,0,1,1,0,1,1,1,0,0,1,0,0,0.0,-246.36184528226022,1
1,0,1,1,0,1,0,1,1,1,0,1,0,1,0,0,0,0,0,0,1,0,0,0,0,1,1,1,0,1,1,1,0,0,1,1,1,1,0,1,1,0,0,1,1,1,1,1,0,0,1,1,0,1,0,1,1,0,0,0,0,1,0,1,0.0,-246.36134536770243,1
0,0,0,1,1,1,1,1,1,0,1,0,1,1,1,0,1,0,1,0,1,1,0,1,1,0,0,1,0,1,0,1,0,1,1,0,0,1,0,0,1,0,1,1,1,0,0,0,0,0,0,0,1,1,1,1,1,1,0,0,0,1,1,0,0.0,-246.36114712929196,1
0,0,1,1,0,1,0,0,0,0,1,0,1,0,0,0,1,1,0,1,1,0,0,1,1,0,0,1,0,0,1,1,0,0,0,1,0,1,0,0,1,0,1,1,1,0,0,1,1,1,1,1,0,1,0,1,1,0,0,0,0,1,1,0,0.015625,-246.36051595664816,1
1,0,1,1,0,0,0,1,0,1,1,1,0,1,0,1,1,1,1,1,0,0,0,1,0,0,1,1,0,0,1,1,0,1,1,0,1,1,0,0,1,1,1,1,1,1,0,0,1,0,0,0,0,0,0,1,1,0,1,0,0,1,1,0,0.0,-246.36011888095175,1
1,0,1,1,1,0,1,0,0,1,0,0,0,0,1,0,1,1,1,0,1,1,0,1,1,0,1,1,0,0,0,0,0,1,1,0,0,0,0,0,1,1,1,1,1,1,0,0,0,0,0,1,0,0,0,1,1,0,0,0,1,1,1,0,0.0,-246.36009553216098,1
0,0,1,1,1,1,1,0,1,1,0,0,0,0,0,0,0,1,0,0,1,1,0,0,1,0,0,1,0,1,0,1,0,1,0,1,1,1,0,0,1,1,1,1,1,0,0,0,0,1,0,1,1,1,0,1,1,0,0,0,0,1,0,0,0.0,-246.35968421849455,1
1,1,1,1,0,1,0,1,1,1,0,0,0,0,0,0,0,1,1,1,1,0,0,0,1,0,1,1,0,0,0,0,0,1,1,1,1,0,0,1,0,1,1,1,1,1,1,0,1,0,0,1,0,0,0,0,0,1,0,0,1,0,0,0,0.0,-246.35957908823448,1
1,1,1,1,0,1,1,0,1,0,1,0,1,0,1,1,0,0,1,0,0,1,0,0,1,0,0,1,0,0,1,1,0,1,0,1,1,0,1,0,1,1,1,1,1,1,0,0,0,1,0,0,0,1,0,0,0,0,0,0,1,0,0,0,0.015625,-246.35817986630403,1
0,0,1,1,1,0,0,1,1,1,0,0,1,1,1,1,1,0,0,1,1,0,1,0,0,0,1,1,0,0,0,1,1,0,1,1,0,1,0,0,0,0,1,1,1,0,0,1,0,0,0,1,0,1,1,1,1,0,1,1,1,0,1,0,0.0,-246.35811150378487,1
1,1,1,1,0,0,1,1,0,0,0,0,0,1,0,1,0,0,0,0,0,0,1,0,0,1,1,1,1,1,0,1,0,1,1,0,1,1,1,0,1,0,1,1,1,0,0,0,0,1,0,0,1,0,0,1,0,1,0,0,0,1,1,0,0.0,-246.35801967056992,1
1,0,1,1,0,1,0,0,0,0,0,0,0,0,0,1,0,1,0,1,1,0,1,0,1,0,1,1,1,1,1,1,0,1,0,1,1,0,0,1,0,1,1,1,1,1,0,0,1,0,0,1,0,1,0,1,1,0,0,1,1,1,1,0,0.015625,-246.35738027681407,1
1,1,1,1,1,1,1,0,0,0,0,0,1,0,0,0,0,0,1,0,0,1,1,0,0,0,1,1,0,1,0,0,1,1,1,0,0,0,1,0,1,1,1,1,1,0,0,0,0,1,0,1,0,1,1,1,0,0,0,0,0,0,1,1,0.015625,-246.35667073316066,1
0,0,1,1,0,0,1,1,0,0,1,1,0,0,1,0,0,0,1,0,1,0,0,0,0,0,1,1,1,0,0,0,0,0,0,1,0,1,0,0,0,1,1,1,1,1,0,1,0,1,1,1,0,1,0,0,1,1,0,0,1,1,1,1,0.0,-246.35651948943706,1
0,0,1,0,1,1,0,0,0,1,1,0,0,1,1,1,1,0,1,0,1,1,0,0,1,0,1,1,0,0,0,0,1,1,0,0,0,1,0,0,1,0,1,1,1,1,0,0,0,1,0,0,1,0,0,1,0,1,0,0,0,1,1,1,0.0,-246.3558979672809,1
1,0,0,1,0,1,1,0,0,0,1,1,1,0,1,0,0,0,1,0,1,1,0,0,0,0,1,1,1,1,1,1,0,0,1,1,0,0,0,0,0,0,1,1,1,0,0,0,1,1,1,1,0,0,1,1,0,0,0,0,0,1,1,0,0.0,-246.35566663145735,1
0,0,1,1,1,0,0,1,1,1,0,1,0,1,0,0,0,0,0,0,1,0,0,1,1,0,1,1,0,0,1,1,1,0,1,0,1,1,0,1,0,1,0,1,1,0,0,1,1,0,1,1,0,0,0,1,0,0,0,0,0,1,1,0,0.0,-246.35532923008347,1
0,0,1,0,1,1,1,0,0,1,1,0,0,0,0,0,0,0,1,0,0,1,0,0,1,0,0,1,1,0,1,0,1,0,1,1,1,0,1,1,0,1,1,1,1,1,0,0,0,0,1,1,0,1,0,0,1,0,0,0,1,1,1,0,0.03125,-246.35478018614904,1
1,1,0,0,1,1,1,0,0,0,1,0,0,0,0,0,0,0,1,0,1,1,0,0,1,0,1,1,0,1,1,0,0,0,0,1,1,1,0,1,1,0,1,1,1,0,1,1,1,0,0,1,0,1,1,1,1,0,0,0,0,0,0,0,0.0,-246.35456207692903,1
0,0,1,0,0,1,0,1,0,0,1,1,0,1,0,0,0,0,1,1,0,1,1,0,0,0,1,1,0,1,0,0,0,1,1,0,0,0,0,1,1,0,1,0,1,1,1,1,1,0,0,1,0,1,1,0,1,1,0,0,0,1,1,0,0.0,-246.35430924710235,1
1,1,1,1,1,0,1,1,0,1,0,0,0,0,0,0,0,1,0,1,1,0,0,1,0,0,1,1,1,0,1,1,1,0,0,1,0,1,0,0,1,1,1,1,1,0,0,0,0,1,0,0,0,1,0,1,0,1,0,0,0,1,0,0,0.0,-246.35345128138988,1
0,0,0,0,1,1,1,1,0,0,1,0,1,1,0,1,0,0,0,0,1,1,1,1,1,1,1,0,0,0,1,0,0,1,1,0,1,1,0,0,1,1,0,1,1,1,0,0,0,0,1,0,0,0,0,1,1,0,0,0,1,1,0,0,0.0,-246.35318096470266,1
0,1,1,1,0,1,1,1,0,1,1,0,0,1,1,0,1,0,1,0,1,1,0,0,1,0,1,1,1,0,0,0,1,1,0,0,1,0,0,0,1,1,1,0,1,0,1,1,0,1,0,0,0,1,1,1,0,0,0,0,1,1,1,0,0.015625,-246.3530265664283,1
1,0,0,1,0,1,1,1,0,1,0,1,0,1,0,0,0,1,0,0,0,1,1,0,0,0,0,1,0,1,1,1,1,0,1,1,1,0,0,1,1,1,1,0,1,0,0,1,0,1,0,1,1,0,0,1,0,0,0,0,0,0,1,0,0.0,-246.35290636441928,1
0,1,1,1,1,1,1,0,0,1,1,1,0,0,1,1,0,0,0,0,1,0,0,0,1,1,0,1,1,0,1,1,0,0,0,1,0,1,1,0,0,1,1,1,1,0,1,0,0,0,0,0,1,0,0,1,0,1,0,0,0,1,0,0,0.0,-246.35173454863636,1
0,0,0,1,1,1,0,1,0,0,0,1,1,0,1,0,0,0,1,0,1,1,0,0,1,0,1,1,0,0,0,1,0,1,1,1,0,1,0,0,1,1,1,1,1,0,0,1,0,1,0,1,0,1,0,1,0,1,0,0,1,0,0,0,0.0,-246.35155838715914,1
1,0,1,1,0,1,1,0,1,1,0,0,0,1,0,0,1,0,1,1,1,1,0,0,1,0,1,1,0,1,1,0,0,0,1,1,0,1,1,0,1,1,0,1,1,0,0,1,1,0,1,0,0,0,0,0,0,0,0,0,1,0,0,0,0.015625,-246.35128057538284,1
0,0,1,1,1,0,0,1,0,0,1,0,0,0,0,1,0,1,0,1,1,1,1,0,0,0,1,1,0,1,0,0,0,0,0,0,1,0,0,0,1,1,1,1,1,1,0,0,1,0,0,1,0,1,1,0,1,1,0,0,1,0,1,1,0.0,-246.3493499277215,1
0,0,1,0,1,1,1,1,0,0,0,0,1,0,0,1,1,0,1,0,1,1,1,0,1,0,1,1,0,0,0,0,0,1,0,1,1,0,0,1,1,1,1,0,1,0,0,1,0,0,0,1,0,0,0,1,1,0,0,0,1,1,1,0,0.0,-246.34901515413213,1
0,1,1,1,0,1,0,1,0,1,1,0,0,0,1,0,0,1,0,1,1,1,0,0,1,0,1,1,0,0,0,1,0,0,1,1,1,0,1,0,1,0,1,1,1,0,0,1,0,1,0,0,0,0,0,1,0,1,1,0,0,0,1,0,0.0,-246.34878936986402,1
0,1,1,1,1,0,1,1,0,1,1,1,1,0,0,1,0,0,1,1,1,0,0,0,1,0,0,0,0,0,1,1,0,0,1,1,0,0,0,1,0,0,1,1,1,1,1,1,0,0,1,0,0,1,0,1,1,0,0,0,0,0,0,0,0.0,-246.34870341413918,1
1,1,1,0,1,1,0,1,0,1,1,0,0,0,0,1,1,0,1,0,1,1,0,0,1,0,1,1,0,0,1,0,0,0,0,0,1,1,1,0,0,1,1,1,1,1,0,1,1,0,1,0,0,0,1,0,1,1,0,1,1,0,1,0,0.0,-246.34713271452614,1
1,1,1,0,0,0,0,1,0,1,1,1,1,0,1,1,0,0,1,0,1,0,0,0,0,0,1,1,1,1,1,1,0,1,0,1,0,1,0,1,1,0,1,0,1,1,0,0,0,1,0,1,0,0,1,1,1,0,0,0,1,1,1,0,0.015625,-246.3469704751064,1
0,1,1,0,1,1,0,1,0,1,0,0,1,0,1,1,0,1,1,1,0,1,0,1,1,0,0,0,0,1,1,1,0,0,1,1,0,0,1,0,1,0,1,0,1,1,1,1,1,0,0,1,0,1,0,1,1,0,0,0,0,1,1,0,0.0,-246.34519715420294,1
0,0,0,1,0,0,0,1,0,1,0,1,1,1,0,1,0,0,0,0,1,1,1,0,1,0,1,1,1,1,0,0,0,0,1,1,1,1,0,0,1,1,1,1,1,1,0,1,1,0,1,1,0,1,0,0,0,0,0,0,0,0,0,0,0.03125,-246.34487409832042,1
1,0,1,0,1,0,1,1,0,1,0,0,0,0,1,0,1,0,1,1,1,1,1,0,1,0,0,1,0,0,1,0,0,0,0,1,1,1,0,1,0,1,1,0,1,1,0,1,0,1,0,0,0,0,0,1,1,0,1,0,1,0,0,0,0.0,-246.34454934973877,1
1,1,1,1,1,1,0,1,0,1,0,0,0,0,1,0,1,0,1,1,1,0,0,0,0,0,1,1,0,1,0,1,1,0,1,1,0,0,1,1,0,1,1,1,1,0,0,1,0,1,0,0,0,1,1,1,1,1,0,0,1,0,0,0,0.0,-246.34430672448372,1
0,0,1,0,1,1,1,1,0,1,1,1,0,1,0,0,0,1,0,0,1,0,0,0,0,0,1,1,1,1,1,0,0,1,0,0,1,0,0,1,1,1,1,1,1,1,1,0,1,0,0,1,0,1,0,1,1,0,0,0,1,1,1,0,0.0,-246.34423755428543,1
0,0,1,0,0,0,0,1,0,1,1,1,1,1,0,0,1,0,1,1,1,0,0,1,1,1,1,1,1,0,1,1,0,1,1,0,0,1,0,1,1,1,1,1,1,0,1,0,1,1,0,0,0,0,0,1,0,1,0,0,0,1,0,0,0.015625,-246.34407236595308,1
0,0,1,0,1,0,1,1,0,1,1,0,1,0,0,1,0,1,0,0,1,0,0,0,1,0,1,1,0,1,1,1,0,1,1,0,1,1,0,0,0,0,1,1,1,0,0,0,1,1,0,1,0,0,0,0,1,1,0,1,1,0,0,0,0.015625,-246.34290045887948,1
0,1,1,1,0,0,0,0,1,1,1,0,1,0,0,1,0,0,0,1,1,1,0,0,1,0,1,0,0,0,1,0,0,0,1,1,0,1,0,0,1,1,1,1,1,1,0,1,0,1,1,1,0,0,1,0,1,0,0,0,0,0,1,0,0.0,-246.34245995002107,1
0,1,1,0,0,0,1,1,0,1,1,1,1,0,0,0,0,1,0,1,1,0,0,0,0,0,1,0,1,1,1,1,0,0,0,1,1,0,0,0,0,0,1,1,1,0,1,1,0,1,1,1,1,1,0,0,1,0,0,0,1,0,0,0,0.015625,-246.3396181781853,1
0,1,0,1,0,0,0,1,0,0,1,0,1,0,1,0,0,0,1,0,0,1,1,0,1,0,1,1,0,0,1,0,1,0,1,1,1,0,1,0,1,1,1,1,1,1,0,0,1,0,1,0,0,1,1,1,1,1,0,0,1,1,1,0,0.0,-246.33819475126018,1
1,0,0,0,0,0,0,1,0,1,0,0,0,0,1,0,0,1,1,0,1,1,0,0,1,1,0,1,0,0,1,1,0,1,0,1,0,0,0,0,1,0,1,1,1,0,1,0,1,0,1,1,0,1,1,1,1,1,0,0,0,1,1,0,0.0,-246.33780680905718,1
0,1,0,1,1,1,0,0,0,1,1,0,0,0,1,1,0,0,1,1,1,1,1,0,0,0,1,1,1,0,1,1,0,1,1,1,0,1,1,1,0,0,1,0,1,0,0,0,1,1,1,1,0,1,0,1,0,0,0,0,0,1,1,0,0.0,-246.33047357901444,1
0,1,1,1,1,0,1,1,0,1,1,0,1,0,0,0,0,0,1,0,1,1,0,0,0,0,1,1,0,1,1,0,0,1,1,0,0,0,1,1,0,1,0,1,1,1,0,0,0,1,0,1,0,0,0,1,0,1,0,0,0,1,1,0,0.0,-246.33043529095414,1
0,1,0,1,1,1,1,1,0,1,1,1,1,0,1,0,0,1,1,1,1,0,1,0,0,0,1,1,0,0,0,0,0,1,0,0,1,1,0,0,0,1,1,1,1,0,0,1,0,1,0,1,0,1,0,0,1,0,0,0,0,0,0,0,0.03125,-246.3287733555707,1
1,0,1,0,0,0,1,1,1,1,0,1,0,1,1,1,0,0,1,0,1,0,0,1,1,0,1,1,0,0,1,0,0,1,1,1,1,0,0,1,0,0,1,1,1,1,0,1,0,0,1,1,0,0,0,1,1,0,0,1,0,1,1,0,0.015625,-246.32617616223388,1
0,1,1,1,0,0,1,1,0,1,0,1,0,1,0,0,0,0,1,0,1,0,1,0,0,0,1,1,1,1,1,0,0,1,0,1,1,0,1,1,0,1,0,1,1,1,0,1,1,1,1,0,1,0,0,1,0,1,0,0,0,1,1,0,0.0,-246.31514149834038,1
0,1,0,1,1,1,1,1,1,0,0,1,0,0,0,1,1,0,1,0,1,1,0,0,0,1,1,0,0,0,0,1,1,1,1,0,0,1,0,1,0,0,0,0,1,1,0,0,0,0,0,0,0,0,0,1,1,0,0,1,1,1,1,0,0.015625,-245.23500129747168,1
0,0,1,1,0,1,1,0,0,1,0,0,0,1,0,1,1,1,0,0,1,1,0,0,0,1,1,0,1,0,1,1,1,0,1,1,1,1,0,1,1,0,1,1,0,1,1,1,1,1,0,0,0,1,1,0,0,0,0,1,1,1,0,0,0.0,-245.22059335980595,1
0,0,0,1,1,1,1,0,0,0,1,0,1,0,0,1,1,1,0,0,1,1,0,0,0,0,0,1,1,0,0,1,1,1,1,1,0,1,0,1,0,0,1,1,1,0,0,1,0,0,0,0,1,1,0,0,0,0,1,0,0,1,1,0,0.0,-245.21246033584953,1
1,1,0,1,1,1,1,1,1,0,1,1,1,0,0,0,1,1,0,0,0,0,0,0,1,0,1,0,0,0,0,1,1,0,0,1,0,1,0,0,1,0,1,0,1,1,0,0,1,1,0,1,0,0,0,0,1,0,0,0,0,0,1,1,0.015625,-245.2119614438554,1
1,0,0,1,0,1,0,1,0,0,0,1,0,0,0,0,0,1,1,0,1,0,0,1,0,1,1,0,0,0,1,1,0,1,1,1,0,0,1,0,1,1,1,0,0,1,1,0,1,0,1,0,0,0,1,0,1,0,0,0,1,1,1,0,0.0,-245.2109631991701,1
0,1,1,1,1,1,1,0,1,0,0,1,0,0,0,0,0,0,0,0,1,1,0,1,0,0,1,1,0,0,0,0,1,0,1,1,1,1,0,1,0,1,1,1,0,0,1,0,1,0,0,0,0,1,0,1,1,0,0,0,1,1,0,0,0.0,-245.2097360456944,1
0,0,1,1,1,0,0,1,0,1,0,1,0,0,0,0,0,0,0,0,1,1,0,0,0,0,1,1,0,0,0,1,1,0,1,1,0,1,1,1,1,0,0,1,1,1,0,1,0,1,0,0,0,0,0,1,1,0,0,0,1,1,1,1,0.0,-245.20968109100892,1
0,1,0,1,0,1,1,1,0,0,0,1,0,0,0,1,0,1,1,0,1,0,1,0,0,1,1,1,0,0,0,1,1,0,1,0,0,0,0,0,1,0,0,1,0,1,0,1,1,1,0,0,1,0,1,1,0,0,1,0,1,0,1,0,0.0,-245.208166945203,1
0,0,0,1,0,1,0,1,1,1,1,0,0,0,0,1,0,1,1,0,0,0,1,0,1,0,1,0,0,0,0,0,1,0,0,0,1,1,0,0,1,0,1,1,1,1,1,1,0,1,0,0,0,0,1,1,1,0,0,0,1,1,1,0,0.0,-245.20525747417278,1
0,0,0,0,0,1,0,0,0,1,1,1,1,0,0,0,0,1,1,0,1,1,0,0,0,1,0,1,0,0,0,1,0,0,0,1,1,1,0,1,0,0,1,1,1,1,0,1,0,0,0,1,0,1,0,1,1,0,0,0,1,1,1,1,0.0,-245.20484143895172,1
1,0,1,1,0,0,0,0,1,0,1,0,0,0,0,0,0,1,0,0,1,1,0,0,1,0,0,0,1,0,1,0,1,0,1,1,0,1,0,1,0,0,1,0,1,1,0,1,0,1,1,0,1,1,0,1,1,1,0,0,1,0,1,0,0.0,-245.20391954556982,1
0,0,1,0,1,0,0,0,1,1,0,1,1,0,0,1,0,1,1,0,1,1,0,1,0,0,1,0,1,0,0,1,0,0,1,1,1,1,0,0,0,0,1,1,1,0,0,0,1,1,0,1,0,0,0,1,0,0,0,0,1,0,1,1,0.0,-245.20350258382487,1
1,0,1,1,0,1,0,1,0,0,0,1,1,0,0,1,0,1,0,0,1,0,1,1,0,1,1,0,0,0,1,0,0,0,0,0,0,1,0,0,0,0,1,0,1,1,1,1,0,0,0,1,0,0,1,1,1,0,1,0,0,1,1,1,0.0,-245.20346418766667,1
0,0,1,0,0,1,1,1,0,0,0,0,1,0,0,1,1,1,1,0,0,1,1,1,0,0,1,0,0,1,1,1,1,1,0,1,0,1,0,1,0,0,1,0,1,1,0,0,1,0,0,0,0,1,0,1,0,0,0,0,1,0,0,1,0.0,-245.20252465491544,1
0,0,0,1,0,1,0,1,1,0,0,0,0,0,1,1,0,1,1,0,1,1,0,0,0,1,1,0,0,1,1,0,0,1,0,1,0,1,1,1,1,0,1,0,1,1,0,0,1,0,0,0,0,1,1,1,1,0,0,0,0,0,1,0,0.0,-245.20212296713848,1
0,0,1,1,1,0,1,1,1,1,1,1,0,0,0,0,0,1,0,0,1,1,0,0,1,1,1,1,1,0,0,0,1,1,0,1,0,1,0,1,0,0,1,0,1,0,1,1,0,1,0,1,0,1,0,0,1,1,0,0,1,1,1,1,0.0,-245.20174316868605,1
1,0,1,1,0,0,0,1,1,1,1,1,1,0,0,0,0,1,1,0,1,0,0,0,1,1,0,0,1,1,1,0,0,0,0,0,0,0,0,0,1,0,1,1,1,0,1,1,1,1,0,0,0,1,0,0,0,1,0,0,1,0,1,0,0.0,-245.20077629380978,1
0,0,1,1,1,1,0,1,1,1,0,0,0,0,0,0,0,0,0,0,1,0,0,0,1,1,1,1,0,1,0,0,0,1,1,1,1,0,0,0,0,0,1,1,1,1,0,0,1,1,0,0,1,1,0,0,0,0,0,0,1,1,1,1,0.0,-245.20007594830557,1
0,1,0,1,0,0,0,0,1,1,0,0,0,0,0,0,0,1,1,1,1,1,0,0,0,1,1,1,0,0,0,0,1,1,1,0,0,1,0,1,0,1,1,0,0,1,0,1,1,1,0,1,1,0,0,0,1,0,0,0,1,1,1,0,0.0,-245.19858851075386,1
0,0,1,1,0,1,0,1,1,0,1,0,0,1,0,0,0,1,1,0,1,0,0,0,0,0,0,1,0,0,0,1,0,1,1,1,0,1,1,0,1,0,1,1,1,1,0,1,0,1,0,0,0,1,0,1,0,0,0,0,1,1,1,0,0.0,-245.19743600223805,1
0,0,1,0,1,1,1,0,0,0,1,1,1,0,0,1,0,1,0,0,0,1,0,1,0,0,0,1,0,0,1,0,1,1,0,0,0,1,1,0,0,0,1,0,1,1,1,1,0,1,1,0,0,1,1,0,0,0,0,1,0,1,1,0,0.015625,-245.1974158712156,1
0,1,1,1,0,1,1,1,1,0,0,1,0,1,0,1,0,1,1,0,1,0,0,0,0,1,1,1,0,0,1,0,1,1,1,0,0,1,0,0,0,1,1,1,0,0,0,0,1,0,0,0,0,1,0,0,0,0,0,0,1,1,1,0,0.0,-245.19736302624412,1
1,0,1,1,1,1,0,1,0,0,0,0,0,0,0,0,1,0,0,0,1,1,0,0,0,1,0,1,0,0,1,0,1,1,1,1,1,1,1,1,1,0,0,1,1,0,0,0,0,1,0,0,0,0,0,1,1,0,0,0,1,1,1,0,0.0,-245.19623732585734,1
0,0,1,1,1,1,0,0,0,0,0,1,0,1,0,1,0,1,0,0,1,1,0,1,1,0,1,1,1,0,0,0,0,0,0,1,1,1,1,1,0,1,1,1,1,0,1,0,1,1,0,0,0,1,1,0,1,1,1,0,1,0,1,1,0.015625,-245.19619575079764,1
0,1,1,1,1,1,1,1,1,0,1,0,0,1,1,1,0,1,0,0,1,1,0,0,0,1,0,0,0,0,0,0,0,1,0,0,0,0,0,1,0,0,1,0,1,1,1,0,1,1,0,0,0,0,0,1,1,0,0,1,0,0,1,1,0.03125,-245.19526601433793,1
0,0,1,1,1,1,0,1,0,0,0,1,1,1,0,1,0,1,1,0,1,1,0,1,0,0,0,1,0,0,0,0,1,0,1,1,1,1,0,0,1,0,1,1,1,0,0,0,0,1,0,0,0,1,0,1,0,0,0,0,1,0,1,0,0.0,-245.1949787510497,1
0,0,1,0,0,1,0,1,0,1,0,1,1,0,0,0,1,0,1,0,1,1,0,1,1,1,1,1,0,0,0,1,0,1,0,1,0,1,0,0,1,1,1,1,1,1,0,1,1,0,0,0,0,0,0,0,0,0,0,0,1,0,0,1,0.015625,-245.19414345207647,1
1,1,1,1,1,0,0,1,0,1,0,0,0,0,1,0,0,1,1,0,1,1,0,0,1,1,1,0,1,0,0,0,0,1,1,0,0,1,1,1,1,0,1,1,1,0,1,1,0,0,0,0,1,1,0,1,1,0,0,0,1,1,1,1,0.015625,-245.19375716096522,1
1,0,0,1,0,1,1,1,0,0,0,1,0,0,0,0,1,1,1,1,1,1,1,1,0,1,1,1,0,0,1,1,0,0,0,1,0,0,1,0,1,0,1,0,1,1,1,0,1,1,1,0,0,1,0,1,0,0,1,0,1,1,1,0,0.0,-245.1929689279313,1
1,0,0,1,0,0,1,1,0,0,1,0,0,0,1,0,1,1,1,0,1,1,0,0,0,0,1,1,1,0,1,0,1,1,1,0,1,0,1,0,0,0,1,1,1,1,0,0,1,0,0,0,0,1,0,0,0,0,0,0,1,1,1,0,0.0,-245.19294797098826,1
1,0,1,1,0,1,0,1,0,0,1,1,0,0,1,0,0,1,0,0,1,1,0,0,1,0,1,1,0,0,0,1,0,0,1,0,0,1,0,1,1,0,1,1,1,1,1,0,0,1,0,0,0,1,0,1,1,0,0,0,1,0,0,0,0.0,-245.19291548885448,1
0,0,1,1,0,1,0,1,0,1,1,0,0,1,0,1,0,0,0,0,1,1,0,1,0,0,1,1,0,0,0,0,0,0,0,0,1,1,1,1,1,0,0,1,1,1,1,0,1,1,0,0,0,1,0,0,1,0,1,0,0,1,0,1,0.015625,-245.19251514509637,1
0,0,1,1,0,1,0,1,0,1,1,0,0,0,1,0,1,1,1,0,1,1,0,0,1,0,1,1,1,1,0,1,1,1,0,0,0,1,1,1,0,0,1,0,1,1,1,1,0,0,0,0,0,1,1,0,1,1,0,0,1,1,1,0,0.0,-245.19250808525032,1
0,0,1,0,1,0,1,1,0,1,0,1,0,0,0,0,1,1,0,0,0,0,1,1,0,0,1,1,0,1,0,1,0,1,1,1,0,1,0,1,1,0,1,1,1,1,0,0,1,0,0,0,0,0,0,0,1,0,0,0,1,1,1,0,0.0,-245.1923861892844,1
0,0,1,0,1,0,1,0,1,0,0,1,0,0,0,0,0,1,1,1,1,1,0,1,0,0,1,1,0,0,0,1,0,1,1,1,0,1,1,1,0,1,1,0,1,0,0,0,0,1,0,0,0,0,1,1,1,0,0,0,1,1,0,0,0.0,-245.1909495103259,1
1,1,0,1,0,0,0,0,1,1,0,1,0,0,0,1,1,0,0,0,1,1,0,0,1,0,1,1,0,0,0,1,0,1,1,1,0,1,1,1,0,1,1,0,1,0,0,1,0,1,0,0,0,0,0,0,0,1,1,0,0,0,1,1,0.0,-245.19090953283794,1
0,1,1,1,0,0,1,0,1,1,0,1,0,0,0,0,0,0,0,0,1,1,0,1,0,0,1,1,0,1,1,0,0,1,0,1,0,1,0,0,0,0,1,0,1,1,1,0,0,1,0,0,0,1,1,1,1,0,1,1,0,1,0,0,0.0,-245.19020362987806,1
0,0,0,1,0,0,0,1,0,0,0,1,1,0,0,0,1,0,1,0,1,1,0,1,1,0,1,0,1,0,1,1,0,1,1,1,1,1,0,0,1,0,1,1,1,0,1,1,1,1,0,1,0,1,0,0,1,1,1,0,1,1,1,0,0.0,-245.19019916707373,1
0,0,0,1,1,1,1,0,1,1,1,0,0,0,1,1,0,1,1,0,1,1,0,0,0,0,0,1,1,0,0,0,1,0,0,1,0,1,0,1,0,0,0,0,0,1,0,0,1,1,1,0,1,0,0,1,1,1,0,0,1,1,0,0,0.0,-245.1901436460341,1
1,0,1,1,1,1,0,0,0,0,0,1,0,0,0,0,1,0,1,0,0,1,0,1,0,0,1,1,0,0,1,1,0,0,0,1,0,1,1,1,1,0,1,1,1,0,1,0,0,1,0,0,0,1,1,1,0,1,0,0,0,0,1,0,0.0,-245.18997484036723,1
0,0,1,1,0,0,1,1,0,1,1,0,0,0,1,1,1,1,1,0,1,0,0,1,1,1,1,1,0,0,0,0,0,0,0,1,1,1,0,1,1,0,1,1,1,0,0,1,1,1,0,0,0,1,1,1,0,0,1,0,1,1,1,0,0.0,-245.1881130463068,1
0,0,0,1,1,1,0,1,0,1,1,1,0,0,0,0,0,1,0,0,1,0,0,0,1,0,0,1,0,1,0,1,1,1,0,1,1,1,1,0,1,0,0,1,1,1,1,1,0,1,1,0,0,1,0,1,1,0,1,0,1,1,1,1,0.0,-245.18804215578666,1
0,0,1,1,0,0,0,1,1,0,0,1,1,0,0,0,1,1,1,0,1,1,0,0,1,0,1,1,0,0,0,0,1,0,0,0,1,1,0,0,1,0,1,1,1,1,1,0,0,1,0,1,0,0,0,1,1,0,0,0,1,1,0,0,0.0,-245.18691750829265,1
0,1,0,1,0,0,1,1,0,0,0,0,1,0,0,0,1,0,0,0,0,0,1,0,1,0,0,1,0,0,0,1,1,1,0,0,1,1,0,1,1,0,1,1,1,1,0,1,1,0,0,1,0,1,1,0,0,0,1,0,1,1,1,0,0.0,-245.18650135808562,1
0,0,1,0,1,1,1,0,0,1,0,1,0,0,0,0,1,1,1,0,1,0,0,0,0,0,1,1,0,0,1,0,1,0,0,1,0,1,0,1,1,0,1,1,1,0,1,0,1,1,0,0,0,0,1,1,1,0,0,0,0,1,1,0,0.0,-245.1858907647706,1
1,0,1,1,1,1,0,1,0,1,0,1,0,1,0,0,0,0,0,0,1,0,1,0,0,0,0,0,1,0,1,0,1,0,1,1,0,1,0,0,1,0,1,1,1,1,1,0,1,0,0,0,0,0,0,1,1,1,0,0,1,1,0,0,0.0,-245.1857684139942,1
1,0,1,1,0,1,0,1,0,0,0,0,0,0,1,0,1,0,1,0,1,1,1,1,1,0,1,1,0,1,0,1,0,0,1,1,0,1,0,1,0,0,1,1,1,0,0,0,0,1,0,0,0,0,1,0,1,0,0,0,0,0,1,1,0.015625,-245.184986294187,1
0,0,1,1,1,1,0,0,1,0,0,0,1,0,0,0,0,1,1,1,1,1,0,0,1,1,1,1,0,0,0,0,0,0,0,1,0,0,1,0,1,0,0,0,1,0,0,0,1,1,1,0,0,0,0,1,1,1,1,0,1,1,1,0,0.0,-245.18492114310132,1
1,0,1,1,1,0,0,1,0,1,0,1,0,0,0,1,1,0,0,1,1,0,0,0,1,1,1,0,0,1,1,0,0,0,0,1,0,1,0,0,0,0,1,0,1,1,1,1,1,1,0,1,0,1,0,0,0,0,0,1,0,0,1,0,0.0,-245.18484764365706,1
1,0,0,0,1,1,1,1,0,1,1,0,1,0,0,0,0,1,1,1,0,1,0,0,1,1,0,1,1,0,1,1,0,1,1,1,1,1,0,0,0,0,1,1,0,1,0,0,0,1,0,0,0,0,0,0,0,0,1,0,0,0,1,0,0.0,-245.1844906157099,1
0,0,1,1,1,1,1,1,0,1,1,1,0,0,0,0,0,1,1,1,1,0,0,0,1,1,0,1,1,0,0,1,1,0,1,1,0,1,0,1,1,1,0,1,1,0,1,1,0,1,0,0,0,1,0,1,1,0,0,0,1,0,1,0,0.0,-245.18415331028962,1
0,0,0,1,0,0,0,1,0,0,0,0,0,0,1,0,1,1,0,0,1,0,0,0,1,1,1,0,0,1,1,0,1,0,1,0,1,1,0,0,1,1,1,1,1,1,1,1,0,1,0,0,0,0,0,1,1,0,0,0,1,1,1,0,0.0,-245.18410886873826,1
0,0,1,1,0,1,1,0,0,0,0,0,0,0,1,1,0,1,1,0,1,0,0,0,1,0,0,1,0,1,0,1,0,0,1,1,1,1,0,0,1,0,0,1,1,1,0,0,0,1,0,0,0,0,0,1,1,0,1,0,1,1,1,1,0.0,-245.1836650586277,1
0,0,0,1,1,0,1,1,0,1,1,0,0,1,0,0,0,0,0,0,1,1,0,0,1,0,0,1,1,0,0,0,1,0,1,0,1,1,1,0,1,0,1,0,1,1,0,0,1,1,1,0,0,1,0,1,0,0,1,0,1,0,1,0,0.0,-245.18263017953453,1
1,0,1,1,0,0,1,1,1,0,1,0,0,0,1,0,0,1,1,0,0,1,0,0,0,0,1,1,0,1,1,0,0,0,1,0,0,1,1,1,0,0,1,1,1,0,1,0,0,1,0,0,0,1,1,1,0,0,0,0,1,1,0,0,0.0,-245.18243528751634,1
0,0,1,1,0,0,0,1,1,1,1,1,0,1,1,0,0,0,0,0,1,1,0,1,1,1,0,1,1,1,0,0,1,1,0,0,0,1,0,1,0,0,1,1,1,1,0,0,1,1,0,1,1,1,0,1,1,0,0,0,0,1,1,1,0.0,-245.18242013551202,1
0,0,1,1,1,0,0,1,0,1,1,1,0,0,0,1,0,0,0,0,1,1,1,0,1,0,0,1,0,0,1,1,1,0,1,1,0,1,0,1,0,1,0,0,0,0,1,0,0,1,0,0,0,1,1,1,1,0,0,0,0,1,1,0,0.0,-245.18231047103725,1
0,1,0,1,0,1,1,1,0,0,0,1,0,0,1,1,1,1,1,0,1,1,0,0,1,1,0,1,0,0,0,1,1,1,1,1,0,0,0,1,1,0,1,1,1,1,0,1,0,0,0,0,0,0,0,1,0,0,0,0,0,0,0,0,0.03125,-245.18173898722785,1
0,0,0,0,1,1,1,0,0,1,1,0,0,1,0,1,0,1,1,0,0,1,1,0,1,0,1,1,0,0,0,1,1,0,1,0,0,1,0,0,0,0,0,1,1,1,0,0,0,1,0,0,0,0,1,1,0,1,1,0,1,1,1,0,0.0,-245.1817078711822,1
1,1,0,1,1,1,0,0,1,0,0,0,0,1,1,0,0,1,1,0,1,1,0,0,0,1,1,1,0,0,1,0,0,0,1,1,0,1,0,1,1,0,1,1,0,1,0,0,1,0,1,0,0,1,0,0,1,0,0,0,0,0,0,1,0.0,-245.18115715161522,1
1,1,1,1,0,0,0,1,0,1,1,1,1,0,0,0,0,0,1,0,1,0,0,1,0,0,0,1,0,1,0,1,0,0,1,0,0,0,1,0,1,0,1,1,1,1,0,0,1,0,0,0,0,1,0,1,0,1,1,0,0,1,0,1,0.0,-245.18075563817862,1
1,0,1,1,1,1,0,0,1,0,1,0,1,0,0,1,1,0,1,0,1,1,0,0,1,1,0,1,1,0,1,1,0,1,0,0,1,1,1,0,1,1,1,0,1,0,0,0,1,1,0,0,1,1,0,1,1,0,0,0,1,1,0,0,0.0,-245.18062245654767,1
0,1,1,0,0,0,1,1,0,1,0,1,1,0,0,0,0,1,1,0,1,1,0,0,0,0,1,1,0,1,0,0,0,0,1,1,0,1,0,0,1,0,1,0,0,1,1,1,0,1,0,1,0,0,0,1,0,0,1,0,1,1,0,1,0.0,-245.1803495783527,1
0,1,1,1,1,1,0,0,1,1,1,1,0,0,1,1,0,0,0,0,1,0,0,0,1,0,1,0,0,1,1,1,0,1,0,1,0,1,0,1,0,0,1,1,0,0,0,0,1,0,0,0,0,1,1,0,1,0,0,1,0,1,0,0,0.03125,-245.18025989193242,1
0,1,0,0,0,1,1,1,0,1,0,1,1,0,0,0,0,1,0,0,0,1,0,0,1,0,1,1,0,1,0,1,0,1,1,0,0,1,0,0,0,1,1,0,1,1,1,1,1,0,0,0,0,1,0,0,1,1,0,0,0,1,1,0,0.0,-245.18004121049358,1
0,0,0,1,0,0,1,1,1,1,1,0,0,0,0,0,1,1,0,1,1,1,0,1,0,1,1,1,1,1,0,1,1,1,1,0,0,0,0,0,1,1,1,0,1,1,0,1,0,1,0,1,1,1,0,0,1,0,0,0,1,1,1,0,0.0,-245.1799470175951,1
0,1,1,1,0,1,1,1,0,1,0,1,0,0,0,0,0,0,1,0,1,1,0,1,1,0,1,1,1,0,0,1,0,1,0,1,1,0,0,0,0,0,1,1,1,1,0,0,1,1,0,0,0,1,0,1,0,0,0,0,0,0,1,0,0.0,-245.17992584396058,1
0,0,0,1,1,1,0,1,1,0,0,1,1,0,0,1,0,0,1,0,1,1,0,0,1,0,1,1,0,0,1,1,1,0,0,0,0,1,0,0,0,0,1,1,1,0,0,1,0,0,0,1,0,1,0,1,1,0,0,1,0,1,1,0,0.0,-245.1798786683319,1
0,0,1,0,0,1,0,1,0,0,0,0,0,0,1,0,1,1,0,0,0,1,0,0,1,1,1,1,0,0,1,1,1,1,1,1,1,1,1,1,1,0,1,1,1,1,0,0,1,1,1,0,0,1,0,0,1,0,1,0,0,1,1,1,0.0,-245.179657228821,1
0,1,1,1,0,1,0,0,0,0,1,1,1,0,0,1,1,0,0,0,0,1,0,0,0,0,1,1,1,1,0,0,1,0,1,0,0,0,0,1,0,0,1,1,1,1,1,1,0,1,0,1,0,0,0,1,1,0,0,0,1,0,0,1,0.015625,-245.17934166566044,1
0,0,1,1,1,1,0,0,0,0,0,1,0,0,0,0,0,0,1,1,1,1,0,0,0,1,1,0,0,0,1,1,0,1,1,1,0,0,0,1,0,1,0,1,1,0,0,1,1,1,1,0,0,1,0,1,0,0,0,0,1,1,0,1,0.0,-245.17900521809761,1
0,0,0,1,1,0,1,1,1,1,1,0,0,0,1,0,1,1,0,0,1,0,0,1,0,0,0,1,0,0,0,0,1,0,0,1,1,1,0,0,1,0,0,1,1,1,1,0,0,1,0,0,0,1,1,1,1,1,0,0,0,1,0,0,0.0,-245.17875168763703,1
1,0,1,1,1,1,0,1,0,0,1,0,1,1,0,1,0,0,0,0,1,1,0,0,0,0,0,1,0,1,1,1,0,0,1,0,0,1,1,1,0,0,1,1,1,1,0,0,0,1,0,0,0,0,0,0,1,0,1,1,0,0,0,1,0.0,-245.17825981089157,1
0,1,1,1,1,1,0,1,0,1,1,1,0,0,0,1,0,0,1,0,1,1,0,0,1,1,1,1,0,1,1,1,1,1,0,1,1,1,1,1,0,0,1,1,1,1,0,0,1,1,0,0,0,0,0,1,0,0,0,0,0,0,1,0,0.0,-245.1780715600321,1
1,0,1,1,1,1,0,1,0,1,1,0,0,0,1,0,0,1,0,0,1,1,0,0,0,0,1,1,0,0,0,0,0,1,1,1,0,0,0,0,0,0,1,0,1,1,0,0,1,1,0,1,1,0,0,1,0,0,0,0,1,1,1,1,0.0,-245.17803209727742,1
0,0,1,1,1,0,0,1,0,0,1,1,0,0,0,0,0,0,0,1,1,1,1,0,1,0,0,0,0,1,1,1,0,0,0,0,1,1,1,0,0,0,1,1,1,1,0,1,1,1,0,0,0,0,1,1,0,1,0,0,1,1,0,0,0.0,-245.1776073482003,1
0,0,1,0,1,1,0,0,0,1,0,1,0,1,0,0,1,1,1,0,1,0,1,1,1,1,1,1,0,0,0,0,1,0,1,0,0,1,1,0,1,0,1,1,1,0,1,1,1,1,1,0,0,0,0,0,1,1,0,1,0,1,1,1,0.0,-245.17737351153897,1
1,1,0,1,1,1,0,1,0,1,1,1,1,0,0,0,0,1,1,0,1,0,0,1,0,0,1,0,1,0,1,1,0,1,0,1,0,0,0,0,1,0,1,1,0,1,0,0,0,1,1,0,0,0,0,1,0,0,0,0,0,0,1,1,0.0,-245.1764910074629,1
0,0,0,0,1,0,0,1,0,1,1,0,0,0,0,0,1,0,1,1,1,1,1,0,0,1,1,1,0,0,0,1,0,0,1,1,0,1,0,0,0,0,0,1,1,0,0,1,1,1,0,0,0,1,0,1,1,1,1,0,0,1,1,0,0.0,-245.17620937960683,1
0,0,1,1,1,1,1,0,0,1,0,0,0,0,0,1,0,0,1,0,1,1,0,0,1,0,1,1,0,0,0,1,1,0,1,1,1,0,1,0,1,1,0,1,1,1,1,1,1,1,0,0,1,1,0,0,1,1,0,0,1,1,1,0,0.015625,-245.17599265973269,1
0,0,1,1,1,1,1,1,0,0,1,0,0,0,0,0,0,0,0,0,1,1,0,0,1,0,0,1,0,0,1,1,1,1,1,1,0,0,0,1,0,0,1,1,1,0,0,0,0,1,0,0,0,1,1,1,0,1,0,0,1,0,1,1,0.0,-245.17592832361174,1
1,1,1,1,1,1,0,1,0,1,0,0,0,0,0,1,0,0,1,0,1,0,0,0,0,1,1,0,1,0,1,1,1,1,0,1,1,1,1,1,1,0,1,1,1,1,0,0,0,1,0,0,1,1,0,1,0,1,1,0,0,0,1,0,0.0,-245.1758583351076,1
0,1,1,0,0,1,0,1,0,0,0,1,1,0,0,0,1,1,1,0,1,0,0,0,1,0,1,0,0,0,1,0,0,0,1,0,0,0,0,0,0,1,0,1,0,1,1,1,0,1,0,1,1,0,1,1,0,0,1,0,1,1,1,1,0.0,-245.17540846824838,1
0,0,0,1,0,1,0,1,1,0,0,0,0,1,0,1,1,0,1,0,1,1,0,0,0,1,0,1,0,1,0,0,1,0,1,1,1,0,1,0,1,0,1,1,1,1,0,1,1,1,0,1,0,0,1,0,1,0,0,0,0,0,0,0,0.0,-245.17489993770826,1
1,1,1,1,1,0,1,1,1,1,0,0,0,0,1,1,1,1,1,0,0,1,0,0,0,1,0,1,0,0,1,0,0,1,0,0,0,1,0,0,0,0,1,1,1,1,1,0,0,1,0,0,0,0,1,0,1,0,0,0,0,1,0,0,0.0,-245.17445833247712,1
0,0,1,1,1,1,0,1,1,0,1,0,0,0,1,0,0,0,0,1,1,1,0,0,1,1,1,1,0,0,0,1,1,0,1,1,1,0,0,0,0,0,0,0,1,1,0,1,0,1,0,1,1,0,0,0,1,0,0,0,1,1,0,0,0.015625,-245.1742443456807,1
1,0,1,1,0,0,1,1,0,0,0,0,0,1,0,0,0,1,0,0,1,1,0,0,1,0,1,0,1,1,0,1,0,1,1,0,1,0,0,1,0,0,1,1,1,0,1,1,0,1,0,0,0,0,1,1,1,1,0,0,0,0,1,0,0.0,-245.1737934413729,1
0,0,0,1,0,1,1,1,0,0,1,0,0,0,1,0,0,1,1,0,1,0,0,1,1,0,1,0,1,0,1,1,1,0,0,0,1,0,0,0,1,1,1,1,1,0,1,1,1,0,0,0,0,0,0,1,1,0,0,0,1,0,1,0,0.0,-245.17370000024266,1
0,0,1,1,0,1,1,0,0,0,1,0,1,0,0,1,0,0,1,0,1,1,0,0,0,0,1,1,0,1,0,1,0,1,0,1,0,1,0,0,0,0,1,1,1,1,0,0,1,0,1,0,0,0,0,1,1,1,0,0,1,1,1,0,0.015625,-245.173506016959,1
0,0,0,1,1,1,0,1,0,1,0,0,0,0,0,0,0,0,1,0,1,0,0,0,0,1,1,1,1,0,1,1,1,1,0,1,1,0,1,1,0,0,1,0,1,0,1,0,1,0,0,1,0,0,1,1,1,0,0,0,0,1,1,0,0.0,-245.1732557412617,1
0,0,1,1,1,1,0,1,0,0,1,0,0,0,1,0,1,0,1,0,1,0,0,1,1,0,1,1,0,0,1,1,0,1,1,1,0,1,0,0,0,0,1,1,0,1,0,1,0,1,0,0,0,1,0,0,1,0,0,1,1,0,0,0,0.0,-245.17319727595242,1
0,1,0,1,0,0,0,1,1,0,1,0,0,0,1,0,1,1,1,0,1,1,0,0,1,0,0,1,0,0,0,0,1,0,1,0,1,0,1,0,0,1,1,1,1,1,1,1,0,0,1,0,0,0,1,0,0,0,1,0,0,1,1,0,0.0,-245.17294640516369,1
0,0,0,1,0,1,1,1,0,0,0,0,0,0,0,0,0,0,1,0,1,1,0,1,1,0,1,1,0,0,1,1,0,0,1,1,0,1,0,0,0,1,1,1,1,1,0,1,0,1,0,1,0,1,0,1,0,0,1,0,1,0,1,0,0.0,-245.17287821584694,1
1,0,1,0,1,0,0,1,0,1,1,1,1,0,0,0,0,0,1,0,1,1,0,1,1,0,0,1,0,1,1,1,0,1,1,1,0,1,0,0,1,0,1,1,1,1,1,1,1,0,1,0,0,1,0,0,1,0,0,0,1,1,1,0,0.0,-245.17274776043269,1
0,0,1,1,0,1,1,1,1,1,1,1,1,1,0,0,1,1,1,0,1,1,0,0,0,0,1,1,0,1,0,0,0,0,1,1,1,1,0,1,0,0,0,1,1,1,0,1,0,1,0,1,0,0,0,1,0,1,0,1,1,0,1,0,0.0,-245.17248164393044,1
0,0,1,1,0,1,0,1,1,1,0,1,1,0,0,1,0,1,1,1,1,0,0,0,1,0,1,1,1,0,1,0,1,0,0,1,0,0,0,1,0,0,1,0,1,1,0,1,0,0,0,1,0,0,0,0,1,0,1,0,0,0,1,0,0.015625,-245.17243666499593,1
0,0,0,1,0,1,1,1,1,1,0,0,1,0,1,0,0,1,0,1,0,1,0,1,1,1,1,0,0,0,0,0,0,1,1,1,0,0,0,0,1,0,1,1,1,1,0,0,0,0,0,1,0,1,1,1,0,0,0,0,0,0,1,1,0.0,-245.17235253656548,1
0,1,1,1,1,0,0,1,0,0,1,1,1,0,0,1,0,0,1,0,1,1,0,0,0,0,1,1,0,0,0,0,0,0,1,1,1,0,0,1,0,0,1,1,1,1,0,1,0,0,0,0,0,1,1,1,1,1,0,0,0,0,1,0,0.0,-245.1713936451805,1
1,0,0,0,0,1,0,1,1,1,0,0,0,0,0,1,0,0,1,0,1,0,0,0,1,0,1,1,0,1,0,0,0,1,1,1,0,0,1,0,0,1,0,1,1,1,1,1,0,1,0,0,0,0,1,1,1,0,0,0,0,1,1,1,0.0,-245.17084522354895,1
1,0,1,1,1,1,0,1,1,1,1,0,0,0,0,1,1,1,1,0,1,1,0,1,0,0,1,1,0,1,0,0,0,1,1,0,0,0,1,0,0,1,1,1,1,1,0,0,1,1,0,0,0,0,0,1,1,1,0,1,1,1,0,0,0.0,-245.17056340249434,1
0,0,1,0,1,1,0,1,0,1,0,1,0,0,0,0,0,1,0,0,1,1,0,0,1,1,0,1,1,0,1,0,1,0,0,0,0,1,0,0,0,1,0,1,1,1,0,1,0,1,1,1,0,1,1,0,0,0,1,0,1,0,1,0,0.015625,-245.17023604526605,1
0,0,1,1,1,0,0,1,1,0,1,1,0,0,1,0,0,1,0,0,1,1,0,1,0,0,1,1,0,1,0,0,0,1,0,0,1,0,0,1,1,0,1,1,1,1,1,0,0,0,0,1,0,1,0,1,0,0,0,0,1,0,0,1,0.0,-245.16986662147127,1
0,0,0,1,1,1,1,1,1,0,1,1,0,0,0,0,1,0,0,1,1,1,0,0,1,0,0,1,0,0,1,0,0,0,0,1,0,1,0,0,0,0,1,1,1,0,0,1,0,1,1,0,0,1,0,1,1,0,0,1,1,1,0,0,0.0,-245.16957971048967,1
0,0,1,1,0,0,0,0,0,1,0,0,1,1,0,1,1,1,1,0,1,1,0,1,0,0,1,1,0,0,0,1,0,0,1,0,0,0,0,0,0,0,1,1,1,1,0,1,1,1,0,1,1,1,1,1,0,0,0,0,0,0,1,0,0.03125,-245.16931889789018,1
1,0,0,1,1,1,1,1,0,1,0,0,1,0,0,0,0,0,1,0,1,0,0,0,1,1,1,1,1,0,0,1,0,0,0,1,1,1,0,1,0,1,1,1,1,1,0,1,1,1,0,1,0,1,0,1,1,1,0,1,1,0,0,0,0.0,-245.16924282322196,1
0,0,1,1,1,0,1,1,0,0,1,0,0,0,1,0,0,1,1,0,1,0,1,0,1,0,0,0,1,1,0,0,1,1,1,1,1,1,0,0,0,1,0,1,1,1,0,1,1,1,0,1,1,0,0,1,1,0,0,0,1,1,1,1,0.0,-245.16889438871186,1
0,0,1,1,1,1,1,1,1,0,0,1,1,1,0,0,0,0,0,1,1,1,1,0,0,1,1,0,0,0,0,1,0,1,0,1,0,0,0,0,1,0,0,1,1,1,0,0,0,1,0,1,0,1,0,1,1,0,0,0,0,0,1,0,0.0,-245.1679340104024,1
0,1,0,0,0,1,0,0,1,0,1,1,1,0,0,0,0,0,1,0,0,0,0,0,1,0,1,0,1,1,1,0,0,0,1,1,0,1,0,0,1,0,1,1,1,0,0,0,1,1,0,1,1,1,0,1,1,1,0,0,1,1,0,0,0.0,-245.16785972729346,1
0,0,1,1,1,1,0,0,0,1,0,0,1,0,0,1,0,0,0,1,1,1,0,0,1,0,1,1,0,0,0,1,1,1,0,1,0,1,0,0,0,0,1,1,1,0,0,1,0,0,0,1,0,1,1,0,1,0,0,0,0,1,1,1,0.0,-245.16783052346977,1
0,0,1,1,1,0,0,1,0,1,0,1,1,0,0,0,0,1,1,0,1,1,0,0,0,0,1,0,1,0,1,1,0,0,0,1,0,1,0,1,0,0,1,1,1,0,0,1,0,1,1,1,0,0,0,1,1,0,0,0,0,1,1,0,0.0,-245.16768712395373,1
1,1,0,0,0,1,0,1,0,1,0,0,1,0,0,1,1,1,1,1,1,0,0,0,1,0,1,0,0,0,1,1,0,1,0,1,0,0,0,1,0,0,0,1,1,1,0,1,0,1,0,0,0,1,0,1,1,0,0,0,0,1,1,0,0.015625,-245.16752979196403,1
0,1,0,0,1,1,0,1,0,1,0,1,1,0,1,1,0,1,0,1,1,0,0,1,0,1,0,1,0,0,0,1,0,1,1,1,0,1,0,1,0,0,1,1,1,1,0,0,1,1,0,1,1,1,0,1,1,0,0,1,0,1,1,0,0.0,-245.16742012391188,1
0,0,1,1,1,0,0,1,0,1,1,1,1,1,0,0,0,1,1,0,1,1,1,0,1,0,0,1,1,1,1,1,0,1,0,0,0,0,1,1,0,0,1,1,1,1,1,1,1,1,0,0,0,0,1,0,1,0,1,0,0,1,0,0,0.015625,-245.16675437373976,1
1,0,1,1,0,0,1,1,0,0,1,0,0,0,0,0,1,0,0,1,1,1,1,0,1,1,1,0,0,0,0,0,1,1,0,1,0,0,0,0,1,0,1,1,1,0,0,1,1,0,0,1,1,1,0,0,1,1,0,0,1,0,0,0,0.0,-245.16671315345172,1
0,0,1,1,1,0,0,1,0,0,1,0,1,1,1,0,0,1,0,0,1,0,1,1,0,0,1,1,0,0,1,0,0,0,1,0,0,1,1,0,0,0,0,1,1,1,0,1,0,1,0,0,0,0,1,0,1,1,0,0,1,1,1,0,0.0,-245.1661925193057,1
0,0,1,1,1,0,0,1,1,1,1,1,0,0,1,0,0,0,1,0,1,1,1,1,0,1,0,1,0,0,1,1,0,0,0,1,0,1,0,0,0,1,1,1,0,0,0,0,0,1,0,1,0,1,0,1,0,0,0,0,1,1,0,0,0.0,-245.16608431984397,1
0,0,1,1,1,0,0,1,0,1,0,0,1,0,0,0,1,1,1,1,1,0,0,1,0,0,1,0,1,1,1,0,0,0,1,0,0,1,0,0,1,1,1,0,1,1,0,0,0,0,0,1,0,0,0,1,0,0,1,0,1,1,1,0,0.0,-245.16605815668981,1
0,0,0,0,1,1,0,1,0,1,0,0,1,0,0,0,0,0,0,0,1,0,0,1,0,1,0,1,0,0,1,1,0,1,0,1,1,1,0,1,1,1,0,1,1,0,1,0,1,1,1,0,0,1,1,0,1,0,0,0,0,1,1,0,0.0,-245.16548672852153,1
0,0,1,0,1,1,0,1,0,0,1,0,1,0,0,1,1,0,1,1,1,0,0,0,0,0,1,0,0,0,0,0,1,1,1,0,1,1,0,0,1,0,1,1,1,1,1,1,0,1,0,1,0,1,0,0,1,0,0,0,0,0,1,0,0.0,-245.16470483874787,1
1,1,0,1,1,1,1,1,1,0,0,0,0,1,0,0,0,0,1,1,1,0,0,0,1,0,1,0,0,0,1,0,1,1,0,1,0,0,1,0,1,1,1,1,0,1,0,1,1,0,0,0,1,0,1,0,0,0,0,0,0,0,1,0,0.0,-245.1631211264768,1
0,0,1,1,0,1,0,1,1,0,1,0,1,0,0,1,1,0,0,0,1,1,1,0,0,1,1,1,0,0,1,1,0,1,1,1,0,1,0,0,0,0,1,1,1,1,0,1,0,1,0,1,1,1,0,1,1,1,0,0,1,1,0,0,0.0,-245.16234991679733,1
1,1,0,1,0,1,1,1,1,1,0,1,0,1,0,1,0,1,0,0,0,0,0,0,0,0,1,0,0,1,0,1,0,0,1,1,1,1,1,0,1,1,1,1,1,0,0,0,0,1,0,1,1,1,0,0,0,0,0,0,0,0,0,0,0.0,-245.16201085335712,1
1,0,1,1,1,1,1,1,0,0,0,0,1,0,0,1,0,0,1,0,1,1,0,0,0,0,1,1,0,0,1,1,0,0,0,1,1,0,0,0,1,0,1,1,1,0,0,1,0,1,0,0,1,1,0,1,0,0,1,0,0,0,1,0,0.0,-245.16150172283795,1
0,0,0,1,0,0,1,0,1,0,1,0,0,0,0,1,0,0,0,1,1,0,0,0,1,0,1,1,1,1,0,1,1,0,1,0,1,1,0,1,0,0,1,0,1,0,0,0,0,1,1,1,0,1,0,0,1,1,0,0,1,1,1,0,0.015625,-245.16124271642764,1
1,1,0,1,1,1,0,0,0,0,1,0,0,0,0,1,1,1,1,0,1,1,0,0,0,0,1,1,0,0,0,1,0,0,1,0,0,1,0,0,0,1,1,1,1,1,0,0,0,1,0,1,0,1,0,1,1,1,0,0,0,0,1,0,0.0,-245.16061174143545,1
0,0,1,1,0,0,0,1,0,0,1,0,1,1,1,0,1,0,1,0,1,1,0,0,1,1,0,0,0,0,1,0,0,0,1,1,1,0,0,0,1,0,1,0,1,1,1,0,0,1,0,1,0,1,0,1,1,0,1,0,1,0,0,0,0.0,-245.16058882763917,1
1,1,1,1,1,0,0,1,1,0,0,0,0,0,1,1,1,1,1,1,1,0,0,0,0,0,0,1,1,0,0,0,1,0,1,1,0,1,0,1,1,1,1,0,1,1,1,0,0,1,1,0,0,1,0,1,1,0,0,1,1,0,0,1,0.0,-245.15984828717228,1
0,1,1,0,1,0,1,1,1,1,1,0,0,0,0,0,0,1,0,0,1,0,0,0,0,0,1,0,0,0,0,1,0,0,1,1,1,0,0,0,0,1,0,0,1,1,0,1,1,1,1,1,0,1,0,0,1,1,1,0,1,1,0,0,0.0,-245.1595931345884,1
0,0,0,0,1,1,0,1,1,1,1,0,0,0,1,0,1,0,0,1,0,0,1,0,1,0,1,0,0,0,0,0,0,0,0,0,1,1,0,1,1,1,1,1,1,1,0,0,1,0,0,0,0,0,1,1,1,1,0,0,0,1,1,1,0.0,-245.15955130324286,1
1,0,1,0,1,1,0,1,1,1,0,1,1,1,0,1,0,0,0,0,1,1,0,1,0,0,1,1,1,0,1,0,0,0,1,0,1,1,0,0,1,0,1,1,1,1,1,1,0,0,0,1,0,1,1,1,1,0,0,0,0,0,1,1,0.0,-245.15931069540403,1
0,0,0,0,0,1,1,1,0,0,1,1,0,0,0,1,0,1,0,1,1,0,0,0,0,0,0,1,0,0,1,0,0,1,1,0,0,1,1,0,1,0,1,1,1,1,0,1,0,1,0,0,1,0,0,1,1,1,0,0,1,1,1,0,0.0,-245.15885524390006,1
1,0,1,1,0,0,0,1,1,1,0,1,1,0,1,1,1,0,1,0,1,0,0,0,0,1,1,1,0,0,1,1,0,1,0,1,1,0,0,0,1,0,1,1,1,0,0,1,1,1,0,0,0,1,0,1,1,1,0,0,0,1,1,1,0.015625,-245.15796321700287,1
0,0,0,1,0,1,1,1,0,0,1,0,0,0,0,0,1,1,0,0,1,0,1,0,0,0,1,1,0,0,0,1,0,1,0,1,1,0,0,1,1,0,1,0,1,1,0,1,0,1,0,1,0,1,0,1,1,1,0,1,0,1,0,0,0.0,-245.15777728991318,1
1,0,1,1,1,0,0,1,0,1,0,0,0,1,0,1,0,0,1,0,1,1,1,0,0,0,1,1,0,1,0,1,0,1,1,1,0,0,1,0,0,0,1,0,1,0,0,1,0,1,0,0,0,0,0,0,1,1,0,1,0,1,0,1,0.0,-245.15766775125883,1
1,0,0,0,1,1,0,1,0,0,1,0,1,0,0,0,0,1,1,0,1,1,0,0,0,0,1,0,0,1,1,1,0,0,1,1,1,1,0,0,1,1,1,1,1,0,0,0,0,0,0,1,0,1,0,1,1,0,0,0,0,1,0,1,0.0,-245.15759555488737,1
0,0,1,1,0,1,1,1,0,0,1,0,1,0,1,1,0,0,1,1,1,1,0,0,0,1,1,1,0,0,1,1,0,1,1,1,0,0,0,0,1,0,1,0,1,1,0,1,0,0,0,0,0,0,1,1,1,1,1,0,1,1,1,1,0.0,-245.15744778639402,1
0,0,0,1,0,1,0,1,0,0,1,0,1,0,1,0,1,1,0,0,1,1,0,0,1,1,1,1,0,1,0,0,1,0,0,0,1,0,1,0,1,1,1,0,1,1,0,0,0,1,1,0,1,0,0,0,0,1,0,0,0,1,1,0,0.0,-245.15715528101998,1
0,0,0,0,1,1,1,0,0,1,0,1,0,0,1,0,0,0,1,0,0,0,0,0,0,0,1,1,0,1,1,1,1,0,0,0,1,0,0,1,1,1,1,1,1,1,1,0,1,1,0,0,0,1,0,1,1,0,0,0,1,0,1,0,0.0,-245.15649421951832,1
0,0,0,1,0,0,0,0,0,1,1,1,0,1,1,0,0,1,1,1,1,0,1,0,0,0,1,1,0,1,0,1,0,0,1,1,1,1,1,0,0,0,1,1,1,1,1,1,1,1,1,0,0,1,0,1,1,0,0,0,1,1,1,0,0.0,-245.15616161201496,1
0,0,1,1,1,0,1,0,1,1,1,0,1,1,0,1,0,1,1,1,1,0,0,0,0,0,0,1,0,1,0,1,0,1,0,1,0,1,0,0,1,0,1,0,1,1,0,1,0,1,0,0,0,1,0,1,1,0,0,0,0,0,0,0,0.0,-245.15586929275952,1
1,1,0,0,0,1,1,0,1,0,1,0,0,1,0,0,1,0,1,0,0,1,0,0,0,0,1,1,0,0,1,1,0,0,1,1,1,1,0,1,0,1,1,0,1,0,0,0,1,1,1,0,0,0,0,1,0,1,0,0,0,1,1,0,0.015625,-245.15212231922922,1
1,0,1,1,1,1,1,0,0,0,1,1,1,0,0,1,0,1,1,0,1,1,1,0,1,0,0,1,0,0,1,1,0,0,1,0,1,0,0,1,0,1,1,0,0,0,0,0,0,0,0,1,1,0,0,1,1,0,0,0,0,1,0,0,0.0,-245.15177542868193,1
0,0,1,0,1,1,0,0,1,0,0,1,0,1,0,1,1,0,1,0,1,0,0,0,0,0,1,1,0,1,0,1,1,1,1,0,1,0,0,1,1,0,0,1,0,1,0,1,0,1,1,1,0,0,0,0,0,1,0,0,1,0,1,0,0.0,-245.15157711988616,1
1,1,1,1,1,1,1,1,0,0,0,0,1,1,1,0,0,1,0,1,1,1,0,0,1,0,1,1,0,0,1,1,0,1,1,1,0,1,0,0,0,0,1,1,1,1,1,1,1,1,0,0,0,0,0,1,0,0,0,0,1,0,1,0,0.0,-245.15058668984585,1
0,0,1,1,0,0,1,0,0,1,1,1,1,1,0,1,1,1,1,0,1,0,0,1,1,1,1,1,0,0,1,0,1,0,0,0,1,1,0,1,0,1,1,0,1,0,1,0,0,1,1,1,0,1,0,1,0,0,1,0,1,1,0,0,0.0,-245.1503994576978,1
0,0,0,1,1,1,1,1,0,0,1,1,0,0,0,0,0,1,1,0,1,0,0,0,1,1,1,1,1,1,1,0,0,0,0,1,0,0,0,1,0,0,0,1,1,0,0,0,0,1,1,1,0,0,1,0,1,1,0,1,1,0,0,0,0.0,-245.14900304752837,1
0,1,1,1,0,0,0,1,1,1,0,0,0,0,0,0,0,0,0,0,1,1,0,0,1,0,1,1,1,0,1,0,1,0,0,1,0,1,0,0,1,0,1,1,1,0,0,0,1,1,1,1,0,0,1,1,1,0,0,0,0,0,1,1,0.015625,-245.14884198717357,1
0,0,1,0,1,0,0,0,1,0,0,1,0,1,0,0,0,1,0,1,1,0,0,0,1,1,1,1,0,1,0,0,0,1,1,1,0,0,0,1,1,0,1,1,1,1,0,1,0,1,1,1,0,0,0,0,1,0,1,0,0,0,1,0,0.0,-245.1485043613196,1
0,0,1,0,1,0,0,0,0,0,0,0,1,1,1,1,0,0,0,0,1,0,1,1,1,0,1,0,0,1,0,1,0,0,0,0,1,0,1,0,0,0,1,1,1,1,1,0,0,1,1,0,1,1,0,1,1,0,1,0,0,0,1,1,0.015625,-245.1471224431047,1
0,0,1,0,1,0,1,1,0,0,1,0,1,1,0,1,1,1,0,0,1,0,0,0,0,0,1,0,0,0,1,0,1,1,1,0,1,1,0,0,0,0,0,1,1,0,0,0,1,0,1,1,1,1,1,0,1,0,0,0,0,1,1,0,0.0,-245.14617229706482,1
0,0,1,0,0,1,1,1,0,1,1,0,1,0,1,0,0,1,0,0,1,0,0,0,1,1,1,0,1,0,1,0,0,1,1,0,0,0,1,0,0,1,1,1,1,0,0,1,0,1,0,1,0,1,0,0,1,0,0,0,0,0,1,1,0.0,-245.14579903488018,1
0,0,1,1,0,0,0,1,0,1,1,1,0,0,0,0,0,0,0,0,0,1,0,0,1,0,1,1,1,0,1,0,0,1,1,1,0,0,0,1,1,0,0,1,1,0,0,1,1,1,0,1,0,1,0,1,1,1,0,0,0,1,0,1,0.0,-245.14575912237746,1
0,0,1,1,0,1,1,1,0,0,0,0,0,0,1,1,0,1,1,0,0,0,1,0,1,0,0,1,0,0,1,1,0,1,1,1,0,1,0,1,0,0,1,0,1,0,0,1,0,0,1,0,0,1,0,1,0,1,1,0,0,1,1,0,0.015625,-245.14563287350404,1
0,1,1,1,0,1,1,1,1,1,1,0,0,0,1,0,0,0,0,0,0,1,1,0,1,1,1,0,0,1,0,1,0,1,1,1,1,0,0,0,1,1,1,0,0,1,0,0,0,1,1,1,0,1,1,1,1,0,0,0,1,1,1,0,0.0,-245.14540334482217,1
1,1,1,1,1,0,1,1,0,0,0,1,0,0,1,0,0,0,1,0,1,0,0,1,0,1,1,1,0,1,1,1,0,0,0,1,1,0,0,0,0,0,0,1,1,0,0,1,0,0,1,1,1,0,0,0,0,0,1,0,0,1,1,0,0.0,-245.14436985846575,1
1,0,1,1,1,1,1,0,1,0,0,0,0,0,0,1,1,0,1,1,1,1,0,0,1,0,1,0,0,0,0,1,0,0,0,0,1,0,0,0,0,1,1,1,1,0,0,1,1,0,1,1,0,0,1,0,1,1,0,1,0,0,0,0,0.0,-245.14337457090502,1
0,0,1,0,1,0,0,1,1,0,1,0,0,1,1,1,0,0,1,0,1,1,0,0,0,0,1,1,0,0,1,1,0,0,0,1,1,1,0,1,1,0,1,0,1,0,0,1,0,0,0,0,0,1,1,1,1,1,0,0,0,1,0,0,0.0,-245.14288974236365,1
1,0,1,1,0,0,1,0,1,0,1,0,0,0,0,1,0,1,1,0,0,0,0,0,1,0,0,1,0,0,1,0,0,0,1,0,1,1,0,1,0,0,1,1,1,1,0,0,0,1,1,1,0,1,1,1,0,1,0,0,0,1,1,0,0.0,-245.14093411027827,1
1,0,1,1,0,1,0,0,1,1,0,1,0,0,1,0,1,0,0,0,1,1,0,0,1,0,0,1,0,1,1,0,1,0,0,1,0,1,0,0,1,0,1,1,1,0,0,0,0,0,1,1,1,1,1,1,1,0,0,0,0,0,0,0,0.015625,-245.140760116083,1
0,0,1,1,1,0,0,1,1,1,1,1,0,0,0,0,0,0,0,1,1,0,0,0,1,1,1,1,1,1,1,1,1,1,1,1,0,0,0,0,1,1,1,0,0,0,1,1,1,0,1,1,0,1,0,1,1,0,0,0,0,1,0,1,0.0,-245.13988767482329,1
0,0,1,1,1,1,1,1,0,0,0,0,1,1,0,0,1,0,1,1,0,1,0,0,1,1,1,1,0,1,1,1,0,1,0,1,0,1,0,1,1,0,1,0,1,1,0,1,1,1,1,0,0,0,0,1,0,1,1,0,0,1,0,0,0.0,-245.13945998184465,1
0,1,1,1,1,1,1,1,0,0,0,1,0,0,1,0,1,0,1,1,1,0,0,0,0,0,1,1,1,0,1,1,0,0,1,1,1,0,0,1,1,0,1,1,1,0,0,1,0,0,0,0,0,0,0,1,0,0,0,0,0,0,1,0,0.0,-245.1394346022931,1
0,1,1,1,0,1,1,1,1,0,0,0,1,0,0,0,0,0,1,1,0,1,0,0,0,0,1,0,1,0,1,0,1,1,1,1,1,0,0,1,1,1,0,1,1,1,1,1,1,0,1,1,0,1,0,1,0,1,0,0,0,1,1,0,0.0,-245.13916929519752,1
0,0,0,0,1,0,0,1,0,0,1,1,0,0,0,0,1,0,1,1,1,0,0,0,1,0,0,1,1,0,1,0,0,0,0,0,0,0,0,1,0,1,1,1,1,1,1,0,0,1,0,1,1,1,0,1,1,1,0,0,1,1,1,0,0.0,-245.13607921879776,1
1,0,1,1,0,0,1,1,1,1,0,0,0,0,0,0,0,0,1,1,1,0,0,1,0,0,1,1,1,0,1,1,0,1,1,0,1,0,0,0,0,0,1,1,1,0,0,1,1,0,1,0,0,0,0,1,1,1,0,0,0,1,0,0,0.0,-245.13584669662652,1
0,0,1,0,0,0,1,1,0,1,0,1,0,1,0,0,1,1,1,0,1,0,0,0,0,0,0,1,0,1,0,0,0,1,0,1,0,1,0,1,1,1,1,1,1,1,0,1,1,0,1,0,1,0,1,1,0,1,0,0,0,0,0,0,0.03125,-245.1356442906001,1
0,0,1,0,1,1,0,1,0,0,1,1,1,1,0,0,1,1,0,1,1,0,0,0,1,0,1,1,0,1,1,1,0,1,1,1,0,0,0,0,0,1,1,1,1,1,0,0,0,0,0,1,0,1,0,0,0,0,0,0,0,0,1,0,0.0,-245.1316641553814,1
0,0,0,0,1,1,1,1,0,1,1,0,1,1,1,0,0,1,0,0,0,1,0,0,0,1,0,1,0,1,1,0,0,0,1,0,0,1,0,0,0,1,1,1,1,1,0,1,0,1,1,0,0,0,0,1,1,0,1,0,0,1,0,0,0.0,-245.1313114962292,1
0,1,1,1,1,0,0,1,0,1,0,0,0,0,1,0,0,0,1,1,1,0,0,0,1,0,1,0,1,0,1,1,0,1,0,0,0,1,0,0,0,1,1,1,0,1,1,0,1,1,1,0,0,1,0,1,0,1,0,0,1,0,0,0,0.0,-245.12744814239204,1
1,0,1,1,0,1,0,1,0,1,1,0,0,0,0,0,0,1,0,0,0,1,0,1,0,1,1,0,1,1,0,1,0,0,1,0,0,1,0,1,1,1,1,1,1,1,0,1,0,0,0,0,0,0,1,0,0,0,0,0,0,1,0,1,0.0,-243.5229148123677,1
1,0,1,1,1,0,0,1,0,0,1,1,1,0,0,1,0,1,1,0,1,1,0,0,0,0,0,0,0,0,1,1,1,0,1,1,0,1,0,0,1,0,0,1,1,1,1,0,0,0,0,0,1,1,0,0,0,0,0,0,0,1,1,0,0.0,-243.5209305288283,1
0,0,1,0,1,1,0,1,0,0,0,1,0,0,0,0,0,1,1,1,1,0,0,0,0,0,1,1,0,0,0,1,1,0,1,0,0,1,1,1,0,0,0,1,1,1,0,1,1,1,0,0,0,1,0,1,0,0,0,0,1,1,1,0,0.015625,-243.51937975480448,1
1,1,1,1,1,0,0,1,1,1,0,1,1,0,0,0,0,1,0,0,1,0,1,1,1,0,0,0,0,0,0,0,0,0,1,0,0,1,1,0,0,0,1,0,1,0,0,0,1,1,1,0,0,0,0,1,0,0,1,0,1,1,1,0,0.0,-243.5193280929141,1
0,0,1,1,0,1,1,0,0,1,1,1,1,0,1,1,0,0,1,0,1,1,0,1,0,0,1,1,0,0,0,0,0,0,0,1,0,1,0,0,0,0,0,0,0,1,1,1,1,1,0,0,0,1,1,1,0,0,0,0,1,0,1,0,0.0,-243.5190506511422,1
1,0,1,1,0,1,1,1,0,0,0,0,0,0,1,0,0,0,0,0,1,1,0,0,1,0,0,0,0,1,1,0,1,0,1,1,0,1,0,0,0,0,1,0,1,1,0,0,1,1,0,0,0,1,1,0,0,1,1,0,1,1,1,0,0.0,-243.51798638549363,1
0,0,1,1,1,1,1,0,1,0,0,1,1,0,0,1,1,1,0,0,1,0,0,0,0,1,0,1,0,0,1,0,0,1,1,0,0,1,1,0,0,0,0,0,1,0,0,1,1,1,0,0,0,1,1,1,1,0,0,0,1,0,0,0,0.015625,-243.51743272805695,1
0,1,1,1,0,1,0,1,0,0,0,1,0,0,0,1,1,1,0,0,1,0,0,0,1,0,1,1,1,1,0,1,0,0,0,1,0,1,0,0,0,0,1,0,0,1,0,0,0,1,0,0,1,0,1,0,0,1,1,0,0,1,1,1,0.0,-243.5127076250839,1
1,0,0,0,0,1,0,0,0,0,1,1,1,0,0,0,0,0,1,0,1,1,0,0,1,0,1,1,1,1,0,0,0,1,0,0,0,1,1,1,0,0,1,1,1,1,0,0,0,1,0,0,1,0,0,1,0,0,1,0,1,0,1,1,0.0,-243.51267189274955,1
1,0,1,1,0,1,1,0,1,0,0,0,0,1,0,1,1,1,0,0,1,1,0,0,0,0,1,1,0,1,1,0,1,0,1,0,0,0,0,0,0,0,1,0,0,1,0,1,1,1,0,0,1,1,0,1,0,0,0,0,1,0,1,0,0.0,-243.51187726400468,1
0,0,1,1,1,0,0,0,1,0,1,1,0,0,0,1,0,0,0,1,1,0,0,0,1,0,1,0,0,0,0,1,1,0,1,1,0,1,1,0,0,1,1,1,1,0,1,1,1,1,0,0,0,0,0,0,1,0,0,0,0,1,0,1,0.0,-243.51023674703384,1
1,0,1,1,1,0,0,0,1,1,0,0,0,0,0,0,0,1,1,0,1,1,0,0,1,0,0,1,0,0,1,0,0,0,1,1,1,1,1,0,0,0,1,1,1,1,0,1,1,1,0,0,0,0,0,1,0,0,0,0,1,0,1,0,0.015625,-243.51007316738887,1
0,0,0,1,0,1,1,1,0,1,1,0,0,0,0,0,1,0,1,0,0,1,1,0,1,1,1,0,0,0,0,0,0,1,0,0,0,1,1,0,1,0,1,1,1,1,1,0,1,1,0,0,1,0,0,1,0,0,1,0,0,0,1,0,0.015625,-243.50866227570842,1
0,0,1,1,1,1,0,1,0,0,1,0,0,0,0,1,0,1,0,0,1,0,0,1,1,1,1,0,1,0,0,0,0,0,0,1,0,1,0,0,1,0,1,1,1,1,0,1,0,0,0,1,1,0,0,0,1,0,0,0,0,1,1,1,0.0,-243.50781620632478,1
1,0,1,1,1,0,0,0,1,0,0,0,0,1,0,0,0,1,0,0,1,1,0,0,0,1,1,1,0,1,1,0,0,0,1,0,0,1,0,0,0,0,0,0,1,0,0,1,1,1,0,0,0,1,1,1,1,1,0,1,1,0,1,0,0.03125,-243.50774420000894,1
0,0,0,1,1,1,0,0,0,0,1,1,1,1,0,1,0,1,0,0,0,1,1,1,0,0,0,1,0,0,1,1,0,0,1,1,1,0,0,1,0,0,1,0,1,0,0,1,0,1,0,0,0,1,1,0,0,0,0,0,1,1,1,0,0.0,-243.50771930536587,1
1,0,1,0,0,1,0,1,0,1,0,1,1,0,0,0,0,0,0,1,1,1,0,0,0,0,1,0,0,0,1,1,0,1,0,1,0,1,1,0,1,0,1,1,0,1,1,0,1,1,0,0,0,1,1,0,0,0,1,0,0,1,0,0,0.0,-243.506494744698,1
1,0,1,1,0,0,0,1,1,0,0,0,0,0,1,0,0,0,1,0,1,1,1,0,0,1,1,0,0,1,1,1,0,1,0,0,1,1,0,0,1,0,0,1,0,1,0,1,1,1,0,0,0,0,1,0,1,0,0,0,0,1,1,0,0.015625,-243.50631369804057,1
1,0,0,1,1,1,1,0,1,1,0,1,0,0,0,0,0,1,0,1,1,0,0,0,1,0,1,1,0,0,0,0,1,1,1,0,0,1,0,0,0,0,1,1,1,1,0,1,0,1,0,0,0,0,0,1,1,0,1,0,1,0,0,0,0.0,-243.50627179853296,1
0,0,0,1,1,0,1,0,1,1,1,1,1,0,0,0,0,0,0,0,1,1,0,1,0,1,0,1,1,1,1,0,0,0,1,0,0,0,0,0,1,1,1,0,1,1,0,0,1,0,0,0,0,0,1,1,1,0,0,0,1,0,1,0,0.015625,-243.50549088188933,1
0,0,0,1,0,0,0,0,1,0,1,0,0,0,0,1,0,1,1,0,1,1,0,1,1,0,0,1,0,0,1,1,1,0,1,1,0,1,1,0,1,0,1,1,1,1,0,1,0,1,0,0,0,0,0,1,1,0,0,0,0,1,0,0,0.015625,-243.50530363227844,1
0,0,0,0,0,1,1,1,0,0,0,1,1,0,0,1,1,1,1,0,1,1,0,0,1,0,0,0,1,0,1,1,0,1,0,0,0,1,0,0,0,1,1,0,1,1,0,0,0,1,0,0,0,1,0,1,1,0,0,0,1,1,1,0,0.015625,-243.50426179385707,1
0,0,0,1,1,1,1,1,0,0,0,1,0,1,0,1,0,1,0,1,1,0,0,1,1,0,1,1,1,0,0,0,0,0,0,1,0,1,0,1,1,0,1,0,0,1,0,0,0,1,0,0,0,1,0,1,0,0,0,1,1,0,1,0,0.0,-243.50381578744512,1
1,1,1,1,1,1,1,1,1,1,1,1,0,0,1,0,1,1,0,0,1,1,0,0,0,0,0,1,1,0,0,0,1,0,0,1,0,0,0,1,0,0,1,0,1,0,0,0,0,1,0,0,0,1,0,1,0,0,0,0,0,0,1,0,0.0,-243.50267196613333,1
0,0,1,1,1,1,0,1,1,1,0,1,0,0,0,1,1,0,1,0,0,1,0,1,1,0,0,0,0,1,0,1,0,0,1,0,1,1,0,0,1,1,1,1,1,0,0,0,1,1,0,0,0,0,0,0,1,0,0,0,1,0,0,0,0.0,-243.5025533891373,1
1,0,1,1,1,1,0,1,1,1,1,1,0,0,0,0,0,0,0,1,1,0,0,0,0,0,0,0,1,0,0,0,1,0,0,0,1,1,1,1,1,1,0,0,1,1,0,0,1,1,0,1,1,1,0,0,0,0,0,0,0,0,1,0,0.015625,-243.5011292348402,1
0,0,1,1,0,1,0,0,1,1,0,1,1,0,0,0,0,1,1,0,0,1,0,0,0,0,0,1,1,0,0,1,0,0,1,0,1,0,1,0,0,0,1,1,1,0,0,0,1,1,0,1,0,0,1,1,1,0,0,1,1,0,1,0,0.0,-243.500606377042,1
0,0,0,1,0,0,1,0,1,1,1,1,1,1,1,1,0,1,1,0,0,1,1,0,0,0,1,0,1,0,0,1,1,0,0,0,0,1,0,0,0,1,0,0,0,0,0,1,0,1,0,1,0,0,1,0,1,0,0,0,1,1,1,0,0.0,-243.50047281354992,1
0,0,1,1,1,1,1,1,0,1,1,1,0,0,1,0,0,1,1,1,0,1,0,0,0,0,0,0,1,0,0,0,0,0,0,1,0,1,0,0,0,1,1,1,0,1,0,0,0,1,0,0,0,1,1,1,0,0,0,0,1,1,0,1,0.0,-243.5002584595892,1
0,0,1,1,0,0,1,0,0,0,0,0,0,1,0,1,0,0,1,1,1,1,0,0,1,0,0,0,1,0,0,1,0,0,1,1,0,1,1,0,1,0,1,1,0,1,0,1,0,1,0,0,0,1,0,0,1,1,0,0,1,1,1,0,0.0,-243.49924965114133,1
0,0,0,1,0,0,0,0,1,0,1,1,0,0,1,0,0,0,1,1,1,0,0,0,1,0,1,1,0,1,0,1,1,0,1,0,0,1,0,0,1,0,1,1,1,0,0,1,1,1,0,0,0,1,0,0,1,0,1,0,0,1,1,0,0.0,-243.49905745325316,1
1,0,1,1,0,1,1,0,1,0,0,0,0,0,0,1,1,0,0,1,1,1,0,1,0,0,1,1,0,1,0,0,0,0,1,0,1,1,0,0,0,0,1,1,1,0,0,0,0,0,0,0,0,1,1,1,0,1,0,0,1,1,1,0,0.0,-243.49806054345459,1
0,1,0,1,0,1,1,1,1,1,0,1,0,0,1,0,0,0,0,0,1,1,0,0,1,0,1,1,0,0,0,1,1,1,1,0,0,1,0,0,1,0,1,0,1,0,1,0,1,1,0,0,0,0,0,1,0,0,0,0,0,1,1,0,0.0,-243.49760438164952,1
1,0,0,1,1,1,0,1,0,0,0,1,0,0,0,0,0,0,1,0,0,1,0,0,1,0,1,1,1,0,0,0,0,1,1,0,0,1,0,1,0,0,1,0,1,1,1,1,1,0,0,1,0,0,0,1,1,1,1,0,0,0,1,0,0.0,-243.4973439441797,1
0,0,0,1,1,1,1,1,0,0,0,1,0,0,0,0,1,0,0,0,1,0,0,1,1,0,1,1,0,0,1,1,0,0,0,0,1,1,0,0,0,0,1,1,1,1,1,1,0,1,0,0,0,1,0,1,1,0,0,0,0,1,1,0,0.0,-243.49706590922247,1
0,0,0,1,1,1,0,1,1,1,1,0,0,1,0,0,1,0,1,0,1,1,0,0,1,1,0,1,1,0,0,0,0,0,0,0,1,1,0,0,0,0,1,1,1,0,0,0,0,1,0,1,0,1,0,0,0,0,1,0,0,1,1,1,0.0,-243.49672248495233,1
0,0,1,1,0,1,1,1,0,1,0,0,0,0,0,1,0,0,1,1,1,1,0,1,0,1,1,0,0,0,0,0,1,0,0,0,0,1,0,0,0,0,1,1,1,1,1,0,0,1,0,1,0,0,0,1,0,1,1,0,0,1,1,0,0.0,-243.49600007401978,1
0,0,0,1,0,1,0,1,0,0,0,1,0,1,0,0,0,0,1,0,0,1,0,0,0,1,1,1,0,0,1,1,0,1,1,1,0,0,0,1,1,0,1,0,0,0,0,1,1,1,1,0,0,1,0,1,0,0,1,0,0,1,1,1,0.0,-243.4954017144072,1
0,0,1,1,1,1,1,0,1,0,1,0,0,0,1,0,0,1,1,0,0,1,0,0,1,1,1,1,0,0,1,0,1,0,0,0,0,0,0,0,0,0,1,1,1,0,0,1,0,1,0,0,0,0,0,0,1,1,0,0,1,1,1,1,0.0,-243.49497861147722,1
0,0,1,1,1,1,0,1,0,1,0,1,0,0,1,0,0,1,1,0,0,0,1,0,1,1,0,0,0,0,0,1,0,1,0,0,0,1,0,1,0,0,1,0,1,1,1,1,0,1,0,1,0,0,0,1,1,0,0,0,0,1,1,0,0.0,-243.4946699546877,1
1,0,1,1,1,1,0,0,0,0,1,1,0,0,0,0,1,0,1,1,1,1,0,0,0,0,1,1,0,0,1,0,0,1,0,1,0,1,1,1,0,0,1,1,1,0,0,0,1,1,0,0,0,0,1,0,1,0,0,0,0,1,0,0,0.015625,-243.4940343986432,1
0,0,1,0,0,1,0,1,1,1,0,0,0,0,1,0,0,1,0,0,0,1,0,1,0,0,0,0,1,1,1,1,0,0,1,1,1,0,0,0,1,0,1,1,1,1,0,1,0,0,0,0,0,0,1,1,1,0,0,0,1,1,1,0,0.0,-243.49313380824216,1
0,1,1,1,1,0,0,0,0,0,0,0,0,0,0,0,0,1,0,0,1,0,1,0,1,0,0,1,0,1,0,0,0,1,1,1,1,1,1,1,1,0,1,0,1,1,1,0,1,0,1,0,0,0,0,0,1,0,0,0,1,0,1,1,0.0,-243.49290727435752,1
1,1,0,1,0,1,1,0,1,0,1,0,0,0,0,0,1,0,0,0,0,1,0,0,1,0,1,0,1,0,0,1,0,1,0,1,1,1,1,0,0,1,1,1,1,0,1,0,0,0,0,1,0,1,0,0,0,1,0,0,0,1,0,1,0.0,-243.4915521103371,1
0,0,0,1,0,0,0,1,0,0,1,1,0,0,0,1,1,1,1,0,1,1,0,0,0,0,1,1,0,1,0,1,1,0,0,1,0,0,0,0,1,1,1,1,1,1,0,0,0,1,0,0,0,0,0,1,1,0,1,0,1,1,0,0,0.015625,-243.4914694309152,1
1,0,1,1,1,0,1,0,0,1,0,0,0,0,0,0,0,1,0,0,1,1,0,0,0,1,1,1,0,0,0,1,0,1,1,0,1,0,0,1,1,0,1,1,1,1,1,0,1,1,0,1,0,0,0,0,1,0,0,0,0,0,1,0,0.0,-243.49095350824496,1
1,1,0,1,0,1,0,1,1,1,0,0,0,0,0,1,0,0,1,1,1,1,0,1,0,0,0,1,0,0,0,0,0,1,0,0,0,1,0,1,0,1,1,1,1,1,1,0,0,0,0,0,0,0,0,0,1,1,0,0,1,1,1,0,0.0,-243.4907228419266,1
1,0,1,1,1,0,1,1,0,0,0,1,0,0,0,0,0,0,0,0,0,0,1,0,0,1,1,1,0,0,0,1,1,1,1,1,0,1,0,1,0,0,1,1,1,0,0,1,0,1,0,1,0,0,0,0,1,1,0,0,0,1,1,0,0.0,-243.49025651155515,1
0,0,1,1,0,0,0,0,0,1,1,0,1,1,0,0,1,1,1,0,1,0,0,1,0,0,1,1,1,1,0,0,0,0,0,0,1,1,0,0,0,0,1,1,1,1,0,0,1,0,1,0,1,1,0,0,1,0,0,0,1,0,1,0,0.015625,-243.49006578273583,1
0,0,1,1,0,1,1,0,0,0,0,1,0,0,0,0,0,1,1,1,1,0,0,0,1,1,1,1,0,1,1,0,1,0,0,0,1,0,0,0,0,1,1,0,1,0,0,1,1,1,0,0,1,0,0,0,1,0,0,0,1,1,1,0,0.0,-243.48987804978532,1
1,0,1,1,0,1,1,0,0,0,0,1,0,0,1,0,1,0,0,0,0,1,0,0,1,0,0,1,0,1,0,1,1,1,1,1,0,1,0,1,0,1,1,1,1,0,0,1,0,1,0,0,0,0,0,0,0,1,0,0,0,0,1,1,0.015625,-243.4898667831625,1
0,0,0,1,0,0,0,1,0,0,0,1,1,1,0,0,0,0,1,0,0,0,0,0,1,1,1,1,0,0,0,0,0,1,1,0,1,1,1,0,1,0,1,1,1,0,0,1,0,0,1,0,0,0,1,1,0,0,1,0,1,1,1,1,0.0,-243.48982728502025,1
1,0,0,1,0,1,0,0,0,1,0,0,1,1,1,0,0,1,1,1,1,1,0,0,0,0,1,1,0,0,1,0,0,0,0,1,0,1,0,0,0,0,1,0,1,1,0,0,1,1,0,0,0,0,1,1,1,0,0,0,1,0,1,1,0.0,-243.48978388347214,1
0,1,0,1,0,0,1,1,0,0,1,0,1,0,0,1,1,0,0,0,0,1,0,0,0,0,0,0,0,0,0,1,1,0,1,1,1,0,0,1,0,0,1,1,1,1,1,1,0,1,0,1,0,0,0,1,1,1,0,0,1,0,1,0,0.015625,-243.489553790596,1
1,0,1,1,0,1,1,0,1,1,0,0,0,0,0,1,0,1,1,0,1,0,0,0,0,0,1,1,0,0,0,0,0,0,0,1,0,1,0,0,1,1,0,1,0,1,0,1,0,1,1,0,0,1,1,1,1,0,0,0,1,1,0,0,0.0,-243.48890395318037,1
0,0,1,1,1,1,0,1,0,0,0,0,0,0,0,0,0,1,1,1,1,1,0,1,0,1,0,1,0,0,1,1,0,0,0,1,0,1,0,0,1,0,1,1,0,1,0,1,0,1,1,0,1,0,0,0,1,0,1,0,0,0,1,0,0.0,-243.48879952252906,1
1,0,0,0,0,0,0,1,0,1,0,0,0,0,0,0,0,1,1,0,1,1,0,0,0,1,1,1,0,0,0,1,0,0,1,0,0,0,0,0,1,0,1,1,1,1,1,1,1,0,0,1,0,1,1,1,1,0,1,0,0,1,0,1,0.0,-243.48868311891962,1
0,0,1,1,1,0,1,1,0,0,0,1,0,0,0,1,0,0,0,0,1,1,0,1,0,1,1,1,1,0,1,1,0,1,1,0,0,0,0,1,0,1,1,0,1,0,0,1,0,0,0,0,1,0,0,1,0,0,1,0,0,1,1,0,0.0,-243.48868295184033,1
0,1,1,1,0,1,0,0,0,0,0,0,1,0,0,1,0,0,1,1,1,0,0,1,1,1,0,0,0,0,1,1,0,1,1,0,1,1,0,0,1,0,1,1,1,1,0,1,0,0,0,0,1,0,1,0,1,0,0,0,1,0,0,0,0.0,-243.4886153650025,1
1,0,1,1,1,0,0,1,1,0,1,1,1,0,0,1,0,0,1,0,1,1,1,1,1,0,0,1,1,1,1,0,0,1,1,1,0,1,0,0,0,0,1,1,1,1,0,1,0,1,0,0,1,1,0,1,1,0,0,0,1,1,0,0,0.0,-243.4879264463143,1
0,0,1,0,1,1,0,1,1,1,1,0,0,0,0,0,1,1,1,0,1,0,0,1,0,0,1,1,1,0,1,0,0,0,1,0,0,1,0,0,1,1,0,1,1,0,1,1,1,0,0,0,0,0,0,0,1,0,0,0,0,0,1,1,0.0,-243.48646475800376,1
0,0,1,1,1,1,1,1,0,1,0,1,0,0,0,0,0,0,0,0,1,0,0,0,0,0,0,0,0,0,0,1,1,0,0,1,1,0,0,0,1,1,1,1,1,1,1,0,1,1,0,1,0,1,0,1,1,0,0,0,0,1,1,0,0.0,-243.48646302226322,1
1,0,1,1,1,0,0,1,0,1,1,0,0,1,0,0,0,1,0,1,1,1,0,0,0,1,0,1,0,0,0,0,1,1,0,0,0,1,0,1,1,0,1,1,1,1,0,0,0,0,0,0,0,0,1,1,0,1,0,1,0,1,0,0,0.0,-243.4860932066847,1
0,0,1,0,0,0,0,1,1,0,0,1,1,0,0,0,0,1,0,0,0,1,0,1,1,0,0,1,0,1,1,0,0,1,1,0,1,1,1,0,1,0,1,0,1,0,1,0,0,1,1,0,0,0,0,1,1,0,0,0,1,1,1,0,0.0,-243.48524984995112,1
0,0,1,1,0,0,0,1,1,0,0,0,0,1,1,0,0,1,1,0,1,1,0,0,0,0,1,0,0,1,1,1,1,0,1,1,0,0,0,0,1,0,1,1,1,1,0,1,0,1,0,0,1,0,0,1,0,0,0,0,0,1,1,0,0.0,-243.4844980031735,1
0,1,0,1,0,0,1,0,0,1,0,1,0,0,0,0,0,1,0,1,1,0,0,0,0,0,1,1,0,1,0,0,1,0,1,0,1,1,0,1,1,0,1,1,1,1,0,1,0,0,0,1,0,1,0,1,0,0,1,0,0,1,1,0,0.015625,-243.48393910820784,1
0,1,1,1,1,0,1,1,0,0,0,1,0,1,0,0,1,1,0,1,1,1,0,0,1,0,1,1,0,0,0,0,1,0,1,0,0,0,0,1,1,0,1,1,0,1,0,1,0,0,0,0,0,0,0,1,1,0,0,0,0,1,1,0,0.0,-243.48338289153128,1
0,1,1,1,0,0,0,1,1,0,1,1,1,1,0,0,0,1,1,0,1,0,0,0,0,0,1,1,0,0,0,1,1,0,1,1,0,1,0,1,0,1,1,1,1,1,0,1,0,0,0,1,0,0,1,1,1,1,1,0,1,1,1,1,0.0,-243.48330633751806,1
0,0,1,1,1,1,0,1,1,1,0,0,0,0,0,0,0,1,0,0,1,0,0,0,0,0,0,1,0,0,1,1,1,1,1,1,1,1,0,1,1,1,1,0,1,0,0,0,0,1,0,0,1,0,0,1,0,0,0,0,0,1,1,0,0.015625,-243.4832136003903,1
0,1,0,1,0,0,0,1,1,1,0,0,0,1,0,0,1,1,0,0,0,1,0,1,0,0,1,1,0,1,0,1,0,0,1,1,1,1,0,0,1,0,1,1,1,1,0,0,0,1,1,0,0,0,0,1,0,0,0,0,0,0,1,1,0.0,-243.482014924051,1
0,0,1,0,0,1,1,0,1,0,0,0,0,0,1,1,0,1,0,0,1,1,0,0,1,0,1,0,0,0,0,1,0,1,1,0,1,1,0,0,1,0,1,1,1,1,1,0,0,0,0,1,0,0,1,1,1,0,0,0,1,1,0,0,0.0,-243.48140566312804,1
0,1,1,0,0,0,0,0,0,1,1,1,0,0,0,1,0,1,0,0,0,1,0,1,0,0,0,1,0,0,0,1,0,0,1,1,0,1,0,0,1,0,1,0,1,1,0,1,0,1,0,1,0,0,1,1,1,1,1,0,0,0,1,1,0.0,-243.4806732791277,1
1,1,1,1,1,0,0,1,0,1,1,0,0,1,1,1,0,1,1,0,1,1,0,1,1,1,1,0,1,0,0,0,1,1,0,1,0,0,0,1,1,0,1,1,1,1,0,1,0,1,0,1,0,0,0,1,0,0,0,0,1,1,1,0,0.0,-243.47925820990434,1
0,0,1,1,1,1,0,1,0,0,1,1,0,1,0,0,0,0,1,0,1,1,0,0,1,0,1,1,0,1,0,1,0,0,0,1,0,0,1,0,0,0,1,1,0,0,0,0,0,1,0,1,0,1,1,1,0,0,0,1,0,0,1,1,0.0,-243.47904411616344,1
0,0,1,1,0,1,0,1,0,1,1,1,1,0,0,0,0,0,1,0,1,0,0,1,0,0,0,1,0,0,1,1,1,0,1,1,0,1,0,1,1,0,0,1,1,1,0,1,0,1,1,0,0,0,0,1,1,0,0,0,0,0,0,0,0.015625,-243.47860804850333,1
0,0,0,1,1,1,0,1,0,0,0,1,0,1,0,1,0,0,1,0,1,0,0,1,0,1,0,1,0,0,1,0,1,0,0,1,0,0,0,0,0,0,1,1,1,0,1,1,0,1,0,1,0,1,0,0,1,1,1,0,0,1,1,0,0.0,-243.47845237695054,1
0,1,1,1,1,0,1,1,0,0,0,1,0,0,0,1,0,1,0,1,1,0,1,0,0,1,1,1,0,0,0,1,0,0,0,1,0,1,0,0,0,1,1,0,1,0,1,1,0,1,1,0,0,1,0,0,0,0,0,0,0,0,1,1,0.0,-243.47739107610602,1
1,0,1,1,0,0,1,1,1,1,1,1,0,0,0,0,0,1,0,1,1,0,0,0,1,0,1,1,0,0,1,1,0,1,0,1,0,0,0,0,0,0,1,1,1,0,0,0,0,1,0,0,1,0,0,1,0,0,1,0,0,1,1,0,0.0,-243.47648386236355,1
0,0,1,1,0,1,1,1,0,1,1,0,0,0,1,0,0,1,1,0,0,1,0,0,1,1,1,1,0,0,1,0,0,0,0,0,0,0,0,1,1,0,1,1,1,0,0,0,0,1,0,0,0,0,1,1,1,0,0,0,1,1,1,0,0.0,-243.47639438114996,1
1,1,1,0,0,0,0,1,0,1,1,0,0,0,0,1,1,0,0,0,0,1,1,1,0,1,1,1,1,1,0,1,0,1,0,0,0,1,0,0,1,0,1,1,1,0,0,0,0,0,0,0,0,1,0,1,0,1,0,0,0,1,1,0,0.0,-243.47615613331726,1
0,0,1,1,1,0,0,1,0,0,1,0,1,1,0,1,0,0,0,0,1,0,0,0,0,0,0,1,1,0,1,1,0,1,1,1,0,0,0,0,0,0,0,1,1,1,0,0,0,1,0,0,1,1,0,0,1,1,0,1,1,1,1,0,0.0,-243.47445676531282,1
0,1,1,1,0,1,0,1,1,0,1,0,1,1,0,1,0,1,1,1,1,1,0,0,1,1,1,1,0,0,0,0,1,1,1,1,0,0,0,0,1,0,1,0,1,1,0,1,1,1,1,0,0,1,0,0,1,1,0,0,1,0,1,0,0.0,-243.47397168721432,1
1,0,1,0,0,0,0,1,0,0,1,0,0,0,0,1,1,0,1,1,1,1,0,0,1,0,1,1,0,0,1,0,0,0,1,1,0,1,0,0,1,0,1,0,1,0,0,0,0,1,0,0,0,1,1,0,1,1,0,0,1,1,1,0,0.0,-243.47395671313674,1
1,1,0,1,0,0,1,1,1,0,1,0,0,0,1,0,0,0,0,0,1,1,0,0,0,0,1,0,1,0,0,1,1,0,0,0,0,0,0,0,1,1,1,1,1,0,1,0,1,1,0,1,0,0,0,1,1,1,0,0,0,1,1,0,0.0,-243.47382467134565,1
0,0,0,0,1,1,0,1,0,0,1,0,0,0,1,0,0,0,0,1,1,1,0,0,1,0,0,1,1,0,0,1,0,0,1,1,1,1,0,0,0,1,1,1,1,1,0,0,0,1,0,0,0,1,1,1,1,0,0,0,1,0,1,0,0.0,-243.47381725200498,1
1,0,0,1,0,0,0,1,0,1,0,1,0,0,1,0,0,0,1,0,1,0,0,0,1,0,0,1,0,1,0,0,0,0,1,1,0,0,1,0,0,1,1,0,1,1,1,0,0,1,1,0,0,0,1,1,1,0,1,0,1,1,1,0,0.0,-243.47380838142254,1
1,0,1,0,1,0,1,1,0,1,1,0,1,0,0,0,0,1,0,0,0,0,0,0,0,1,1,0,0,0,1,1,1,1,0,0,1,1,0,0,0,0,1,1,1,1,0,0,0,1,0,1,0,1,1,1,0,1,0,0,0,1,0,0,0.015625,-243.47362488164106,1
0,0,0,0,0,1,1,1,0,1,0,1,1,0,0,0,0,0,1,0,1,1,0,1,0,0,0,1,0,1,1,1,0,1,0,1,0,1,0,1,1,0,0,1,1,0,0,0,0,1,0,0,0,1,0,1,1,1,0,0,0,1,1,0,0.0,-243.47339336283443,1
1,1,1,0,1,0,0,0,0,1,1,0,0,0,0,0,0,1,0,0,1,1,0,0,0,0,1,1,1,0,1,0,0,1,0,1,0,1,0,0,1,0,1,1,1,1,0,0,1,0,0,1,0,1,1,1,0,0,0,0,1,1,0,0,0.0,-243.47258987832328,1
0,0,1,1,1,0,1,1,0,1,0,0,1,0,0,0,1,1,1,0,0,1,1,0,1,0,1,1,0,0,1,1,1,0,1,0,0,1,0,0,0,0,1,0,0,0,0,1,1,1,0,1,0,0,1,1,1,0,0,0,0,0,0,0,0.015625,-243.4720376245444,1
0,0,1,1,0,1,1,0,0,1,1,0,1,0,0,1,0,1,1,0,1,1,0,0,0,0,1,1,0,0,0,1,0,1,1,1,1,1,0,1,1,1,1,1,0,0,0,1,0,0,1,1,0,1,1,0,1,0,1,0,1,1,1,1,0.0,-243.4716370544732,1
0,0,1,1,0,1,0,0,1,1,0,0,0,0,1,0,0,1,0,1,1,1,0,0,0,0,1,1,0,0,1,0,1,1,1,1,0,1,1,0,1,0,1,1,1,0,0,0,0,1,0,0,1,1,0,0,0,1,0,0,1,0,0,0,0.015625,-243.4708122395386,1
0,1,1,1,1,0,0,0,0,1,0,0,0,0,0,1,0,1,0,0,1,0,0,0,0,0,1,1,0,0,1,1,1,0,0,1,0,0,1,1,0,0,1,1,1,1,0,1,0,1,0,1,0,1,0,1,1,0,0,0,0,1,0,1,0.015625,-243.46833470416914,1
1,1,0,1,0,1,1,1,0,0,1,0,0,0,0,0,1,0,1,0,1,1,0,0,0,1,0,0,0,0,1,0,0,0,1,0,0,0,0,1,0,1,1,1,1,1,0,0,0,1,1,1,0,0,1,0,0,1,0,0,1,1,1,0,0.0,-243.46798714908428,1
0,0,0,0,1,0,0,0,0,1,0,1,1,1,1,1,0,1,0,0,1,1,0,1,1,0,0,1,0,0,1,1,1,0,1,0,1,1,0,0,0,0,1,1,1,0,0,0,0,1,0,0,0,0,0,1,1,1,0,0,1,0,0,1,0.015625,-243.46624645463461,1
0,0,1,1,1,0,0,1,0,1,0,0,0,0,0,0,0,0,0,1,1,1,0,0,1,0,1,0,1,1,1,1,1,1,1,0,0,1,0,0,0,0,1,1,1,0,0,0,0,0,0,1,0,1,0,0,1,1,1,0,0,0,1,1,0.0,-243.46613762135243,1
0,0,1,1,0,1,1,0,0,1,1,1,1,1,1,0,0,1,1,0,1,1,1,0,1,1,1,1,0,0,1,0,0,1,1,1,1,0,0,1,1,0,1,1,1,1,0,0,0,1,0,0,0,1,0,1,0,0,0,0,1,1,1,0,0.0,-243.4661027281149,1
0,0,1,1,1,0,1,1,0,1,0,0,0,1,1,1,1,0,0,0,0,1,0,1,1,0,0,0,0,1,0,0,0,0,0,1,1,1,1,1,0,0,0,1,0,0,1,0,1,0,1,0,0,0,0,1,1,1,1,0,0,1,0,0,0.015625,-243.4659254911192,1
0,1,1,0,0,1,1,1,0,1,0,0,0,1,0,0,0,1,0,0,1,0,1,0,1,1,1,1,0,0,0,0,0,1,0,1,0,0,0,0,0,0,1,1,1,1,0,1,1,0,0,1,0,1,0,0,0,1,1,0,0,0,1,1,0.0,-243.46588316447117,1
0,0,1,1,0,0,0,1,0,1,1,0,0,0,1,1,1,0,0,0,0,0,0,0,0,1,0,1,1,0,1,1,0,1,0,1,0,1,0,0,1,1,0,1,1,1,0,0,0,1,0,0,1,1,0,0,0,1,1,0,0,1,1,0,0.0,-243.46412940209572,1
0,1,0,0,0,0,1,0,1,0,0,1,0,0,0,1,1,0,1,0,0,1,0,1,0,0,1,1,0,0,1,0,0,1,1,0,1,0,0,0,0,0,1,1,1,0,1,0,1,0,0,1,0,0,1,1,1,1,0,1,0,1,1,0,0.0,-243.46345352363159,1
1,0,0,0,1,1,1,1,1,0,1,1,1,0,1,0,0,1,1,0,0,1,0,1,1,0,1,0,1,1,1,1,0,1,1,0,0,1,0,1,0,1,1,1,1,0,1,1,0,1,1,0,0,0,0,0,1,1,0,0,0,0,1,1,0.0,-243.4632956658379,1
1,0,1,0,1,1,0,1,0,1,0,1,0,0,0,0,0,0,0,0,1,1,0,0,1,0,1,1,0,1,1,1,0,0,1,0,1,1,0,0,0,1,1,1,0,0,1,1,1,1,0,1,0,0,0,1,0,0,1,0,0,0,0,0,0.0,-243.4618936738472,1
0,0,0,0,0,0,0,1,1,0,0,0,1,1,1,0,0,1,0,0,1,1,0,1,0,0,1,1,0,0,1,1,0,0,1,1,1,0,0,0,1,0,1,1,1,1,0,0,0,0,1,0,0,1,1,1,1,0,0,0,0,0,1,1,0.0,-243.46165332505095,1
0,0,1,1,0,0,1,1,1,0,0,0,0,1,0,0,0,0,1,1,1,0,0,0,1,0,1,1,0,0,1,1,0,0,0,1,0,1,0,1,0,1,1,1,1,1,0,0,0,1,0,0,1,0,0,1,1,0,0,0,0,0,1,1,0.015625,-243.46151599595655,1
1,1,1,1,1,0,0,1,0,0,0,0,0,0,1,0,0,1,1,1,1,0,0,0,1,0,0,1,0,1,0,1,0,0,0,1,1,1,0,1,0,0,1,1,1,1,1,0,0,1,0,1,0,0,0,1,0,0,0,0,1,0,0,0,0.0,-243.4610570190324,1
0,1,1,0,0,1,1,0,0,0,0,1,1,1,1,0,0,1,0,0,1,0,1,0,1,0,1,1,0,1,0,0,0,1,0,1,1,1,0,0,0,1,1,0,1,0,0,0,0,0,0,1,0,0,1,0,0,0,1,1,1,0,1,0,0.0,-243.4575371104131,1
0,0,1,1,1,0,0,1,0,0,0,0,0,0,0,1,0,0,0,0,1,0,0,0,1,0,0,1,0,0,0,0,0,0,1,1,0,1,0,0,1,1,1,1,1,1,1,0,1,1,1,1,0,0,1,1,1,0,1,0,0,1,1,0,0.015625,-243.45716875706455,1
0,1,1,0,1,1,0,1,0,1,1,0,0,1,1,0,1,1,0,0,0,1,0,1,1,0,0,1,1,1,1,1,0,1,0,0,0,1,0,1,0,0,1,1,1,1,0,0,0,0,0,0,0,0,0,0,1,0,0,0,0,0,1,0,0.015625,-243.45545904422474,1
0,0,1,1,1,1,1,1,0,1,1,1,1,0,1,0,0,0,1,0,1,0,0,0,1,0,0,1,0,0,1,1,0,0,1,0,0,0,0,0,1,0,1,0,1,1,0,0,0,1,0,1,0,1,1,1,0,0,0,0,0,0,1,0,0.0,-243.4513439656867,1
0,0,1,1,1,1,1,1,0,0,1,0,1,1,0,1,0,0,0,1,1,0,0,0,1,0,1,1,0,0,0,1,0,1,0,1,1,1,0,1,1,1,1,1,1,1,0,0,1,0,0,1,0,1,1,1,1,0,0,0,1,1,1,0,0.0,-243.4505457448666,1
0,1,0,1,0,1,0,1,0,1,0,0,1,0,0,0,0,0,1,1,1,1,0,0,1,1,1,1,0,1,1,1,1,0,0,0,0,0,0,0,1,1,1,0,1,1,0,0,0,1,1,0,0,1,0,1,0,0,0,0,0,0,0,1,0.0,-243.44917132450936,1
0,1,1,1,1,0,1,0,0,0,1,0,1,1,0,1,0,1,0,0,1,1,0,0,1,0,1,0,1,1,1,0,0,1,1,1,0,1,1,0,1,1,1,1,1,0,0,0,0,1,1,0,0,1,0,1,1,1,0,0,1,1,1,0,0.0,-243.43750966577005,1
0,0,1,1,1,1,1,1,0,1,0,0,1,1,1,1,0,0,1,0,1,1,0,0,1,0,0,1,0,0,1,0,0,0,1,0,1,0,1,0,0,1,1,1,1,1,0,1,1,1,1,0,0,1,1,0,1,0,1,0,1,1,0,1,0.0,-243.43689481899372,1
1,0,0,1,0,0,1,0,0,1,0,0,0,0,0,0,1,0,1,0,1,1,0,0,1,1,1,1,0,0,0,1,1,0,1,1,1,1,0,1,1,0,1,0,1,0,1,0,1,0,0,0,0,1,0,0,1,0,0,0,0,0,1,0,0.0,-241.35044650791383,1
1,0,0,0,0,0,1,1,1,1,1,1,0,1,0,1,1,1,1,0,1,1,0,0,1,0,1,0,0,0,0,0,0,0,1,0,0,1,0,0,1,0,1,0,1,1,0,0,0,1,0,0,0,0,1,0,0,0,0,0,1,1,1,0,0.015625,-241.34767154925487,1
0,0,1,1,0,1,0,0,0,1,0,0,0,1,0,1,1,1,0,0,1,1,1,1,1,1,1,0,0,0,0,0,1,0,1,0,0,0,0,0,1,0,0,1,0,1,0,1,1,0,0,0,0,1,0,1,1,0,0,0,0,1,1,0,0.0,-241.34690040068236,1
0,0,1,0,1,0,0,1,1,1,0,1,0,0,0,0,0,1,0,0,1,0,0,0,1,0,1,0,0,0,0,1,0,0,1,1,0,1,1,1,1,0,1,1,1,1,0,0,0,0,0,0,0,0,1,1,1,0,0,0,1,1,1,0,0.0,-241.34671196923222,1
0,1,1,0,0,0,0,1,0,0,1,0,0,0,1,0,0,1,1,0,1,0,0,0,0,1,0,0,1,0,0,0,1,0,1,0,0,1,0,0,0,0,1,1,1,1,0,1,1,1,0,0,0,1,0,1,1,1,0,0,1,1,1,0,0.0,-241.33868866528942,1
0,0,1,0,1,0,1,0,0,0,1,1,0,1,0,0,0,0,1,0,1,1,0,1,1,0,0,0,1,0,1,1,0,1,1,0,0,1,0,0,0,0,1,0,0,1,0,1,1,1,0,0,0,0,1,1,1,0,0,0,1,0,1,0,0.0,-241.33583672501592,1
1,0,1,0,1,0,0,0,1,0,1,1,0,0,0,0,0,1,0,0,1,0,0,0,1,0,0,1,1,0,1,0,1,0,0,1,0,1,0,0,0,0,1,1,1,0,1,0,1,1,0,0,0,0,0,1,1,1,0,0,1,1,1,0,0.0,-241.3346283674747,1
1,0,1,0,1,1,0,1,1,0,0,1,0,0,0,0,0,0,1,1,1,1,1,0,1,0,1,0,0,0,0,0,0,1,1,0,1,1,0,0,0,0,1,0,1,0,1,1,0,1,0,0,0,0,0,1,0,0,0,0,1,1,1,0,0.0,-241.3330913648347,1
1,0,1,1,1,1,0,1,0,0,0,0,1,0,0,0,0,1,0,0,0,1,0,0,0,0,1,1,0,0,1,0,1,1,0,1,0,1,0,1,1,0,1,0,1,0,0,1,0,1,0,0,0,0,1,0,0,1,1,0,1,1,0,0,0.0,-241.32862797574992,1
0,0,1,1,1,0,1,1,0,0,1,0,0,1,0,0,0,1,1,0,1,0,0,1,1,1,0,0,0,0,1,0,0,0,0,0,1,1,0,0,0,0,1,1,1,1,0,0,1,0,1,0,0,1,0,0,1,0,0,0,1,1,1,0,0.0,-241.32837796953345,1
0,0,1,0,1,0,0,1,0,1,0,1,0,0,0,0,0,1,0,0,1,0,0,0,1,1,1,0,0,1,0,1,0,1,0,0,1,0,0,1,1,0,1,1,1,1,1,0,1,0,0,0,0,1,0,1,1,0,0,0,0,1,1,0,0.0,-241.32832799412827,1
0,0,1,1,0,1,1,0,1,0,1,1,0,0,1,0,0,1,1,0,1,1,0,0,0,0,1,1,0,0,1,0,0,0,1,1,0,1,0,0,0,0,1,1,1,1,0,0,1,0,0,0,0,0,1,1,1,0,0,0,0,1,0,0,0.015625,-241.32678140907805,1
1,0,1,0,0,1,1,1,0,0,0,1,1,0,0,0,1,1,1,0,0,1,1,0,1,1,0,0,1,0,1,0,0,1,0,0,0,0,0,0,1,0,0,0,1,1,1,0,0,1,0,0,0,0,0,1,0,1,1,0,0,1,0,1,0.015625,-241.32677169881373,1
0,0,1,1,1,0,0,1,1,0,0,0,0,0,0,1,0,0,1,1,1,1,0,0,0,0,1,1,0,0,1,1,0,0,0,1,0,1,0,0,0,0,1,1,0,1,0,0,0,1,0,0,0,1,0,0,0,1,0,1,1,1,1,1,0.0,-241.32630079260468,1
0,0,0,1,0,1,1,0,0,0,1,0,1,0,0,1,1,1,1,1,1,1,0,0,0,0,1,0,0,1,0,0,0,0,1,1,1,1,0,0,0,1,1,0,1,1,0,1,0,1,0,0,0,1,0,1,0,0,0,0,1,0,0,0,0.0,-241.32467818624144,1
0,0,1,1,0,0,1,0,0,1,0,1,0,0,0,0,0,1,1,1,1,1,0,1,0,0,0,1,1,0,1,1,0,0,1,0,0,1,0,0,1,0,1,0,0,1,0,0,0,0,0,0,1,1,1,1,0,1,1,0,1,0,0,0,0.015625,-241.3234231103308,1
0,0,0,0,1,0,0,1,1,0,0,1,1,0,0,0,1,1,0,1,1,1,0,0,0,0,1,1,0,0,0,0,0,0,0,1,1,1,0,0,1,1,1,1,1,0,1,0,0,1,0,0,0,0,0,1,0,0,1,0,1,1,1,0,0.0,-241.32058012902323,1
1,0,1,1,0,0,0,1,0,1,0,1,0,0,1,0,1,0,1,0,1,1,0,0,1,1,1,1,0,0,1,0,0,0,0,1,0,1,0,0,1,0,1,1,0,1,0,0,0,1,0,0,0,0,1,1,0,0,0,0,0,1,1,0,0.015625,-241.3202784849079,1
0,0,1,1,0,0,0,1,0,1,1,0,0,0,0,0,0,0,0,0,0,1,0,0,1,1,1,1,1,0,0,1,0,1,0,0,0,0,0,0,0,0,1,1,1,0,1,1,0,1,0,0,0,0,1,1,1,1,1,0,1,1,1,0,0.0,-241.31849864520981,1
0,0,1,0,0,0,0,1,0,0,0,1,0,0,1,1,0,1,1,0,1,1,0,1,0,0,0,1,0,1,1,0,0,0,1,1,0,1,0,0,0,1,1,0,1,1,0,1,0,1,0,0,0,0,0,0,1,0,0,1,1,0,1,1,0.0,-241.31583088834137,1
0,0,1,1,0,0,0,1,0,1,0,0,0,1,0,1,0,1,0,0,1,1,0,0,1,0,1,1,0,1,1,1,0,0,0,1,0,1,0,0,0,0,1,1,0,1,0,1,0,1,0,0,0,0,0,1,1,0,0,0,1,0,1,1,0.0,-241.31290875273055,1
0,0,0,0,1,0,0,1,1,0,1,0,1,0,0,0,0,0,1,0,1,1,0,0,0,0,1,0,1,0,1,1,0,1,1,0,1,1,1,0,0,0,1,0,1,1,0,1,1,1,1,0,0,0,0,0,1,1,0,0,0,1,0,0,0.015625,-241.31288543202297,1
1,0,0,1,0,1,1,1,0,0,0,1,1,1,0,1,1,0,1,1,1,1,0,0,1,1,1,1,1,0,1,1,0,0,0,0,0,1,0,1,1,1,1,1,1,1,0,0,1,1,0,0,0,0,0,1,0,0,1,1,1,1,1,0,0.0,-241.3123830338189,1
1,1,0,1,0,1,1,1,1,0,0,0,1,0,1,0,1,0,1,0,1,1,0,0,1,0,1,0,1,1,0,0,1,0,1,1,0,1,0,1,1,0,1,1,1,1,0,0,1,1,1,1,1,1,0,1,1,0,0,0,1,0,1,0,0.0,-241.30884731888472,1
0,0,1,0,0,0,0,1,1,0,0,0,1,0,1,1,1,1,0,0,1,1,0,0,1,0,1,1,0,1,0,1,0,0,1,1,0,1,0,0,0,0,1,0,1,0,0,1,0,1,0,1,0,0,0,0,1,0,0,0,0,1,1,1,0.0,-241.30716779440235,1
0,0,1,1,1,0,0,1,0,1,1,1,0,0,1,0,1,0,1,0,1,1,0,0,1,0,0,1,0,1,1,1,0,0,1,0,0,1,0,0,0,0,1,0,1,0,0,1,0,1,0,0,0,0,1,1,0,0,0,0,1,0,1,0,0.0,-241.30619324388636,1
0,0,1,1,0,0,1,1,1,1,0,1,1,0,0,1,0,0,1,0,1,1,0,0,1,0,1,0,0,0,0,0,0,0,0,1,0,0,1,0,0,1,0,1,1,1,0,0,0,0,1,1,0,0,1,0,1,0,0,0,1,1,1,0,0.0,-241.30595193264898,1
1,0,0,0,1,1,1,1,0,0,0,0,0,0,0,0,1,0,1,1,0,0,0,1,0,0,1,0,0,0,1,1,0,0,1,1,0,0,0,1,1,0,1,1,1,0,0,0,1,1,0,1,0,1,0,0,1,0,0,0,0,1,1,1,0.0,-241.30398464975056,1
0,0,1,1,1,0,1,1,0,0,0,0,0,1,0,0,1,1,1,0,1,1,0,0,0,1,0,1,0,0,1,1,0,0,1,0,0,0,0,0,0,1,1,0,1,1,1,1,1,1,1,0,0,0,0,0,1,0,0,0,0,0,1,0,0.0,-241.30278148134542,1
0,1,0,0,1,0,0,0,0,1,0,0,1,0,0,0,0,0,0,0,1,0,0,0,1,1,0,1,0,0,0,1,0,1,0,1,0,1,1,1,1,0,1,1,1,0,1,1,0,0,0,1,1,0,0,1,1,0,0,0,0,1,1,1,0.0,-241.30272091036693,1
1,0,1,1,1,1,1,1,1,0,1,0,0,0,1,1,1,1,1,0,1,1,0,0,0,1,1,1,0,1,1,1,0,0,0,1,0,0,0,0,1,1,1,0,1,1,0,0,0,0,0,0,0,1,1,1,1,1,0,0,1,1,1,1,0.0,-241.3016104672742,1
0,0,1,0,0,0,0,1,1,1,1,0,0,0,1,1,1,1,0,0,1,1,0,0,1,0,1,0,0,1,0,1,0,0,1,1,0,0,0,0,0,0,1,1,1,0,0,0,1,1,0,1,0,1,0,0,0,1,0,1,1,0,0,0,0.0,-241.3003624516854,1
0,0,1,0,1,1,1,1,0,1,0,0,0,0,0,1,0,0,1,0,1,1,0,0,1,0,1,1,1,1,1,1,0,0,1,1,0,1,1,0,0,1,1,0,1,0,0,0,0,1,0,0,0,0,0,0,0,0,0,0,1,0,1,0,0.03125,-241.29730740278103,1
1,0,0,0,1,0,1,1,1,1,1,1,1,0,0,0,0,0,1,0,1,1,0,0,1,1,1,1,1,0,1,0,0,1,0,1,1,1,1,0,0,0,1,0,1,1,1,1,0,1,0,1,1,0,1,1,1,1,1,0,1,0,0,0,0.0,-241.29703085364116,1
1,1,1,0,1,1,0,1,0,1,0,0,0,0,0,0,0,0,0,0,1,0,0,0,0,0,1,1,0,1,1,0,0,0,0,1,1,1,0,0,0,1,1,1,1,0,1,0,1,1,0,0,0,1,1,1,0,0,0,0,1,0,1,0,0.0,-241.29702650699923,1
0,1,1,1,0,1,1,1,0,1,0,0,0,0,0,1,1,1,1,1,1,1,0,0,1,0,1,1,0,0,1,0,0,1,0,1,0,0,0,0,0,0,1,0,1,1,0,0,0,0,0,0,0,0,0,1,0,0,0,0,1,1,1,0,0.0,-241.29607940575622,1
1,1,0,1,1,0,1,1,1,0,0,1,0,0,1,0,0,1,1,1,1,1,0,0,0,1,0,1,1,1,1,0,0,1,1,1,0,1,0,0,1,0,1,1,1,0,1,1,1,0,1,0,1,1,0,0,1,0,0,1,1,1,0,0,0.015625,-241.29603659443558,1
1,0,0,0,0,0,1,1,1,1,1,1,1,0,0,0,1,0,0,0,1,1,0,0,0,0,1,1,1,1,0,1,1,1,1,0,0,0,0,0,1,1,1,1,1,1,1,0,0,1,1,1,0,1,0,1,1,0,1,0,1,1,1,1,0.015625,-241.29401376233477,1
0,0,1,1,0,0,0,1,0,0,0,0,0,0,0,0,0,0,1,1,1,1,1,0,1,0,1,1,1,0,0,1,0,0,1,1,1,0,0,1,1,0,1,0,0,0,0,1,1,1,0,1,0,0,0,1,1,0,1,0,0,1,0,0,0.0,-241.29366481815399,1
0,0,1,1,1,0,0,0,0,0,1,1,0,0,0,0,0,0,1,0,1,1,0,0,1,0,1,1,0,0,1,1,0,0,1,1,1,1,0,0,1,0,1,1,1,0,0,0,0,0,0,1,0,0,1,1,1,0,0,0,0,1,1,0,0.0,-241.2933322436037,1
1,0,1,1,1,0,0,0,0,0,0,1,0,0,1,0,0,0,0,1,1,0,0,1,0,0,1,1,1,1,0,1,0,0,0,0,1,1,0,1,0,0,1,1,1,1,0,0,0,0,1,1,0,0,1,1,0,0,0,0,1,0,1,0,0.0,-241.29110341502042,1
1,1,1,1,1,0,0,1,1,0,0,0,0,0,0,1,1,0,1,0,0,1,0,0,1,0,1,1,0,0,0,1,0,0,0,1,1,0,1,1,1,0,1,1,1,0,0,0,0,0,0,1,0,0,1,1,0,0,0,0,0,0,0,1,0.0,-241.29069631484032,1
0,0,0,1,1,0,0,1,0,0,0,0,1,1,1,0,0,0,1,0,1,1,0,0,0,0,1,1,0,0,1,1,1,0,0,0,1,1,0,0,1,1,1,0,1,0,0,1,0,1,0,0,0,1,0,1,1,0,0,0,1,0,1,0,0.0,-241.29066071670312,1
0,0,0,1,1,1,0,1,0,1,1,0,0,0,0,0,1,0,0,0,1,0,0,0,0,0,1,1,0,0,1,1,0,0,1,1,0,1,0,0,0,1,1,1,1,0,0,0,0,1,0,1,0,1,1,1,0,0,0,0,1,1,0,1,0.0,-241.28866154654776,1
1,0,1,0,1,0,1,1,0,0,0,1,0,0,0,1,0,0,0,1,1,0,0,0,1,0,0,1,0,0,0,0,1,0,0,0,1,0,0,0,1,0,1,1,1,0,1,0,1,1,1,0,0,1,0,1,0,1,1,0,1,1,0,0,0.015625,-241.28682146096796,1
0,1,1,1,0,0,1,1,0,0,1,1,1,1,1,1,0,1,1,1,0,1,0,1,0,0,1,1,0,0,1,1,1,1,0,0,0,1,0,1,0,0,1,1,1,1,0,1,0,1,0,1,0,1,0,1,1,0,0,0,1,1,1,0,0.0,-241.28004555230143,1
0,0,1,1,1,0,1,1,1,1,0,1,0,0,0,0,0,0,1,0,1,0,0,0,0,1,1,1,0,0,0,1,0,0,1,1,1,1,0,0,1,0,1,0,1,1,0,1,1,0,0,0,0,0,0,0,1,0,0,0,0,1,0,0,0.0,-238.68068054050156,1
1,1,1,1,0,1,0,0,0,1,0,0,0,1,0,0,0,1,0,0,1,0,0,0,0,1,0,1,1,0,1,1,1,1,0,0,0,1,0,1,1,0,1,0,1,1,0,0,0,1,0,0,0,1,0,0,0,0,0,0,1,1,0,0,0.0,-238.67877822165542,1
0,0,1,1,0,0,0,1,0,0,1,1,1,0,0,0,1,1,0,0,1,0,0,0,0,1,1,1,1,0,0,1,0,1,1,1,0,0,0,0,1,0,1,1,1,1,0,1,0,0,0,0,0,0,0,1,0,0,0,0,0,0,1,1,0.0,-238.67489854678294,1
0,0,0,1,1,0,0,1,1,0,0,0,0,0,0,0,0,0,1,0,1,0,0,0,1,1,1,1,0,0,1,1,1,0,0,1,0,1,0,0,0,0,1,0,1,1,0,1,0,1,1,0,0,0,1,1,0,0,0,0,1,1,0,1,0.015625,-238.6718362905033,1
0,0,1,0,0,0,1,1,0,1,1,1,0,0,0,1,0,1,0,0,1,1,0,1,1,0,1,1,0,0,0,0,0,1,0,1,1,0,0,0,1,0,0,0,1,1,0,0,1,0,0,0,0,1,0,0,1,0,0,0,1,1,1,0,0.0,-238.67164209977264,1
0,0,0,1,0,0,0,0,0,0,1,1,0,0,0,0,0,0,0,0,1,1,0,1,0,0,0,1,1,0,0,0,1,1,0,0,1,1,0,0,0,0,1,1,0,1,0,1,0,1,0,1,0,1,1,1,1,1,0,1,1,0,1,0,0.0,-238.6713294311869,1
1,0,1,1,1,1,1,1,0,0,0,1,1,0,0,0,0,1,0,0,0,0,0,0,0,0,1,1,0,0,1,0,1,1,1,0,1,1,1,0,0,0,1,1,1,0,0,1,0,0,0,0,0,0,0,1,0,0,0,0,1,0,1,0,0.0,-238.67106158999997,1
0,0,1,1,1,1,0,1,1,0,1,0,1,1,0,0,0,0,1,0,1,0,0,0,1,1,0,0,0,0,0,1,0,1,1,0,1,1,0,0,0,1,1,0,1,0,0,0,0,0,0,0,0,0,1,1,1,0,1,0,1,0,0,0,0.0,-238.6710243098707,1
1,0,1,0,1,1,1,0,0,0,1,0,0,0,0,0,0,1,1,1,1,1,0,0,0,1,0,1,0,0,1,0,1,0,1,1,0,0,0,0,0,0,1,1,1,0,0,0,0,0,0,0,0,1,0,1,0,0,1,1,1,0,1,0,0.0,-238.67007060536525,1
0,0,1,1,1,1,0,0,1,0,1,0,0,0,0,0,1,1,0,1,0,1,0,0,0,0,0,1,0,1,0,1,0,1,0,0,0,1,1,1,1,1,1,0,1,1,0,1,0,1,0,0,1,0,0,0,0,0,0,0,1,0,0,0,0.015625,-238.66742942923364,1
0,0,0,1,0,1,0,1,1,0,1,1,0,1,0,1,0,1,1,1,1,0,0,0,0,0,1,1,0,0,0,0,0,0,0,0,0,1,0,0,0,1,1,1,0,0,0,1,0,0,0,0,1,1,1,0,1,0,0,0,1,1,0,1,0.0,-238.66551163167867,1
0,1,1,1,0,1,1,1,1,0,1,1,0,0,0,1,0,1,1,0,1,1,0,0,0,1,1,1,0,1,1,1,0,1,1,1,1,0,0,0,1,0,1,1,1,1,1,1,1,1,0,0,0,1,0,0,0,1,1,0,1,0,1,0,0.015625,-238.6612054076465,1
0,0,1,1,1,0,0,0,0,0,0,1,1,1,0,0,0,1,1,0,1,0,0,0,0,0,0,1,0,0,0,0,0,1,1,0,0,1,0,1,0,0,1,1,1,1,1,1,0,0,0,1,1,1,0,0,1,0,1,0,0,1,0,0,0.0,-238.65907963796255,1
0,0,1,1,0,0,0,1,0,1,1,1,1,0,0,0,0,0,0,1,0,1,1,1,1,0,1,0,1,0,0,0,0,1,0,0,0,1,0,1,0,1,0,0,1,1,0,0,1,0,0,1,0,0,1,0,1,0,0,0,0,1,1,0,0.015625,-238.65871824925304,1
0,0,0,0,0,0,1,1,0,0,0,0,1,0,0,1,0,0,1,1,1,0,0,0,0,1,1,0,0,0,1,1,0,0,0,1,0,1,1,0,0,0,1,1,1,1,0,0,1,1,1,0,0,1,0,1,0,0,1,0,0,0,1,1,0.0,-238.6584649067703,1
0,1,1,0,0,1,0,1,0,1,1,0,0,0,0,0,0,0,1,0,0,0,0,0,1,1,0,1,0,0,1,1,0,0,1,1,0,0,0,0,1,0,0,1,1,1,0,1,1,0,0,0,0,1,1,1,0,0,1,0,0,1,1,0,0.0,-238.6578974908639,1
0,0,1,1,0,1,0,0,0,0,1,0,0,0,0,1,0,1,1,0,1,1,0,0,1,0,0,1,0,0,0,0,0,1,0,0,0,1,1,0,0,0,1,1,1,1,0,1,0,1,0,0,1,0,1,1,1,1,0,0,0,0,1,0,0.015625,-238.6573150159637,1
0,1,0,1,1,0,1,0,1,0,0,1,0,0,1,0,0,1,1,0,1,0,0,0,1,0,1,1,0,0,0,1,0,0,0,1,0,1,0,0,0,0,1,1,1,0,0,0,1,1,0,1,0,1,0,0,1,0,0,0,1,0,0,1,0.015625,-238.65686255573937,1
0,1,1,1,1,0,0,1,0,0,1,1,0,1,0,1,0,0,0,0,1,0,0,0,0,0,1,0,0,1,0,0,0,1,1,1,0,1,0,0,1,1,0,0,1,0,0,1,1,1,0,0,0,0,0,1,0,0,0,0,1,1,0,1,0.0,-238.6567602147442,1
0,0,1,1,1,1,0,0,0,0,1,0,0,1,0,0,0,0,0,0,1,1,0,0,1,0,0,1,0,0,1,1,0,0,1,1,0,1,0,0,0,0,1,1,1,0,1,0,0,1,0,0,1,1,1,1,0,0,0,0,0,1,1,0,0.0,-238.65666829790538,1
0,0,0,1,1,0,0,1,0,0,0,0,1,0,0,0,0,1,0,0,1,0,0,1,1,0,1,1,1,0,1,0,0,0,1,1,0,0,0,0,0,1,1,1,1,0,0,1,1,1,0,0,0,1,0,1,0,0,1,0,0,1,1,0,0.0,-238.65549001486988,1
0,1,1,0,0,1,0,0,1,0,0,1,0,0,0,0,1,1,1,0,1,0,0,0,0,0,1,1,0,0,0,0,0,0,1,0,0,1,0,1,1,0,1,1,1,1,1,0,0,0,0,1,0,0,0,1,1,1,0,0,0,1,1,0,0.0,-238.65325918856112,1
0,0,1,0,1,1,0,0,1,0,0,1,0,1,1,0,0,0,0,0,1,0,0,0,1,0,0,1,0,0,0,0,0,0,0,1,1,1,0,0,1,0,1,1,1,0,1,1,0,1,0,0,0,1,1,1,1,0,0,0,1,0,1,0,0.015625,-238.6524615074733,1
0,0,0,0,0,1,0,1,0,0,1,1,0,0,0,0,0,0,1,0,1,0,0,1,1,1,1,1,1,1,1,1,0,1,1,0,0,1,0,1,0,0,1,0,0,0,0,1,0,0,0,1,0,0,1,1,0,1,0,0,0,0,1,0,0.015625,-238.647195321841,1
1,0,1,0,1,0,0,0,1,0,0,1,1,0,0,0,0,1,1,1,1,0,0,1,0,0,0,1,0,0,1,0,0,0,1,0,0,1,0,0,1,0,1,1,1,0,0,1,1,0,0,1,1,0,1,0,1,0,0,0,0,0,1,0,0.0,-238.6467449760114,1
0,0,1,0,0,1,1,1,0,0,0,1,0,0,0,1,0,0,0,1,1,0,0,0,0,0,1,1,0,0,0,0,0,0,1,1,0,0,0,1,1,1,1,0,1,1,1,0,0,1,0,0,0,1,0,1,0,1,0,0,1,1,1,0,0.0,-238.6433400396122,1
0,0,1,1,0,1,1,1,0,0,0,0,0,0,0,0,0,0,0,1,1,0,0,1,1,1,1,1,0,0,0,0,0,1,1,1,0,0,0,0,1,0,1,0,1,1,1,0,0,1,0,1,0,1,0,0,1,0,0,0,0,0,1,1,0.0,-238.64331391054654,1
0,0,1,1,1,0,0,0,1,1,1,1,1,1,0,0,0,0,1,0,0,0,0,0,1,0,1,1,0,1,0,0,1,0,1,0,0,1,0,0,0,1,1,0,0,0,0,1,0,0,0,1,0,0,0,1,1,1,0,1,1,0,0,0,0.0,-238.63744836609618,1
0,0,1,1,1,1,1,1,1,0,1,1,0,1,0,1,1,0,1,1,1,0,0,0,1,0,1,1,0,1,1,1,1,1,0,1,0,1,0,0,1,0,1,0,0,1,1,1,1,0,0,1,0,0,1,1,1,0,0,0,0,1,1,1,0.0,-238.6368141626828,1
0,0,1,1,0,1,0,1,0,1,0,0,0,0,0,1,0,1,1,1,1,1,0,0,1,0,1,1,0,1,1,0,0,1,0,1,0,1,0,0,0,0,1,1,1,1,0,0,0,0,0,0,0,0,0,0,0,1,0,1,0,0,1,0,0.0,-238.6351828422739,1
1,0,1,1,0,1,0,0,0,0,1,1,0,0,0,1,0,0,0,1,1,0,0,0,1,1,0,1,0,0,1,0,0,0,1,1,0,0,0,0,0,1,1,1,1,0,0,1,1,1,0,0,0,0,0,1,1,1,0,0,0,1,0,0,0.0,-238.63383861112416,1
1,0,1,1,0,0,0,0,1,1,0,0,0,0,0,1,1,1,0,0,1,1,0,0,0,0,1,1,0,0,0,0,0,1,0,1,0,0,0,0,1,1,1,1,1,1,0,1,0,1,1,1,0,0,0,1,0,0,0,0,0,1,0,0,0.015625,-238.62255402079074,1
1,1,0,0,1,1,1,1,0,1,1,0,0,0,0,1,0,0,0,0,0,0,0,0,1,0,1,1,0,0,1,1,0,1,0,0,0,1,0,0,1,0,0,1,1,0,0,1,0,1,0,1,0,1,1,1,1,0,0,0,0,0,0,0,0.0,-238.60550957779293,1
1,0,1,0,0,0,0,0,1,0,1,1,0,0,0,1,1,0,1,1,1,1,0,0,0,1,1,0,0,0,1,0,0,0,1,0,0,1,0,0,0,1,0,0,1,0,0,1,1,1,0,0,0,0,0,1,0,0,0,0,1,1,1,0,0.0,-235.54041022750914,1
1,0,1,0,0,1,0,1,0,0,1,1,0,0,0,0,1,0,1,0,0,1,0,0,0,0,1,1,1,0,0,1,0,0,0,1,0,1,0,0,1,0,1,0,1,1,0,0,1,1,0,1,0,1,0,1,0,0,0,0,0,1,0,0,0.0,-235.52408816991934,1
0,0,1,1,0,0,0,0,0,0,1,1,0,0,0,0,0,0,0,0,0,0,1,0,0,1,1,0,1,0,1,0,1,0,0,1,0,1,0,0,1,0,1,1,1,1,0,0,1,1,0,1,1,0,1,1,1,0,0,0,0,1,0,0,0.0,-235.5202963061999,1
0,1,0,1,1,1,0,1,0,1,0,0,0,0,0,1,0,1,0,0,1,0,0,0,1,0,1,1,1,0,1,0,0,0,1,1,0,0,0,0,0,0,1,0,1,1,0,0,0,1,0,0,0,0,1,0,0,1,0,0,1,1,1,0,0.0,-235.5152552031163,1
0,0,1,0,0,1,0,1,0,1,0,0,0,0,1,0,1,0,0,0,1,0,0,1,0,0,1,1,0,0,0,1,0,1,0,1,0,0,0,1,0,0,1,1,1,0,0,1,0,1,0,0,0,1,1,0,0,1,0,0,0,1,1,1,0.0,-235.50726413523543,1
0,0,1,0,0,1,0,1,0,0,1,1,1,0,0,1,0,0,0,0,1,1,0,0,1,0,1,0,0,0,1,0,0,0,1,0,1,0,0,1,0,1,1,1,1,0,0,1,0,1,0,1,0,1,0,0,0,0,0,0,0,1,1,0,0.015625,-235.4967265679054,1
0,0,1,0,0,1,1,1,0,1,0,0,0,0,0,1,0,0,1,0,0,0,1,0,1,0,1,1,0,0,1,1,0,0,0,0,0,1,1,0,1,1,1,0,1,1,0,0,0,1,0,0,0,1,1,1,1,0,0,0,0,0,0,0,0.015625,-235.48217639871194,1
0,0,0,1,1,0,0,0,1,0,1,1,0,0,0,1,0,0,1,0,1,1,0,0,0,0,0,1,0,1,0,1,0,0,0,1,0,1,0,0,1,0,1,1,0,0,0,0,1,1,0,0,1,0,0,1,1,1,1,0,0,0,0,0,0.015625,-231.90237538624697,1
0,0,0,1,0,0,1,0,0,1,1,0,0,0,0,0,0,0,0,0,0,0,1,1,1,0,0,0,0,0,1,0,0,0,1,1,1,0,0,0,1,0,1,1,1,1,1,1,0,0,0,0,0,1,0,1,0,1,1,0,0,1,1,0,0.015625,-231.89034345588666,1
0,0,0,1,0,0,0,1,1,1,0,0,0,0,0,0,0,1,1,0,1,1,0,0,0,0,1,1,1,0,1,1,1,0,0,0,0,0,0,1,0,0,1,1,1,0,1,0,0,0,0,1,0,0,1,1,1,0,0,0,0,1,0,0,0.0,-231.8807436647286,1
0,0,1,0,0,0,1,0,0,0,0,1,0,0,0,1,1,0,1,0,0,1,0,0,0,0,0,1,0,1,1,0,0,1,0,1,0,0,0,0,0,0,1,0,1,0,0,0,0,1,0,1,0,1,1,1,1,0,1,1,1,0,1,0,0.0,-231.87518401882681,1
1,0,1,0,1,0,1,0,0,1,0,1,0,0,1,0,0,1,0,0,0,1,0,0,0,0,1,1,0,1,1,0,0,0,1,0,0,0,0,1,0,0,0,1,1,0,0,0,0,1,1,0,0,1,1,0,1,0,0,0,0,1,1,0,0.0,-231.8706263941477,1
0,0,1,1,0,0,1,0,0,0,1,0,0,0,0,1,0,1,1,0,1,0,1,0,0,0,0,1,1,1,0,0,0,1,1,1,1,0,0,0,0,0,1,1,1,0,0,0,0,1,1,0,0,1,0,1,0,0,0,0,0,0,1,0,0.0,-231.86609202942097,1
0,0,1,1,1,0,0,1,0,1,0,1,0,0,0,0,0,1,0,0,1,0,0,0,0,1,1,1,0,0,1,1,0,0,0,0,0,1,0,0,0,0,1,1,1,0,0,1,0,0,0,0,1,1,0,0,1,0,0,0,0,1,1,0,0.0,-227.80015605211682,1
0,0,1,1,1,1,0,0,0,0,0,0,0,0,0,0,0,0,0,0,1,1,0,1,1,0,0,1,1,1,1,0,0,0,0,1,0,1,0,0,0,1,1,1,1,0,1,1,0,0,0,0,0,0,0,0,0,0,0,0,1,0,1,0,0.0,-223.20216985653988,1
0,0,1,1,1,0,1,0,0,0,0,1,0,0,0,1,0,0,0,0,1,1,0,0,1,0,0,0,0,0,1,0,0,0,0,0,0,1,0,0,1,0,1,1,0,1,0,1,0,1,0,1,0,1,0,0,1,0,0,0,1,0,1,0,0.0,-223.20134806399574,1
