
#parameters    
param n, integer, > 0; /* number of assets */    
param B, >= 0;      
param mu{i in 1..n};                          
param sigma{i in 1..n, j in 1..n};    
param q;    
                                              
#variables                                    
var y{i in 1..n, j in 1..n}, binary;    
var x{i in 1..n}, binary;                     
    
#capacity constraint    
s.t. card0: sum{i in 1..n} x[i] = B ;    
#constraints to link x and y                   
s.t. card1{i in 1..n,j in 1..n}: y[i,j] <= x[i] ;    
s.t. card2{i in 1..n,j in 1..n}: y[i,j] <= x[j] ;    
s.t. card3{i in 1..n,j in 1..n}: y[i,j] >= x[i]+x[j]-1 ;    
    
#objective function    
minimize obj: sum{i in 1..n, j in 1..n} y[i,j] * sigma[i,j] * q - sum{i in 1..n} mu[i]*x[i];    

solve;
printf: "{ ""solution"": [%d", x[1] > "results/IPL_linearized_N80q1.00B40P100_solution.json";
printf{i in 2..n}: ",%d", x[i] >> "results/IPL_linearized_N80q1.00B40P100_solution.json";
printf: "]}" >> "results/IPL_linearized_N80q1.00B40P100_solution.json";

#data:
data;

param n := 80;
param q := 1;
param B := 40;
param mu :=
1 0.03734553717533728
2 0.05476518682815903
3 0.03131943695783257
4 0.04813870471994106
5 0.029889215915895107
6 0.015393024109222775
7 0.04446474245701765
8 0.02306620191324262
9 0.028452637543455877
10 0.021346797205896773
11 0.029353213334231482
12 0.04078367487583315
13 0.019796177583928043
14 0.03337851777347034
15 0.003114845829900829
16 0.0004066483926738011
17 0.06292585227329578
18 0.030381167849961883
19 0.05942113690946472
20 0.02134080016518537
21 0.042549349438461975
22 0.0024811508994338947
23 0.08275783546855742
24 0.0830616203450647
25 0.06679432055044406
26 0.01122029002709087
27 0.012207292534238245
28 0.032332540751784745
29 0.07899043590352377
30 0.026774223836507256
31 0.045128544248443016
32 0.03441712779848915
33 -0.00015327972510501922
34 0.060841931494876315
35 -0.012021075927175948
36 0.018500587558498992
37 0.02586338766386534
38 0.015863343265173135
39 0.017254934551032913
40 0.028487637498325197
41 0.03576277307556628
42 0.07643873335461453
43 0.0162952563896251
44 -0.012287801086680586
45 0.06585426244452057
46 0.003937099755437943
47 -0.005753766909967567
48 0.03439905494492471
49 0.011964939930283256
50 0.04684307880589719
51 0.04313617824213916
52 0.012266000128801838
53 0.04675083558199437
54 0.016159734489919652
55 0.05028522132392444
56 0.0409561502330744
57 -0.009112791830303946
58 0.02882334932844301
59 0.001591558351710894
60 0.03426030804304588
61 0.014184498671421297
62 -0.005043776694796794
63 0.024485360667590283
64 0.020136043634612244
65 0.04392635172331505
66 0.05719802617786745
67 0.031761229434571
68 0.020946711627306196
69 0.002652223553058821
70 0.019250237796383813
71 0.02703748038926797
72 0.006718087732323713
73 0.04931191961066308
74 0.013058772905773322
75 0.04145249333746551
76 0.007980559121287617
77 0.011522241205638615
78 0.06689682540853792
79 0.05813548025342933
80 0.043122697588719734;
param sigma : 1 2 3 4 5 6 7 8 9 10 11 12 13 14 15 16 17 18 19 20 21 22 23 24 25 26 27 28 29 30 31 32 33 34 35 36 37 38 39 40 41 42 43 44 45 46 47 48 49 50 51 52 53 54 55 56 57 58 59 60 61 62 63 64 65 66 67 68 69 70 71 72 73 74 75 76 77 78 79 80 :=
1 0.003817297351408638 -0.0007032009835404479 0.0014154457574069323 0.0026087390602201805 0.003964768874571161 0.0009344415005748933 0.00439908329212618 0.0014466917300725022 0.002895910926303975 0.002221349266287818 0.0016731207085160936 0.001291443814754076 0.00015276669055731715 0.003141722931764411 0.0007226590839482873 -0.0002673008244574288 -0.0007044955561176169 0.0023959448747795107 0.0031307864347309964 -0.00023774977784530175 0.0033973503560923417 0.0025472772882694826 0.007893967108792324 0.0020243792081690733 0.003210665490335732 0.000683277470949222 0.00133199631643478 0.0012452250280583909 0.005237101221089563 0.0020401146932615315 0.006418751447391087 0.003223821060683797 0.0001542634698065436 0.0032386534661947284 0.0019506734801108601 0.0013523250979777502 0.005373118018270261 0.003294636798315198 0.0019935842205762995 0.002956773073550524 0.0018064313554382373 0.003274719538904107 0.002024126749705116 0.004739131668648898 0.0024874222990586207 0.0012440811377064248 0.0007690543998214157 0.0023397160059213506 0.0016542719017171822 0.0020987580951095544 -6.253998734328938e-05 0.0015938136107638671 0.0029036199388798255 0.0016862251779348827 0.003375967229593821 0.0015276571434126405 0.00042473943269293187 0.000515507244061427 0.0008440981532244409 0.0013485218588416877 0.003382468631588095 0.000670895114476597 0.0011928142999966592 0.00048164825486101727 0.004407408224470629 0.004095488607617401 0.002472815003162936 0.0022557273818968396 0.001139911983987008 0.00154200434767067 0.0017373299692343331 0.0007800924413436628 0.0018835108978215572 0.002396265326187368 0.0026017244998535255 0.0013929678792003433 0.003554705280245099 0.003860485971953196 0.0009871022135101366 0.002067168328883
2 -0.0007032009835404479 0.0215674666080906 -0.0010632979356769612 0.003328699726691112 0.006103738568011855 0.00047796029439336275 -0.0015066661315660216 -0.0009189721186218707 0.003958492243152352 0.004920651205523295 0.006553295447246899 0.0013451445342713604 0.0031537549786896835 0.004966252660519817 -0.006409419074820116 -0.00842683350921396 0.006802360233384235 0.007478607384059646 0.000660749885764962 0.0003482274401202869 -0.0022844357914050526 -0.00010971566720406545 0.004266765891102092 -0.0021926753883341845 0.013821425819059468 0.0041562298956640395 0.004585813018059781 0.002292566444416271 0.008906441406844347 0.00035838130184387846 -0.0017852095559323653 0.0023706113163989907 0.0022386294762306554 0.0018643685614331315 -0.0017780236405760658 0.0024749560489335746 -0.0034341477809969345 0.0023155221538758027 -0.0006208325658996329 0.0005921886543431132 -0.00022067190742499658 0.024713539010232044 -0.0047294186676355215 0.003406700692695831 0.0057898305351995385 0.0010867204737404748 -0.0020887993785294297 0.0008729502942146635 0.006693612233801549 0.004938305876789417 0.00228104158216839 -0.0053400007577279725 0.009388772872583434 -0.0027198719765854835 0.018616227894825844 0.005806931842781429 6.939940218618447e-05 -0.002010440744248459 -0.005078550039475916 0.0069425230677816994 0.00016661877384296477 -0.002128798769333522 -0.009237538208125904 0.006882976709605892 0.007717011492987768 0.0028701439102463214 0.00119468683197047 -0.00233323260404588 0.0026363317209790664 2.114842236141195e-05 0.0027370208352271216 0.00029009814036023637 0.004637530441447339 0.01165797744438878 0.01303193193341049 -0.00039185657213566203 -0.0008563337464158344 -0.004123385657446803 0.0038611384403854725 0.0012488382051761427
3 0.0014154457574069323 -0.0010632979356769612 0.003058575850597823 0.00202701764998694 0.0020744080244032704 -0.00029548706026365446 0.0029228440592718196 -0.00015993706877812935 0.0021435574565313886 0.0024642952342001515 -5.854060974937563e-06 0.001113788152339478 -0.0006713141068862633 0.0018711593944183782 0.0009223277886263534 -0.00035710307475648534 -0.000536171076139695 -0.00041566252566887986 0.0013358045133034016 -0.0005664506096739503 0.0030617511651125557 0.0009669769088652385 0.0008764421457484996 -0.00027298103237040626 0.0015216649529957102 -0.00016909398439300934 0.00039278206286227213 0.0020466071491194275 0.0007785850903560709 0.002378569360049461 0.0022870854443401557 0.001515077968776341 -2.424000458334778e-05 0.0023055380927269075 0.0009393303809250817 0.0007369172907239867 0.00013127813494015491 0.001685717691609041 0.0011974952950796363 0.0028654074768945737 0.001402587245220615 0.0009914463184361635 0.0014553629149552491 0.0008099120664157889 0.0003615326058195729 0.0007436369198883009 0.0008431197164010051 0.002979352464170223 -0.00037539952893877245 0.0006164874227821027 -0.00028008097583853155 -0.0003665431216039338 0.0014451582259222715 0.002579081034599453 0.0008499791714885681 0.0011112041235682491 0.0013395309588463066 -0.0007515744108894249 -0.0002473161809801416 2.2393383486148056e-05 0.0015465998271419312 0.00025111265046954385 0.001407193571176978 0.0007710932109079336 0.003654688075516515 0.0024251350031489877 0.0003438323731920819 0.0005654819728292189 8.997857097688106e-05 0.0010626794891142903 0.0007400386041106638 0.002304886035844081 0.0016466208848397244 -0.0009443817192721403 0.0012489074030496265 0.001223452576705652 0.0008831253110767806 0.0007733226853766182 0.0006340559669870604 0.0015300242658013218
4 0.0026087390602201805 0.003328699726691112 0.00202701764998694 0.010701592649723547 0.003103006437197919 0.00013193197743806615 0.008786420602551543 0.0026643614921543005 0.004513615509807173 0.006670548046708156 0.000998852296513466 0.0001632558015053097 -0.0015577574455633194 0.004762798535467356 0.0009921409571333134 -0.002055621353300176 0.0034840206150479765 0.000967607132052832 -0.0023819010398961086 0.003428568870877252 0.00250290623551817 0.005338855829229496 0.005724474790139666 -0.001218411706069076 0.0006081270364081782 0.0007499869032843657 0.0019473447017886013 0.002710933477480007 0.0006442981963139352 0.002908275554004136 0.011370415704850978 0.0026572405301360947 0.0032887540643227364 0.0011884786175696137 0.0013018278581256341 0.0066445956888330744 0.0031659165262838958 0.005764777422096652 0.0009435337512128392 0.0005622491878982921 -0.0010833478254517342 0.00654157980074001 0.0033560404607577265 0.004354750581110472 0.0009169322099962541 0.0036094270868905444 0.0012028866231382 0.0040170088884904295 0.0011145879324234718 0.0029615366031150096 -0.00301311476158773 0.0018567338285566206 0.0016392118918797818 0.0013970225381446438 0.0051976728358225895 0.0009371279283278906 0.0014865737782235556 0.004104834604098827 0.0011609049834854464 0.0036927823790408225 0.003119959915033675 0.0008476579245552492 -0.0004789046608950147 0.0014905573329438274 0.004757983254492562 -0.0018543715681226252 0.0027167220773954347 0.0018166293082333834 0.001957564541579119 0.002526695887056065 0.0030444797065540016 0.0026058689723292643 0.003735998546595996 0.0018044831937196089 0.003885067785497513 0.002662634938335215 0.0015409292089851804 0.004968756814209044 -0.0003178869776503596 -0.0001939267380601512
5 0.003964768874571161 0.006103738568011855 0.0020744080244032704 0.003103006437197919 0.008240084341642504 0.0017015364622853326 0.003403503006455412 -0.000320913244686796 0.005288947115935268 0.004111259912145174 0.004580665322648952 0.0016832090338002857 0.0023308132148463227 0.006648773986543624 -0.0014773760883325813 -0.002704136231459632 5.7908698586513156e-05 0.005789744531235575 0.00620135435027117 -0.0005988371540022922 0.004250969423144533 0.0027093561626832133 0.010587197811348302 0.0018756216149093644 0.00953047227588728 0.002822078302147639 0.004087725077194007 0.0026592651193408515 0.009427635318812633 0.0035167767996428056 0.004100475036722528 0.0052422258801671714 -1.7523558408926054e-05 0.005421782730408969 0.0016240831420091196 0.0013951666676043696 0.005098675576282988 0.0038534241257004716 0.003290420399445355 0.004197130951116345 0.002520708856973466 0.014081818395738936 -9.052816298622778e-06 0.004735933535572706 0.004708895509568529 0.0019748396712751487 0.0011788574094308555 0.00306387471991916 0.004249632459002478 0.0034457111996115896 0.0007070222767043817 -0.0008169913095624523 0.007596723556996628 0.001747360805413735 0.012487364340925384 0.004389059821586885 0.0008599011834512137 -0.0018365993417244389 -0.0011154270527575071 0.003903843645748403 0.0038843971257570484 -0.001408697513341812 -0.002116857453771943 0.004418868251041662 0.008492412684980286 0.007927515008203146 0.003772959626496871 0.0016261387638995665 0.0019059383662418305 0.0022003857997213295 0.0024288890675798454 0.00031018488497989473 0.0037887742171492226 0.007547192903589 0.009313422079840917 0.001998622680971066 0.005031055900365181 0.002256538284934837 0.002159862168600664 0.004680913285164595
6 0.0009344415005748933 0.00047796029439336275 -0.00029548706026365446 0.00013193197743806615 0.0017015364622853326 0.0017978723798250218 0.000795875700224501 0.0002810800066539321 0.00046067587295959514 0.00018130421390416443 0.0008315431062403093 -0.0002871644158257013 -0.00027683229023837735 0.001067899956792162 -0.0008005126275950844 -0.00021677049687071962 -0.0013606279974486537 0.0012518250580163105 0.0015623039692936804 -0.0005661414864443211 0.0006756102149215505 0.0017727483020166766 0.0029326344791746 -0.00022381934504035037 0.00010330590077772608 0.0003155473559518042 0.0003029926771787709 -0.001479628226644198 0.002420949253846366 0.00030076241799083904 -0.0003540684304085446 0.0004444058433004711 0.0004426154013249399 0.0011660656404643814 0.0011442398443093926 0.00012215142045936814 0.0018045838203155661 0.00028084571162214646 -0.00024194529842221603 0.0004701314197916361 0.0005776961151537099 0.0017840357197833772 0.0002849186987763821 0.00040820886067103256 0.00013165651055056408 0.0001543531080147699 0.00034478393116904225 -0.00023507339853854882 0.0009326297977552921 0.00048259801311316045 -0.0008074084261142282 0.0006917487516065889 0.0007505447361378239 -0.00011128449100347207 0.003021634157218056 -0.0003830395236682526 -0.0006549361205783728 0.0008861280623975429 0.00032094916045402643 0.0010309371989242568 0.00029183413185630684 8.07713555935705e-05 -0.0014076466149574552 -9.523767570140001e-06 -0.0007838741100582756 0.0003349322115119359 0.0006056243865869105 4.1827649534917435e-06 0.00012181916875443621 -0.000192226466867034 -0.00038710351163746614 -0.001523642396457442 0.0014455821059277138 0.0017473826696129088 0.0007504753405567749 0.0002978653905236595 0.0019283179633389374 0.0010730129251239541 -0.0006143318113487697 0.00040328585728375394
7 0.00439908329212618 -0.0015066661315660216 0.0029228440592718196 0.008786420602551543 0.003403503006455412 0.000795875700224501 0.013496084903656712 0.0036924265169499524 0.0040190568433754684 0.004379887662940445 0.0008770542711324334 0.0006938604889359013 -0.0036617230289275153 0.004255352607341215 0.0022568850977914352 -0.00014954741692359998 0.0008798255634939006 0.0007337382763350985 0.00012741553067667692 0.0009979669111767168 0.00514875278047384 0.006454442238382593 0.008327969069870272 0.00018258413658826453 -0.001854220219254004 0.0007814399103029129 0.0003278342400142161 0.003332657126557285 0.0045574399533151125 0.002441247136909706 0.012371177338389454 0.0021668287887351713 0.003404041436760005 0.0030049847921717284 0.0033993769018360346 0.00560582152790909 0.009298608546416398 0.0062811941158259586 0.0010484278654096623 0.0032147909086588182 -0.00036720490572769157 0.006103923336284828 0.0048624519019331725 0.004657063969129555 0.0006015090179085716 0.004920556500651719 0.002002652482445129 0.00673903629480409 0.00037556594131848465 0.0029526317741027357 -0.0032046357027208385 0.004224861085140953 0.000215712585128084 0.0032030595288637387 0.0007501273281797651 0.0011183243660337157 0.0020193730447016418 0.002972689116626135 0.005477190223022119 0.004468663757978413 0.003277919550797229 0.003120425243822516 0.0031015393891435324 -0.0002848979362552125 0.004013207947730284 0.002000199124859806 0.0028346503076920756 0.0008908009285817524 0.0010456757427405412 0.0025282966195682957 0.002012229781749198 0.003838538219036151 0.003330795807134418 0.0006425504560077667 0.002673719303077016 0.002511272595240432 0.0041218201352226005 0.005856337294391803 -0.0006167094951857511 0.0006163144163358407
8 0.0014466917300725022 -0.0009189721186218707 -0.00015993706877812935 0.0026643614921543005 -0.000320913244686796 0.0002810800066539321 0.0036924265169499524 0.0032405047401594597 0.00014733679462705036 0.000544648681364361 -0.0007401361786469267 2.478340463553327e-05 -0.0019415327590497117 -0.000984294650937615 0.0005593511446785948 -0.0004408600290223608 3.4692534093641735e-05 0.00036601135200377554 -0.0018498335115765608 0.0009314525377307393 -9.35978366565642e-05 0.002763699298951138 0.003153906349219765 -0.0019001710476390598 -0.0016052228969044083 -0.0003765719297289625 -0.0007544840509834405 0.00027198426950669644 0.0007997549264931219 -3.157784710000021e-05 0.005273300304025819 0.00041150918397093815 0.0017636219569532909 -0.00034109661385858407 0.0010070773242865344 0.0015003766068702336 0.002865715582446214 0.001848721289896185 0.00010315027967555135 0.00021452978922112 -0.00021710694037941304 -0.0009288918097958756 0.0018777376434874085 0.0014139746684806518 3.662634819083299e-05 0.00013316931643640053 -0.0001579734032429166 0.0006112619238191972 0.0007706987719455866 0.0008269538098659772 -0.0016806782350317709 0.0015091920165525474 -0.00018996355365813314 8.951131052597e-05 -0.00222783592799467 -0.0002014887645447022 0.00025991831815120865 0.0024905495244439517 0.001445044126635324 0.0006610119774134985 0.0009681462963556739 0.0035518034796500966 0.0005532865068512985 -0.0014517362173121669 0.00025618609852268246 -0.00155355491260227 0.0003107598718377458 0.0005712994749842859 0.0009295696435416463 -0.0003329710326727291 0.001475602937027186 0.0016172690351935253 0.0014959436039270683 -0.000296898587148283 -0.0011162774003628517 0.00039168785828372756 0.0009980619596121041 0.0020785396867771893 -0.0005168384402296441 -0.0016273955033091919
9 0.002895910926303975 0.003958492243152352 0.0021435574565313886 0.004513615509807173 0.005288947115935268 0.00046067587295959514 0.0040190568433754684 0.00014733679462705036 0.004429793542792514 0.004334329622802377 0.002668310647880693 0.001498030321705824 0.0009215540615306511 0.004967918010936415 -4.760507643839943e-05 -0.0019054238860779496 0.001139826800794419 0.003423780560162226 0.0028188975238654626 0.000500045279815176 0.003428013835442468 0.0023239804477147375 0.0065568477355698596 0.0009025082301791396 0.006079420084181832 0.0018304895156412994 0.0029556014725829953 0.0021816183988328445 0.005164488726145148 0.0029645311135407834 0.0063184098233997395 0.00391594523933692 0.0006943024487472727 0.0032880876154177856 0.00097561143548993 0.0026499606365980037 0.0033713284475254636 0.0037445289911633437 0.002409889673678421 0.0030699748366493106 0.0014341923417006026 0.009930721797753445 0.0012778740452061886 0.0038848111038221785 0.0029634025603283765 0.002297430701176074 0.0012017092021468332 0.0030885069420178214 0.002557024193230506 0.002654116751685519 0.0001630180593137231 -0.00013040061770456686 0.005040267067317837 0.0017742322937022933 0.008213913101378818 0.003124926456657065 0.001058727161212416 -0.000295116054759327 -0.00040382149487172195 0.0027503563719781716 0.0035789076545804433 -0.0010694315980108492 -0.0008628530716664636 0.002940594883897399 0.0068722876192229875 0.004234276789317508 0.0027642617317529703 0.0015957571504881783 0.0015435850029329294 0.002214278320392557 0.002553632818210889 0.001462803661439696 0.0027960558931692616 0.004705925825168645 0.0063477812751285105 0.0019630996824782964 0.0028563795175438195 0.0025664930133436226 0.0016287119856952467 0.0026905253866456452
10 0.002221349266287818 0.004920651205523295 0.0024642952342001515 0.006670548046708156 0.004111259912145174 0.00018130421390416443 0.004379887662940445 0.000544648681364361 0.004334329622802377 0.006302681951438401 0.0022662505654200043 0.001179300149541316 0.0002723559531322318 0.004885512784056279 -0.0005205183015211496 -0.0029426557323435107 0.0026640496571654045 0.001623870404689747 -0.0004990491360092769 0.0014202672276249755 0.0026009451714131986 0.0029276407436166657 0.004439406456628091 -0.0001623801143848674 0.004124159322655879 0.0009049780450614219 0.0022589037659318683 0.0026856027083333924 0.00206479158338596 0.0032434736882181237 0.005561125464295065 0.002847521315778987 0.0017291296378109443 0.0025282037058434446 0.0009594090240259242 0.003801480054013352 -0.0006501202571623492 0.004411598644462193 0.0006505592907514459 0.002054889225732234 0.0008317512221510601 0.005637349212267113 0.0014481788481738038 0.0027735276759418455 0.0021906033153574157 0.0017397911980655515 0.0002619091745241043 0.0032888805127713624 0.0012468258341526107 0.0031916097263482057 -0.000571847496764346 -0.00040273736367551756 0.003525592727748594 0.0015233590355583936 0.007668788481892066 0.0012811880206021694 0.0010029774189552428 0.0015036514931778034 -0.001988179130356747 0.0026384043693525277 0.0030529501136622975 -0.000633813789487104 -0.0017056498199940512 0.002215947914014259 0.0057848399605900346 0.000413418446738782 0.0017288308789113395 0.0015503861788715102 0.001621326314661014 0.0019096722156507191 0.002127120981808772 0.001647650969900778 0.003589265939464599 0.0022024201181501855 0.004117129790850205 0.0017471696081068266 0.0006324443194602183 0.0024984839049612324 0.0011826773132802696 0.0009389904651530917
11 0.0016731207085160936 0.006553295447246899 -5.854060974937563e-06 0.000998852296513466 0.004580665322648952 0.0008315431062403093 0.0008770542711324334 -0.0007401361786469267 0.002668310647880693 0.0022662505654200043 0.00422357605168944 0.000910764044817426 0.00252063157103121 0.004267770337141412 -0.0021734074659640087 -0.0024808720351813204 0.001698830980511546 0.003988187206110093 0.0027397353696907854 -0.00038660507837340297 0.0012339952820007464 0.0006863509887302743 0.006133330226941749 0.0024595489490171125 0.006367685812492445 0.0023181298734009734 0.0026381338838592236 0.002165358962337983 0.006344305487868029 0.0010815484540764796 -0.00012552693755828672 0.0022927503250190066 0.0001864981898899203 0.0027548644993451504 0.0005078692230378344 0.0005758289993612935 0.0017330133716278605 0.0022639018559082306 0.0007328906067929897 0.0015243413110563792 0.0008016914350839436 0.009280929394685462 -0.0015856712095357701 0.0015684630683450293 0.0036487407204383046 0.0011262772694594113 -0.0003492204748520559 0.001427396194783924 0.002577219606128945 0.002917755075213847 0.0015876068476633324 -0.0008895366400243641 0.004320928288147208 -0.00017715935548700054 0.008777140110157603 0.0022852591702004735 6.975409014198627e-05 -0.0015491890698619054 -0.0013601860269291488 0.0034331193751128237 0.0016448999277587054 -0.0015575492665883919 -0.0023853779477632235 0.002929779166682164 0.004443173895972616 0.0043466779862944595 0.0020729528213262586 0.0002975705544593563 0.0012314493789174728 0.001092511406255468 0.0007600660494603428 -0.0007376918870435023 0.001477183608211049 0.005283812807911756 0.005878592784569569 0.00018616149140372585 0.0017501579099558295 0.00018326385244804536 0.0018293353033354482 0.002326203580818908
12 0.001291443814754076 0.0013451445342713604 0.001113788152339478 0.0001632558015053097 0.0016832090338002857 -0.0002871644158257013 0.0006938604889359013 2.478340463553327e-05 0.001498030321705824 0.001179300149541316 0.000910764044817426 0.0017193667566505187 0.00017731389251253853 0.0008618361996443872 0.00021279520391188355 -0.0008975391732298195 0.0002554238867500197 0.0014681607051615306 0.0015646648746204764 -0.000942270252785081 0.0014294418021249698 -0.00034495384144444364 0.0014836184971070664 0.0004027986989256717 0.0038276128254780646 0.0003879080877337144 0.0007475274155069885 -0.0001065920003997573 0.003129915691683077 0.000747368324185007 0.0031621478579976037 0.0015323106768945812 -0.00013265371244132148 0.0014646149481787362 0.00026457397173464706 0.00041280861639186054 0.0007745974935948725 0.001098305740783899 0.000852611529218195 0.0024530296619813584 0.0014904375615496005 0.004481593186187698 0.0008042178566769061 0.001401702777087892 0.0014995242018389148 0.00036618452176990287 0.0001180608898868396 0.0012164481016367025 0.0012889153351354138 0.0010033456898540297 0.0013461307935883667 -0.0004635081694683058 0.002647521859536983 0.0010494464563546564 0.0021600537868181587 0.0018910234786169728 0.0003702205729244597 -0.0005839405254922304 -0.0004638471206855287 0.0001961017268634922 0.0019137756719774402 -0.00020413554603506385 0.0001895252722941606 0.0005404555439996816 0.003587715510331013 0.0024961404571602337 0.0004897048936518128 0.0005162211793091142 0.000537765210866864 0.000646782996207686 0.0014069136832562683 0.0015085094195060014 0.0009614664066448762 0.001992094851177718 0.0019604640401694536 0.00046867836900251354 0.0005832202601241538 0.000547838709048746 0.0018299211438288915 0.0010380996764754761
13 0.00015276669055731715 0.0031537549786896835 -0.0006713141068862633 -0.0015577574455633194 0.0023308132148463227 -0.00027683229023837735 -0.0036617230289275153 -0.0019415327590497117 0.0009215540615306511 0.0002723559531322318 0.00252063157103121 0.00017731389251253853 0.0042213523840934535 0.0023653981844269545 -0.0013184139050201292 -0.0007723092428173465 0.001161965496106465 0.00173177480551569 0.0027974519168843036 0.00011692909708329318 -0.0003902907162139483 -0.002184280619446189 0.0023731497007741485 0.003663977623282723 0.005241234128737654 0.0008951099581085089 0.002180155682064355 0.0016215026404452707 0.001996390336507638 0.00033508154589845956 -0.0031749275702391247 0.0014680078102996346 -0.002220240003873396 0.0012473513368628961 -0.000901268915884728 -0.0012366875856483792 -0.0012789309394388919 -0.00017639180297623745 0.0012750016741274147 -0.0007015034411119226 0.0002622906669872319 0.0030528146146625934 -0.002842147505432356 -0.00011431790413700513 0.0024975388197605707 -0.0008173529445472089 -0.0007223057447014646 -0.0011632422748028086 0.001040183901131564 0.0006197261187537735 0.002191322515151209 -0.0016919036025534622 0.0023005083639160893 -0.0008510146139863914 0.004371717267178319 0.0013126460283892168 -0.00010653562421930229 -0.002255864643625463 -0.0027088971349704723 0.00014572597248255662 0.00023947761324844742 -0.0027871839736174015 -0.0009219582123480976 0.002493386509853098 0.002810395082180971 0.0036023142253917267 0.0015595252790411962 0.0010517275715297076 0.0006447208909133344 0.0009092955358736204 -3.0711628836488826e-05 -0.0016983025403254956 -0.0010108484018810423 0.0023847860221115234 0.0032903117063489444 -0.00020897846933138576 0.00018927522605011301 -0.0007573118556041682 0.0015054268318957565 0.002758153230376385
14 0.003141722931764411 0.004966252660519817 0.0018711593944183782 0.004762798535467356 0.006648773986543624 0.001067899956792162 0.004255352607341215 -0.000984294650937615 0.004967918010936415 0.004885512784056279 0.004267770337141412 0.0008618361996443872 0.0023653981844269545 0.007307087280257423 -0.0008568616300723169 -0.0018486424463340797 0.001680026585467503 0.003558264279469193 0.004014473932934997 0.0005519647672865355 0.003962472209242135 0.002391963160870831 0.008456935334039547 0.0035427277941407027 0.006300457034996873 0.0023280039535807442 0.0036687580767432483 0.0034163977720770866 0.00593665467101575 0.0032604081691056785 0.003626516855374676 0.0039453940603421615 0.00015417180722089441 0.004362360777605016 0.0013461743258472228 0.002634035639920698 0.0035782603977334917 0.004164043670419661 0.0020353890454901714 0.002360031272551727 0.0009977828836630637 0.009915019976036166 6.853503627288515e-05 0.004520096129495941 0.0036735971700424612 0.0028411941818284395 0.001045054226673476 0.003491043756480109 0.0020509188912937134 0.003324043797559581 0.0003584837479329392 0.00016026866229183217 0.004614023673862035 0.0014454400921738468 0.010758931898456404 0.002498004326693781 0.0008031269254663333 -0.0009027514527592775 -0.0006994695222493395 0.003922571682941247 0.003104798433562736 -0.002796054802533537 -0.0011698723862114701 0.0038751362172204464 0.00648435569701273 0.005407772941687871 0.003662728885274392 0.0017894045117860847 0.0013563683409488015 0.0028463328466217103 0.0012515697143512345 -0.000420517216332702 0.00236395975359427 0.004969112520894474 0.007395533550684871 0.001830439871664763 0.0033199197932476704 0.0028677426863448095 0.0013529106962627564 0.003916582033542732
15 0.0007226590839482873 -0.006409419074820116 0.0009223277886263534 0.0009921409571333134 -0.0014773760883325813 -0.0008005126275950844 0.0022568850977914352 0.0005593511446785948 -4.760507643839943e-05 -0.0005205183015211496 -0.0021734074659640087 0.00021279520391188355 -0.0013184139050201292 -0.0008568616300723169 0.0031420934138896546 0.0026910320559233717 -0.0011890281710655267 -0.0018038959494076205 -6.504606206277483e-05 0.0005238019742591117 0.0015275769024336535 0.00022643471564395232 -0.0009984227167622961 0.000636593696084256 -0.0031151848938226106 -0.0009261380860853177 -0.0006901846049848675 -0.0008069816213934624 -0.0022734801829695085 0.00028221500202030666 0.005386097029927319 0.00024104196908684246 -0.0003495358570086721 -0.0006500457285597951 0.00030419540537314455 0.000990908137572805 0.002836527190430287 0.00029605382527099673 0.0012171573129181545 0.0004383597501599844 -9.510174465554565e-05 -0.003443723527279997 0.002740906609758973 0.00036167442966786583 -0.0015902658767638176 0.001108212398648902 0.001490809305290304 0.0007231293621546913 -0.00144072484202811 -0.0013596927656860196 -0.0006880018798097929 0.0020977793672611687 -0.0019933814531111174 0.0014763497519021296 -0.005200183126065577 -0.00039912810000851347 0.0005742739292331026 0.0010315476709444181 0.002654764521287547 -0.0017676065385538078 0.0012218887963603678 0.00019319963449896955 0.0036047859145968628 -0.0016014179027857719 -0.00024246569563771207 -0.00032837203822952524 0.0004954161231210083 0.0011968110525989871 -0.00042813675210026046 0.0010394179434099365 0.0006125783257984662 0.0013631847057695037 -0.0013104855316645942 -0.00228497554779651 -0.002308498544498821 0.0010038768077231767 0.0006721936147360615 0.0024868131315972032 -0.0005903231798293415 2.676310203386577e-05
16 -0.0002673008244574288 -0.00842683350921396 -0.00035710307475648534 -0.002055621353300176 -0.002704136231459632 -0.00021677049687071962 -0.00014954741692359998 -0.0004408600290223608 -0.0019054238860779496 -0.0029426557323435107 -0.0024808720351813204 -0.0008975391732298195 -0.0007723092428173465 -0.0018486424463340797 0.0026910320559233717 0.004072196357599797 -0.002532118685902997 -0.0027283220414859722 0.0004775082888244204 -8.29409284851495e-05 0.000569098680725385 -0.0008019085459128552 -0.0022302210307500073 0.0018315828495292631 -0.005569997988295086 -0.0012316337747335848 -0.0015038192751765966 -0.001627580648492694 -0.0035170358111643466 -0.0008182503592865196 0.00026659795302530487 -0.00119844286898304 -0.0013505313160315996 -0.0012416422785657337 0.0002012423256494457 -0.001042929149697567 0.0023597281382491137 -0.0016859183707837442 0.0003644120189198584 -0.0010137085033805314 -0.0005037717539372537 -0.008060173025228287 0.0014088956697352988 -0.0006817380572889137 -0.002445807238918803 0.0002134437353596397 0.0012029276139785224 -0.0009056597279968758 -0.0025909994563459216 -0.002485072812030905 -0.0005726617793934321 0.0023941424027649123 -0.004087071814075859 0.0005178521187753016 -0.006997779682648162 -0.002047702306412417 -0.0003215507883476839 0.00027244131181356466 0.002849155682366021 -0.002585526949961015 -0.0005499556571793649 -0.0005124440579540075 0.003723018063951383 -0.002337951208274023 -0.003907526707050867 -0.0007126005648046993 -0.00011930124943080248 0.0006931763078893066 -0.0013954098971069152 0.00022687116859107195 -0.0014518409461444655 -0.0010426929454236495 -0.0029766927631215074 -0.0036723479791635656 -0.004395443570495113 3.918568499226486e-05 0.00048592083283516757 0.0014737014175477902 -0.0016637532132015229 -8.382737102463073e-05
17 -0.0007044955561176169 0.006802360233384235 -0.000536171076139695 0.0034840206150479765 5.7908698586513156e-05 -0.0013606279974486537 0.0008798255634939006 3.4692534093641735e-05 0.001139826800794419 0.0026640496571654045 0.001698830980511546 0.0002554238867500197 0.001161965496106465 0.001680026585467503 -0.0011890281710655267 -0.002532118685902997 0.005212103369979668 8.174151774105724e-05 -0.0023323436188139794 0.0014591911599032294 -0.001551494281071646 -0.0010377924929064134 -0.0005174178988897336 0.0011764853987369075 0.002805522634845535 0.00030968566741104426 0.0009362510028591925 0.0019100847563486311 -5.039531571109803e-05 -0.0005887359537036467 0.0015572770468129983 -0.00030612241442642393 0.0007090938954225116 -0.0005696559663339809 -0.0011654357017484595 0.002724286284906521 -0.0027385691184503586 0.0016437050766261977 -0.0012764224141592097 -0.0016768271798903347 -0.0017789099277477703 0.005200461227960691 -0.0013573230191518198 0.0023452928577456377 0.0015169179248319335 0.0009134754631997407 -0.0015290777363431722 0.0009327288487567836 0.00046680882802654016 0.001787105311997522 0.0008855360929857892 -0.0009797010594009095 0.00039597522072059107 -0.0013008109963365735 0.0028403741427238506 0.0008991491647949703 0.0003545506102546583 0.000694402008065795 -0.0014611378219359429 0.0019500105456296628 -0.0005043297378097751 -0.0012562489644561037 -0.0012143492277212225 0.0015240874541032116 0.002167521598027828 -0.0012079381324453453 0.0004174496691305218 -0.00023100385911988737 0.0008191320712075098 0.0008512957252595172 0.0007440437652319258 0.0008322020374073555 0.0001512107062450521 0.001124529048920653 0.0025285846260319675 -0.000299836239763442 -0.002642545080951369 -0.000409447530795976 0.0014868766075066763 -0.0003709825123616395
18 0.0023959448747795107 0.007478607384059646 -0.00041566252566887986 0.000967607132052832 0.005789744531235575 0.0012518250580163105 0.0007337382763350985 0.00036601135200377554 0.003423780560162226 0.001623870404689747 0.003988187206110093 0.0014681607051615306 0.00173177480551569 0.003558264279469193 -0.0018038959494076205 -0.0027283220414859722 8.174151774105724e-05 0.00785183896446033 0.0034109773236238685 0.00019095217416248298 0.0014803987429674995 0.00231672233880182 0.008865852942091688 -0.0008415904915667258 0.008706692789401269 0.0043520830649643955 0.004007400927158879 0.0010555997241353632 0.008918259621930056 0.001699456122974774 0.004541414664051186 0.004627500925571672 0.0014461207825420702 0.002153000331155151 0.0001310789420119547 0.0004697662126219944 0.005997056921810586 0.002501746198761151 0.003291302495410359 0.003197938384352734 0.0019110403609663464 0.015521002655703301 -0.0002673030125843098 0.002640640260666689 0.004568093814602839 0.0018861319551951253 0.0012684230434518652 0.0006876951117477765 0.005729361211769444 0.003043127011804769 0.0012396636950505599 -0.0010214893335139961 0.008322780120480967 -8.848339158990205e-05 0.01197672623911935 0.004853001900900055 7.91655686625253e-05 -0.0020120574911900654 -0.00023340731993758785 0.004197429408496695 0.00395596275275849 -0.0003011798156662503 -0.004059289042600763 0.003922207188640218 0.006605327026948901 0.005434596646536355 0.0028344426292704855 0.0005963150086694173 0.002229784414287161 0.0007615511162902613 0.003533951628161169 0.00020691222381280706 0.0024870030405644418 0.010130353723819447 0.009101144178086266 0.000967758102496052 0.004256334702849073 0.00046263812934350284 0.0019690906703130695 0.0019092614777338809
19 0.0031307864347309964 0.000660749885764962 0.0013358045133034016 -0.0023819010398961086 0.00620135435027117 0.0015623039692936804 0.00012741553067667692 -0.0018498335115765608 0.0028188975238654626 -0.0004990491360092769 0.0027397353696907854 0.0015646648746204764 0.0027974519168843036 0.004014473932934997 -6.504606206277483e-05 0.0004775082888244204 -0.0023323436188139794 0.0034109773236238685 0.010215640659957675 -0.003011940453034002 0.0039154165939883 -0.001213566940997207 0.006979618560683522 0.004694259916208251 0.008347191921488096 0.0007938498630009623 0.0024633795796775355 -0.0009593721287910389 0.008986990512126392 0.0012646991368228983 0.0011576859789911174 0.0035615415552311593 -0.003504223652441771 0.005334954670355032 0.0012697082942849857 -0.0011455406255368116 0.005891438698376502 0.00010609355025973719 0.003242860017248568 0.0034631395761549957 0.002632809906557332 0.011445563093070543 -0.0006706686387195741 0.005535237477527829 0.0030145357043357703 0.0007431207471966235 0.0012370748533395962 0.0010787576177263781 0.002891462200898014 0.000262389940376606 0.001956600522736149 -0.00026339229805165057 0.004744179814372983 0.0015910909585824349 0.006258226031023045 0.004086854635762151 0.00018390009132278478 -0.0031667344140674123 0.0004234689362644368 0.0004412934881551669 0.0016759905421914482 -0.0030419573872905153 0.0012083016820932115 0.0027941306903112246 0.005392929468152824 0.010332871939183648 0.003221970518498999 0.001311230063511593 0.0001131583413742305 0.0019223032136982995 0.0004291563856543037 -0.0010847428454810592 0.0008485411948677375 0.0054125305481828095 0.006621174656189129 0.0013842201105173355 0.005148988242488272 0.0017848610937106475 0.002248366980987694 0.006520911039628777
20 -0.00023774977784530175 0.0003482274401202869 -0.0005664506096739503 0.003428568870877252 -0.0005988371540022922 -0.0005661414864443211 0.0009979669111767168 0.0009314525377307393 0.000500045279815176 0.0014202672276249755 -0.00038660507837340297 -0.000942270252785081 0.00011692909708329318 0.0005519647672865355 0.0005238019742591117 -8.29409284851495e-05 0.0014591911599032294 0.00019095217416248298 -0.003011940453034002 0.0028710892100014106 -0.0008349696610825765 0.0016115967079981808 0.0008404811663000058 -0.0009778172902345486 -0.0016043378228084984 0.0006628068524386138 0.0008368785958261979 0.0015614138668434642 -0.0029016444539999475 0.0006169048008964018 0.0030067195585700072 0.0006128620176981154 0.0012925533773225973 -0.001714495763224421 -0.0006508357129624437 0.0017489790810397607 0.00031368003303674927 0.001295134153807175 0.0007277520391804813 -0.0017889559933065013 -0.0013692245261915854 -0.0013384946883109549 0.0005503649923412001 -6.178337754747211e-05 -0.00011719134408252679 0.0007987805283898141 0.0004472014065825683 -0.000323957260413292 -9.621106449267546e-06 0.0003685847641899324 -0.0013420200187060703 0.000539262197692752 -0.0002808965344837829 -0.0006083204079456318 0.00046664868683474886 -0.0004734986806245242 0.00029640400187169166 0.0014305970439938932 9.844957772564008e-05 0.0007017252885813962 0.0007269587594551635 0.0003377730063580824 -0.0005919802977478701 0.0005096008813486346 0.000161117448743944 -0.0028057700164417615 0.0007807577055083857 0.0009647986014540847 0.0008403308667519653 0.0004951171605075734 0.0011977857303099159 0.00018058129889214275 -0.00017941413117015514 3.551784274863274e-05 0.00029491079886169084 0.000554393372361927 -0.0003243056453770983 0.0011178477910961393 -0.0010075364874935974 -0.001307905847862713
