0,1,2,3,4,5,6,7,8,9,10,11,12,13,14,15,16,17,18,19,20,21,22,23,24,25,26,27,28,29,30,31,32,33,34,35,36,37,38,39,40,41,42,43,44,45,46,47,48,49,50,51,52,53,54,55,56,57,58,59,60,61,62,63,chain_break_fraction,energy,num_occurrences
1,1,0,1,1,1,0,1,1,0,1,1,0,0,0,1,0,1,0,0,1,0,0,1,0,0,0,0,1,0,0,1,1,0,0,1,1,1,1,0,0,0,1,0,1,1,0,0,0,1,0,1,0,1,0,0,1,1,1,1,1,0,1,0,0.0,-453.9998323832522,1
0,1,1,0,1,0,1,1,0,1,1,1,1,0,0,1,1,0,0,0,0,1,0,0,1,1,0,0,0,0,1,1,0,0,0,1,1,1,1,0,1,0,1,1,1,1,1,0,0,0,0,1,0,0,0,0,0,0,1,0,1,1,1,1,0.0,-453.95983196821214,1
1,0,1,0,0,1,0,1,0,0,0,0,1,0,0,1,1,1,0,0,1,1,0,1,1,1,0,1,1,0,1,1,0,0,1,1,1,1,1,0,1,0,1,0,0,1,0,0,0,1,0,1,0,1,0,0,0,0,1,1,1,1,0,0,0.015625,-453.95861962416245,1
1,0,0,1,1,0,0,1,1,1,1,0,1,0,1,1,0,0,0,0,1,0,0,0,1,0,0,1,0,0,0,1,1,0,1,1,1,0,0,0,0,1,1,0,0,1,1,1,1,1,0,1,1,0,0,0,1,0,0,0,1,1,1,1,0.0,-453.95730107284487,1
1,0,0,0,1,1,1,0,1,1,0,0,0,1,0,1,1,0,1,1,1,1,0,0,0,0,0,0,0,0,0,1,1,0,0,1,0,0,0,0,1,1,1,1,1,1,0,1,1,1,0,1,0,1,1,0,1,0,1,1,0,1,0,0,0.0,-453.9548828145728,1
1,0,1,1,1,1,1,0,0,1,1,0,1,0,1,0,1,1,0,0,1,0,0,1,1,0,0,1,0,0,0,1,1,0,0,1,0,1,0,0,0,0,0,0,1,1,0,1,1,1,0,1,1,0,1,0,0,0,0,1,0,1,1,1,0.0,-453.95282295318606,1
1,1,1,1,0,1,0,1,1,0,1,1,1,0,0,0,0,0,1,1,1,1,0,0,0,1,1,1,0,0,1,1,0,0,1,1,1,1,0,0,0,0,1,0,0,1,1,0,0,1,0,1,1,1,0,1,0,0,0,0,0,1,0,0,0.0,-453.9460208562753,1
0,1,1,0,1,0,0,1,1,0,1,0,0,0,1,1,0,1,1,0,1,0,0,0,0,1,0,1,0,0,0,1,1,0,1,0,1,1,1,0,1,0,1,1,0,1,0,1,1,0,0,0,0,0,0,0,1,0,1,1,1,1,1,1,0.0,-453.9435200266543,1
1,0,1,1,0,1,1,0,0,0,0,0,0,0,0,0,1,1,0,0,0,1,1,0,1,0,1,1,0,0,0,1,1,1,0,0,1,1,1,0,1,0,1,0,1,1,0,1,0,1,0,0,1,1,1,0,1,0,1,0,0,1,1,1,0.0,-453.93967171205804,1
1,0,1,1,0,1,1,1,1,0,1,0,0,0,0,1,1,0,0,1,1,0,0,1,1,0,0,0,1,0,0,0,0,0,1,1,1,1,1,0,0,0,1,1,0,1,0,0,0,1,0,1,0,1,1,1,1,1,0,0,1,1,0,0,0.0,-453.93378587634163,1
1,1,1,1,0,0,0,0,0,0,1,1,0,0,0,1,0,0,0,1,1,1,0,0,1,0,0,0,0,0,1,0,1,1,1,1,1,1,0,0,1,1,1,1,0,1,1,1,1,0,0,0,1,1,0,1,0,0,0,0,1,1,1,0,0.0,-453.92932168110065,1
1,1,0,1,1,1,0,1,0,0,0,1,1,0,0,1,0,0,0,0,1,1,1,0,0,0,1,1,0,0,1,1,1,0,1,1,0,1,1,0,0,1,0,0,0,1,0,1,1,1,0,1,0,1,0,1,0,0,0,1,1,1,0,0,0.015625,-453.92881288779483,1
1,0,1,1,1,1,0,0,0,1,0,1,0,0,1,1,1,1,0,0,0,1,0,0,1,0,0,0,0,0,1,1,0,0,1,1,1,1,0,1,0,0,1,1,0,1,0,1,1,1,0,1,0,1,0,1,0,1,0,0,1,1,0,0,0.0,-453.92797136098693,1
1,1,1,1,0,1,0,1,1,0,1,0,1,1,1,0,1,1,0,0,0,0,0,0,0,1,0,0,0,1,0,1,1,0,0,1,0,1,0,0,0,0,1,1,1,1,0,0,1,1,0,1,0,1,1,0,1,1,0,1,0,0,0,1,0.015625,-453.92735537571696,1
1,0,1,0,0,0,0,1,0,1,1,0,0,0,0,0,1,1,0,1,1,1,1,0,1,0,1,1,1,0,0,1,0,0,0,1,1,0,0,0,1,1,1,1,0,1,1,1,0,1,0,1,0,0,0,0,1,0,1,1,0,1,1,0,0.0,-453.92543556830043,1
1,1,0,1,1,0,1,1,1,1,0,0,1,0,0,0,0,1,0,0,1,1,0,0,0,0,0,1,0,1,0,0,1,1,0,0,0,1,1,0,0,0,1,1,0,0,1,1,0,1,0,1,1,0,1,1,1,0,1,0,0,1,1,1,0.015625,-453.92444563548094,1
1,1,1,1,1,0,0,1,1,0,0,0,1,0,0,1,0,1,0,1,1,1,1,0,1,0,1,1,0,0,0,0,0,0,0,1,1,0,1,0,1,0,1,1,0,1,0,1,0,0,0,1,1,0,0,0,1,0,0,1,1,1,1,0,0.015625,-453.92215056365734,1
0,1,1,1,1,1,1,0,0,0,1,0,1,0,1,1,1,0,0,0,1,1,0,0,1,0,1,1,0,0,0,1,1,1,1,1,0,1,0,1,0,0,1,1,0,1,0,0,0,1,0,1,0,1,0,0,1,0,1,0,0,1,0,0,0.015625,-453.92193338926444,1
1,0,1,0,1,1,1,0,1,0,1,0,0,0,1,0,1,0,1,0,0,0,0,0,1,0,0,1,0,0,1,1,0,1,0,1,0,1,1,0,1,1,1,0,0,1,1,1,1,0,0,0,0,1,0,0,1,0,1,1,0,1,1,1,0.0,-453.92188965960537,1
1,0,0,1,1,0,0,0,1,0,1,0,0,0,0,0,1,0,1,0,1,1,1,0,1,0,0,1,0,0,1,1,1,0,1,1,0,1,0,0,1,0,0,0,0,1,1,1,1,0,0,1,0,1,1,1,1,1,1,0,1,1,0,0,0.0,-453.91972307864575,1
0,1,0,0,1,1,0,1,1,1,0,0,1,1,1,0,1,1,0,0,1,0,0,1,1,1,0,0,1,0,1,1,1,0,0,0,0,0,1,0,1,0,1,1,0,1,0,1,0,1,0,0,1,1,0,0,0,0,0,1,1,1,0,1,0.0,-453.91683531120964,1
1,1,1,1,1,0,0,1,1,0,0,1,0,1,0,0,1,1,1,1,0,0,0,1,0,0,1,0,0,0,1,1,1,0,0,1,1,1,1,0,1,0,0,1,0,1,0,0,1,0,0,1,0,1,0,1,1,1,0,0,0,1,0,0,0.0,-453.9158277302408,1
1,1,1,1,0,0,0,1,0,0,0,0,1,0,0,1,1,0,1,0,0,0,0,0,1,0,1,1,0,0,0,1,1,0,0,1,1,1,1,0,0,0,1,1,0,1,1,1,1,1,0,0,1,1,0,0,1,1,1,1,0,1,0,0,0.015625,-453.91044697716035,1
1,1,0,1,0,1,0,1,0,0,1,0,1,1,1,0,1,1,0,0,1,1,0,0,0,1,0,0,0,0,0,1,1,0,0,1,1,0,1,0,1,1,1,0,1,1,0,1,0,0,0,1,1,1,0,0,1,1,0,0,1,1,0,0,0.0,-453.90641900342433,1
1,1,1,1,0,0,0,0,0,1,1,1,1,0,0,0,1,1,1,0,0,1,0,0,1,1,0,1,0,0,0,1,0,0,0,1,1,0,1,0,0,0,1,1,1,1,0,1,1,1,1,0,0,0,0,0,1,0,1,0,1,1,1,0,0.03125,-453.9042060752923,1
0,0,1,0,1,1,0,1,1,0,0,0,1,1,0,1,0,1,0,1,0,1,1,1,1,1,0,0,1,0,1,1,1,0,0,0,1,1,0,0,1,0,1,0,1,0,0,1,0,1,0,1,0,1,0,1,1,0,1,0,0,0,1,0,0.0,-453.90399678802913,1
0,1,1,1,1,1,0,0,0,0,0,0,0,1,0,1,1,1,0,0,1,1,0,1,0,0,1,1,0,0,1,0,1,0,1,1,1,1,0,0,1,0,1,0,1,1,1,0,0,1,0,1,0,1,0,1,0,0,0,1,1,0,1,0,0.0,-453.9030451247758,1
1,1,1,0,0,1,0,1,1,0,0,0,1,0,1,1,0,0,1,0,0,0,0,0,0,1,0,1,1,0,1,0,1,0,0,1,1,1,1,0,1,0,0,1,0,1,1,1,1,0,0,1,0,1,0,0,0,0,1,0,1,1,1,1,0.0,-453.9009705078876,1
1,1,0,1,1,0,0,1,1,1,1,0,1,1,0,0,1,0,1,1,0,1,1,0,1,0,0,1,1,0,0,1,0,0,0,1,1,0,0,0,0,0,1,1,0,1,1,1,0,1,0,1,1,0,0,0,0,0,0,0,0,1,1,1,0.0,-453.8991552824327,1
1,1,1,1,0,1,0,1,1,1,1,0,0,0,0,0,0,1,0,0,1,1,1,0,1,0,0,1,1,0,1,0,1,1,0,0,1,1,0,0,1,0,1,1,1,1,0,1,0,0,0,1,1,0,0,0,1,0,0,0,1,0,0,1,0.0,-453.895663075884,1
1,1,1,1,0,0,0,1,1,0,1,0,0,1,0,0,0,0,1,0,0,1,0,0,0,0,1,1,0,0,0,1,1,1,1,0,0,0,1,0,1,1,1,0,1,1,0,1,0,0,0,1,0,1,1,1,1,0,1,1,0,0,1,1,0.015625,-453.8908547559364,1
1,1,1,0,0,1,0,1,0,0,0,1,0,0,1,1,1,0,0,1,0,1,0,0,1,1,1,1,0,0,0,1,1,0,0,1,1,0,1,0,1,0,1,0,1,0,1,0,1,1,0,0,0,1,0,1,1,0,0,0,0,1,1,1,0.0,-453.8892825578612,1
1,0,1,0,0,0,1,1,1,0,0,0,0,0,0,0,1,0,1,0,0,1,0,0,1,0,0,1,0,0,1,1,0,1,0,1,1,1,1,0,1,0,1,1,1,1,1,0,0,1,0,1,1,0,0,1,1,0,1,1,0,1,0,1,0.0,-453.88926567107967,1
1,0,1,0,1,1,0,1,1,0,1,1,1,0,0,1,1,1,0,1,1,0,0,0,1,1,0,1,0,1,1,0,1,0,0,1,0,1,0,0,0,0,0,1,1,1,0,1,1,1,0,1,0,0,0,0,1,0,0,0,0,1,1,0,0.0,-453.8883219758545,1
1,1,1,1,0,1,0,1,1,0,1,0,1,0,0,1,1,0,0,1,1,0,0,0,0,0,0,1,0,0,0,1,1,0,0,0,0,1,0,0,0,1,1,1,1,1,1,1,1,1,0,0,1,1,0,0,1,0,0,1,1,1,0,0,0.0,-453.88766543472684,1
0,0,0,1,1,1,0,1,1,0,0,0,0,1,1,1,0,1,1,0,0,1,1,0,1,0,0,1,0,0,0,0,1,0,0,1,0,1,0,0,1,0,1,1,1,1,0,1,1,1,0,1,0,1,1,0,1,0,1,0,1,1,0,0,0.0,-453.8861219227089,1
0,1,0,1,0,1,0,1,1,0,1,0,0,0,1,1,1,1,0,1,0,1,1,0,1,1,1,1,0,0,0,1,1,1,0,0,0,0,0,0,1,0,1,1,0,0,0,0,0,1,0,1,1,1,0,1,1,0,1,0,0,1,1,0,0.0,-453.8853856499389,1
1,1,0,0,0,1,0,1,1,1,0,1,1,0,0,1,1,0,0,0,1,1,0,1,0,0,0,1,0,0,1,1,0,1,0,1,1,0,0,0,1,1,0,0,1,1,1,1,0,1,0,1,1,0,0,0,1,0,0,0,0,1,1,1,0.0,-453.8839486034287,1
0,1,1,1,1,0,0,1,0,1,0,0,1,0,0,1,0,0,1,0,1,0,1,0,1,1,0,1,1,0,1,1,1,1,0,1,1,0,0,0,0,0,1,1,1,1,0,1,0,0,0,0,0,1,0,1,1,0,1,1,1,0,0,0,0.0,-453.88105695715814,1
0,0,1,0,1,0,1,0,1,0,0,0,0,0,1,1,1,1,0,0,0,1,0,1,0,0,0,1,1,1,1,0,0,0,0,1,1,0,0,0,1,0,1,1,1,0,1,1,1,1,0,1,0,1,0,1,0,0,1,0,1,1,1,1,0.0,-453.87993373575387,1
1,1,0,1,1,1,0,1,1,0,1,1,1,0,1,0,1,0,0,0,1,1,0,0,0,0,0,1,0,1,1,0,1,0,0,1,0,1,0,0,0,0,1,1,1,1,1,0,1,1,0,0,0,0,1,0,0,0,1,1,1,1,0,0,0.0,-453.8794663254459,1
1,1,1,1,0,1,0,0,1,0,0,0,0,1,1,0,1,0,0,0,1,1,0,0,1,1,1,1,0,0,0,1,0,0,1,0,1,1,0,0,1,0,1,1,1,1,1,0,1,1,0,0,1,0,0,1,1,0,0,0,1,1,0,0,0.0,-453.8784191824978,1
0,0,1,1,1,1,1,0,0,0,1,0,0,1,0,0,1,1,0,0,1,1,0,0,1,0,0,0,0,0,0,1,1,0,1,0,1,0,0,0,1,0,1,1,1,1,1,0,0,1,1,1,1,1,0,0,1,1,1,1,0,0,1,0,0.0,-453.87545352948456,1
0,1,1,1,1,1,0,1,1,0,0,0,0,0,1,0,0,1,0,0,1,1,0,0,0,1,0,0,1,0,0,1,1,0,0,1,0,1,1,1,1,0,0,0,1,1,0,0,0,1,1,1,1,1,1,1,1,0,1,0,0,1,0,0,0.0,-453.87346678658224,1
0,1,1,0,1,1,1,0,1,1,0,1,0,0,0,0,1,0,0,0,1,0,1,0,1,0,1,1,1,0,1,1,1,1,1,0,0,0,1,0,0,1,1,1,1,0,0,1,1,1,0,0,0,0,1,1,0,0,1,0,0,1,0,0,0.015625,-453.87327777205456,1
1,0,1,1,0,1,0,1,1,0,0,1,0,1,0,0,0,1,0,0,1,1,0,0,1,0,1,1,0,0,0,0,1,1,0,1,0,1,1,1,1,1,1,0,1,0,0,1,0,0,0,0,1,1,1,0,0,1,0,0,1,1,1,0,0.0,-453.87003571697124,1
1,0,1,0,0,0,0,1,1,0,1,0,0,0,1,1,1,1,1,1,1,1,0,1,0,1,0,1,0,0,0,1,1,1,0,0,0,1,0,0,1,0,1,1,0,1,0,1,0,1,0,0,1,1,0,1,0,0,1,1,1,0,0,0,0.0,-453.8698394826784,1
0,1,0,1,0,1,0,1,0,0,1,1,0,0,1,1,0,1,1,0,0,0,0,1,0,0,0,1,1,0,1,1,1,1,0,1,0,0,0,1,1,0,0,0,0,1,0,1,0,1,0,1,1,1,1,1,0,0,1,1,0,1,1,0,0.0,-453.8691575789109,1
1,1,1,0,1,0,0,1,1,0,1,0,1,1,0,0,1,0,1,0,1,0,1,0,1,1,1,1,0,0,0,0,1,0,0,0,1,1,0,0,0,1,1,1,0,1,0,1,0,0,0,1,1,0,0,1,0,0,1,0,0,1,1,1,0.0,-453.868796419407,1
1,1,1,1,1,1,0,1,1,0,0,0,0,0,0,1,1,0,0,0,0,1,1,0,1,1,1,0,0,0,1,1,1,0,0,0,1,1,0,1,1,0,1,1,1,0,1,1,1,1,1,1,0,0,0,0,0,0,0,0,0,0,1,0,0.0,-453.86853597545377,1
1,0,1,1,1,0,1,1,1,0,1,0,0,0,1,1,0,0,0,1,1,1,0,0,0,1,0,0,1,0,0,0,1,1,1,0,0,1,0,1,0,0,1,0,1,1,0,0,1,0,1,1,0,1,0,0,1,1,0,1,0,0,1,1,0.0,-453.86475669346527,1
1,0,1,1,1,0,0,1,1,0,1,0,0,0,0,0,0,1,0,0,1,1,0,0,0,0,0,0,0,0,1,0,1,0,1,0,1,1,1,1,1,0,1,1,1,1,1,1,0,1,0,1,0,1,1,1,1,0,0,0,1,1,0,0,0.0,-453.8563282878077,1
1,1,1,0,0,0,0,1,0,0,1,0,0,0,1,0,1,0,0,0,1,1,0,0,1,1,1,1,0,0,1,1,0,1,0,1,1,0,1,1,0,1,1,1,0,1,0,0,1,1,0,1,0,1,1,1,1,0,0,0,0,1,0,0,0.0,-453.85460875523114,1
0,0,0,1,0,1,1,1,1,0,1,1,0,1,0,1,1,1,0,0,0,1,1,1,0,1,0,1,0,0,0,0,0,0,1,1,0,1,0,0,1,0,1,1,0,1,0,1,0,1,0,0,1,1,1,1,0,1,1,0,0,0,1,0,0.03125,-453.8533962893939,1
1,1,1,1,1,0,1,0,1,1,0,0,1,0,1,0,1,1,0,1,0,1,0,0,1,1,0,1,0,0,0,1,1,1,0,1,0,0,0,0,0,0,0,0,0,1,1,1,0,1,1,0,1,1,1,0,1,0,0,1,0,0,1,0,0.015625,-453.8523885840051,1
1,1,0,1,0,1,0,1,0,0,1,0,1,0,0,1,1,0,1,1,1,1,0,0,1,1,1,1,0,0,0,1,1,0,0,1,1,0,1,1,0,1,1,0,1,0,0,1,0,1,0,0,0,1,0,0,1,0,0,1,0,0,1,0,0.015625,-453.8502997767979,1
0,1,1,1,0,0,0,1,1,0,1,0,1,0,1,0,0,0,0,0,0,1,1,1,1,0,1,1,1,0,1,1,1,0,0,0,1,1,0,0,1,0,1,0,0,0,1,0,0,0,0,1,1,1,1,1,1,1,0,1,0,0,1,0,0.0,-453.8499595926962,1
1,1,1,0,0,1,0,1,1,0,1,0,1,1,0,1,0,1,1,0,0,0,0,1,0,0,0,0,0,0,1,1,1,1,1,1,1,0,0,0,0,0,1,1,1,1,0,0,0,0,0,1,1,1,0,1,0,1,0,0,1,1,1,0,0.0,-453.84918572190065,1
0,0,1,0,1,1,1,1,1,0,0,1,0,1,1,1,1,0,1,0,0,0,0,0,1,0,0,1,0,0,1,0,1,0,0,1,1,1,1,0,1,1,1,0,1,1,0,1,0,0,0,1,0,0,0,0,1,0,0,1,0,1,1,1,0.0,-453.8467000677781,1
1,0,0,1,1,1,0,1,1,0,1,1,1,1,0,1,0,0,0,1,1,0,0,0,1,0,1,1,0,1,0,0,0,0,0,1,1,1,0,0,1,0,1,0,0,1,1,1,0,1,0,0,1,0,0,1,1,0,1,1,0,1,0,0,0.0,-453.84657514313307,1
0,0,1,1,1,1,0,0,1,1,1,1,0,1,0,0,1,1,0,0,1,0,0,0,0,0,0,1,0,0,1,1,1,0,1,0,0,1,0,0,0,1,1,0,1,1,0,0,1,1,0,1,1,1,1,1,1,0,1,0,0,0,1,0,0.0,-453.842788261271,1
0,1,1,0,0,1,1,1,0,1,1,1,1,0,1,1,0,0,1,0,0,1,0,0,0,0,0,0,0,0,0,1,1,0,0,1,1,1,1,0,0,0,0,1,1,1,0,0,0,1,0,0,0,1,1,1,1,1,1,0,1,1,0,1,0.0,-453.841965462552,1
1,1,1,1,1,1,0,1,1,0,0,0,0,0,1,0,1,1,0,0,1,1,1,0,0,0,0,1,0,0,1,1,0,1,0,1,1,1,1,0,0,0,0,1,1,1,0,0,1,1,0,1,0,1,0,1,0,0,0,0,1,0,1,0,0.0,-453.84164865131856,1
1,1,1,0,0,1,0,1,0,0,1,1,0,0,0,1,0,0,0,0,0,0,0,0,0,0,1,1,0,0,1,1,0,1,1,1,1,0,1,1,1,0,1,1,0,1,0,1,1,1,0,1,1,0,0,1,1,1,0,0,1,0,1,0,0.0,-453.8416073387505,1
0,1,0,1,1,0,1,1,0,0,0,0,1,0,0,1,1,1,0,1,1,1,1,0,0,0,0,0,1,0,1,0,0,0,0,1,1,1,0,0,0,0,1,1,1,1,0,1,0,0,0,1,1,0,1,1,1,1,0,0,1,1,1,0,0.015625,-453.84106721447773,1
1,0,1,1,1,1,0,1,0,0,1,0,1,0,1,1,1,0,0,0,0,1,0,0,1,0,0,1,0,0,1,1,0,1,0,1,1,1,1,0,1,0,1,1,0,1,0,0,0,1,0,1,0,1,0,0,1,1,0,0,1,1,0,0,0.015625,-453.83750748186407,1
1,0,1,0,1,0,1,1,0,1,0,1,1,1,0,0,1,1,0,0,0,0,1,0,0,0,0,1,0,1,0,1,1,0,0,0,1,1,1,0,0,1,1,1,0,0,0,1,0,0,0,1,1,1,1,1,1,0,1,0,1,1,0,0,0.0,-453.83576508872693,1
0,0,0,0,0,0,1,1,1,0,1,1,1,0,1,0,1,1,1,0,1,1,0,0,0,1,1,1,0,0,0,0,1,1,1,0,1,1,1,0,1,0,1,1,1,0,1,0,1,0,0,0,1,1,0,1,1,0,1,0,0,0,0,0,0.015625,-453.83550245388324,1
0,1,1,0,1,0,1,1,0,1,1,0,0,0,1,0,0,1,0,0,0,0,0,0,1,0,1,1,0,0,1,1,1,0,0,0,1,1,1,0,0,0,1,1,1,0,1,1,0,1,0,1,1,1,0,1,1,0,0,1,0,1,1,0,0.0,-453.8348840835529,1
1,1,1,0,1,1,0,1,1,1,1,0,0,0,1,1,0,0,1,1,0,0,0,0,0,0,0,1,1,0,0,1,1,0,0,1,0,1,0,0,1,1,0,0,0,1,0,1,1,1,0,1,1,0,1,1,1,0,1,0,0,0,1,0,0.0,-453.8345300316865,1
0,0,1,1,0,0,1,1,0,0,0,0,0,0,1,0,1,1,1,1,1,1,0,0,0,0,0,1,1,0,0,1,1,0,0,1,1,1,1,0,1,0,1,1,1,0,0,0,0,1,0,0,1,1,0,0,1,0,1,0,1,1,1,1,0.0,-453.8329584673184,1
0,0,1,1,0,1,0,1,0,1,0,0,0,0,1,0,1,0,0,0,0,0,0,0,0,1,1,1,0,0,1,0,0,1,1,0,1,1,1,1,1,0,1,0,1,1,1,1,1,0,0,1,0,0,0,1,0,1,1,0,1,1,1,1,0.0,-453.82892782797626,1
1,1,1,0,0,0,0,0,1,0,1,0,1,0,1,0,0,0,0,1,1,1,0,0,1,0,1,1,0,0,0,0,1,0,1,0,0,1,1,0,1,0,1,1,1,1,1,1,0,0,0,1,1,0,0,1,1,1,0,0,0,1,1,1,0.015625,-453.8288291909264,1
0,1,0,0,0,1,0,1,0,1,0,0,1,0,1,0,1,0,0,0,1,1,1,0,1,0,0,1,1,0,1,1,1,0,0,1,0,1,1,0,1,0,1,1,1,1,0,1,1,0,0,1,1,1,1,1,0,0,0,0,0,1,0,0,0.015625,-453.82871295799924,1
1,1,0,1,1,0,0,1,1,0,1,0,0,0,1,0,0,1,0,0,0,0,0,0,0,1,0,1,0,1,1,1,1,0,0,1,1,0,1,0,1,0,1,1,1,1,0,1,1,1,0,0,0,1,0,1,0,1,1,0,1,1,0,0,0.015625,-453.82769917958313,1
1,1,1,0,1,0,1,1,0,0,1,0,0,0,0,0,0,1,0,0,1,0,0,0,0,0,0,1,0,0,1,1,1,0,0,1,1,1,1,0,1,0,1,1,1,0,0,1,1,1,1,1,1,1,0,0,1,0,1,1,0,0,1,0,0.015625,-453.8260883314816,1
1,0,1,1,1,0,0,1,0,0,1,0,0,0,1,0,0,0,0,0,0,0,0,0,1,0,0,1,0,0,1,1,1,0,0,1,0,1,1,1,1,0,1,0,1,1,0,1,1,1,0,0,1,0,1,1,1,1,1,1,1,0,1,0,0.015625,-453.8259844510993,1
1,0,0,1,1,1,0,0,1,1,1,0,0,1,0,1,0,1,0,0,0,1,0,0,1,0,0,0,1,1,1,1,1,0,0,1,1,1,0,0,1,0,0,0,1,1,0,1,0,1,0,1,1,0,0,1,0,1,1,0,0,1,1,0,0.0,-453.8254580108775,1
1,1,1,1,0,0,1,1,0,0,1,0,0,0,1,1,0,1,0,0,1,1,1,0,0,0,0,0,1,0,1,1,0,0,1,0,1,1,1,0,1,0,1,1,0,1,0,1,0,0,0,0,0,0,0,1,1,1,0,1,1,0,1,1,0.015625,-453.8254392002,1
1,1,0,0,0,1,0,0,0,0,1,1,1,0,1,0,1,1,0,1,1,1,0,1,0,0,0,1,0,0,1,0,1,0,1,1,0,1,0,0,1,1,1,1,0,0,1,0,0,1,0,1,1,1,1,0,0,1,0,1,0,1,0,0,0.0,-453.8247906008977,1
0,1,1,0,1,1,1,1,0,1,0,0,1,0,0,1,1,1,1,1,1,0,0,1,0,1,1,1,0,0,0,0,0,0,0,1,1,1,0,0,0,0,1,0,1,0,0,0,0,1,0,0,0,1,0,1,0,1,1,1,1,1,0,1,0.0,-453.82417252749764,1
1,0,0,0,0,0,0,1,1,0,1,0,1,1,0,0,0,1,1,0,1,0,0,1,1,0,1,1,0,0,1,1,1,0,0,1,1,1,0,0,1,0,0,1,1,1,0,1,1,1,0,1,0,1,0,1,1,1,0,0,0,1,0,0,0.0,-453.82062278120554,1
0,0,1,1,1,1,0,1,0,1,0,0,1,0,0,1,1,0,1,1,0,0,0,0,0,0,0,1,1,1,0,1,1,0,0,1,0,0,1,1,1,0,0,1,1,1,1,1,0,1,0,1,0,0,1,0,1,0,0,1,1,1,0,0,0.015625,-453.8202206495233,1
1,0,0,1,0,1,1,1,0,1,1,0,1,1,1,0,1,1,0,0,1,0,0,0,0,0,1,1,0,1,0,1,0,0,0,1,1,0,0,0,1,0,1,1,1,1,0,1,0,1,0,1,1,0,0,0,1,0,1,1,0,1,0,0,0.0,-453.82011749483564,1
1,0,0,1,1,1,0,1,1,0,0,0,1,0,0,1,1,1,1,0,1,1,1,0,0,0,0,1,1,0,0,1,0,1,0,1,1,1,0,0,0,0,1,1,1,1,1,0,0,1,0,1,0,0,1,0,0,1,1,0,0,1,0,0,0.03125,-453.8198002772568,1
1,1,1,1,1,1,0,1,0,1,0,0,0,0,1,1,0,1,0,0,0,0,0,0,1,0,0,1,0,0,1,1,0,1,0,1,1,1,0,0,1,0,1,1,0,0,0,0,0,0,0,1,1,1,1,1,0,1,1,1,1,0,1,0,0.0,-453.81950921793015,1
1,1,1,0,1,0,0,0,1,1,1,1,1,1,1,0,0,0,0,0,1,1,0,0,0,0,1,1,1,0,0,0,1,1,0,1,0,1,1,0,0,0,1,0,1,1,0,1,1,1,0,0,1,0,0,1,0,1,0,0,0,1,1,0,0.0,-453.81657499215453,1
1,0,1,1,1,1,0,1,0,0,1,1,0,1,1,0,1,1,0,0,0,0,0,0,0,1,1,1,0,0,1,0,0,1,0,1,1,1,1,0,0,0,1,1,1,1,0,0,0,1,0,0,0,1,0,0,1,0,1,1,0,1,1,0,0.015625,-453.8159496461753,1
1,1,1,1,0,0,0,1,1,0,1,0,1,0,0,0,0,0,1,1,1,1,0,0,0,0,1,1,0,1,1,1,0,0,0,0,0,1,1,0,0,0,1,0,1,1,0,1,1,1,0,1,1,0,1,1,0,0,1,0,0,1,1,0,0.0,-453.8126429386313,1
0,0,1,1,1,0,0,0,0,0,1,0,1,1,1,0,0,0,0,0,0,1,0,0,0,1,0,1,0,0,1,0,0,0,0,1,1,1,1,1,1,0,1,1,1,1,1,1,1,1,0,0,0,0,1,1,1,0,1,1,1,1,0,0,0.046875,-453.8122279479357,1
0,0,1,1,0,0,1,1,0,1,0,1,0,0,0,0,0,1,1,0,0,1,0,0,1,0,0,1,0,0,1,0,1,0,0,1,1,0,0,0,1,1,1,1,1,1,1,1,0,1,1,0,0,1,1,1,1,0,1,1,0,1,0,0,0.0,-453.80903793463284,1
1,0,0,1,0,0,1,0,1,0,1,1,1,1,1,1,0,0,0,1,1,1,1,0,0,1,0,1,1,0,0,1,1,1,0,0,0,1,1,0,1,0,0,0,0,1,1,0,0,1,0,0,1,0,0,1,1,0,0,0,1,1,1,0,0.0,-453.8087710194585,1
0,1,0,1,0,1,1,1,0,0,1,0,1,0,1,1,1,1,1,1,1,0,0,0,1,0,0,0,0,0,0,1,0,0,0,1,1,0,0,1,0,1,1,0,1,1,0,0,0,1,0,0,0,1,0,0,1,1,1,1,0,1,1,1,0.0,-453.8079275886004,1
0,0,1,1,1,0,0,0,1,0,1,1,1,0,1,0,1,0,0,0,1,1,1,0,0,0,0,1,0,0,0,0,1,0,1,1,1,1,1,0,0,0,1,1,1,1,0,0,0,1,0,1,1,0,0,1,1,1,0,1,0,1,1,0,0.0,-453.8072710728427,1
0,1,1,0,1,1,1,1,1,0,0,1,0,0,1,1,1,0,0,1,1,1,1,0,0,0,0,1,0,0,0,0,1,1,0,0,1,1,0,0,0,0,1,1,1,1,0,0,1,1,0,0,0,1,1,1,1,0,1,1,0,0,0,0,0.0,-453.8058122730705,1
0,1,0,1,0,1,0,1,0,1,1,0,0,0,1,1,0,1,0,1,0,1,1,0,0,1,0,1,0,1,0,1,1,1,0,0,1,0,0,0,0,0,1,0,1,1,1,0,0,1,0,1,0,1,0,1,0,1,1,0,1,0,1,1,0.0,-453.8037786203648,1
0,0,1,0,0,1,0,1,0,0,1,1,0,0,1,1,1,1,0,1,1,1,0,0,1,0,1,1,0,0,0,1,0,0,0,1,0,1,0,0,0,1,1,1,1,0,0,1,0,1,0,0,1,1,0,1,1,0,1,1,0,1,0,1,0.0,-453.8022504605916,1
0,1,1,0,1,0,0,1,1,1,1,0,1,0,1,0,0,0,0,0,0,1,0,0,0,0,1,1,1,1,0,1,0,1,0,1,1,0,0,0,1,1,1,1,1,1,1,0,1,0,0,1,1,0,0,1,1,1,0,0,1,0,0,0,0.0,-453.80114822881194,1
1,1,1,1,1,0,1,0,0,0,1,1,1,0,0,0,1,0,0,0,1,1,1,0,1,0,0,1,0,1,1,0,0,0,0,1,1,1,0,0,0,0,1,1,1,1,1,0,0,0,0,0,1,1,1,1,0,1,1,0,1,0,0,0,0.0,-453.80015337812193,1
1,0,1,0,0,1,0,1,0,1,0,0,0,0,0,0,0,1,0,1,0,0,0,0,1,0,0,1,0,0,0,1,1,1,0,1,1,1,1,0,1,0,1,1,1,1,1,1,1,1,1,0,1,0,0,0,1,1,1,0,0,1,0,1,0.0,-453.79955302947667,1
1,0,1,1,0,0,0,1,1,0,0,0,1,0,1,1,0,1,1,0,1,1,0,1,0,0,0,0,0,0,1,0,1,0,0,1,1,1,1,0,1,0,0,1,1,1,0,1,0,1,0,0,0,1,1,1,1,1,0,1,0,0,1,0,0.0,-453.79627822135217,1
0,1,1,0,1,0,0,1,0,0,1,0,0,1,0,0,0,0,0,0,1,0,0,1,1,0,1,1,0,0,1,1,0,1,1,0,1,0,0,0,0,1,1,1,1,1,0,1,1,1,0,0,1,0,0,0,1,1,1,1,1,1,1,0,0.0,-453.79535757771833,1
1,0,1,0,1,1,0,1,1,0,1,1,1,0,0,1,0,0,1,0,0,1,1,0,0,0,1,0,0,0,1,1,1,1,0,0,1,1,0,1,1,0,1,1,1,1,0,0,0,1,0,0,0,0,0,1,1,1,0,0,0,0,1,1,0.0,-453.79507412008667,1
1,0,1,1,1,1,0,1,1,1,0,1,0,0,1,1,1,1,0,0,1,1,0,0,0,0,1,1,0,0,1,1,0,0,0,1,1,1,0,0,0,0,0,1,1,0,0,0,0,0,0,1,1,1,1,1,1,0,0,1,0,0,1,0,0.0,-453.7935723854747,1
0,1,0,0,0,1,0,0,0,0,1,1,0,0,1,0,1,0,0,1,1,0,0,1,0,0,0,1,1,0,1,1,1,0,0,0,1,1,0,1,1,0,1,1,1,1,1,1,0,1,0,1,1,1,1,1,1,0,0,0,0,0,1,0,0.0,-453.7881788717553,1
0,1,1,1,0,1,0,1,1,1,0,1,0,1,1,1,1,1,0,0,0,1,0,0,0,0,0,1,0,0,1,0,1,0,0,0,1,1,0,0,1,0,0,0,0,1,1,1,1,1,0,0,1,0,1,0,1,1,1,0,0,1,1,0,0.0,-453.78809534861927,1
1,1,1,0,0,1,0,1,1,0,0,1,0,1,1,1,0,1,0,0,0,1,1,0,0,0,1,1,0,0,1,1,1,0,0,0,1,1,0,0,0,0,1,0,1,1,1,0,0,0,0,1,1,1,1,1,1,0,0,0,0,1,1,0,0.015625,-453.78792367483106,1
1,1,0,1,0,0,0,1,0,1,1,0,0,0,1,1,1,1,1,0,0,0,0,0,1,1,1,0,1,0,1,1,0,0,0,1,1,1,1,0,1,0,0,1,1,1,0,0,0,1,1,1,0,0,0,0,1,0,0,0,1,0,1,1,0.0,-453.7873493733638,1
1,1,1,1,1,1,0,0,0,0,0,0,1,1,1,0,1,1,0,0,1,0,0,0,0,0,0,1,1,1,1,1,0,1,1,0,0,1,0,1,1,0,0,0,0,1,1,0,1,1,0,1,1,0,1,0,1,0,0,0,0,1,0,1,0.015625,-453.78698230173563,1
0,0,1,0,1,1,0,1,0,0,0,0,1,0,0,1,1,1,1,0,0,1,0,1,1,0,0,1,0,0,0,1,1,0,1,0,1,0,1,0,1,1,1,1,1,1,1,0,1,1,0,0,0,0,0,1,0,1,0,1,1,0,1,0,0.015625,-453.7848530481671,1
1,1,1,0,1,0,0,1,1,0,1,1,0,0,1,1,0,0,0,0,1,0,1,0,0,0,1,0,1,1,1,1,0,0,0,1,1,0,0,0,1,0,1,1,1,0,1,1,0,0,1,1,1,1,0,1,0,0,0,1,1,0,0,0,0.015625,-453.7845895593484,1
1,1,1,1,1,0,1,1,1,0,1,0,1,1,1,1,0,0,0,1,1,0,0,0,1,1,0,1,0,0,1,0,0,0,1,0,1,1,0,0,0,0,1,0,1,1,0,0,0,1,0,1,1,1,0,0,1,0,0,0,1,0,1,0,0.0,-453.7842363931619,1
1,1,0,0,1,0,1,1,0,0,1,1,1,0,1,1,0,0,1,0,1,0,0,0,0,0,1,1,0,0,1,1,1,0,0,0,0,1,0,0,1,0,1,1,1,1,1,1,0,1,0,1,0,1,0,1,1,1,0,0,0,1,0,0,0.0,-453.78422961872013,1
1,1,0,0,1,0,1,1,0,1,0,0,1,0,1,1,1,0,0,0,1,0,0,1,0,0,1,0,0,0,1,0,0,0,1,1,1,0,1,0,0,1,1,1,1,0,0,1,1,1,0,1,0,0,1,1,1,1,0,0,0,1,1,0,0.015625,-453.78383669155033,1
1,1,1,1,0,0,0,1,0,0,1,1,1,1,0,1,1,0,0,0,0,0,0,0,0,1,0,1,0,0,1,1,1,0,1,0,1,1,1,0,1,0,1,1,0,1,0,0,0,0,0,0,0,1,0,1,1,1,1,1,0,0,1,1,0.0,-453.7832747840703,1
0,1,1,0,1,1,1,1,0,0,1,0,1,0,1,1,1,0,0,1,0,1,0,0,0,0,0,1,0,0,0,1,1,0,0,0,1,1,0,0,1,0,1,1,0,1,1,1,1,1,0,0,0,1,1,1,1,1,1,0,0,0,0,0,0.0,-453.7827349366216,1
1,1,1,1,0,0,1,1,1,0,0,0,0,1,0,0,0,0,0,0,1,0,0,0,1,0,0,1,0,1,1,1,1,0,0,1,1,1,0,0,1,1,1,0,1,0,1,0,0,1,1,1,1,1,0,1,0,0,1,0,1,1,0,0,0.0,-453.7818437208623,1
1,0,0,0,0,0,0,1,1,0,1,0,0,1,1,0,1,1,0,1,0,1,0,0,0,0,0,1,1,0,0,0,1,1,1,1,1,1,0,0,1,1,1,0,1,1,1,1,0,1,0,0,0,1,1,0,1,1,0,0,0,1,1,0,0.0,-453.7817292076299,1
1,1,1,1,0,1,0,1,0,0,0,0,1,0,1,1,1,1,0,1,1,1,1,0,0,1,0,1,0,0,0,0,0,0,0,1,1,0,0,0,1,0,1,1,1,1,0,1,1,1,0,0,0,1,0,1,1,0,1,0,0,0,1,0,0.0,-453.78069221137326,1
0,0,1,0,1,1,0,0,1,0,0,0,0,0,0,0,1,1,1,1,1,0,1,0,1,0,0,1,1,0,1,1,1,0,0,0,1,1,1,0,1,0,1,1,0,0,0,1,0,1,1,1,1,1,0,0,0,1,1,0,1,0,1,0,0.0,-453.77811885804664,1
1,1,0,1,1,0,1,0,1,1,1,1,0,0,1,1,0,1,1,1,0,1,1,0,0,0,1,1,0,0,1,0,0,1,0,1,1,1,0,1,0,0,0,1,0,0,0,1,1,1,0,1,0,1,0,0,1,1,0,0,0,0,0,0,0.0,-453.77760970407434,1
0,1,1,0,1,1,0,1,0,0,1,0,0,1,0,1,1,1,1,1,0,1,0,0,0,0,0,0,0,1,1,1,0,0,0,1,1,0,0,0,1,0,1,0,1,1,1,1,1,0,0,0,1,1,1,1,1,1,0,0,0,0,1,0,0.0,-453.7771169607076,1
0,1,1,1,0,1,1,1,0,0,0,1,0,1,1,1,0,0,0,1,0,1,0,0,0,0,0,1,0,0,1,0,0,0,1,1,0,1,1,0,1,1,1,0,1,1,1,0,1,1,0,1,1,0,1,0,0,0,1,0,1,1,0,0,0.015625,-453.7766617944521,1
0,1,1,0,0,1,1,1,1,0,0,0,0,1,1,0,1,0,1,0,1,1,0,0,1,0,1,1,0,0,0,1,0,0,0,1,1,1,1,1,1,1,1,0,1,1,0,1,0,1,0,0,1,0,0,0,0,0,1,0,1,0,1,0,0.0,-453.77617422499804,1
1,1,1,1,1,0,0,0,1,1,0,0,1,0,1,1,1,1,0,0,0,0,0,0,1,0,0,1,0,1,0,1,1,0,1,1,1,0,0,1,1,1,1,1,1,1,1,1,0,0,1,1,0,0,0,0,1,0,0,0,0,0,0,0,0.015625,-453.7759746748204,1
1,1,0,1,1,1,1,1,0,0,1,0,1,0,1,1,0,0,0,1,1,1,0,1,0,0,1,1,0,0,1,0,1,0,0,1,1,0,0,0,0,0,1,1,1,0,1,1,0,1,0,0,0,1,1,0,1,0,0,0,0,1,1,0,0.0,-453.7749089316587,1
1,1,1,1,0,1,0,1,0,1,1,1,0,1,0,0,0,1,0,1,1,0,0,0,0,0,0,1,0,0,1,1,1,1,0,1,1,1,0,0,0,0,1,0,1,1,0,1,0,1,1,0,0,1,1,0,0,1,0,0,0,1,0,1,0.0,-453.7729184723031,1
0,0,1,0,1,1,0,1,0,0,1,1,0,0,0,0,1,0,0,0,1,0,0,0,0,0,0,1,0,1,0,1,1,1,0,1,1,1,1,0,1,0,1,1,1,1,1,1,0,1,1,0,1,0,1,1,0,0,1,0,0,1,1,0,0.015625,-453.7708878931203,1
1,1,1,0,0,0,1,1,1,0,1,0,0,1,0,1,1,0,1,1,1,0,0,0,0,0,1,1,1,0,0,0,0,1,1,0,1,1,0,0,1,0,1,1,1,1,1,1,1,1,0,0,0,0,0,1,1,0,1,0,0,0,0,0,0.0,-453.7701352825474,1
1,0,1,1,0,1,0,0,1,0,0,0,1,1,1,0,1,0,1,0,1,1,0,0,1,0,0,1,0,1,0,0,1,0,0,1,1,1,0,0,1,1,1,1,1,1,0,1,0,0,0,0,1,1,0,1,1,0,1,0,0,1,0,0,0.0,-453.76776519871805,1
1,0,0,0,1,1,0,1,1,0,0,1,0,0,0,0,1,1,0,1,1,1,0,0,0,0,1,1,0,0,1,1,1,0,1,0,1,1,1,0,1,0,1,1,0,0,1,0,0,1,1,0,1,0,0,1,0,0,1,0,1,1,1,0,0.0,-453.76579034992204,1
0,1,1,0,0,0,0,0,0,1,1,0,1,0,1,1,1,0,0,1,0,1,1,0,0,1,0,1,1,1,0,1,1,0,0,1,1,0,0,1,1,0,1,1,1,1,1,1,1,1,0,0,1,0,1,0,0,0,1,0,0,0,0,0,0.0,-453.76316131197666,1
1,1,1,0,0,0,0,1,0,0,1,1,1,0,1,0,1,0,0,1,1,0,1,0,0,0,0,1,0,0,0,1,1,0,1,1,1,1,0,0,0,0,0,1,1,1,1,0,0,1,0,1,0,0,0,1,1,1,1,1,0,1,1,0,0.0,-453.76313173746627,1
0,1,1,0,1,1,0,0,0,1,1,0,1,0,1,1,0,1,0,0,1,1,1,0,0,1,0,1,0,0,1,1,0,0,1,1,1,0,1,0,0,0,1,1,1,1,1,1,0,0,0,0,1,1,0,0,1,1,1,0,0,0,0,0,0.0,-453.7582622225213,1
1,1,0,1,0,0,1,0,1,0,1,1,0,1,1,0,0,0,1,1,0,0,1,0,1,0,1,1,0,0,0,1,1,0,1,0,1,0,0,0,0,1,0,1,1,1,1,0,0,1,0,0,1,1,0,1,1,0,0,0,1,1,1,0,0.0,-453.7578756584314,1
1,1,0,1,0,1,0,1,1,0,1,1,0,1,0,0,0,0,0,0,0,0,0,0,1,0,1,1,1,0,1,1,0,0,0,0,1,1,1,0,1,0,1,1,1,1,0,1,0,1,0,0,1,0,1,1,1,1,1,0,1,0,0,0,0.0,-453.7572441335296,1
1,1,1,1,0,1,0,0,1,0,1,0,0,1,1,1,0,1,0,1,0,1,0,0,1,1,0,1,0,0,0,1,1,0,0,0,1,0,1,0,0,0,1,1,1,1,0,1,0,1,0,0,1,1,0,1,1,1,0,0,0,0,1,0,0.015625,-453.75686280819474,1
1,1,1,1,1,1,0,1,1,0,1,0,0,0,1,0,0,1,1,1,1,0,1,0,1,0,1,1,0,0,1,1,0,0,0,0,0,1,0,1,0,0,1,1,1,0,1,1,0,0,0,0,1,0,1,1,0,0,1,0,0,1,0,0,0.0,-453.7561496643109,1
1,0,0,0,1,1,0,1,1,0,0,1,0,0,1,1,0,1,0,0,0,1,0,0,1,0,0,1,0,1,1,1,0,0,0,1,0,1,0,0,1,1,1,1,1,0,1,1,0,1,1,0,0,1,0,0,1,0,1,0,1,1,1,0,0.0,-453.75193098764805,1
0,1,1,0,1,1,0,1,0,1,0,0,1,0,1,1,1,0,0,1,0,0,0,0,0,0,1,1,0,0,1,0,1,0,0,0,1,1,1,0,0,1,1,0,1,0,1,1,0,1,0,1,0,1,0,0,0,1,1,0,1,1,1,1,0.0,-453.7510247960278,1
1,1,0,0,1,0,1,1,0,0,1,0,1,0,0,1,1,1,0,0,0,1,0,0,1,1,0,1,0,0,0,0,1,0,0,0,0,1,0,1,0,1,1,1,1,0,1,1,0,1,1,1,1,0,1,1,1,0,1,0,1,0,0,0,0.0,-453.7492427241186,1
0,0,0,0,0,1,1,1,0,1,0,0,1,0,0,0,1,0,1,0,0,0,0,0,0,0,1,1,0,0,1,1,1,0,1,1,1,1,1,1,0,0,1,1,1,1,1,1,0,1,1,0,1,0,1,1,0,0,0,0,1,1,1,0,0.0,-453.7459018635325,1
1,1,0,0,1,0,1,1,1,0,1,1,0,1,1,1,0,1,1,1,1,0,0,0,0,0,0,1,1,0,1,0,1,1,1,0,1,0,0,0,1,0,1,0,0,0,1,0,0,1,0,1,0,1,0,1,1,1,1,0,0,0,0,0,0.015625,-453.7450369601758,1
0,1,1,0,0,1,1,0,1,0,1,1,0,1,0,1,1,1,0,0,0,1,0,0,1,0,0,1,1,0,1,1,0,0,1,0,1,1,0,0,1,0,1,1,1,0,0,0,0,0,0,0,1,0,1,1,0,1,1,0,1,1,1,0,0.015625,-453.74142631164983,1
1,0,1,1,0,0,0,1,1,0,1,1,0,1,1,0,0,0,0,0,0,1,0,1,0,0,0,1,0,0,1,0,1,0,1,0,1,1,0,0,0,0,1,1,1,1,0,1,0,0,1,1,1,1,0,0,1,1,1,0,1,1,1,0,0.0,-453.7400594226752,1
0,1,1,1,1,0,1,1,0,1,1,1,0,0,0,0,0,1,0,0,1,1,1,0,1,0,0,0,0,1,0,1,0,0,0,0,1,0,0,1,0,1,1,1,1,1,0,1,0,1,1,0,1,0,1,1,0,1,0,1,0,1,0,0,0.0,-453.7360431244777,1
1,1,1,0,0,1,1,1,0,0,0,0,1,1,1,1,0,0,0,1,1,0,0,0,0,1,0,1,0,0,0,1,1,1,0,1,1,0,1,0,1,0,1,0,0,0,0,0,1,1,1,1,1,1,1,0,0,1,1,0,0,0,1,0,0.015625,-453.7328995644259,1
1,0,1,0,1,1,0,1,1,1,0,1,0,1,0,1,0,0,0,1,0,1,0,0,0,1,0,1,1,0,0,0,0,0,1,1,0,1,1,1,1,1,1,1,1,1,0,0,0,0,0,0,1,1,0,1,0,1,0,1,0,1,0,0,0.0,-453.7327518821684,1
1,1,0,0,0,0,0,1,1,1,0,0,0,1,1,1,1,0,1,0,1,0,0,0,0,0,0,1,0,0,1,0,0,1,0,1,1,0,0,1,1,0,1,0,0,1,1,1,0,1,0,0,1,1,0,1,1,1,1,0,0,1,1,1,0.0,-453.7295788131141,1
1,1,0,0,1,0,0,0,1,0,0,1,1,1,1,0,1,0,0,1,1,1,0,0,1,0,0,1,0,0,1,0,1,1,1,1,1,1,0,0,1,0,1,1,0,0,1,1,0,1,1,0,1,0,0,1,0,0,1,0,0,0,0,1,0.015625,-453.72908371566785,1
0,1,1,1,0,0,0,1,1,1,1,0,0,1,1,1,1,0,0,1,1,1,0,0,0,1,1,1,0,0,0,1,1,1,1,0,1,1,1,0,0,0,0,1,1,1,0,0,1,0,0,0,0,0,0,1,0,1,1,0,0,0,0,1,0.0,-453.72783329311096,1
1,1,1,0,0,1,1,1,0,0,0,0,1,0,0,0,0,0,1,0,1,1,0,0,1,0,1,1,0,1,1,0,1,0,1,0,1,1,0,0,1,1,1,1,1,1,0,1,0,1,0,0,1,1,1,0,1,1,0,0,0,0,0,0,0.0,-453.7256689289458,1
1,1,1,0,1,0,0,0,0,0,1,0,1,0,0,0,0,1,1,1,1,1,0,0,0,0,0,1,1,1,1,0,0,1,0,1,0,1,0,1,1,1,1,1,0,1,1,1,0,1,1,0,0,0,0,0,1,0,1,0,0,1,0,1,0.015625,-453.7253526271631,1
0,1,0,1,1,1,0,0,0,1,0,0,0,0,1,1,0,0,1,0,1,1,1,0,1,0,1,1,0,1,1,0,0,0,0,1,1,0,1,0,1,0,0,1,1,1,0,0,1,1,0,0,1,1,1,1,0,0,1,0,1,0,0,1,0.0,-453.7221280039595,1
1,1,0,0,0,0,0,1,0,0,0,0,1,1,1,1,1,0,0,1,1,1,0,0,1,0,0,1,0,0,0,0,1,1,1,1,1,1,0,0,1,0,1,1,0,1,1,1,1,0,1,0,1,1,0,0,0,1,1,0,0,1,0,0,0.0,-453.718191066909,1
1,1,1,0,0,1,1,0,0,0,1,0,0,1,1,0,0,0,0,1,0,0,0,0,1,1,0,1,0,0,1,1,1,0,0,1,1,0,0,0,1,1,1,1,1,1,1,1,0,1,1,0,0,1,0,0,1,0,0,0,1,1,1,0,0.0,-453.70794417285623,1
1,0,1,0,0,0,0,1,0,1,0,0,0,1,1,1,0,1,0,0,1,1,0,0,1,0,0,1,0,0,1,1,1,0,0,1,1,1,1,0,1,0,0,1,1,1,1,0,0,1,0,0,1,1,1,1,0,0,0,0,1,1,1,0,0.0,-453.70737005994647,1
1,0,0,0,1,0,1,1,0,0,1,0,1,0,0,1,0,1,1,1,0,1,1,0,0,0,0,1,1,0,0,0,0,0,1,0,1,1,0,1,0,0,1,1,1,1,0,1,0,1,0,1,1,1,0,1,0,1,1,0,1,1,0,0,0.0,-453.70563782793795,1
0,0,1,1,1,0,1,0,1,1,0,0,1,0,1,1,0,0,0,1,0,1,1,0,0,0,1,1,0,0,1,1,0,0,1,0,1,1,1,0,0,0,1,0,0,1,0,1,0,1,1,0,1,1,0,1,1,1,1,0,0,0,0,1,0.0,-453.6905566942227,1
0,0,1,1,0,1,0,1,0,1,1,0,0,1,1,1,1,0,1,0,1,1,0,0,0,1,0,1,1,0,0,0,1,0,0,0,1,0,0,0,1,0,1,1,1,1,1,1,1,1,1,0,0,0,1,1,0,0,1,0,0,1,0,0,0.0,-453.6758397169089,1
0,0,1,0,0,0,1,1,0,0,1,1,1,0,1,0,0,0,1,1,1,1,0,0,0,0,0,1,0,0,0,1,1,0,0,0,1,1,1,0,1,0,0,1,1,0,1,1,1,1,1,1,0,0,0,1,1,1,1,0,0,1,1,0,0.0,-453.67436136204475,1
0,1,1,1,0,0,0,0,1,0,1,0,0,0,1,1,1,1,1,0,0,1,1,0,0,0,0,1,0,0,0,0,0,1,0,0,1,1,1,1,1,0,1,1,0,1,0,0,0,1,1,0,1,0,1,1,1,1,0,0,1,1,0,1,0.015625,-453.66053528772113,1
1,1,1,0,1,0,0,1,1,1,0,0,0,0,1,1,0,0,0,1,1,0,1,0,0,0,0,1,0,0,1,1,1,0,0,0,0,1,1,1,1,0,1,1,1,0,0,1,0,1,0,1,0,1,1,1,0,1,1,0,0,1,0,0,0.015625,-453.65352560988094,1
1,0,1,0,1,0,0,1,1,0,1,1,1,0,0,1,1,0,0,0,0,0,0,0,0,0,0,1,0,0,1,1,0,1,0,0,1,1,0,0,0,0,1,1,1,1,0,0,0,0,1,1,1,1,1,1,0,1,1,1,1,0,1,1,0.0,-453.6458049163696,1
0,0,1,0,0,1,0,1,0,1,1,0,0,1,1,0,1,0,0,0,0,1,1,0,0,1,0,1,0,0,1,1,0,0,0,1,1,1,1,0,0,0,1,1,1,1,1,0,0,1,1,1,1,1,0,0,1,1,0,0,0,1,1,0,0.0,-453.6457028525822,1
1,1,1,1,0,1,1,0,1,0,0,1,0,0,0,1,0,0,0,1,1,0,0,0,0,1,1,0,0,0,0,1,0,0,0,1,1,1,1,0,1,0,1,1,0,1,0,0,0,1,0,1,1,1,0,1,0,0,1,0,0,1,1,1,0.0,-453.57930609530206,1
0,1,0,0,0,1,0,1,1,1,0,1,0,0,0,1,1,1,0,0,1,1,0,1,0,0,0,0,0,0,1,1,1,1,0,1,1,0,0,1,0,0,1,1,0,1,0,1,1,0,0,1,1,0,0,1,0,0,1,1,0,1,1,0,0.0,-453.578619556959,1
1,1,1,1,1,1,1,0,1,0,0,1,0,1,0,0,0,1,0,0,1,1,0,0,1,0,0,1,1,0,0,1,1,0,0,1,1,1,0,0,1,0,1,0,0,1,1,1,1,1,0,1,0,0,0,0,0,0,0,1,1,1,1,0,0.0,-453.5771442569103,1
1,1,1,0,1,1,0,1,1,0,1,1,1,0,0,1,0,0,0,0,0,1,1,0,1,1,0,0,1,0,1,1,1,0,1,1,1,0,0,0,0,0,1,0,0,1,0,0,0,1,0,1,1,0,0,1,1,0,1,0,0,0,1,0,0.0,-453.5647154511156,1
0,0,1,1,1,1,1,0,0,0,1,1,0,0,0,0,0,1,0,0,0,1,0,1,1,0,0,0,0,0,0,0,1,1,0,1,1,1,1,0,1,1,1,0,0,1,0,1,0,1,0,1,1,1,0,1,1,1,1,0,1,1,1,0,0.0,-453.5589676801161,1
1,0,1,0,0,0,1,0,1,0,0,0,1,0,0,0,1,1,1,1,0,1,0,0,1,0,0,0,0,0,0,1,1,0,0,1,0,1,1,0,0,0,1,1,1,1,0,0,1,1,0,1,1,0,0,1,1,1,0,1,1,1,1,0,0.015625,-453.55381714081034,1
1,1,1,1,1,1,1,0,1,0,0,1,0,0,0,1,1,1,0,0,1,0,0,0,1,0,1,0,1,0,1,0,0,1,0,1,0,1,0,0,1,1,1,1,1,0,0,0,1,1,0,1,0,0,0,0,1,0,0,1,0,0,1,0,0.0,-453.53221000915534,1
1,0,1,0,1,0,1,1,1,0,1,0,0,1,0,0,1,1,1,0,0,1,0,0,0,1,1,1,0,0,0,0,1,0,1,1,1,1,1,1,0,0,1,0,0,1,0,1,0,1,0,1,0,0,0,1,1,0,0,0,1,1,0,0,0.0,-453.527260882334,1
0,0,1,1,1,1,1,1,1,0,1,0,1,0,0,0,0,1,0,0,0,1,0,1,0,0,1,0,0,0,1,1,0,1,1,1,0,1,0,0,1,0,1,1,1,1,1,1,0,1,0,1,0,0,1,1,0,0,1,1,0,0,1,0,0.015625,-453.5250025587856,1
1,1,1,1,1,1,0,0,0,0,1,1,1,0,0,0,1,0,0,1,0,0,0,1,1,0,1,0,0,1,0,1,1,0,1,1,1,1,0,0,0,1,1,1,0,1,1,0,0,1,0,0,0,1,1,0,1,0,0,0,0,1,1,1,0.0,-453.52490762876494,1
1,1,1,1,1,1,1,0,0,0,1,1,1,0,0,1,1,1,0,0,0,0,0,0,0,0,0,0,0,0,1,1,1,0,0,0,0,0,1,0,0,0,1,1,0,1,1,1,1,1,0,1,0,1,0,1,0,1,1,0,0,1,1,0,0.0,-453.524311902717,1
0,1,1,0,0,1,1,1,1,0,1,0,1,0,1,0,0,1,0,0,1,1,0,0,1,0,1,1,0,0,0,1,1,0,1,1,1,0,0,0,0,1,1,0,1,1,0,0,1,0,0,1,0,1,0,1,0,0,1,0,1,0,1,0,0.0,-453.5220230963439,1
1,1,0,1,1,0,0,1,1,0,0,0,1,0,1,0,1,1,0,1,1,1,0,1,1,1,0,0,1,0,0,0,1,0,1,0,1,0,0,0,0,0,1,1,1,1,0,1,0,1,0,1,0,0,0,1,0,0,1,1,1,1,1,0,0.015625,-453.52198054933666,1
1,1,0,0,1,0,1,1,1,1,0,1,1,0,0,0,0,0,1,1,0,0,1,0,1,0,0,0,0,0,1,1,1,0,1,1,1,1,0,0,0,0,0,1,1,1,0,0,1,1,0,1,0,0,0,0,1,0,1,1,1,1,1,1,0.0,-453.5205681334598,1
0,0,1,1,1,1,1,1,1,0,0,1,1,0,0,0,1,0,0,0,1,1,1,0,1,0,0,1,0,0,0,1,1,0,1,0,1,1,0,0,1,0,1,1,1,1,0,1,1,1,0,1,0,0,1,0,0,0,0,0,0,0,0,1,0.0,-453.51986820277,1
0,1,1,1,1,1,0,1,0,1,1,0,0,0,1,0,1,1,0,0,1,0,0,0,1,0,0,0,0,0,0,1,1,1,1,1,0,0,0,1,0,1,1,0,0,1,0,1,0,1,0,0,1,1,1,0,1,1,0,0,0,1,0,1,0.0,-453.51567610101876,1
0,0,0,1,0,1,0,1,1,1,1,0,0,0,0,1,1,1,1,0,1,1,0,0,0,1,0,0,0,0,1,1,0,1,0,0,0,0,1,0,0,0,1,1,1,1,0,1,1,1,0,0,0,1,1,1,1,0,0,1,1,1,0,0,0.0,-453.51355034802674,1
1,1,0,1,1,0,1,0,1,0,1,0,0,0,0,1,0,0,1,0,1,1,1,0,1,1,0,1,1,0,0,1,1,0,0,1,1,1,0,0,1,1,1,1,0,1,0,0,1,0,0,0,0,0,1,1,1,0,0,0,0,0,1,0,0.0,-453.50394725790807,1
0,1,1,1,0,0,1,1,0,0,1,0,1,0,1,0,0,0,1,0,1,0,0,1,1,1,1,1,0,0,1,1,0,0,1,1,1,1,0,0,0,0,1,0,0,0,1,0,0,1,0,1,1,1,0,1,1,0,0,1,0,1,0,0,0.0,-453.501234031667,1
0,1,0,1,0,1,0,1,0,0,1,0,0,1,0,0,1,1,0,0,1,1,0,0,1,1,0,1,0,0,0,1,1,0,0,1,1,1,0,0,0,1,1,1,1,1,0,1,0,1,0,1,1,0,0,0,0,0,0,1,0,1,1,1,0.0,-453.49934433485777,1
1,1,1,0,1,0,1,1,1,0,1,0,0,0,0,1,1,1,0,0,1,1,0,0,0,1,0,0,0,0,1,0,1,0,0,0,1,0,0,1,1,0,1,1,1,1,1,0,0,1,0,1,0,1,0,0,0,0,1,1,1,1,0,0,0.0,-453.4985672235699,1
0,1,0,1,1,1,0,1,0,0,0,1,0,0,0,1,1,0,0,0,0,0,1,1,1,0,1,0,1,0,1,0,1,0,0,0,0,0,0,0,1,0,1,1,1,1,1,1,0,0,0,0,1,1,1,1,1,1,1,0,1,1,0,0,0.0,-453.49720108770765,1
1,1,0,1,0,0,0,1,1,0,0,0,0,0,1,1,0,0,1,0,1,1,0,0,1,1,0,1,0,0,1,1,1,0,1,1,0,0,0,0,1,0,1,1,0,1,1,1,0,1,0,0,0,1,1,1,1,0,1,1,0,0,0,0,0.0,-453.49519935278516,1
0,1,0,0,1,1,1,1,0,0,0,1,0,0,0,1,1,0,0,0,0,1,0,0,1,1,1,1,0,0,1,0,1,1,0,1,1,0,0,0,1,0,1,1,1,0,1,1,1,0,0,1,0,0,1,1,1,0,0,1,0,1,1,1,0.0,-453.4912192908402,1
1,1,0,0,1,0,1,1,1,0,1,1,1,0,0,1,0,1,0,1,0,0,0,0,0,1,0,0,0,0,1,1,1,1,1,1,1,0,0,1,0,0,0,1,1,0,0,1,0,1,0,0,0,1,1,1,1,0,1,0,1,0,0,0,0.0,-453.4902049790031,1
1,1,1,1,0,1,1,0,0,1,1,0,0,0,0,1,0,1,0,1,1,1,1,0,1,0,1,0,0,1,0,0,1,0,1,0,1,0,0,0,0,0,1,0,1,1,1,1,1,1,0,1,0,0,1,0,1,0,0,0,1,1,1,0,0.0,-453.4887896782606,1
1,0,1,1,0,0,1,1,0,0,0,1,0,0,1,1,1,1,0,0,1,1,0,1,0,0,1,0,0,0,0,1,0,1,0,0,0,1,0,1,1,0,1,0,1,0,1,1,1,1,0,0,0,0,1,1,1,1,1,0,0,1,0,0,0.0,-453.48568288362657,1
0,1,0,1,1,1,1,1,1,0,1,0,0,0,1,0,1,1,0,0,1,0,0,1,0,0,0,1,0,0,1,1,1,0,0,0,0,1,0,0,1,0,1,1,1,1,0,1,1,1,0,1,0,0,0,1,1,0,0,1,0,0,1,0,0.0,-453.48458906659863,1
1,1,1,1,0,1,0,0,1,0,0,0,0,0,1,1,1,0,1,0,1,1,0,0,0,0,0,0,0,0,1,1,1,1,0,1,1,1,0,0,1,0,1,1,1,1,0,1,1,1,0,1,0,0,0,1,1,0,1,1,0,1,0,0,0.015625,-453.4815053077143,1
0,1,0,1,1,1,0,1,1,0,1,0,1,0,0,1,1,0,1,0,1,0,0,0,1,0,0,1,0,0,0,0,0,1,0,0,1,1,1,1,1,0,1,0,0,1,1,1,0,1,0,1,0,1,0,1,1,0,1,0,1,0,0,0,0.015625,-453.48047570032963,1
1,1,1,1,1,1,0,0,0,0,1,0,0,1,0,1,0,0,1,0,1,1,0,0,0,0,1,1,0,0,0,0,1,0,1,1,0,1,0,0,1,1,1,1,0,1,1,0,1,0,0,1,1,0,0,1,1,0,0,0,0,1,1,0,0.015625,-453.47867431702065,1
1,1,0,0,0,0,1,1,1,0,0,0,0,1,0,0,0,1,0,0,1,1,1,0,1,1,0,1,1,0,1,1,1,1,0,1,1,0,0,1,1,0,1,1,0,1,0,1,1,0,0,1,1,0,0,0,0,1,1,0,0,0,0,0,0.0,-453.47696175085133,1
0,1,0,1,0,0,0,1,0,0,0,0,0,1,0,0,1,1,1,1,1,1,0,1,0,0,0,1,0,0,0,1,1,1,0,0,0,1,1,0,1,1,1,0,0,1,1,0,1,1,0,1,1,1,0,1,1,0,0,0,0,1,1,0,0.0,-453.47511207704946,1
1,1,1,1,0,1,1,0,1,0,0,1,1,0,1,0,1,0,0,0,0,0,0,0,0,0,0,0,0,1,1,0,1,0,0,1,1,1,0,0,0,0,1,0,0,0,1,1,1,1,1,1,0,0,1,1,0,1,1,0,1,1,1,0,0.0,-453.47344746857374,1
1,0,0,1,0,1,1,1,0,0,1,1,0,0,0,1,0,0,0,0,1,1,0,0,1,1,0,1,0,0,0,0,1,1,0,0,1,1,0,0,1,0,1,1,1,1,1,1,0,1,0,1,0,1,0,1,1,0,1,0,1,1,1,0,0.0,-453.4723167515816,1
0,1,1,0,0,1,0,1,1,0,1,0,0,0,0,1,1,1,1,0,0,0,0,0,1,0,1,1,0,0,1,1,1,1,1,1,1,0,0,0,1,0,0,0,1,0,1,1,1,0,0,1,1,0,0,1,1,0,0,0,0,1,1,0,0.015625,-453.47143796766426,1
1,0,1,0,1,1,0,1,1,0,1,0,1,0,0,1,1,0,0,0,1,0,0,0,1,1,1,1,1,0,1,1,1,0,0,0,1,0,0,0,0,0,1,1,1,1,0,0,1,0,0,1,0,1,1,0,1,0,1,0,0,0,0,1,0.015625,-453.47009395001385,1
0,1,1,1,1,0,0,1,1,1,0,0,0,0,1,1,1,0,0,0,1,0,0,0,1,0,0,1,0,0,1,1,1,0,0,0,0,1,0,1,0,1,1,1,0,1,0,1,1,0,0,0,1,0,1,0,1,0,1,1,1,1,0,0,0.015625,-453.4700558120952,1
1,1,1,0,0,0,0,1,0,0,0,1,0,0,0,0,0,0,1,1,0,0,0,0,0,1,0,1,0,0,1,1,1,0,1,1,0,1,1,1,1,0,1,1,0,1,0,1,1,1,0,0,0,1,0,1,1,1,1,1,0,0,0,1,0.0,-453.4700377173229,1
1,1,0,0,1,1,1,1,0,0,0,1,1,1,0,0,0,1,0,0,0,1,0,0,0,0,0,0,0,1,0,1,0,0,1,0,1,1,0,0,1,0,1,1,1,1,1,1,1,1,0,0,0,1,1,1,0,0,0,1,0,1,1,0,0.03125,-453.4697050097563,1
1,1,1,1,1,0,0,1,0,0,1,0,0,0,1,1,1,1,0,0,0,1,0,0,0,0,0,0,0,0,1,1,0,1,0,1,1,1,0,1,1,0,1,1,0,1,1,1,0,1,0,1,0,0,0,1,1,0,0,0,0,0,1,1,0.0,-453.469634863238,1
0,1,1,0,1,0,1,1,1,0,0,0,0,0,0,1,0,1,1,0,0,0,1,0,1,0,0,0,1,0,1,1,0,0,1,0,0,1,0,1,1,0,1,1,0,1,1,1,1,1,0,0,0,1,0,1,1,1,0,1,0,1,0,0,0.0,-453.46962466668634,1
0,0,1,1,1,0,0,1,1,1,0,0,0,0,0,0,1,1,1,1,1,0,1,1,1,0,1,1,1,0,0,1,0,1,0,1,0,1,1,1,0,0,1,0,1,1,1,0,0,1,0,1,0,0,0,0,0,1,0,0,0,1,0,0,0.0,-453.46908839207117,1
1,0,0,1,1,1,0,1,1,0,0,0,1,0,1,0,0,0,0,1,1,1,0,0,1,1,0,0,0,0,0,1,1,0,0,0,1,0,0,0,0,0,1,1,0,1,1,1,1,1,1,1,1,1,0,1,1,1,1,0,0,1,1,0,0.0,-453.46851972982034,1
1,0,0,0,1,0,0,1,0,1,1,0,1,1,1,1,0,0,0,0,1,1,0,0,1,1,1,0,0,0,1,1,1,1,0,1,0,1,0,0,1,0,1,0,1,1,0,0,0,1,0,0,0,1,1,0,1,0,0,0,1,1,1,0,0.0,-453.46653023421686,1
1,1,0,0,1,1,0,1,1,0,0,1,1,0,0,1,0,1,0,0,0,0,0,0,1,0,0,0,0,0,1,1,1,0,0,1,1,1,1,0,1,0,0,1,1,1,1,1,0,0,0,1,0,1,1,1,1,1,0,0,1,0,0,0,0.0,-453.465798233491,1
0,1,0,0,1,1,1,1,1,0,0,0,1,0,0,0,1,0,0,0,0,0,0,0,0,1,1,1,1,1,0,1,0,0,1,1,1,0,1,0,1,0,1,1,1,0,0,1,1,1,0,1,0,1,1,0,1,1,1,0,1,1,0,0,0.0,-453.4622847997546,1
1,0,1,0,1,1,1,1,1,0,1,1,1,0,0,1,1,1,0,1,0,1,0,0,0,1,0,0,0,0,0,1,0,0,1,0,1,0,1,0,1,0,1,1,0,0,0,1,0,1,0,0,1,0,1,1,0,1,0,0,1,0,1,0,0.03125,-453.46212473763944,1
1,1,1,0,1,0,0,1,1,0,1,0,1,0,1,0,0,0,0,0,0,1,1,0,1,1,1,0,0,0,1,1,0,0,0,1,1,0,0,0,1,0,1,1,1,1,0,1,1,1,0,0,0,1,0,1,0,1,1,0,0,1,0,0,0.015625,-453.4568782825715,1
0,0,0,0,1,1,0,1,1,0,1,1,1,0,0,1,1,1,1,1,1,0,0,0,0,0,0,0,1,0,1,0,1,0,1,1,0,1,1,0,1,0,1,1,1,1,0,0,1,0,0,0,1,1,0,0,1,0,0,0,0,0,1,1,0.015625,-453.45676399029685,1
1,1,1,1,1,1,0,1,0,0,1,0,1,0,0,0,0,0,1,0,1,0,0,0,0,0,1,1,1,0,0,1,1,0,1,1,0,1,0,0,0,1,0,1,0,1,0,0,1,1,1,1,1,0,0,0,0,0,1,0,1,1,0,1,0.0,-453.45633158576385,1
1,0,1,1,0,1,0,1,0,1,1,1,0,0,0,0,0,0,1,0,1,0,0,1,1,1,0,1,0,0,1,0,0,0,0,1,1,0,0,0,1,0,1,1,0,1,0,1,0,1,1,1,1,1,0,1,1,0,0,0,1,1,0,0,0.0,-453.455120218849,1
0,1,0,1,1,1,0,1,1,0,0,0,1,1,1,0,0,0,0,0,0,1,1,1,0,0,0,0,1,0,1,1,1,0,1,0,0,1,0,0,1,0,1,1,0,1,0,1,0,0,0,1,1,1,1,1,1,0,0,0,0,1,1,0,0.0,-453.45478937490105,1
1,1,1,0,0,1,0,1,1,0,1,1,1,0,0,0,0,0,0,0,0,1,0,1,1,0,0,1,0,1,1,1,0,0,0,1,1,1,0,0,1,0,0,1,1,0,1,0,1,1,0,0,0,1,1,1,1,0,0,0,1,0,0,1,0.0,-453.45279714184966,1
1,0,1,1,0,0,0,0,1,0,1,1,1,1,0,1,1,1,0,0,1,1,0,0,0,0,1,1,1,0,1,0,1,0,0,0,0,1,0,0,1,1,1,1,0,1,0,1,1,0,0,1,0,1,1,0,1,0,0,0,1,0,0,0,0.0,-453.4525524632226,1
1,1,1,1,0,0,1,1,0,0,0,0,0,0,1,0,0,1,0,1,1,1,0,0,1,1,0,1,0,0,1,1,1,0,0,1,1,1,0,0,1,0,1,1,0,0,1,1,1,1,0,1,0,1,0,1,1,0,0,0,0,0,1,1,0.0,-453.4520698307819,1
1,0,0,1,0,1,1,0,0,0,1,0,1,1,0,0,1,0,0,0,1,0,0,0,1,0,1,1,1,0,1,1,0,0,0,1,1,1,1,0,1,1,1,0,0,1,0,1,1,1,0,0,1,1,0,0,0,0,0,0,1,1,1,0,0.015625,-453.4517716718303,1
1,1,1,1,1,0,0,0,1,0,0,0,0,0,0,0,1,1,0,0,1,1,0,0,0,0,0,1,0,0,0,1,1,0,1,0,1,1,1,0,0,0,1,1,1,1,0,1,0,1,0,0,1,1,1,0,1,1,1,1,0,1,0,0,0.0,-453.4496490434296,1
1,1,1,0,1,0,1,1,1,1,0,0,0,0,0,0,1,0,0,1,1,0,0,0,1,1,0,1,0,0,1,1,1,1,0,1,0,0,1,0,1,0,1,1,1,1,0,0,0,1,0,0,0,0,0,1,0,0,1,1,0,1,1,0,0.0,-453.44910659913506,1
1,1,1,1,1,1,1,1,1,0,1,0,1,1,0,0,0,0,0,0,1,1,1,1,1,0,1,1,0,0,1,0,1,1,0,0,1,0,1,0,0,0,1,0,0,1,1,0,1,1,0,0,0,0,0,1,0,0,0,0,0,0,0,1,0.015625,-453.4473265860243,1
1,1,1,1,0,0,1,1,0,1,1,0,0,0,0,0,1,0,0,1,0,1,0,0,1,0,0,1,1,0,0,0,1,1,1,1,0,0,1,0,1,0,1,0,0,1,1,1,0,1,0,0,1,0,0,1,0,1,1,1,0,1,0,0,0.015625,-453.4471258718312,1
1,0,1,1,1,1,1,1,0,1,1,0,1,0,0,0,0,1,0,0,0,1,0,1,1,0,0,1,0,0,1,0,0,0,0,1,1,1,0,0,0,1,1,0,1,1,1,1,0,1,0,0,1,0,0,0,1,0,0,0,0,1,1,1,0.0,-453.44637066845144,1
0,0,1,1,1,1,1,0,0,0,1,0,1,0,0,1,0,1,0,0,1,1,0,0,1,0,0,1,0,0,1,1,0,1,0,1,0,0,1,0,1,0,1,1,0,1,1,1,0,1,0,0,1,1,1,1,1,0,0,0,1,1,1,0,0.0,-453.44285340279737,1
1,1,1,1,0,1,0,0,0,1,1,0,0,0,1,1,0,1,1,0,1,0,0,0,0,1,1,0,0,1,1,1,0,0,0,1,1,1,0,0,1,0,1,0,0,0,1,0,0,0,0,1,1,0,1,1,0,1,1,1,1,0,0,0,0.0,-453.44271807508903,1
0,0,1,1,0,0,1,1,1,0,1,1,0,0,0,1,1,0,0,0,0,1,0,0,1,1,0,1,1,0,1,0,1,0,0,1,1,1,1,0,1,0,1,0,1,1,0,1,0,1,0,1,1,0,0,1,1,0,1,0,1,0,1,0,0.0,-453.44228070271225,1
1,1,1,1,1,0,0,1,1,0,1,0,1,0,0,1,1,0,0,0,0,0,0,0,1,0,0,1,0,0,1,0,1,1,0,0,0,0,1,0,1,0,0,1,1,1,1,1,0,1,0,0,0,1,0,0,1,0,1,1,1,1,1,0,0.0,-453.442162669739,1
0,1,1,1,1,0,1,0,0,0,0,0,0,1,0,0,1,1,0,1,0,0,1,1,1,1,0,0,0,0,1,1,0,1,0,1,1,0,0,0,0,0,1,0,0,1,1,0,1,1,1,0,1,1,0,0,0,1,1,1,0,1,1,0,0.0,-453.43791631504075,1
0,0,1,0,0,0,1,1,1,0,0,0,0,0,0,1,1,1,1,0,1,0,0,0,1,1,1,1,1,0,1,1,1,0,1,1,0,1,1,0,1,1,1,0,0,0,0,1,1,1,0,1,1,0,1,1,0,0,0,0,0,0,1,1,0.0,-453.43556581864704,1
1,1,1,1,1,1,0,1,1,0,0,0,0,0,1,0,0,0,0,0,1,1,0,0,0,0,1,1,0,1,0,1,0,1,0,0,1,1,1,0,1,0,1,1,1,1,1,0,0,1,0,0,0,0,1,0,0,0,0,1,1,0,1,1,0.0,-453.43502706867184,1
0,1,0,0,0,0,1,0,1,0,1,0,1,0,0,0,0,1,0,0,1,1,0,0,1,0,1,1,0,0,1,0,0,1,1,1,1,1,1,0,0,1,1,1,1,1,0,0,1,1,0,0,1,0,1,1,0,0,0,1,1,0,0,1,0.0,-453.43458866934054,1
1,0,1,0,1,0,1,0,0,1,0,1,0,1,1,0,1,1,0,0,1,0,1,0,0,0,0,0,0,0,0,1,1,0,1,1,1,1,0,0,1,0,1,1,1,0,1,1,0,1,0,1,1,0,1,1,1,0,1,0,1,1,0,0,0.015625,-453.4337162074904,1
1,1,1,1,0,0,0,1,1,0,1,0,1,0,1,0,0,1,0,0,0,1,0,0,1,0,1,1,0,0,1,1,1,0,0,0,0,1,1,0,1,0,1,1,0,1,1,0,1,1,0,0,0,0,1,1,1,1,0,0,0,0,0,1,0.015625,-453.43283433167835,1
0,0,1,0,0,0,0,1,1,0,0,0,0,1,1,0,1,0,1,1,1,0,1,0,0,1,1,0,1,0,0,1,1,0,1,1,1,0,1,0,1,1,1,0,0,1,0,1,1,1,0,0,1,1,0,1,0,0,1,0,1,1,1,0,0.0,-453.43237766449676,1
1,1,0,0,0,1,1,1,1,1,0,1,0,0,0,0,0,1,0,1,1,0,1,1,1,0,0,0,1,0,0,1,1,0,1,1,1,1,1,0,1,0,1,0,1,0,1,1,0,1,0,0,1,0,1,1,0,1,0,0,0,0,1,0,0.015625,-453.4312623009849,1
0,1,1,0,0,0,0,1,1,0,0,0,0,1,1,0,0,0,0,0,1,1,1,0,1,0,1,1,0,1,0,1,1,0,1,1,0,1,1,0,1,0,1,1,1,1,0,0,0,1,0,1,1,1,0,0,0,0,1,1,0,1,0,0,0.0,-453.4308861853935,1
0,1,0,0,0,1,0,1,1,0,1,0,1,0,1,1,0,0,0,0,1,1,0,0,1,1,1,0,1,0,0,1,0,0,0,1,1,1,1,0,1,0,1,0,1,1,0,1,0,1,1,1,1,0,0,1,0,0,0,0,1,1,1,1,0.0,-453.43030480019786,1
0,0,1,1,0,1,0,1,0,0,0,1,0,0,1,1,1,0,1,1,1,1,0,0,1,0,1,1,0,0,0,0,1,1,0,1,1,1,0,0,1,0,1,0,0,0,1,1,0,1,0,0,0,1,0,1,0,1,1,0,1,0,0,1,0.03125,-453.43010298229603,1
1,1,1,0,0,0,1,0,1,1,0,0,0,0,0,1,1,1,0,1,0,1,1,0,0,0,1,1,1,0,0,1,0,0,1,0,1,1,0,0,0,0,1,1,0,1,1,1,0,1,0,0,0,1,0,1,1,1,0,0,0,1,1,0,0.0,-453.429964553529,1
1,0,1,1,0,0,0,1,0,0,1,0,0,1,0,0,0,0,1,1,0,1,0,0,0,0,0,1,0,0,1,1,1,0,0,1,1,1,1,1,1,0,1,1,0,1,1,1,1,1,0,1,0,1,0,1,1,0,0,0,0,1,0,0,0.03125,-453.42994191018335,1
1,0,1,0,1,0,1,1,1,1,0,0,0,0,1,0,1,0,0,0,0,1,0,1,1,0,0,1,0,0,0,1,1,0,1,1,1,0,0,1,1,0,1,1,1,0,0,1,1,1,0,1,0,0,1,1,0,1,1,0,0,0,0,0,0.0,-453.42824219564073,1
1,1,1,1,1,1,0,1,0,0,1,1,1,0,0,1,0,1,0,0,0,1,0,1,0,0,0,1,0,0,1,1,1,0,0,0,1,0,0,0,0,0,1,1,1,1,0,1,1,1,0,1,1,1,0,0,1,1,0,0,1,0,0,1,0.0,-453.4282119067603,1
1,1,1,0,1,1,0,1,0,1,1,0,0,1,0,1,1,0,0,0,0,1,0,0,0,1,1,1,0,0,1,0,0,0,0,1,1,0,0,0,1,0,0,0,1,1,1,1,1,1,0,1,0,0,1,0,1,0,0,1,0,1,1,0,0.0,-453.4280270045243,1
1,1,1,1,1,0,0,1,1,1,0,0,0,1,1,1,1,0,0,0,1,0,0,0,1,0,0,1,0,0,1,1,1,1,0,1,0,1,0,0,1,0,1,1,0,0,0,0,0,0,0,0,1,1,1,0,0,0,1,0,1,1,1,0,0.0,-453.4255926868455,1
0,1,1,0,1,0,0,1,0,0,1,1,0,0,0,1,0,1,0,1,0,0,1,0,0,0,0,1,1,0,0,0,1,0,1,1,1,1,1,1,0,0,1,0,1,1,1,0,0,0,0,0,1,1,1,1,1,0,1,0,1,1,0,0,0.0,-453.42421560435764,1
0,1,1,1,0,1,1,1,0,0,0,0,0,0,1,1,0,1,1,0,1,1,0,0,0,1,1,1,0,0,0,1,0,1,1,1,1,1,0,0,1,0,1,1,0,0,1,1,0,1,0,1,1,0,1,1,1,0,0,0,0,0,1,0,0.0,-453.4241073307569,1
1,1,1,1,0,1,0,1,1,0,0,0,0,1,0,1,1,0,1,0,1,0,0,1,0,0,0,1,0,0,1,1,1,0,0,0,0,1,0,0,1,0,1,1,1,1,1,0,1,0,0,0,0,0,1,0,1,1,1,0,1,1,0,0,0.0,-453.4239718898166,1
0,1,1,1,1,0,0,1,1,0,1,1,0,0,0,1,1,1,0,0,1,1,0,0,0,0,0,0,0,0,1,1,1,0,0,1,1,1,1,1,0,0,1,1,1,1,0,0,0,1,0,1,0,1,1,1,0,0,0,0,0,0,1,0,0.0,-453.4225602722467,1
0,0,1,0,1,0,0,1,0,0,1,0,0,0,1,0,1,0,0,1,1,1,0,0,1,0,0,1,0,0,0,1,1,1,0,1,1,1,1,0,0,0,1,1,1,1,1,0,0,1,0,1,1,1,0,1,1,0,0,1,1,1,1,0,0.0,-453.419220710697,1
1,0,1,1,1,1,0,0,0,1,1,0,0,1,1,0,0,0,0,0,1,1,0,0,0,1,0,1,1,0,0,0,0,0,0,1,1,0,0,0,0,0,1,1,1,1,0,0,1,1,0,1,0,1,0,1,1,1,1,0,0,1,1,1,0.0,-453.4191140594386,1
0,1,1,0,1,1,0,1,0,0,1,1,1,1,0,0,1,1,0,1,0,1,0,0,0,1,1,1,0,0,0,1,0,0,0,1,1,1,1,0,0,0,1,0,1,1,0,0,1,1,0,0,1,1,0,1,0,0,0,1,0,1,1,1,0.0,-453.4189298270631,1
1,0,1,1,1,1,1,1,1,0,0,0,0,1,0,0,1,0,0,1,1,1,0,0,0,0,1,1,0,0,0,0,1,1,0,0,1,1,0,1,1,0,1,1,1,0,0,1,0,1,0,0,0,0,0,0,0,0,1,1,1,1,1,0,0.0,-453.4188060173429,1
1,1,1,0,1,0,1,0,0,0,0,1,0,0,0,0,1,1,0,0,1,0,1,0,0,0,1,1,0,0,1,0,1,1,0,1,0,1,0,0,1,1,1,1,1,0,1,1,1,1,0,1,0,1,0,1,1,1,0,0,1,0,1,0,0.0,-453.4179982246127,1
1,1,0,1,1,0,0,1,1,0,0,0,0,0,1,1,1,0,0,0,0,0,0,0,0,1,1,1,0,0,1,0,0,0,1,1,1,0,0,1,1,0,1,1,1,0,1,0,1,1,0,1,0,0,1,0,1,0,0,0,1,1,1,1,0.0,-453.4173447632123,1
0,1,1,1,0,1,1,1,1,0,1,0,1,0,0,1,0,1,0,0,0,1,0,0,0,0,0,1,0,0,1,1,1,0,1,1,1,1,0,0,0,1,1,1,0,1,0,1,0,1,1,1,0,1,0,0,1,1,0,0,0,0,0,0,0.0,-453.41701383476294,1
1,0,1,1,1,0,0,1,1,1,0,0,0,0,0,0,1,0,0,0,0,1,1,0,1,0,0,1,1,0,0,1,0,1,1,0,1,1,1,1,1,0,1,0,1,1,0,1,1,0,0,1,0,0,1,1,1,0,1,0,0,1,1,0,0.0,-453.4129145520445,1
0,0,1,1,1,1,0,1,0,1,1,0,0,1,0,1,1,1,0,0,1,0,0,1,0,1,1,1,0,0,0,1,0,0,0,0,1,1,1,0,0,0,1,1,0,1,0,1,0,1,0,0,0,1,1,1,0,1,0,1,0,1,0,0,0.0,-453.41232956084707,1
1,1,1,0,0,0,1,1,1,0,0,0,1,0,0,0,0,1,1,1,1,1,0,0,0,0,0,1,0,0,0,1,0,1,0,1,1,1,1,1,0,0,1,1,1,1,1,1,0,0,0,0,0,1,0,1,1,0,0,1,1,1,1,0,0.015625,-453.41221720093966,1
0,1,1,1,0,1,1,0,0,1,0,0,0,0,1,1,0,0,1,0,0,1,0,0,1,0,0,1,0,0,0,1,1,0,0,1,0,1,1,0,1,0,1,0,1,1,0,1,1,1,1,0,0,0,1,1,1,0,1,0,1,0,1,0,0.0,-453.41196942638453,1
1,1,0,1,1,1,0,1,0,0,0,0,1,0,1,1,1,1,1,0,1,0,0,0,0,0,0,1,0,0,1,1,0,0,0,1,0,1,0,1,1,1,1,1,0,0,1,1,0,1,0,1,0,0,0,0,1,0,0,0,0,1,1,1,0.03125,-453.41130305915146,1
1,0,0,0,1,0,0,1,1,0,0,0,1,0,1,0,1,0,0,0,0,1,0,1,0,1,0,1,0,1,0,1,0,1,1,0,1,1,0,0,0,0,1,1,1,1,0,1,1,1,1,1,1,1,0,1,1,0,0,0,0,1,0,0,0.0,-453.4111219720239,1
1,0,0,1,0,1,0,1,1,0,1,0,1,0,0,1,1,0,0,1,1,0,0,0,0,1,1,1,0,0,1,0,1,1,0,1,1,1,1,0,1,0,1,1,1,1,1,1,0,0,0,0,1,0,0,0,0,0,0,0,0,1,1,0,0.0,-453.41047462864987,1
0,0,1,0,1,1,0,1,1,1,0,0,1,1,0,1,0,1,0,1,0,0,1,0,1,1,0,1,0,0,1,1,1,0,0,1,0,0,0,1,0,0,1,1,1,1,1,1,0,0,0,1,0,1,0,1,1,0,0,1,1,1,0,0,0.015625,-453.4102420109527,1
1,1,1,0,1,1,1,1,0,0,0,0,0,0,0,1,0,0,0,1,1,1,0,0,0,1,1,1,1,1,1,1,1,0,1,1,0,0,1,1,0,0,1,0,0,0,1,1,0,1,0,1,1,1,1,1,1,0,0,0,0,0,0,0,0.0,-453.41000928694774,1
1,0,0,0,1,1,0,1,1,0,1,1,0,0,0,0,0,1,1,0,1,0,1,0,0,0,1,1,1,1,0,1,1,1,0,1,1,0,0,1,1,0,1,1,1,1,0,1,0,0,0,1,0,0,1,1,1,0,1,1,0,0,0,0,0.0,-453.40983124381927,1
1,0,1,0,0,0,0,1,0,1,1,1,0,0,0,1,1,1,0,1,0,0,0,0,1,1,0,1,0,0,1,1,1,0,1,0,1,0,1,0,0,1,1,0,0,0,1,1,0,1,0,1,0,1,1,1,1,0,0,0,1,0,1,0,0.0,-453.4097806850534,1
1,0,0,0,1,1,1,1,1,1,1,0,0,0,0,0,1,0,1,0,1,0,0,0,1,0,1,1,1,1,1,0,1,0,0,0,1,0,0,0,1,1,1,0,1,1,1,1,1,1,0,1,1,1,0,0,0,0,0,0,1,0,1,0,0.015625,-453.40803404579106,1
1,1,1,1,0,0,0,0,0,0,0,1,0,0,1,0,0,1,0,0,0,0,1,1,0,0,0,1,0,0,1,1,0,0,0,1,1,1,1,0,1,0,1,1,1,1,0,1,0,1,0,1,1,1,1,1,1,0,1,0,0,1,0,0,0.0,-453.40695658044064,1
1,1,1,0,1,1,0,1,1,0,1,0,0,0,1,1,0,0,0,0,0,1,0,0,1,0,0,0,1,0,1,1,1,0,0,0,1,1,0,0,1,1,1,0,1,1,0,0,0,1,0,0,0,0,1,1,1,1,0,1,1,0,1,0,0.0,-453.40649294567595,1
0,0,1,1,0,1,1,1,1,1,0,1,1,0,1,0,0,0,0,1,1,1,0,0,1,1,0,1,0,0,1,0,0,1,0,1,1,0,0,0,0,0,1,1,0,0,1,1,0,1,0,0,1,1,0,1,1,0,0,0,1,1,0,0,0.0,-453.4060591734178,1
1,0,1,0,1,0,0,1,1,1,0,0,1,0,0,0,0,1,0,0,0,1,0,0,0,0,1,1,0,0,0,1,1,0,1,0,1,1,1,0,0,1,1,1,1,1,0,1,1,1,1,1,0,1,0,1,1,0,0,0,0,0,1,0,0.0,-453.40599276357096,1
0,1,0,1,1,0,0,1,1,0,1,1,1,0,1,0,1,0,1,0,1,0,0,1,0,0,1,1,1,0,1,1,1,1,0,1,1,1,1,0,0,1,1,0,0,0,1,1,0,1,0,1,0,1,0,1,0,1,0,0,0,0,0,0,0.015625,-453.4058248099917,1
1,1,1,0,1,1,1,1,1,0,1,1,0,0,0,0,0,1,1,0,0,0,0,0,1,0,1,1,0,0,1,1,1,1,1,0,0,1,1,0,1,0,0,1,1,1,0,1,0,1,0,0,0,1,1,1,1,0,1,0,0,0,0,0,0.015625,-453.4045223266538,1
0,1,1,0,1,0,1,1,0,0,1,1,0,0,1,1,1,1,0,1,1,0,1,0,1,0,0,1,0,1,1,1,0,1,0,1,0,0,0,0,0,0,1,0,0,1,0,0,0,1,0,1,1,1,1,1,0,0,1,0,1,0,0,0,0.015625,-453.4043202950762,1
0,1,1,1,1,1,1,1,1,0,0,1,1,1,0,0,0,0,0,0,1,0,0,0,0,0,1,1,0,1,1,0,0,1,0,1,1,1,0,0,0,0,0,1,1,0,0,1,0,1,0,1,0,1,1,1,1,0,0,0,0,1,1,0,0.0,-453.404197584043,1
1,1,1,0,1,1,0,0,1,1,1,1,0,0,1,1,0,0,0,0,0,1,1,0,1,0,1,1,1,0,0,1,1,0,0,0,1,1,0,0,1,0,0,0,0,1,1,0,1,1,0,1,1,0,0,1,1,1,0,0,1,0,1,0,0.015625,-453.40202665474743,1
0,0,0,0,0,1,1,1,1,0,1,1,1,0,0,0,1,1,1,1,1,1,0,0,0,0,0,1,0,0,0,1,0,0,0,0,1,1,1,0,0,0,1,1,0,0,0,0,0,1,1,1,1,1,0,1,1,0,1,0,0,1,1,1,0.0,-453.40146533460296,1
0,0,1,1,0,1,1,1,0,0,0,1,1,0,1,1,0,1,0,1,1,1,0,0,1,0,1,1,0,0,1,1,0,0,0,1,0,0,1,0,1,0,1,0,1,1,1,1,0,1,0,0,0,0,0,0,1,0,0,0,0,1,1,1,0.0,-453.4010681554947,1
0,1,0,1,1,1,1,1,0,0,0,0,0,1,1,0,1,0,1,0,0,1,1,1,0,1,0,1,0,0,0,1,1,0,1,0,0,0,1,0,1,0,1,1,0,1,1,1,0,1,1,1,0,0,0,1,1,0,1,0,0,0,0,0,0.0,-453.4009692912764,1
0,0,1,1,0,1,0,1,1,1,0,0,1,0,0,1,1,0,1,0,1,1,0,1,0,0,1,1,0,0,0,1,0,0,0,1,1,0,0,0,1,0,1,1,1,1,1,0,1,0,0,0,1,1,1,1,0,1,0,1,1,1,0,0,0.0,-453.40052247647765,1
1,0,1,1,0,1,0,1,1,0,0,1,0,0,0,1,1,0,0,0,1,1,0,0,0,0,1,1,0,0,0,1,1,1,1,1,1,1,1,0,1,0,1,1,1,0,0,1,0,1,0,0,1,1,1,1,0,0,1,0,1,0,0,0,0.0,-453.3999223203545,1
0,1,1,0,1,1,1,1,1,0,1,0,1,1,1,1,1,0,0,0,1,1,1,0,0,0,0,0,0,0,0,1,1,1,0,1,1,0,1,0,0,0,0,1,0,1,0,0,1,1,0,0,1,0,0,1,1,0,0,0,1,0,1,0,0.015625,-453.39944234347286,1
0,0,1,0,0,0,1,1,0,1,1,0,1,1,0,0,0,0,0,0,1,1,1,0,0,0,0,1,0,1,1,1,1,0,1,1,1,1,0,0,0,0,1,1,1,1,0,0,0,1,0,1,0,1,1,0,0,0,0,1,1,1,1,0,0.015625,-453.39907131986683,1
0,0,1,1,0,0,1,1,0,1,0,0,1,0,1,1,0,0,0,1,0,1,1,0,0,0,1,1,0,0,0,0,1,0,1,1,1,0,1,0,1,0,1,0,1,1,1,1,0,1,0,1,1,0,0,1,1,0,0,1,0,1,0,0,0.0,-453.3981086911898,1
1,1,1,0,0,1,0,1,1,0,0,0,1,1,1,0,1,0,0,0,1,0,0,1,1,0,1,1,1,0,0,1,1,0,0,1,1,0,0,0,1,1,1,0,1,1,1,0,1,1,0,0,0,1,0,0,0,0,1,0,0,1,1,1,0.0,-453.3979780566029,1
1,0,1,1,0,1,1,0,0,0,1,0,0,0,0,1,1,0,0,1,1,1,1,0,1,0,1,1,0,0,0,1,0,0,0,1,1,0,0,0,0,1,0,1,1,1,1,1,1,1,0,1,0,1,0,1,1,1,0,0,1,1,0,0,0.0,-453.3969798230125,1
0,0,0,0,1,1,1,1,1,1,1,0,1,0,0,1,1,0,1,0,1,0,1,0,1,0,1,1,0,0,1,1,1,0,0,1,1,1,0,1,1,0,1,1,0,1,0,1,0,0,0,1,0,1,1,1,0,0,0,0,0,0,1,0,0.0,-453.3956162705365,1
1,1,0,1,0,0,0,0,1,1,1,0,0,0,1,0,1,1,1,0,0,1,1,0,1,0,0,1,1,0,0,1,1,1,0,1,0,1,1,0,1,0,1,1,1,1,0,1,0,1,0,0,0,1,0,0,1,1,0,0,1,1,0,0,0.0,-453.39555900415445,1
0,0,1,0,1,0,0,1,1,0,1,0,1,1,0,1,0,1,0,1,0,0,0,0,1,0,0,0,0,0,1,1,0,0,0,1,0,1,0,0,1,1,1,1,0,1,0,1,1,0,1,1,1,1,0,1,0,1,1,0,1,0,1,0,0.0,-453.3935498632517,1
0,1,1,0,1,1,1,0,1,0,0,0,1,1,1,0,0,1,0,0,0,1,0,0,1,0,0,1,0,0,0,0,1,1,1,1,0,1,1,0,1,0,1,1,1,1,0,0,1,0,0,1,0,1,0,1,1,1,1,0,0,1,0,1,0.015625,-453.39347553576056,1
0,1,0,0,0,0,0,1,1,0,0,1,0,1,1,0,1,0,1,1,0,1,0,1,0,1,1,0,0,0,1,1,1,1,0,0,1,1,1,0,1,0,1,1,0,0,1,1,0,1,0,1,1,1,0,1,0,1,1,0,0,1,0,0,0.0,-453.39254013299177,1
1,1,1,0,1,0,1,0,1,1,1,0,1,0,1,0,0,0,0,0,0,0,0,0,1,0,0,1,0,0,0,0,1,1,0,1,1,1,1,0,1,0,1,1,0,1,0,1,0,1,0,0,1,1,0,1,0,1,1,0,0,1,1,0,0.0,-453.39218139467386,1
1,1,1,1,0,0,0,1,0,0,1,1,0,1,0,1,1,1,0,1,0,1,1,1,1,0,1,1,0,0,0,1,1,0,0,0,0,1,1,0,0,0,1,0,1,1,0,0,0,1,0,1,1,1,1,0,0,0,0,1,0,1,1,0,0.0,-453.3919423778726,1
0,1,0,0,0,0,0,1,1,0,0,0,1,0,1,1,1,1,0,1,1,0,1,1,0,1,1,1,0,0,1,1,1,0,0,1,1,1,0,0,0,1,1,0,1,1,0,0,0,1,0,1,1,1,0,1,0,0,0,0,0,0,1,0,0.0,-453.3917714860498,1
1,1,0,0,1,1,1,1,1,0,0,1,0,0,0,1,0,1,1,1,1,0,0,1,0,0,0,1,0,0,0,1,0,0,0,1,1,1,0,0,1,1,1,1,1,1,0,1,0,1,0,0,1,0,1,0,1,0,1,1,0,1,0,0,0.0,-453.3914745987102,1
0,0,1,0,1,1,0,1,1,1,0,0,0,0,1,0,1,1,0,0,1,1,1,1,1,1,0,1,1,0,0,0,1,1,0,0,0,1,1,0,1,0,0,0,1,1,0,0,1,0,0,1,0,1,1,1,1,1,0,0,0,1,1,0,0.015625,-453.3902541532058,1
1,0,1,1,0,0,0,1,1,0,1,0,0,0,0,0,1,1,0,1,0,1,1,0,0,0,1,1,1,0,0,1,1,1,0,1,0,0,0,1,0,1,1,1,1,0,1,1,0,1,0,0,1,1,0,0,0,1,1,0,0,0,1,0,0.0,-453.38942980032255,1
0,0,1,1,0,1,0,1,0,1,0,0,1,1,1,0,0,1,0,1,1,0,0,0,0,1,1,0,0,1,0,1,0,1,0,0,0,1,1,0,1,0,1,1,0,1,0,1,0,1,0,1,1,0,1,1,0,1,1,0,1,1,0,1,0.015625,-453.3885463812002,1
1,1,0,0,1,1,1,1,1,1,0,1,0,0,1,1,1,0,0,0,1,1,1,1,0,0,1,1,0,0,1,1,1,0,0,0,1,1,0,0,1,0,1,0,1,1,1,0,0,1,0,1,0,1,0,1,0,0,0,0,0,1,0,0,0.0,-453.38834210701464,1
1,0,0,1,1,0,0,1,1,0,1,0,1,0,0,1,1,1,0,0,1,1,0,0,1,0,0,1,0,0,1,0,1,1,0,1,0,1,0,0,1,0,1,1,1,1,0,1,0,1,0,1,1,1,0,1,0,0,1,0,0,1,1,0,0.0,-453.38825674003823,1
1,1,1,1,0,1,0,1,0,1,0,0,0,0,0,0,1,1,0,0,0,1,1,0,1,0,0,1,0,0,1,1,1,1,0,0,1,1,1,0,1,0,1,1,1,1,0,1,0,1,0,0,1,0,1,0,1,0,1,0,1,1,0,0,0.015625,-453.388212840618,1
1,1,0,0,1,0,1,1,1,0,1,0,1,0,0,0,0,0,0,0,1,1,0,0,1,0,1,1,0,0,1,1,1,0,0,0,1,1,0,0,1,1,0,0,1,1,1,1,1,0,0,0,0,1,0,1,1,1,1,0,1,1,1,0,0.015625,-453.3874948057879,1
1,0,1,0,0,1,0,1,1,0,0,0,0,1,0,0,1,0,0,1,1,1,0,0,0,0,1,1,0,0,1,1,1,1,0,1,1,1,0,0,1,1,1,1,0,1,0,1,0,1,0,0,0,1,0,1,1,0,1,0,1,1,1,0,0.0,-453.3872754952294,1
1,0,1,0,1,1,1,0,0,0,1,0,0,0,0,0,0,1,0,1,0,1,0,0,0,1,1,1,0,0,0,0,1,0,0,1,1,1,0,1,1,1,1,1,0,0,1,1,1,1,1,0,1,1,0,1,1,0,0,1,1,1,0,0,0.0,-453.3870597182553,1
1,1,1,1,1,1,0,1,1,0,1,1,0,1,0,1,0,0,1,0,0,1,0,0,0,0,0,1,0,0,1,1,1,0,0,0,0,1,1,0,1,0,1,1,1,1,1,1,1,0,0,0,1,0,0,1,0,0,0,0,0,0,1,0,0.015625,-453.38679646241206,1
1,1,1,1,0,1,0,0,1,0,1,0,1,0,0,1,0,0,0,0,1,0,1,0,0,1,1,1,0,0,1,1,1,0,0,1,1,0,1,0,1,1,1,0,1,0,0,1,0,1,0,0,1,1,1,0,1,0,0,0,0,1,1,1,0.0,-453.38617154523524,1
0,1,0,1,0,1,0,1,1,0,1,1,0,0,0,0,1,0,0,0,0,1,1,0,1,0,0,1,0,0,1,1,0,0,0,1,1,1,0,1,1,0,1,1,1,1,1,0,0,0,0,1,1,0,1,1,0,1,1,1,0,0,0,0,0.0,-453.3843796176416,1
1,1,1,0,0,1,1,1,0,1,1,1,0,0,0,0,1,1,1,0,1,0,0,0,1,1,1,1,0,0,0,1,1,0,1,0,1,0,0,0,0,1,1,1,1,1,1,0,0,1,0,1,1,0,1,0,1,1,0,0,0,0,0,0,0.0,-453.3842198603905,1
1,1,1,0,0,1,0,1,1,0,0,0,0,0,1,1,1,0,1,0,0,0,0,0,0,1,0,1,0,0,1,1,1,1,0,0,0,1,1,1,0,1,1,1,0,1,0,0,1,1,0,0,1,0,0,0,1,1,0,1,1,0,1,0,0.0,-453.3840527123904,1
1,0,1,0,1,0,0,1,0,0,1,1,0,0,1,0,0,1,0,0,0,1,0,0,1,0,1,1,0,0,1,1,1,0,0,1,0,1,0,0,1,0,1,1,0,0,1,1,1,1,1,0,1,0,0,1,1,1,0,1,0,0,1,0,0.0,-453.3837080660114,1
1,1,1,0,1,0,1,1,0,0,0,0,1,0,0,1,1,1,0,1,1,1,0,0,0,0,0,1,1,0,0,0,1,0,0,1,1,0,0,1,1,0,0,0,1,1,1,1,0,1,0,1,1,0,0,0,1,1,1,0,0,1,0,0,0.0,-453.3828332557114,1
0,1,1,1,0,0,0,1,0,0,0,0,1,1,0,1,0,1,0,1,0,1,0,0,0,0,0,1,1,1,1,1,1,0,0,1,0,0,0,0,1,1,1,1,0,1,0,1,1,1,0,0,0,1,1,0,1,1,1,0,1,0,0,0,0.0,-453.3828074057358,1
1,1,1,1,0,0,0,1,0,0,1,1,0,1,0,1,0,1,0,1,1,0,1,0,0,0,1,1,0,0,0,1,0,0,1,0,0,0,1,0,1,0,1,1,1,1,1,1,0,1,0,0,1,0,0,0,1,0,0,0,1,1,1,0,0.0,-453.38258677581865,1
0,0,1,0,1,1,0,1,1,0,1,0,0,1,1,1,0,1,0,1,0,0,0,0,0,0,0,1,0,0,0,1,1,0,0,1,1,0,1,0,1,1,1,1,1,1,1,1,1,1,0,1,0,0,0,1,0,0,0,0,0,1,1,0,0.0,-453.3821720470021,1
1,0,1,0,1,0,0,1,1,0,0,0,0,1,1,1,0,0,0,0,1,1,0,0,0,1,1,1,0,0,0,1,0,0,0,0,1,1,0,0,1,0,1,1,1,1,1,1,0,1,1,0,0,1,0,0,1,0,0,0,1,1,1,1,0.015625,-453.3817499298167,1
1,1,0,1,0,1,0,1,1,0,1,1,0,0,0,1,1,1,1,1,1,0,1,0,1,0,0,1,0,0,1,1,1,0,0,0,1,1,0,0,0,1,1,0,0,0,0,1,0,1,0,1,0,0,1,0,0,1,0,0,1,0,1,0,0.0,-453.3816720141109,1
1,1,1,0,1,0,1,1,0,1,0,0,0,0,1,1,1,1,0,0,1,1,1,0,1,1,1,0,0,0,0,0,0,0,0,1,0,0,0,0,0,1,1,1,0,1,0,0,0,1,1,0,0,0,1,1,1,1,1,0,0,1,1,0,0.015625,-453.38149323595167,1
1,0,1,1,1,1,1,0,0,1,0,0,0,0,0,1,0,0,0,1,0,1,0,0,0,0,0,1,1,1,1,0,0,0,0,1,1,1,1,0,0,0,1,1,1,1,1,0,1,1,0,1,1,1,0,1,1,0,0,0,0,0,1,0,0.015625,-453.3806712083265,1
0,1,1,0,0,0,0,1,0,0,0,1,1,0,0,1,0,1,1,1,1,0,0,0,1,0,1,1,1,1,1,1,1,0,0,1,1,1,0,1,0,0,1,1,1,0,1,0,0,1,0,0,0,0,0,0,1,0,0,1,0,0,1,1,0.015625,-453.37786981577693,1
1,0,1,0,0,1,1,0,1,1,0,1,1,1,1,0,0,0,1,0,0,1,0,0,1,0,0,1,0,0,0,1,0,0,1,1,0,1,1,0,1,1,0,1,1,1,1,1,1,1,0,1,1,1,0,0,1,0,0,0,0,1,0,0,0.015625,-453.3774577531586,1
1,0,0,1,0,1,0,1,0,0,0,0,1,0,0,0,0,1,0,0,1,1,0,0,0,0,0,1,0,0,1,1,1,0,0,1,0,1,1,0,1,1,1,1,1,1,0,0,0,1,0,1,0,1,1,1,1,1,1,0,1,1,0,0,0.0,-453.3774392574091,1
1,0,1,1,0,0,0,1,1,0,1,0,0,0,1,0,0,0,0,0,0,0,1,0,1,1,1,1,0,1,0,1,1,1,1,1,1,0,0,1,1,0,0,0,1,0,0,0,1,1,0,1,0,1,0,1,1,1,1,0,0,1,1,1,0.0,-453.37671287879255,1
0,1,1,1,1,0,0,1,0,0,1,0,0,0,0,0,0,0,1,0,0,0,0,1,1,1,1,1,1,1,1,1,0,1,1,1,1,1,0,0,1,0,1,1,1,1,0,1,0,0,0,0,0,0,0,1,1,1,1,1,0,0,1,0,0.0,-453.37642643560304,1
1,1,1,1,0,0,0,0,1,1,0,0,1,1,1,1,1,0,0,1,1,1,0,0,1,0,1,0,0,1,0,1,1,1,1,1,1,1,1,0,0,0,1,0,0,1,0,1,0,1,0,0,1,0,0,1,1,0,0,1,0,0,0,0,0.0,-453.37586449303154,1
1,1,1,1,1,1,1,1,1,0,0,0,1,0,1,1,1,1,0,1,1,0,0,0,0,0,1,0,0,1,1,0,0,0,0,1,1,0,1,0,0,0,1,0,0,0,1,1,1,1,0,1,1,0,1,1,0,1,0,0,0,1,0,0,0.0,-453.37560952952964,1
1,1,0,1,0,1,0,1,0,1,0,0,0,1,0,1,1,1,0,1,0,1,0,0,0,1,0,1,0,0,1,1,1,1,0,0,0,1,0,0,0,0,1,1,1,1,0,1,1,1,0,0,1,1,0,1,0,0,0,0,1,1,1,1,0.0,-453.3749889692436,1
0,0,1,0,0,1,1,0,1,1,1,1,0,0,0,1,1,1,0,0,1,1,1,1,1,0,0,0,0,0,1,0,1,1,1,0,1,0,0,1,1,0,1,0,1,0,1,1,1,0,1,1,0,0,1,1,0,0,0,0,0,1,1,0,0.0,-453.3743661745349,1
1,1,1,0,0,1,0,1,0,1,0,0,0,1,1,0,0,0,0,0,1,1,1,0,0,0,0,1,0,0,0,0,1,1,0,1,1,1,0,1,1,1,1,0,1,1,0,1,0,1,0,1,0,0,0,1,1,0,1,0,0,1,0,1,0.0,-453.3741139234918,1
1,1,1,0,1,0,0,1,0,0,1,0,0,0,1,0,1,0,0,1,1,0,0,1,0,0,0,1,1,0,0,1,1,0,0,1,0,1,0,0,1,0,1,1,1,0,1,0,1,0,0,1,1,1,1,1,1,1,0,0,1,1,1,0,0.0,-453.37405793921704,1
0,0,1,0,0,0,1,1,0,0,1,0,0,0,1,1,1,0,1,1,1,1,0,0,1,0,0,1,0,0,0,1,0,1,0,1,1,1,0,0,1,0,1,1,0,0,1,1,1,1,1,0,0,1,1,0,0,0,1,1,0,1,0,0,0.0,-453.3730679249738,1
0,1,0,0,0,1,0,0,0,1,1,0,0,1,0,0,0,0,1,0,1,0,0,0,0,0,1,1,1,1,1,1,0,0,1,0,1,1,1,0,1,0,0,0,0,0,1,1,1,0,1,1,0,1,0,1,0,0,1,1,1,1,1,1,0.0,-453.3723788208128,1
1,1,1,1,1,1,1,1,0,0,0,1,1,1,1,0,1,0,0,0,0,1,1,0,1,0,0,1,0,0,0,1,0,0,0,0,0,1,0,0,1,0,0,1,0,1,0,0,0,1,1,1,1,1,0,0,1,0,1,0,1,1,0,0,0.0,-453.37219640809195,1
0,0,1,0,1,1,1,1,1,1,0,1,0,0,1,0,1,0,0,1,1,1,0,0,0,0,0,1,0,0,1,0,1,0,0,1,1,1,0,0,1,1,1,1,1,1,1,0,1,1,0,0,0,1,0,0,1,0,0,0,0,1,0,0,0.0,-453.37057669811327,1
0,1,1,0,1,0,0,1,1,0,0,1,0,1,0,1,0,0,0,1,1,1,0,0,0,0,1,1,1,0,0,0,1,0,0,0,1,1,1,0,1,1,1,1,1,0,0,1,0,1,0,1,0,0,0,0,1,1,0,1,0,0,1,1,0.015625,-453.3695424634775,1
1,0,1,1,1,1,0,1,1,0,1,0,1,0,0,1,0,0,1,0,1,1,0,0,1,0,0,1,1,0,1,0,0,0,0,1,1,0,1,0,1,0,1,1,1,0,0,0,1,1,0,0,1,0,0,1,1,0,0,0,1,1,0,0,0.0,-453.3695319593413,1
0,0,1,1,1,1,0,0,1,0,1,0,0,0,1,1,0,0,0,1,1,0,0,0,0,1,0,1,0,1,0,0,0,1,1,1,0,0,0,0,1,1,1,1,1,1,0,0,0,1,0,1,1,1,1,1,0,1,0,0,1,0,0,1,0.0,-453.3687916863623,1
1,0,1,1,1,1,0,1,0,1,0,0,0,1,1,1,1,0,0,1,0,0,0,0,0,0,0,1,0,0,0,1,0,0,0,0,1,1,1,0,1,1,1,0,0,1,1,1,1,1,0,0,1,1,1,0,1,0,1,0,0,1,0,0,0.0,-453.36832929249204,1
0,0,0,1,0,1,0,1,1,1,1,1,1,1,0,1,1,0,0,1,1,1,1,0,1,0,0,1,0,0,0,0,1,0,0,1,1,1,0,0,0,0,1,1,1,1,0,1,1,1,0,0,0,1,0,1,1,0,0,0,0,1,1,0,0.0,-453.36733189331255,1
0,0,1,0,0,0,0,1,1,0,1,1,0,1,1,0,1,0,0,0,1,1,0,0,1,0,1,1,1,0,1,1,1,0,0,0,1,1,0,0,1,0,1,1,0,1,0,0,0,1,0,0,0,1,1,1,1,1,1,0,0,1,0,0,0.015625,-453.3665281220403,1
1,1,1,0,0,1,1,1,1,1,1,0,0,1,1,0,0,1,0,0,0,1,0,0,1,0,1,1,0,0,0,1,1,0,0,0,1,0,0,0,0,0,1,0,1,0,1,1,1,1,0,0,1,1,1,1,0,1,1,0,1,0,1,0,0.015625,-453.3654724919861,1
1,0,1,1,0,0,1,1,1,0,0,0,0,0,1,0,1,0,0,1,0,1,0,0,0,0,0,1,0,0,1,1,1,0,0,1,1,0,1,1,0,0,1,1,1,1,1,1,0,1,0,1,1,0,1,0,1,1,0,0,0,1,0,0,0.0,-453.3633836515275,1
1,1,1,0,0,1,0,1,1,1,1,1,0,1,1,0,1,0,0,0,1,1,0,0,1,0,1,1,0,0,0,1,1,1,0,1,0,1,0,1,0,0,1,1,1,1,0,0,0,0,0,0,1,0,0,0,1,1,0,1,0,0,1,1,0.0,-453.36305139898974,1
0,1,1,0,0,0,0,1,0,1,1,0,1,0,1,1,1,1,0,0,1,1,0,0,0,0,0,1,0,0,1,1,0,0,0,1,1,1,1,0,1,0,1,1,1,1,0,1,0,1,0,1,0,1,0,1,1,0,0,0,1,0,0,0,0.0,-453.361599140453,1
1,0,0,1,0,1,0,1,1,1,1,0,0,1,1,0,1,0,1,0,0,0,0,0,1,0,0,1,0,0,0,1,1,0,1,1,0,1,1,0,1,0,1,0,1,1,0,1,1,1,0,1,1,0,1,0,1,1,1,0,0,1,0,0,0.015625,-453.3606007888568,1
0,1,1,0,1,0,1,1,1,0,0,1,1,1,0,1,1,1,0,0,0,0,1,0,0,0,0,1,0,0,1,1,1,1,0,0,1,0,1,1,0,0,0,1,0,1,0,1,1,1,0,0,1,0,1,1,1,0,0,1,1,1,0,0,0.0,-453.35959968250035,1
1,0,1,0,1,0,0,1,0,0,0,0,0,0,0,1,1,1,1,0,0,0,0,0,0,0,0,1,1,0,1,1,1,0,0,0,1,1,1,0,0,0,1,1,1,1,1,1,0,1,0,0,1,1,1,1,1,0,0,0,1,1,1,0,0.0,-453.3586069517403,1
1,0,1,1,0,1,1,1,0,0,1,0,0,0,0,1,0,0,1,1,0,0,1,0,1,0,0,1,0,0,1,1,0,1,0,1,1,1,1,0,0,0,1,1,1,1,1,1,1,0,0,1,1,0,0,1,1,0,1,0,0,0,1,0,0.0,-453.358465756891,1
1,1,1,1,1,1,1,1,1,1,1,0,1,0,1,0,0,0,0,1,0,1,0,0,0,0,0,1,0,0,1,1,1,0,0,0,1,1,0,0,1,0,0,1,1,1,0,0,0,1,0,1,0,1,0,1,1,0,0,0,0,0,0,1,0.0,-453.3577482061139,1
0,1,1,0,0,1,0,1,0,0,1,1,0,0,1,1,0,0,1,0,0,0,0,1,1,0,0,1,0,0,1,1,1,0,0,1,1,1,0,0,1,0,1,1,1,1,1,0,1,1,0,1,1,0,0,1,0,1,1,0,1,0,0,1,0.0,-453.35716742011397,1
0,0,1,0,0,1,1,1,0,0,0,1,1,0,1,0,0,1,0,0,1,1,0,0,1,0,0,0,0,1,1,1,1,1,0,1,1,1,1,1,0,1,1,1,1,1,0,0,0,1,0,0,1,0,0,0,1,0,1,0,1,1,1,0,0.015625,-453.3565799820025,1
1,1,1,1,0,0,0,1,0,0,1,0,1,1,1,1,1,1,0,0,0,1,0,0,0,0,1,1,0,1,1,1,0,1,1,0,1,0,0,0,0,0,1,0,0,1,1,1,1,0,0,1,1,1,0,0,1,1,0,1,0,1,0,0,0.0,-453.3565215783374,1
1,1,0,1,1,1,0,1,0,0,0,0,1,0,0,1,1,1,0,0,1,0,0,0,0,0,0,1,0,0,0,1,1,1,0,0,0,1,1,1,1,0,1,1,0,1,1,0,0,1,0,0,1,1,0,1,0,1,1,0,1,1,1,1,0.0,-453.3563878843619,1
0,1,1,0,0,1,1,1,1,0,1,0,0,0,1,1,1,0,0,0,0,1,0,0,1,0,0,1,1,0,0,0,1,1,1,1,1,1,0,1,0,0,1,0,1,1,0,0,0,1,0,1,0,0,1,1,1,1,1,0,0,1,1,0,0.015625,-453.35604703801323,1
1,1,1,0,0,1,0,1,0,0,1,0,1,0,1,1,1,1,1,1,1,0,0,0,0,0,0,1,0,0,0,0,1,0,1,1,0,1,0,0,1,0,0,1,1,1,0,1,0,1,0,1,1,0,0,1,1,0,0,0,1,1,0,0,0.0,-453.3557521493397,1
0,0,1,0,0,1,0,1,1,1,0,0,0,0,0,1,1,1,0,0,0,1,0,0,0,0,0,1,0,0,1,1,0,0,0,0,0,1,1,0,1,1,1,1,0,1,0,1,0,1,0,1,1,1,1,1,0,1,1,1,1,1,0,0,0.015625,-453.3552167647297,1
0,0,0,1,1,1,0,1,1,1,1,1,0,0,1,1,1,0,1,0,0,0,1,0,0,0,0,1,0,0,0,0,0,0,0,0,1,1,0,0,1,0,1,1,0,1,1,1,1,1,1,1,0,1,1,1,1,0,0,0,0,1,0,0,0.0,-453.3546744094724,1
1,1,1,0,1,0,0,0,1,1,0,1,0,0,0,1,0,0,0,1,0,1,1,0,0,0,1,1,0,0,0,1,0,0,0,1,1,1,0,0,1,1,0,1,1,1,1,1,1,1,1,0,0,1,0,1,1,0,1,0,0,0,0,0,0.0,-453.35422010050297,1
0,1,0,1,0,0,0,1,1,0,0,0,1,1,1,0,1,1,1,1,1,0,1,0,0,0,0,1,0,0,1,1,1,0,0,0,1,1,0,0,0,0,1,0,0,1,1,1,0,1,0,1,1,0,0,1,0,1,1,0,0,1,1,0,0.0,-453.3540420723656,1
1,1,1,1,0,1,0,1,1,0,0,0,0,0,1,0,0,1,0,0,0,1,0,0,0,0,0,1,0,0,1,1,0,1,0,0,1,1,1,1,1,0,1,1,1,1,0,1,0,1,0,0,1,1,1,1,1,0,0,0,0,0,1,0,0.0,-453.35379126146586,1
0,1,0,0,1,0,0,1,0,0,1,0,1,1,0,0,1,1,1,1,1,0,0,0,1,0,0,1,1,0,1,1,1,0,1,0,0,0,1,1,0,0,1,1,1,1,1,1,0,1,0,0,0,0,0,1,1,0,0,0,1,0,1,0,0.03125,-453.3533507986331,1
0,1,1,0,1,0,0,1,0,1,0,1,0,1,0,1,0,1,0,1,0,0,0,0,0,1,1,1,0,0,0,1,1,0,0,1,1,1,1,0,1,0,1,1,0,1,1,0,0,1,1,0,0,1,1,1,0,1,0,1,0,0,0,0,0.0,-453.351361316024,1
0,0,1,1,1,0,0,1,0,0,0,1,1,1,0,0,1,0,1,0,1,1,1,0,0,0,1,1,1,0,1,1,1,1,1,1,1,1,1,0,0,0,0,0,1,0,0,1,1,1,0,1,1,0,0,1,0,0,0,0,0,1,1,0,0.015625,-453.35127670332287,1
0,0,1,1,0,0,0,0,1,1,0,1,1,0,1,0,1,0,0,0,0,1,1,0,0,0,0,1,1,0,1,0,1,0,0,1,1,1,1,1,0,0,1,1,1,1,0,0,1,1,0,0,0,1,0,1,1,1,0,1,0,0,1,0,0.0,-453.35102397472536,1
0,1,0,0,1,0,1,1,0,0,0,0,1,0,0,1,1,0,0,1,1,1,0,0,0,1,0,1,0,0,1,0,1,1,1,0,1,0,0,1,1,1,1,0,0,1,1,0,0,1,0,1,1,0,0,1,1,1,1,0,1,1,1,0,0.0,-453.34959639257727,1
0,1,1,1,1,0,0,0,0,1,0,0,0,0,0,1,1,0,0,1,0,1,0,0,0,1,1,1,1,0,1,0,1,1,1,0,1,0,0,0,1,1,1,0,0,1,1,1,1,0,1,0,1,1,1,0,0,1,0,1,0,1,1,0,0.015625,-453.34841293309887,1
1,0,1,0,1,1,0,0,1,0,0,0,0,0,1,0,1,1,0,0,1,0,0,0,1,1,1,1,1,1,1,0,0,1,1,1,1,1,0,1,0,0,1,1,1,1,0,0,0,1,0,0,1,1,0,0,1,0,1,0,0,1,1,0,0.0,-453.34835443146466,1
1,1,1,0,0,0,1,1,0,0,0,0,1,1,1,1,1,0,0,1,1,1,0,0,1,1,0,1,1,0,0,0,0,0,1,0,1,1,1,0,1,0,1,0,0,1,1,0,0,0,0,0,1,0,1,1,0,0,1,0,0,1,1,0,0.0,-453.3482457428753,1
0,0,1,0,1,0,1,1,1,1,1,0,0,1,0,0,1,0,0,0,1,0,0,0,0,0,0,1,0,0,1,1,1,0,0,0,1,1,0,0,1,1,1,0,1,0,1,1,1,0,1,1,0,1,1,1,0,0,0,1,0,1,1,0,0.0,-453.3466738200554,1
0,0,1,1,1,1,0,1,1,0,1,0,0,0,1,1,1,1,0,1,1,1,0,0,1,0,0,1,0,0,1,0,1,1,0,1,1,1,0,0,0,0,1,1,1,1,0,1,0,1,0,0,1,1,0,0,0,0,0,1,0,1,1,0,0.0,-453.34403238049634,1
1,1,1,1,0,0,0,1,0,1,0,0,1,0,1,0,0,0,0,1,1,1,1,0,1,0,1,1,0,0,1,1,1,0,0,1,1,1,1,0,1,0,1,0,0,1,0,0,0,1,0,0,1,1,0,1,0,0,1,0,0,1,1,1,0.0,-453.34244617409854,1
1,0,1,1,0,1,0,1,1,1,0,1,0,1,0,1,1,0,1,1,0,0,1,0,1,0,1,1,0,0,1,0,1,0,0,0,0,1,0,0,1,1,0,0,1,1,0,0,1,1,0,1,0,0,0,0,1,1,0,0,1,0,1,0,0.0,-453.34242104815127,1
1,1,1,0,1,0,0,1,0,0,0,0,1,1,0,1,1,0,0,0,1,1,1,0,1,0,0,1,0,0,1,0,1,0,1,0,0,1,1,0,0,0,1,1,1,1,0,0,0,1,0,1,0,1,0,1,0,0,1,0,1,1,1,0,0.015625,-453.3422619936561,1
0,0,1,0,1,0,1,1,1,0,1,1,0,0,0,0,0,1,0,0,0,0,1,0,1,0,0,1,1,0,1,1,1,1,1,0,1,1,1,1,1,0,1,1,1,1,0,0,0,0,0,0,1,0,1,1,0,0,1,1,0,1,1,0,0.0,-453.34206622970964,1
1,0,1,0,1,1,0,1,1,1,1,0,0,0,0,0,1,1,0,1,1,1,1,0,0,0,1,1,0,0,1,1,1,0,1,1,1,1,0,1,1,1,1,1,0,0,1,0,0,1,0,0,1,0,0,0,1,0,0,0,0,1,0,0,0.03125,-453.3418183578326,1
1,0,1,0,1,1,0,1,0,1,0,1,0,1,1,1,1,1,0,0,0,1,0,0,1,1,0,1,0,0,0,0,1,0,0,0,1,1,1,0,0,0,1,1,0,0,0,1,0,1,0,0,1,1,1,1,0,1,0,0,0,1,1,0,0.0,-453.3414741230259,1
1,1,0,1,1,1,0,1,0,0,0,0,0,1,1,0,1,0,1,0,1,1,0,0,1,0,1,1,0,0,1,0,1,0,1,1,1,1,0,0,0,1,1,1,1,1,0,0,0,1,0,0,0,0,0,1,0,0,0,0,1,0,1,1,0.0,-453.34145975482505,1
1,1,1,0,1,1,1,1,1,0,1,0,1,1,1,0,1,1,1,0,0,0,0,1,1,0,0,0,0,0,1,1,0,0,0,1,0,1,0,0,0,0,1,1,1,0,1,1,0,0,0,0,0,1,0,1,1,1,1,1,0,0,1,0,0.0,-453.3394803205359,1
1,1,0,1,0,1,0,1,1,1,0,0,0,0,0,0,0,1,0,1,1,0,0,0,0,0,1,1,0,0,1,1,1,0,1,0,1,1,0,0,1,0,1,1,0,0,1,1,0,1,1,0,1,1,1,1,1,0,0,0,0,1,1,1,0.0,-453.339243943836,1
0,1,1,1,0,0,1,1,1,0,1,0,0,1,1,0,0,0,0,1,1,0,0,0,0,0,1,1,0,0,1,1,1,0,0,1,1,0,0,1,0,0,1,1,1,1,0,1,0,1,0,0,1,0,0,0,1,1,0,1,1,1,0,0,0.0,-453.33811265642385,1
1,1,1,1,0,0,0,0,1,0,1,1,0,0,1,0,0,0,1,0,1,0,0,0,0,0,0,1,1,0,0,1,1,0,1,1,0,1,0,1,1,1,1,1,1,1,0,1,0,1,0,0,0,0,0,1,1,1,1,0,0,1,1,1,0.0,-453.3376722262615,1
1,1,1,0,0,0,0,1,1,1,1,0,1,1,0,1,0,0,0,0,1,1,0,0,0,1,0,1,0,0,0,0,1,0,1,1,1,1,0,1,0,1,1,1,1,0,1,1,0,1,0,1,0,1,0,1,0,0,0,0,0,1,1,1,0.0,-453.33525765625996,1
0,1,1,0,0,1,1,1,0,0,1,0,0,0,0,0,1,1,0,0,1,0,0,0,0,0,0,1,1,1,1,0,1,1,0,1,1,1,0,0,1,1,1,1,0,0,0,1,0,1,0,0,1,0,0,1,1,1,0,0,1,1,1,0,0.0,-453.3347270198986,1
1,0,0,0,0,1,0,1,1,0,0,0,0,1,0,0,0,1,0,0,1,0,0,0,1,0,0,1,1,1,1,1,0,1,0,0,1,1,1,0,1,0,1,0,1,1,0,1,0,1,0,1,1,0,1,1,1,1,0,0,1,1,0,0,0.0,-453.33398464934544,1
1,1,1,0,0,1,0,0,1,0,1,0,0,1,1,0,1,0,0,0,0,0,0,1,0,1,1,1,0,1,0,0,0,1,1,0,0,1,0,0,1,0,1,0,0,1,0,1,1,1,1,0,1,1,1,1,0,1,1,0,1,1,1,0,0.0,-453.3303227777351,1
0,0,1,1,1,1,1,1,0,0,1,0,1,0,0,1,1,0,0,0,1,1,0,0,1,0,1,1,0,1,1,1,1,0,0,0,0,1,0,1,1,0,1,1,1,0,0,0,0,1,0,1,1,0,0,1,0,1,0,0,0,1,0,0,0.0,-453.3291893435427,1
0,1,1,0,1,1,1,1,0,1,0,0,0,0,0,0,0,0,0,1,1,1,0,0,1,0,0,0,1,0,1,1,0,0,0,1,1,1,1,1,1,0,1,0,0,1,0,1,0,1,1,0,1,0,0,1,1,1,1,1,1,1,0,0,0.0,-453.32879399810844,1
0,0,1,1,1,0,1,1,1,0,1,0,1,0,1,1,0,1,0,0,1,1,0,0,0,0,0,1,0,0,1,1,1,0,0,1,0,1,1,0,1,1,1,1,0,1,0,1,0,1,1,0,0,1,1,0,1,0,0,0,0,1,1,0,0.0,-453.32655226207567,1
0,1,1,0,0,0,0,1,1,0,1,1,0,1,1,1,1,0,1,0,1,1,0,0,1,1,1,1,0,0,0,1,0,0,0,0,1,1,0,0,1,0,1,0,0,1,1,0,0,1,1,1,0,1,0,1,1,1,0,1,0,0,1,0,0.0,-453.3257357337085,1
1,0,0,0,1,1,0,1,0,1,0,0,0,0,1,1,0,1,1,1,1,1,0,1,0,0,1,1,0,0,0,1,1,0,0,1,1,1,1,0,1,1,1,1,0,0,1,0,0,1,1,0,0,0,0,0,0,0,1,0,0,1,0,1,0.0,-453.32063839399325,1
1,0,1,1,0,0,1,1,1,1,0,0,0,1,1,1,0,0,0,0,0,0,0,0,0,1,1,1,0,0,1,1,1,0,1,1,1,1,0,1,1,0,1,0,1,1,0,1,0,1,0,1,1,0,0,1,0,1,0,0,1,1,0,0,0.0,-453.32059800778336,1
1,1,1,1,1,1,1,1,1,0,0,0,1,1,1,1,1,1,0,0,1,0,1,0,0,0,0,1,0,0,1,1,0,0,0,1,0,1,0,0,0,0,1,1,0,1,0,0,0,1,0,0,1,1,0,1,1,0,1,1,1,0,0,0,0.015625,-453.32048015879536,1
1,1,1,0,1,0,1,1,0,1,1,0,1,0,0,1,1,0,1,1,1,1,0,0,0,1,1,1,0,0,0,1,0,0,0,1,0,0,1,0,1,0,0,1,1,1,1,0,0,1,0,0,1,1,0,1,1,0,1,1,0,0,0,0,0.0,-453.31889455464614,1
1,0,0,1,1,1,1,0,1,0,0,1,1,0,1,1,1,0,1,1,1,0,0,0,0,0,0,1,1,0,1,1,0,0,0,1,1,1,1,0,0,1,1,1,0,1,0,1,0,1,1,1,0,1,0,0,0,0,1,0,0,1,0,0,0.0,-453.3149151527817,1
0,1,1,1,1,1,1,1,0,0,0,0,1,1,0,1,1,1,0,0,0,0,0,0,0,0,0,1,0,0,0,1,1,0,0,1,0,1,0,1,1,0,1,1,1,0,0,0,0,1,1,1,1,1,0,0,1,1,0,1,0,1,1,1,0.0,-453.3134072791683,1
1,0,1,0,1,1,0,1,1,0,1,0,1,1,0,1,0,0,0,0,1,1,0,0,1,0,0,1,1,1,1,1,1,1,0,0,1,1,0,0,1,0,1,0,1,1,0,0,0,1,0,1,0,1,0,1,0,1,0,0,1,1,0,0,0.0,-453.31288507671417,1
1,0,1,1,1,0,0,0,0,1,1,0,1,0,0,1,1,0,0,1,0,1,0,0,0,0,1,1,0,1,0,1,0,0,1,0,1,1,0,1,1,1,1,0,0,0,0,1,1,1,0,0,1,0,0,1,1,1,0,1,1,1,1,0,0.0,-453.31233638056364,1
1,1,1,1,0,1,0,1,0,1,1,0,0,1,0,0,1,0,1,0,0,1,0,0,0,1,1,1,0,1,0,1,0,0,1,1,1,1,1,1,1,0,1,1,0,1,0,0,0,1,1,0,1,0,0,0,0,0,0,1,1,0,0,1,0.0,-453.3120324893697,1
1,1,1,1,0,0,1,1,0,0,1,0,0,0,1,0,1,1,1,1,1,1,0,0,0,0,0,0,0,0,1,0,1,0,0,1,0,1,1,0,1,1,1,1,1,1,1,1,0,1,0,0,1,1,0,1,1,0,0,0,0,1,0,0,0.0,-453.3116488168271,1
1,0,1,1,1,0,1,1,1,1,0,1,1,1,0,1,1,0,0,0,1,0,0,0,1,0,0,1,0,0,1,1,1,1,1,0,0,1,0,0,1,1,0,1,1,1,0,1,0,1,0,0,0,1,0,1,1,0,0,0,0,0,1,0,0.015625,-453.3109140107745,1
1,1,0,0,1,0,1,1,0,0,0,1,0,1,1,0,1,1,0,1,1,0,1,0,1,0,0,1,0,0,1,1,1,0,0,1,0,1,1,0,0,0,0,1,1,1,0,0,0,1,0,1,1,1,1,0,1,0,1,1,0,0,0,1,0.0,-453.3108686971996,1
0,0,1,0,1,1,0,1,0,0,1,1,1,1,0,1,1,1,1,0,0,1,0,0,0,1,1,1,0,1,1,1,0,0,0,0,0,1,0,0,1,0,1,1,1,1,1,1,0,1,0,0,0,0,1,1,0,0,1,1,0,1,0,0,0.03125,-453.30907830817705,1
1,1,1,1,0,1,1,0,1,0,1,0,1,0,1,1,0,1,0,0,1,1,0,0,0,0,0,1,0,0,0,1,0,1,0,0,1,1,1,0,1,0,0,0,1,1,1,1,0,1,0,0,0,1,0,1,1,1,1,0,0,1,1,0,0.0,-453.308682811083,1
1,1,0,1,0,1,0,1,0,0,1,0,1,0,0,1,0,0,0,1,1,1,0,0,0,1,0,1,1,0,1,1,1,0,0,0,1,1,0,0,0,0,1,1,1,0,0,1,1,1,1,0,0,0,0,0,1,1,0,1,0,0,1,1,0.0,-453.30777868990896,1
0,1,1,0,0,1,0,1,1,0,0,1,0,1,0,0,0,0,0,1,0,1,1,0,1,1,1,1,1,0,0,1,1,0,1,0,1,1,0,1,0,1,0,0,1,1,0,0,0,1,1,1,0,0,0,0,1,1,1,1,0,1,1,0,0.03125,-453.30653706022406,1
1,0,1,0,0,0,0,1,0,0,1,0,0,0,1,1,1,1,0,1,1,0,0,0,0,0,1,1,0,1,0,0,0,1,0,0,1,1,1,1,1,0,1,1,0,1,1,1,1,1,0,1,1,1,0,1,1,0,0,0,0,1,1,0,0.015625,-453.304090992686,1
1,1,0,0,0,1,1,1,1,0,0,0,0,0,1,0,0,1,1,1,1,1,1,0,0,0,0,1,0,1,0,1,0,0,1,0,1,0,1,1,0,0,1,0,1,1,1,0,0,0,1,0,0,1,1,0,1,0,1,1,0,0,1,0,0.0,-453.3039873860152,1
1,1,1,1,0,1,1,1,1,0,0,0,0,1,1,0,1,0,1,0,1,1,1,1,1,0,0,1,0,0,1,0,0,0,1,1,1,1,0,0,1,0,1,1,1,1,0,0,0,0,0,0,0,1,1,1,1,0,0,0,1,0,0,0,0.0,-453.30370205775813,1
0,1,0,1,0,0,0,1,0,0,1,0,0,1,1,1,1,1,0,0,1,1,0,0,1,0,0,1,1,1,0,1,0,1,0,1,1,1,1,0,0,0,0,1,1,1,0,0,0,1,0,1,1,1,0,1,1,0,0,1,1,1,0,0,0.0,-453.3029418953336,1
1,1,1,0,0,0,0,1,1,0,0,1,1,0,0,1,1,0,0,1,1,1,0,0,0,0,0,1,0,0,0,1,1,1,0,1,1,0,1,0,1,0,1,1,1,1,1,1,0,1,1,1,0,1,0,1,0,1,0,0,0,0,1,0,0.015625,-453.30270379725994,1
0,1,0,0,0,0,1,1,0,0,1,1,1,1,1,1,0,1,0,1,1,0,0,0,1,0,1,1,0,0,1,0,1,0,0,1,1,1,0,0,1,0,1,1,1,0,0,1,1,0,0,0,1,1,0,1,1,0,0,0,1,0,0,0,0.0,-453.3025686383522,1
1,1,0,1,1,1,0,1,0,1,0,0,0,1,0,0,1,1,1,1,0,0,0,0,1,1,0,1,0,0,1,0,1,0,0,1,1,0,1,0,1,1,1,1,1,0,0,1,0,1,0,0,0,0,0,1,0,1,0,0,1,1,0,0,0.0,-453.2990106190624,1
0,0,0,0,0,0,0,1,0,0,1,0,1,0,0,1,1,0,0,0,1,1,0,0,1,0,0,1,0,0,0,1,1,1,1,1,1,1,1,0,0,1,0,1,1,1,0,0,0,1,0,1,1,1,0,1,0,1,1,0,1,1,1,0,0.0,-453.29896541041956,1
0,0,1,0,1,1,0,1,0,0,0,0,0,1,1,1,0,0,0,1,1,1,0,0,0,1,0,1,1,0,0,1,1,0,1,1,1,1,1,0,1,0,1,1,1,1,0,1,1,1,0,0,1,0,1,0,0,1,1,1,0,0,0,0,0.03125,-453.2983990346084,1
0,0,1,1,0,1,0,1,1,0,0,0,1,1,1,1,1,0,0,1,1,0,0,0,1,0,1,1,0,1,1,1,1,0,0,1,0,1,1,0,1,0,1,1,1,1,0,1,0,1,0,0,0,0,0,1,0,0,1,0,0,0,0,0,0.0,-453.2976309705776,1
1,1,1,0,0,1,0,1,0,0,1,0,1,1,0,0,0,1,0,0,1,1,0,0,1,0,1,1,0,0,1,0,0,0,0,1,1,1,1,0,1,1,1,1,0,0,1,0,1,1,1,0,1,1,0,0,1,0,0,0,0,1,0,0,0.0,-453.29568228294977,1
0,1,1,1,1,0,0,1,1,0,0,0,0,1,1,1,1,1,0,0,0,0,1,0,0,0,0,0,1,0,1,1,1,0,1,0,1,1,1,0,0,0,0,1,1,0,1,1,0,1,0,0,1,0,1,1,0,0,1,0,0,1,1,0,0.0,-453.29324077189494,1
0,1,1,1,0,1,1,1,1,1,0,1,1,0,0,1,1,0,1,1,0,1,0,0,0,0,1,1,0,0,1,1,1,1,0,0,1,1,1,0,1,1,0,0,1,1,1,0,0,0,0,0,0,0,1,0,0,1,0,1,0,0,1,0,0.0,-453.29281742493845,1
1,1,1,0,0,0,0,0,0,0,0,1,0,1,0,1,1,1,1,1,1,1,0,0,0,0,1,1,1,0,0,1,1,1,1,0,1,1,0,1,0,0,1,1,1,1,1,1,0,0,1,0,0,0,0,1,1,0,1,1,0,0,0,0,0.015625,-453.2913041342092,1
1,1,1,0,0,0,0,1,1,0,0,0,1,1,0,1,0,1,1,0,0,0,0,1,0,0,1,1,0,0,0,1,0,1,0,0,1,1,0,0,1,1,0,1,1,1,0,1,0,1,0,0,1,1,1,1,1,0,1,0,0,1,1,1,0.015625,-453.289755528277,1
1,1,1,0,0,0,1,1,0,0,1,0,1,0,1,0,1,1,0,1,1,1,0,0,0,0,0,1,0,0,1,1,0,0,1,0,1,1,0,0,1,1,0,1,0,1,1,1,0,1,0,0,1,1,1,1,1,0,0,0,0,0,0,0,0.0,-453.28937203430706,1
1,1,1,1,0,0,1,1,0,0,1,0,0,0,1,0,1,0,1,1,0,0,1,0,1,0,1,1,0,1,0,1,0,1,0,0,1,1,1,0,1,0,1,1,1,1,0,1,0,1,0,0,0,1,0,0,0,0,1,0,1,1,1,0,0.015625,-453.2870616321787,1
1,1,0,1,1,0,0,1,0,0,1,0,0,0,1,0,0,1,0,0,0,0,0,0,1,0,0,1,1,0,1,0,1,1,1,0,1,1,0,1,0,0,1,1,1,1,1,0,1,0,0,0,1,0,1,1,1,1,1,1,0,0,1,1,0.015625,-453.2849105790263,1
1,0,1,1,1,1,0,1,1,0,1,0,0,0,1,1,1,0,0,1,1,0,0,0,0,1,0,1,1,0,1,0,0,0,1,1,0,0,0,1,0,1,0,1,0,1,0,0,0,1,1,1,0,0,1,1,1,0,0,0,1,0,1,0,0.0,-453.2814617170511,1
1,0,1,0,0,1,1,1,1,0,1,0,1,0,1,0,1,1,0,0,1,1,0,0,1,0,1,1,0,1,0,1,0,1,0,0,1,1,0,0,1,0,1,1,0,0,0,1,0,0,1,0,1,1,1,1,0,1,0,0,0,1,0,1,0.0,-453.2772562831143,1
1,0,1,0,0,0,1,1,1,0,0,0,1,1,0,1,1,0,0,1,0,0,0,0,1,0,1,1,0,1,1,0,1,0,0,0,0,0,1,0,1,0,1,1,1,0,1,0,1,1,0,0,1,0,0,1,1,1,0,0,0,1,1,1,0.0,-453.275414207321,1
0,0,0,1,1,1,0,0,0,1,1,0,0,0,1,1,0,1,1,1,1,1,0,0,0,0,0,1,0,0,0,0,1,0,1,1,1,1,1,0,0,1,1,1,1,0,1,1,0,1,0,0,1,0,0,0,0,1,1,0,1,0,1,0,0.0,-453.2747356750113,1
1,0,0,1,1,0,0,1,0,1,1,0,0,0,0,1,1,0,1,0,0,0,1,0,1,0,0,1,0,0,1,1,1,0,0,0,1,1,0,1,0,0,1,0,1,1,0,1,0,1,0,1,0,0,1,1,1,1,1,0,0,1,0,1,0.0,-453.27398247550195,1
1,0,1,0,1,0,0,1,1,0,1,0,0,0,1,0,0,1,0,1,1,1,0,0,1,1,1,1,0,1,1,1,1,0,0,0,0,1,0,0,1,0,0,1,1,0,0,1,1,1,1,0,0,0,1,1,1,0,1,1,0,1,0,0,0.015625,-453.2710306804601,1
1,0,0,1,0,1,0,1,0,0,0,0,0,1,0,1,0,1,1,1,1,1,1,0,1,0,0,1,0,0,0,0,1,0,1,0,1,1,0,0,1,1,1,1,1,1,0,1,0,1,0,1,1,1,0,1,0,0,1,0,1,0,1,0,0.0,-453.27092539987973,1
0,0,1,1,0,0,1,1,0,0,1,0,1,1,1,1,1,0,0,0,1,0,0,0,0,0,1,1,0,1,1,0,1,0,0,0,1,0,0,0,1,0,1,1,0,1,1,1,0,1,1,1,0,0,1,1,1,0,1,0,1,0,0,0,0.015625,-453.2708859477686,1
0,0,1,1,1,0,0,1,0,1,0,0,0,0,1,0,1,1,0,1,0,0,1,0,1,0,0,1,1,0,1,0,1,1,0,0,1,0,1,1,1,0,1,1,0,0,1,1,0,0,0,1,1,1,1,1,0,1,0,0,0,1,1,1,0.0,-453.2650421398791,1
1,0,0,0,0,0,1,1,0,0,0,1,1,0,1,1,0,1,0,1,1,0,0,0,0,0,0,1,1,0,1,0,0,1,1,0,1,1,0,0,1,0,1,1,1,0,0,1,1,1,0,0,0,1,0,1,0,1,1,0,0,1,1,1,0.0,-453.26395835411506,1
1,1,1,1,1,0,0,1,0,0,1,0,1,1,1,0,1,0,0,1,1,1,0,0,0,1,0,1,1,0,0,1,0,0,0,0,1,0,1,0,1,1,1,0,1,1,0,1,0,1,0,0,1,0,1,1,1,0,0,0,0,0,1,1,0.0,-453.2620547924251,1
1,1,1,1,1,1,0,1,1,0,1,0,0,1,0,0,1,1,0,1,1,1,0,0,1,0,0,1,1,1,1,1,1,0,0,0,1,0,0,1,0,0,0,1,1,1,1,1,0,0,0,0,0,1,0,1,0,1,0,0,0,1,0,0,0.0,-453.26037415715626,1
1,0,1,0,0,0,0,0,0,1,1,0,0,0,1,1,1,0,1,1,1,0,0,0,0,0,0,1,0,0,1,1,1,0,1,0,1,1,0,1,1,0,0,1,1,1,1,0,1,1,0,1,0,1,0,1,1,0,0,1,1,0,1,1,0.0,-453.2590200708957,1
1,0,1,1,0,0,0,0,1,0,1,0,0,1,1,1,0,1,0,1,1,1,1,0,1,0,1,1,1,1,0,1,0,1,0,1,1,1,0,0,0,1,1,1,1,1,1,1,0,1,0,0,1,0,0,0,0,0,0,0,0,0,0,1,0.0,-453.2551188919899,1
0,1,1,1,0,0,0,1,0,1,1,0,0,0,1,1,1,0,0,1,0,1,0,0,0,0,1,1,1,0,0,0,1,1,1,0,1,1,0,1,0,0,0,1,1,1,1,0,0,1,0,0,1,1,1,1,0,0,0,0,1,1,1,1,0.0,-453.25463764867703,1
1,1,1,0,0,1,0,0,1,0,1,0,1,1,1,1,0,0,1,1,1,1,0,0,1,0,0,1,1,0,1,0,0,0,0,0,1,0,0,0,1,1,1,0,0,1,0,1,1,1,1,0,0,1,1,0,1,0,1,0,0,0,0,0,0.0,-453.2489636192105,1
1,0,1,0,1,1,0,1,1,0,1,0,0,1,0,1,0,0,0,1,0,1,0,0,1,0,0,1,1,1,0,1,1,0,1,0,1,0,1,0,1,0,1,1,1,0,0,0,0,1,0,0,1,1,1,1,1,1,0,1,0,0,0,1,0.015625,-453.24234770324955,1
1,1,1,1,1,0,0,1,0,1,0,1,1,1,0,1,0,0,0,1,1,1,0,0,0,0,0,1,1,0,1,1,1,0,0,0,1,0,1,0,0,0,1,1,1,1,1,1,0,1,1,1,0,0,0,1,0,0,0,1,0,0,0,1,0.0,-453.2420680768433,1
1,1,1,0,0,1,0,1,1,0,1,0,1,1,1,0,1,1,0,0,1,0,0,1,0,0,0,1,1,1,1,0,0,1,0,1,1,1,0,0,1,0,1,1,1,1,1,0,0,1,0,0,1,0,1,0,1,0,0,0,0,0,0,1,0.015625,-453.24067412070445,1
1,1,0,1,0,1,0,1,0,0,1,0,1,1,1,1,1,1,1,0,1,1,0,0,0,0,0,1,1,0,1,1,1,1,0,0,1,0,0,0,0,0,1,1,1,1,0,0,0,1,0,1,1,0,0,1,0,0,1,0,1,0,1,0,0.0,-453.23732729293937,1
0,0,1,1,1,0,1,1,0,1,0,0,1,0,1,1,0,0,1,0,0,1,1,0,1,1,1,1,0,1,1,0,0,0,1,0,0,0,1,0,1,0,0,1,1,1,1,0,0,1,0,0,1,1,0,1,1,0,0,0,0,0,1,0,0.0,-453.23604249347557,1
1,1,1,1,1,1,1,0,1,0,0,0,1,1,1,0,0,1,0,1,1,0,0,0,0,0,0,1,0,0,1,1,0,0,1,0,1,1,1,1,1,0,1,0,1,1,1,1,0,1,0,0,1,0,0,0,0,1,1,0,0,1,0,0,0.0,-453.2335971121678,1
1,1,1,1,1,0,1,1,0,0,1,0,1,0,1,0,0,0,0,1,1,0,0,0,1,1,0,1,1,0,0,0,1,1,0,0,1,1,0,0,1,0,1,0,1,0,1,1,0,0,1,0,1,0,1,1,1,1,0,0,0,1,1,0,0.0,-453.2316359155572,1
0,1,1,0,0,0,0,1,0,0,1,0,0,1,1,0,0,1,1,1,0,0,0,0,1,0,1,1,0,0,0,1,1,0,1,0,1,1,1,0,0,1,1,1,0,1,0,1,0,1,1,1,0,1,1,1,0,1,0,0,1,0,1,1,0.0,-453.2285165982442,1
1,1,1,0,0,0,0,1,0,0,1,0,0,0,1,1,0,0,1,1,0,0,1,0,1,1,1,1,0,0,1,1,1,1,0,0,1,0,1,1,1,0,1,1,1,1,1,0,0,1,0,0,0,0,1,1,0,0,1,0,0,0,1,1,0.0,-453.2278354266639,1
0,0,0,1,0,0,0,1,0,1,0,0,1,1,1,1,0,0,1,1,0,0,0,0,1,0,0,1,0,0,1,1,0,0,1,1,1,1,1,0,1,0,0,1,1,1,0,1,0,1,0,1,1,1,1,1,0,0,1,0,0,1,0,0,0.015625,-453.22665908115397,1
0,0,1,1,1,0,0,1,1,1,1,1,1,0,1,0,0,1,1,1,1,1,1,1,1,0,0,1,0,0,1,1,0,0,0,0,0,1,0,0,0,0,0,1,1,0,1,0,0,1,1,1,1,0,0,1,0,0,0,1,0,1,1,0,0.015625,-453.22387668311154,1
1,1,1,1,0,0,0,1,0,1,0,1,1,0,1,1,0,0,0,0,1,0,0,0,1,1,0,1,1,1,0,1,0,1,0,0,1,1,0,0,0,0,0,1,1,0,0,0,0,1,1,1,0,1,0,1,1,1,1,0,1,1,1,0,0.0,-453.2075617984603,1
0,1,1,0,1,0,1,1,1,0,0,1,0,1,1,0,0,1,1,0,1,0,0,0,1,1,0,1,0,0,0,0,1,0,0,0,1,1,1,1,1,1,1,1,1,0,1,1,0,1,1,0,1,1,1,1,0,0,0,0,0,0,0,0,0.0,-453.2049196008239,1
1,1,1,0,0,0,1,1,1,0,0,1,1,1,0,0,1,0,0,0,1,0,1,0,0,0,0,1,0,0,1,1,1,0,1,0,1,1,1,0,0,1,1,0,1,0,1,0,0,1,1,0,1,1,0,0,0,1,1,0,0,1,0,0,0.0,-453.1996555687639,1
1,1,0,1,1,1,0,0,0,1,1,0,1,1,1,0,0,0,1,0,0,1,1,0,0,0,1,1,1,0,1,1,1,0,0,0,1,1,0,0,1,0,1,1,1,0,0,0,0,1,1,0,0,0,0,0,0,0,1,1,1,1,1,1,0.0,-453.1948781948132,1
1,1,1,0,1,1,0,1,0,0,0,0,1,0,0,1,1,0,1,0,1,1,1,0,0,0,0,1,0,1,1,0,1,0,0,0,1,0,1,0,0,0,1,0,0,0,1,0,1,1,1,0,1,1,1,1,1,1,0,0,1,1,1,0,0.0,-453.18834994719407,1
1,0,1,1,1,0,1,1,1,1,0,0,0,1,1,0,1,0,0,0,0,0,0,0,0,0,0,1,0,0,1,0,1,0,0,0,1,0,1,0,1,1,1,1,1,1,0,1,0,1,1,0,1,1,0,0,1,1,0,1,1,1,1,0,0.0,-453.16145460537297,1
0,1,1,1,1,0,1,0,0,1,1,0,1,0,1,1,1,0,0,1,0,0,0,0,1,1,0,1,0,0,0,1,1,0,0,1,1,1,1,1,1,1,0,1,1,1,0,0,0,1,1,0,1,0,0,1,1,0,0,0,0,1,0,0,0.0,-453.15843757811325,1
1,0,1,1,1,0,0,1,1,1,0,1,1,0,0,1,1,0,0,0,1,0,1,0,0,0,0,1,1,0,1,0,0,0,1,0,1,1,1,1,0,0,1,1,1,0,1,1,0,1,0,0,1,0,0,1,1,1,0,0,0,1,1,0,0.0,-453.1555599688816,1
0,0,0,1,1,0,0,1,0,0,1,0,1,0,0,1,0,1,0,1,1,0,0,1,0,0,0,1,1,0,1,1,0,0,0,1,1,1,1,0,1,0,1,1,1,1,0,0,0,1,1,0,1,1,0,1,1,1,1,0,0,0,1,1,0.0,-453.1543327032745,1
1,0,0,0,0,0,1,1,0,0,1,0,1,1,1,1,1,1,0,1,1,1,0,0,1,0,1,1,0,1,1,0,1,1,1,0,0,1,1,0,1,0,1,1,0,0,0,1,0,0,1,0,1,0,0,0,1,1,1,0,0,0,1,0,0.046875,-453.08083863867296,1
1,1,0,0,0,1,0,1,1,1,1,1,0,0,0,0,1,1,0,0,0,0,0,1,1,1,1,1,0,0,0,1,0,1,0,1,0,0,0,0,1,0,1,0,0,1,0,1,1,0,0,1,0,1,0,0,1,0,0,1,0,1,1,1,0.015625,-452.31874588889286,1
0,0,1,1,0,1,1,0,1,1,1,0,0,0,0,0,1,0,0,1,1,1,0,0,1,1,1,1,0,1,0,1,1,0,0,1,0,0,0,0,1,0,1,0,0,1,0,1,0,1,0,1,0,1,0,0,0,0,0,0,1,1,1,1,0.0,-452.27676577959807,1
1,0,0,0,0,0,1,1,1,1,0,1,0,0,0,0,0,1,0,0,1,0,1,0,1,0,0,0,0,0,1,1,0,1,1,0,0,1,0,0,1,0,1,0,0,1,1,1,0,1,0,1,0,1,1,1,1,1,0,0,0,1,1,1,0.0,-452.2287941225296,1
1,1,1,1,1,1,1,0,1,0,1,0,0,1,1,0,1,0,0,0,1,1,0,0,1,1,0,0,0,0,0,0,0,0,0,0,0,1,0,0,0,0,1,1,0,1,0,0,1,1,0,1,1,1,0,1,1,1,1,0,0,1,0,0,0.0,-452.2174518616827,1
0,1,0,1,0,0,0,1,0,0,1,0,0,0,0,0,1,1,0,1,0,1,0,0,1,0,1,1,1,0,0,1,1,0,0,1,1,1,0,0,0,1,1,1,0,1,1,1,1,1,0,1,1,0,0,1,1,0,0,0,0,0,0,1,0.0,-452.21646700181736,1
1,1,1,1,0,0,1,1,0,1,1,0,0,0,0,0,0,1,1,0,1,1,0,0,0,0,0,0,1,0,1,1,0,1,0,1,1,1,0,0,1,0,0,0,0,1,0,1,1,1,0,1,0,1,1,1,1,0,1,0,0,0,0,0,0.0,-452.20960970244494,1
0,1,1,1,1,1,0,1,1,0,0,0,0,1,0,1,0,0,1,0,0,0,0,0,1,1,0,1,0,0,0,1,1,0,0,1,0,0,1,0,0,0,1,1,1,1,0,0,1,1,0,0,1,1,1,0,1,0,0,1,0,1,1,0,0.0,-452.2067018217576,1
1,1,0,1,1,0,1,1,0,0,0,1,1,0,0,0,0,0,0,1,1,1,1,0,1,0,0,1,0,0,0,1,0,1,1,0,0,0,0,0,1,0,1,0,1,1,0,1,0,0,0,1,1,1,0,0,1,0,0,1,1,1,1,0,0.015625,-452.1939425872848,1
0,0,1,1,1,1,0,0,1,0,0,1,0,0,0,1,1,0,0,0,1,0,0,0,1,0,0,1,0,0,0,1,0,0,1,1,0,1,0,0,0,0,0,1,1,1,0,1,0,1,0,1,0,1,1,0,1,1,1,1,1,1,0,1,0.015625,-452.1924161131428,1
1,0,0,1,1,1,0,0,1,0,1,0,0,1,1,0,1,0,0,0,1,1,0,0,1,0,0,1,0,0,1,1,0,0,1,0,0,1,0,0,0,1,1,0,0,1,0,0,1,1,0,0,0,1,1,0,1,0,1,0,1,1,1,1,0.0,-452.190975098385,1
0,0,0,0,1,1,0,0,0,0,1,0,0,0,1,1,1,0,0,0,1,1,0,1,1,0,0,1,1,0,1,1,1,1,1,1,0,1,0,0,1,0,1,1,0,1,0,1,0,1,0,1,0,0,0,1,0,0,1,1,0,0,1,0,0.0,-452.1865876331,1
1,1,0,1,1,0,1,0,1,0,1,0,0,1,1,0,1,0,0,0,0,1,0,0,0,1,1,1,1,0,0,1,0,0,0,1,1,0,1,0,1,1,1,1,0,1,1,0,0,1,0,1,0,0,0,0,0,0,0,0,1,1,1,0,0.0,-452.18309189845496,1
1,0,0,0,0,1,1,1,0,1,1,0,1,0,1,1,1,1,0,0,1,0,1,1,1,0,0,1,1,0,0,0,0,0,1,0,0,1,0,0,0,1,1,0,0,1,1,1,0,0,0,1,0,1,0,0,1,0,0,1,1,1,0,0,0.015625,-452.1824410505164,1
1,1,1,0,0,0,1,1,0,1,0,1,0,0,0,0,1,0,0,0,0,1,1,0,1,0,1,0,0,0,0,1,1,0,0,1,0,0,1,0,1,1,0,1,1,0,0,1,1,1,0,0,1,1,0,0,0,1,0,1,1,1,1,0,0.015625,-452.1822234885371,1
1,1,1,1,1,0,0,0,1,1,0,0,0,1,0,0,0,1,1,0,0,0,1,0,0,1,0,1,1,0,0,1,1,1,0,0,1,0,1,0,1,0,0,1,0,1,1,1,1,1,0,0,0,1,1,0,0,0,0,0,0,0,1,1,0.0,-452.18083277883034,1
1,1,1,1,1,1,0,1,0,1,0,0,1,0,0,0,0,1,0,0,1,0,0,0,0,1,1,1,0,0,0,0,0,0,1,1,1,0,1,0,1,0,1,1,1,1,1,0,0,0,0,0,0,0,0,1,1,0,1,0,1,1,0,1,0.015625,-452.17978143100436,1
1,0,0,1,0,1,1,1,1,0,1,0,0,0,1,0,0,0,0,0,1,1,0,0,1,1,1,0,0,0,0,1,1,1,0,0,1,1,0,0,0,1,0,1,1,1,1,1,0,1,0,0,1,0,1,1,1,0,0,0,0,1,0,0,0.0,-452.17730550778595,1
0,1,0,0,0,1,0,1,1,1,0,0,0,0,1,0,1,0,0,0,0,1,1,1,1,0,0,1,0,0,0,1,1,0,1,1,1,1,1,1,0,0,1,0,0,1,0,0,1,0,0,0,1,0,0,1,1,1,1,0,1,1,0,0,0.0,-452.1756344617901,1
1,0,1,1,0,0,0,0,1,0,1,0,1,0,1,0,0,1,0,1,0,0,0,0,1,1,0,1,0,0,1,1,0,0,0,1,0,0,1,1,0,0,1,1,0,1,0,1,1,1,0,0,0,1,0,0,0,1,1,1,1,1,1,0,0.0,-452.1734864988947,1
1,1,0,0,1,1,1,0,0,0,1,1,1,0,0,0,1,1,0,0,0,1,0,0,1,0,1,1,1,1,0,0,0,0,0,0,1,1,1,0,0,1,1,1,0,0,1,1,1,0,0,0,0,1,0,0,1,0,1,0,0,0,1,1,0.0,-452.1733763941918,1
1,1,1,1,1,0,0,1,0,0,1,0,0,0,0,0,1,1,1,0,0,0,1,0,0,1,0,0,0,0,1,1,1,0,0,1,1,1,0,0,1,0,1,0,1,1,1,0,1,1,0,0,1,0,1,1,1,0,0,0,0,0,1,0,0.0,-452.17134483676136,1
1,0,1,0,0,0,1,0,0,1,1,0,1,0,0,0,1,0,0,1,0,0,0,0,1,0,0,1,0,0,0,1,1,0,1,1,0,0,1,0,0,0,1,1,0,1,1,1,0,1,0,0,1,1,1,1,0,1,1,0,1,1,1,0,0.015625,-452.16835845736955,1
0,1,1,1,0,0,1,1,1,0,1,0,1,0,1,0,0,1,0,0,1,1,0,0,0,0,0,0,1,0,1,1,1,0,0,1,0,0,0,1,1,1,1,0,1,1,0,0,1,0,0,0,0,0,1,1,1,0,0,0,1,1,1,0,0.0,-452.16577061432963,1
0,1,0,1,0,0,0,1,1,1,1,0,0,1,0,0,1,0,1,1,1,1,1,0,0,1,0,1,0,0,0,0,1,1,0,1,1,1,1,0,1,0,0,0,0,1,1,1,1,1,0,0,0,0,0,0,1,0,0,0,1,1,0,0,0.015625,-452.1651681546375,1
0,0,1,1,0,1,0,0,1,0,0,0,1,1,1,0,0,1,0,0,0,1,0,0,1,1,0,1,1,0,1,1,0,0,0,0,1,1,0,0,0,1,1,1,0,0,1,1,1,1,0,1,1,0,0,1,1,0,0,0,1,1,0,0,0.015625,-452.1624027720763,1
1,0,1,1,1,1,0,1,1,0,0,1,1,1,0,1,0,1,0,0,1,1,0,0,1,0,1,1,0,0,1,1,0,0,1,0,0,1,0,0,0,1,1,1,0,1,0,0,0,0,0,1,0,0,1,0,1,0,0,0,0,0,1,1,0.015625,-452.16120652953055,1
1,1,0,1,0,0,0,0,1,0,0,0,0,0,0,1,0,1,1,1,0,0,0,0,1,0,1,1,0,0,0,1,1,1,0,1,0,1,0,0,1,1,1,1,0,1,0,1,0,1,1,1,0,0,0,1,1,0,0,0,0,1,1,1,0.0,-452.15987260780184,1
1,1,1,1,0,1,0,1,1,1,0,0,1,0,0,1,0,0,0,0,0,1,0,0,0,0,0,1,1,0,0,0,0,0,0,1,1,1,1,0,1,0,1,0,0,1,0,1,0,1,0,1,1,1,1,1,0,0,1,0,0,1,0,1,0.015625,-452.1582686195264,1
1,0,1,1,1,1,1,1,1,0,1,0,0,1,0,0,0,0,0,1,1,1,1,0,0,1,1,1,0,0,0,0,1,0,1,0,0,1,0,0,0,0,1,1,1,1,0,1,0,1,0,1,0,0,0,0,0,1,0,0,1,0,1,0,0.0,-452.15759233976667,1
0,0,1,0,1,1,0,1,1,0,0,0,0,1,0,1,1,0,1,0,1,1,1,0,1,0,0,1,0,0,0,0,1,0,1,1,1,0,0,0,1,0,1,1,0,1,0,1,0,1,0,0,0,0,0,1,0,0,0,1,1,1,1,1,0.0,-452.1547222869349,1
0,0,0,0,1,0,0,1,0,1,0,0,1,0,1,1,1,0,1,0,0,1,0,1,1,0,0,0,0,0,0,1,1,1,0,0,1,1,1,0,1,0,1,1,1,0,1,0,1,1,0,0,0,1,0,1,1,0,0,0,1,1,0,1,0.0,-452.15384477618323,1
1,0,0,1,0,0,0,0,1,0,1,0,1,0,0,1,1,1,1,1,0,1,0,0,1,0,0,0,0,0,0,1,1,0,0,0,1,1,1,1,0,0,0,1,1,0,0,1,0,0,0,1,0,1,1,0,1,0,1,1,1,1,0,1,0.0,-452.1513788376756,1
1,1,0,0,0,1,0,1,1,0,1,1,0,0,1,1,1,1,0,1,0,1,0,0,0,0,0,1,1,0,0,1,1,0,0,0,1,1,0,1,1,0,1,0,0,0,1,1,0,0,0,1,0,0,0,1,1,0,0,0,1,1,1,0,0.0,-452.15125766493753,1
1,1,1,1,1,1,0,1,1,0,1,0,0,1,1,0,0,1,0,0,0,0,0,0,1,0,0,0,0,0,1,0,0,0,0,1,0,1,0,1,0,0,1,0,1,1,0,1,1,1,0,0,1,1,1,1,1,0,1,0,0,1,0,0,0.015625,-452.1504946549746,1
1,1,1,0,1,1,1,0,0,1,0,1,0,1,0,1,1,0,0,0,0,1,1,0,1,0,1,1,0,0,0,0,0,0,1,0,0,1,0,0,1,0,0,0,0,0,1,1,1,1,0,1,0,0,0,1,1,1,1,1,0,0,1,0,0.0,-452.1487045933769,1
0,1,0,1,0,1,1,1,0,0,1,0,0,0,0,0,0,1,0,1,1,0,0,0,1,1,1,1,1,0,0,1,1,1,0,1,1,1,0,0,1,0,1,1,1,1,0,1,0,1,0,0,0,1,0,0,1,0,0,0,0,0,1,0,0.0,-452.14737443044504,1
0,1,0,0,1,0,0,1,1,1,0,0,0,0,1,0,0,0,0,1,1,1,0,1,0,0,0,1,1,1,0,1,0,1,0,0,1,1,0,0,1,0,1,1,0,1,1,0,1,0,0,1,1,0,0,1,0,0,1,0,1,1,1,0,0.0,-452.1470934900713,1
1,1,0,0,1,0,0,1,1,0,0,0,1,0,1,0,0,1,0,0,0,0,0,0,1,0,0,1,1,0,0,1,1,1,0,1,1,1,1,0,1,0,1,1,1,0,0,0,0,1,0,1,0,1,0,1,1,0,1,0,0,1,1,0,0.0,-452.1467719639229,1
0,1,0,0,0,1,0,1,0,1,0,0,0,1,0,0,0,0,1,0,1,1,0,0,0,0,1,0,0,1,1,1,0,1,1,1,1,1,0,1,1,1,1,0,0,1,1,1,1,0,0,1,1,1,0,1,1,0,0,0,0,0,0,0,0.015625,-452.1451915707968,1
1,1,1,0,0,0,1,0,1,1,0,0,0,1,0,0,0,0,0,0,1,1,0,0,1,0,1,1,0,0,1,1,1,0,0,1,1,0,1,0,1,1,1,0,1,0,0,1,0,1,0,0,0,0,1,1,1,0,0,0,1,1,0,1,0.0,-452.1422524690349,1
0,0,1,1,0,0,1,1,1,1,1,0,1,1,0,0,1,1,0,0,1,0,0,0,0,1,0,1,0,1,1,1,1,1,0,0,0,1,0,0,1,1,0,0,0,1,1,1,1,1,0,0,0,0,0,0,0,0,0,1,0,1,1,0,0.0,-452.14222469734176,1
1,1,0,1,0,0,0,1,1,1,1,0,0,0,1,1,1,1,0,1,1,1,1,0,0,1,0,1,0,0,0,1,1,0,0,0,1,0,0,0,1,0,1,0,0,0,1,0,1,0,0,0,1,1,0,1,1,0,0,0,0,1,0,1,0.0,-452.1397723973736,1
0,0,0,0,1,0,0,0,0,1,0,0,0,0,0,1,1,1,0,1,0,1,0,1,0,0,0,1,0,0,1,1,1,0,0,1,0,1,0,0,1,1,1,1,1,1,0,1,0,1,0,0,0,1,0,1,1,0,1,0,1,1,1,1,0.0,-452.13838423113333,1
0,1,1,1,1,1,1,1,1,0,1,0,0,0,0,0,0,1,0,0,0,0,1,1,1,0,1,0,1,0,1,1,1,1,0,0,0,1,1,0,0,0,0,1,0,1,1,0,0,1,1,0,0,1,0,0,1,0,0,0,0,1,1,0,0.0,-452.1379812986972,1
0,1,0,0,1,0,0,1,1,1,1,0,0,0,1,1,0,1,0,1,0,1,0,1,1,0,0,0,0,0,0,1,1,0,0,1,0,1,0,0,1,1,1,0,1,1,0,0,0,1,0,1,1,1,0,1,1,1,0,0,0,1,0,0,0.0,-452.13741972478175,1
1,1,1,1,0,1,0,1,1,0,1,0,0,0,1,1,0,1,0,0,1,1,0,0,0,0,0,1,1,1,0,1,0,1,0,0,1,1,0,0,1,0,0,0,0,1,0,1,1,1,0,1,0,0,0,0,0,1,0,0,0,1,1,1,0.0,-452.13028914594054,1
1,1,1,0,0,1,0,0,1,0,1,0,1,0,0,0,1,1,1,1,1,1,0,0,0,0,1,0,0,0,1,1,1,0,0,1,1,1,0,0,0,1,1,1,0,0,0,1,0,1,0,0,1,1,1,0,1,0,1,1,0,1,1,1,0.0,-452.1291281459593,1
0,0,0,1,1,1,0,1,0,0,0,0,0,0,0,0,1,1,1,0,1,0,1,1,1,0,0,1,0,0,1,1,1,0,0,0,0,0,1,0,0,0,1,0,1,0,0,1,0,1,0,1,0,1,1,1,1,1,1,0,1,1,1,0,0.0,-452.1287296714143,1
0,0,1,0,1,1,1,1,1,0,0,0,0,1,1,0,1,1,0,0,0,0,1,0,1,0,1,0,1,0,0,1,1,0,0,0,1,1,1,1,1,0,1,1,0,1,0,0,0,0,0,1,1,1,1,1,0,0,0,0,0,1,0,0,0.0,-452.12801577327934,1
1,0,1,0,1,1,0,1,0,0,1,0,1,0,0,0,0,1,0,1,0,1,0,0,1,0,1,1,0,0,0,0,0,0,0,1,1,1,1,0,1,1,1,1,0,0,0,0,1,1,0,1,0,1,0,1,1,1,0,0,1,0,1,0,0.0,-452.1261233191613,1
1,0,0,1,1,1,0,1,0,0,1,1,0,0,0,1,1,1,0,1,0,0,1,0,0,1,0,1,0,0,1,0,1,1,0,0,1,0,0,0,0,0,1,0,0,1,0,1,0,1,0,0,1,1,0,0,1,1,1,0,1,1,1,0,0.0,-452.12531010934174,1
0,1,0,1,0,0,0,1,0,1,0,1,0,1,1,1,0,1,0,0,0,1,0,0,1,0,0,1,1,0,0,1,1,0,0,1,0,1,0,0,1,0,1,0,1,1,1,0,1,1,0,0,0,1,0,1,1,1,0,0,0,1,0,1,0.0,-452.12412936431997,1
0,1,0,1,1,0,0,1,0,1,1,1,0,1,0,1,0,1,0,1,0,1,0,0,1,0,0,0,0,0,0,0,0,0,0,0,1,1,0,0,0,0,1,1,1,1,0,1,1,1,0,0,1,1,1,1,1,1,0,0,1,1,0,0,0.0,-452.1235533330465,1
0,1,0,0,1,0,0,1,1,1,1,1,0,0,1,0,0,1,0,1,0,0,0,0,1,0,0,1,0,0,1,1,0,1,0,1,1,0,0,0,1,0,1,1,1,0,0,1,1,1,0,1,0,1,0,1,0,0,1,0,1,0,1,0,0.0,-452.1229610821657,1
0,0,0,0,0,1,0,1,1,0,1,0,0,1,0,1,0,1,1,0,1,1,1,0,0,0,0,0,0,0,0,1,1,1,0,0,1,1,1,1,1,0,1,1,0,1,0,1,0,1,0,0,1,1,1,1,1,0,0,0,0,1,0,0,0.015625,-452.1216890188739,1
0,0,1,0,1,0,0,1,0,0,1,0,0,0,1,0,1,0,0,0,0,1,0,0,1,1,1,1,0,0,1,1,1,1,0,0,1,0,1,0,1,0,0,1,0,1,1,0,1,0,0,0,1,1,1,0,1,1,0,1,0,1,1,0,0.03125,-452.12004577395606,1
0,1,0,0,0,0,0,1,1,1,1,0,0,0,0,1,0,0,1,0,0,1,1,0,0,1,1,1,0,0,1,1,1,0,1,1,1,1,1,0,1,0,1,1,0,0,1,0,1,1,0,0,0,0,0,0,0,1,0,0,1,1,1,0,0.0,-452.1200056191827,1
1,1,0,1,0,0,0,1,0,0,1,0,0,1,0,0,0,1,1,0,1,1,0,0,1,0,0,1,0,0,0,0,0,1,0,1,0,1,0,1,1,1,1,1,1,1,0,0,1,1,0,1,1,1,0,0,1,0,0,0,0,1,0,1,0.0,-452.11859980189826,1
0,1,1,1,1,1,0,1,0,0,0,0,1,0,1,1,1,1,0,0,0,1,0,0,1,1,1,1,0,0,0,1,1,1,1,1,0,0,0,1,0,0,1,0,1,1,0,1,0,1,0,0,0,1,1,0,1,0,1,0,0,1,1,1,0.015625,-452.1182838601184,1
0,0,1,1,1,0,0,1,1,1,0,0,0,0,1,1,0,0,1,0,1,1,0,0,1,0,0,1,1,0,1,0,0,1,0,1,1,1,0,0,1,0,1,1,0,1,0,0,0,1,0,0,0,1,1,1,0,0,0,0,1,1,0,1,0.0,-452.1168146523163,1
1,1,1,1,1,1,0,0,0,0,1,0,0,0,1,0,1,1,0,0,0,1,0,0,0,0,1,0,1,1,1,0,0,0,0,1,1,0,0,0,1,0,1,1,1,1,0,1,0,0,0,0,0,1,1,1,0,1,1,0,1,0,1,0,0.0,-452.11582094739003,1
1,0,1,0,1,1,0,1,0,0,0,0,1,0,0,0,1,0,0,0,0,1,0,0,1,0,1,1,0,1,1,1,0,0,0,0,1,1,0,0,1,0,0,1,0,1,1,0,0,1,0,1,1,1,1,1,1,0,1,0,1,1,0,0,0.015625,-452.11534019403206,1
1,0,1,0,1,1,0,1,1,1,1,0,1,0,0,0,0,0,0,0,1,1,0,0,1,0,1,1,0,0,1,0,0,1,0,1,1,1,0,0,1,0,1,1,1,0,0,0,0,1,0,1,1,1,0,1,1,0,1,0,0,0,0,0,0.0,-452.11523209077217,1
0,0,1,0,0,1,0,1,1,0,1,1,1,1,0,1,0,1,1,1,1,0,0,0,0,0,1,1,0,0,1,0,1,1,0,0,0,1,1,0,1,0,0,1,0,0,0,1,1,1,0,1,0,1,0,0,0,0,0,0,0,1,1,1,0.015625,-452.1120615960951,1
0,1,0,0,1,1,1,1,1,1,1,0,0,0,1,1,1,1,0,0,1,1,0,0,1,1,0,0,0,0,1,1,1,0,0,1,0,1,0,1,1,0,1,1,1,0,1,1,0,0,0,1,1,0,0,1,0,0,0,0,1,1,0,1,0.0,-452.11049541213197,1
0,1,1,1,0,0,1,0,0,0,1,0,1,0,0,1,1,1,0,0,0,1,0,1,1,1,0,1,0,0,1,1,1,0,0,1,0,0,1,0,1,1,1,0,1,1,1,1,0,1,0,1,1,1,0,1,1,0,0,0,0,1,1,0,0.0,-452.1060909141077,1
1,0,1,1,1,1,1,0,0,0,0,0,0,1,0,1,0,0,0,0,0,0,0,0,1,0,1,0,1,0,1,0,1,0,1,0,1,0,0,1,1,1,1,1,0,1,0,0,0,1,0,0,0,1,0,1,1,1,1,1,1,0,1,0,0.0,-452.105335006826,1
1,1,1,0,1,1,0,1,1,0,0,1,1,0,1,0,1,1,0,0,0,1,0,0,1,1,0,1,0,1,0,0,0,0,0,1,1,1,0,0,1,0,1,0,1,1,1,0,1,1,0,1,1,0,0,1,0,0,1,0,1,1,1,0,0.0,-452.1039357604687,1
1,0,0,0,0,0,1,1,1,0,1,1,1,1,0,0,0,0,0,0,1,1,1,0,0,1,1,1,0,0,1,1,1,0,0,1,1,1,0,0,0,0,1,1,0,1,0,0,1,1,1,0,0,1,0,1,1,0,0,0,0,0,1,0,0.0,-452.1036775253146,1
1,1,1,1,1,1,0,1,1,0,1,0,1,1,0,0,0,0,0,0,1,1,0,0,1,1,1,1,0,0,0,0,1,0,0,1,0,0,0,0,1,1,1,1,0,0,1,1,1,1,0,0,0,1,0,0,1,1,0,1,1,1,1,0,0.015625,-452.1027671400665,1
1,1,1,0,1,1,0,1,1,1,0,0,0,0,0,1,0,0,0,0,1,0,1,0,1,1,1,1,0,0,0,0,1,1,0,1,1,1,1,1,1,0,1,1,0,1,1,1,0,0,0,0,0,1,1,1,1,0,0,0,0,0,1,1,0.015625,-452.10223854870225,1
1,1,1,0,0,0,1,1,0,1,0,1,0,0,1,1,1,0,0,0,0,1,0,0,0,1,0,0,0,1,1,0,0,1,0,1,0,1,0,0,1,0,1,0,0,1,0,0,0,1,1,1,1,1,1,1,1,0,0,0,1,0,1,0,0.0,-452.1012393243137,1
1,1,1,0,0,1,0,1,1,0,0,0,1,0,1,1,1,0,1,0,0,0,1,1,0,0,1,1,0,0,1,1,1,0,0,1,1,1,0,0,0,0,1,1,0,0,0,1,0,1,0,0,0,1,0,1,1,0,1,0,0,1,0,0,0.0,-452.0999040065106,1
1,0,0,1,0,1,1,1,1,0,0,0,0,0,1,1,1,1,0,0,1,1,0,0,1,1,0,1,0,0,1,1,0,0,1,0,0,0,1,0,0,1,1,0,1,1,0,1,1,1,0,0,0,0,0,1,0,0,1,0,0,1,1,0,0.0,-452.0978571844757,1
1,1,1,1,0,1,1,1,0,0,0,1,1,0,0,0,0,1,1,0,1,1,0,0,1,0,0,1,0,1,1,1,0,0,0,0,1,1,0,0,1,0,1,1,1,1,0,1,0,1,0,0,0,0,1,0,0,0,1,0,0,0,1,0,0.0,-452.0976817244502,1
0,1,0,1,0,1,1,1,0,0,0,0,1,1,1,0,1,1,0,1,1,0,0,0,0,0,0,1,0,0,1,1,1,0,0,0,1,1,0,0,1,0,1,0,0,1,1,0,1,1,0,1,1,1,0,1,1,0,1,0,0,0,0,0,0.0,-452.096830090966,1
1,0,1,1,1,1,0,0,0,1,0,0,0,0,1,1,1,1,1,1,1,1,0,1,1,0,0,1,0,0,0,1,0,1,1,0,0,0,0,0,0,0,1,0,1,0,1,1,0,0,0,0,0,1,0,1,1,1,0,1,0,0,0,1,0.0,-452.09676979823195,1
0,1,1,1,0,0,0,1,1,0,1,1,0,1,0,1,0,1,0,0,1,0,0,1,1,0,1,1,0,0,0,1,0,0,0,1,1,1,0,0,0,0,0,1,1,1,0,1,0,1,0,0,0,1,0,1,0,1,1,1,0,0,1,0,0.0,-452.0959595382671,1
1,1,0,1,0,1,1,1,0,1,1,0,1,1,1,0,1,0,0,0,0,1,0,0,0,1,0,1,0,0,0,1,1,0,1,1,0,0,0,0,1,0,1,0,1,1,1,1,1,1,0,1,0,0,1,1,1,0,1,1,0,0,1,0,0.015625,-452.0957442556929,1
1,1,0,1,0,0,1,1,1,0,0,0,0,0,0,1,0,1,0,0,1,1,1,0,0,1,0,1,0,1,1,0,0,0,1,0,0,1,0,0,0,0,1,1,1,1,1,1,0,1,0,0,0,1,1,1,0,0,1,1,0,1,0,0,0.0,-452.09574386968205,1
1,1,0,1,0,1,0,1,1,0,1,0,1,0,1,0,1,0,0,0,0,1,0,1,1,0,1,0,1,0,0,0,0,0,0,1,1,1,1,0,1,1,1,1,1,1,1,1,1,0,0,0,1,0,1,1,1,0,1,0,1,0,0,0,0.015625,-452.09461396681814,1
1,0,1,1,1,1,0,1,0,0,1,0,0,0,0,0,0,1,0,1,1,1,0,0,0,1,0,1,1,1,0,0,0,0,1,1,1,1,1,0,1,0,1,1,0,0,0,1,0,0,0,0,0,0,0,1,0,1,1,1,0,1,1,0,0.0,-452.09395550192346,1
1,1,1,1,1,1,1,1,0,1,1,0,1,1,0,1,1,0,0,0,1,1,1,0,0,0,0,0,1,0,0,1,1,0,1,0,1,1,0,0,1,1,1,0,0,1,1,1,0,1,0,1,0,0,1,0,1,0,0,0,0,1,0,0,0.015625,-452.0932469848603,1
1,1,0,1,0,0,0,1,1,0,1,0,1,1,0,0,0,0,0,0,1,0,0,0,1,1,1,1,1,0,1,0,1,1,0,0,1,1,1,0,0,0,1,1,0,1,0,0,0,1,0,1,1,0,1,1,0,0,0,0,0,1,1,0,0.0,-452.0932045817974,1
0,0,1,0,0,1,0,1,0,0,0,0,1,0,1,1,1,0,0,1,1,0,0,1,0,1,0,0,1,0,1,1,0,0,0,1,1,1,1,0,1,1,1,0,1,0,0,1,0,1,0,1,1,0,0,1,0,0,1,0,0,1,1,0,0.0,-452.0928739767943,1
1,1,1,0,1,0,1,1,0,0,1,0,0,0,0,0,0,0,0,0,0,1,0,1,1,0,0,1,0,0,1,1,1,0,0,1,1,1,1,0,1,0,1,1,1,0,1,0,0,1,1,1,0,1,0,1,1,0,0,0,0,1,0,0,0.0,-452.09198824089333,1
1,1,0,1,0,1,1,1,1,0,0,1,0,0,0,1,0,0,1,0,0,1,0,0,1,0,1,1,0,1,1,1,0,1,0,0,0,0,1,0,0,1,1,0,1,0,0,1,0,1,0,0,1,0,1,1,1,0,0,1,0,0,0,1,0.015625,-452.09105853412797,1
0,1,1,1,0,1,0,1,1,1,1,0,0,1,1,1,0,0,0,0,1,0,0,1,0,0,1,1,0,0,1,1,1,0,1,1,0,1,0,1,1,0,1,0,0,1,0,1,1,1,0,1,1,0,0,0,1,0,1,1,0,1,0,0,0.0,-452.0882496537493,1
1,0,1,0,1,0,0,1,0,1,0,1,1,1,0,0,1,1,0,0,0,1,1,1,0,0,1,0,0,0,1,1,1,0,1,0,0,1,1,1,0,0,0,1,1,0,0,1,0,1,0,0,0,0,1,1,1,0,0,0,0,1,1,0,0.0,-452.088173698301,1
0,0,0,1,0,1,1,0,0,1,0,0,0,0,0,0,1,1,0,1,0,1,0,0,0,0,1,1,1,1,1,1,1,0,1,1,0,1,0,0,1,1,1,0,1,1,1,1,1,1,0,1,0,0,1,0,1,1,1,0,0,1,1,0,0.015625,-452.0875264477008,1
0,0,1,1,1,1,0,1,1,0,0,1,1,0,1,1,0,0,0,1,1,0,0,0,0,1,0,1,0,0,0,0,0,0,1,1,1,1,1,0,1,0,1,1,0,1,0,1,0,0,0,1,1,1,1,1,1,0,1,1,0,0,1,1,0.0,-452.08501913690304,1
1,0,0,1,1,0,1,1,0,0,1,0,1,1,1,0,1,0,0,0,1,1,0,0,1,1,0,1,0,0,0,1,0,1,0,1,0,0,1,0,0,0,1,0,1,1,0,1,0,1,0,1,1,1,0,0,1,1,1,1,1,1,1,0,0.015625,-452.08441855405135,1
1,1,0,1,1,1,1,0,0,1,0,0,1,0,1,0,0,0,0,0,0,0,0,0,0,1,1,1,0,1,0,1,0,1,1,1,1,1,1,1,1,0,1,1,1,0,1,1,0,0,0,0,0,0,0,1,0,0,1,1,0,0,0,0,0.0,-452.0840126744417,1
1,1,1,0,1,1,0,1,0,0,0,0,0,0,0,1,0,0,0,1,0,1,1,0,0,1,0,1,0,0,0,1,1,1,0,0,0,1,1,0,0,0,1,1,1,0,1,1,0,0,0,0,1,0,1,1,1,1,1,0,0,1,1,0,0.0,-452.0820825130649,1
1,0,0,1,1,1,0,1,0,0,1,0,0,1,1,1,1,1,0,0,1,1,0,0,0,0,0,1,0,0,1,1,0,1,0,0,1,0,0,0,1,0,1,1,0,1,0,1,0,1,0,1,0,1,1,0,1,0,1,0,0,1,0,0,0.0,-452.07986929266247,1
1,1,1,0,1,0,1,1,0,0,1,0,0,0,0,1,0,0,0,0,1,1,0,1,1,0,1,1,0,1,0,0,0,0,0,0,1,1,1,0,0,0,1,1,1,1,0,1,0,1,0,0,1,1,0,1,0,0,1,1,0,1,0,0,0.0,-452.0795619699567,1
0,0,0,1,0,1,0,1,0,0,1,0,1,0,1,1,0,0,1,0,1,0,1,0,1,1,0,1,0,0,0,1,0,1,0,1,0,0,0,0,0,1,1,1,1,1,0,1,0,1,0,1,1,1,0,0,1,1,1,0,0,1,0,0,0.0,-452.07953455812515,1
0,1,0,0,0,1,0,1,0,0,1,1,1,1,1,1,0,0,0,1,1,1,0,0,1,1,0,1,0,0,0,1,1,0,0,1,1,1,0,0,0,0,1,1,1,1,0,0,0,1,0,1,1,0,1,0,1,0,0,0,0,1,0,0,0.0,-452.0787631970669,1
0,1,0,1,0,0,0,1,1,1,1,0,0,0,1,0,0,0,1,0,1,1,0,0,0,0,0,1,0,0,0,1,1,0,0,1,1,1,1,0,0,0,1,1,1,1,0,0,0,1,1,1,0,1,0,1,1,0,1,0,0,1,0,1,0.0,-452.0779025931142,1
0,0,1,0,0,0,0,1,1,1,1,1,0,0,1,1,0,0,1,0,0,0,0,0,0,1,0,1,1,0,0,1,0,0,1,1,1,1,0,1,1,0,0,1,0,0,0,1,0,1,1,1,0,1,0,0,1,0,1,0,0,1,1,1,0.0,-452.07691620797954,1
1,1,1,1,1,1,1,0,0,0,1,0,1,0,1,0,0,1,1,0,0,1,1,0,1,1,0,1,0,1,1,0,0,0,0,1,1,1,0,0,1,0,1,0,0,1,0,1,0,1,0,1,1,0,0,0,1,0,1,1,1,0,1,0,0.0,-452.0726474685446,1
0,1,1,1,0,0,0,1,1,0,0,0,0,1,0,1,1,0,0,0,1,0,1,0,1,0,0,1,0,0,0,1,0,0,1,1,1,0,1,0,1,0,1,1,0,0,0,1,0,1,0,1,1,1,1,1,1,1,0,1,0,0,0,0,0.0,-452.07252843209505,1
1,1,1,0,0,1,1,0,1,1,0,1,0,0,0,0,1,0,0,0,0,1,0,0,0,0,0,1,1,0,0,1,1,0,1,0,1,1,0,0,1,0,1,0,1,1,1,1,0,1,1,1,1,1,0,0,1,1,1,1,0,0,1,1,0.015625,-452.0719633329067,1
0,1,0,1,0,1,1,0,1,0,1,0,1,0,0,0,1,0,1,0,1,0,1,1,1,0,0,1,0,0,1,1,1,0,0,0,1,1,0,1,0,1,1,1,1,1,0,0,0,1,0,0,1,0,0,0,1,0,1,1,0,0,0,0,0.0,-452.0715589757021,1
0,1,0,1,0,1,1,1,1,1,0,0,0,1,1,0,0,0,1,0,0,0,0,0,1,1,1,1,0,0,0,1,0,0,0,1,1,1,0,1,1,0,1,1,1,1,0,1,0,1,0,0,0,1,0,1,1,0,0,0,0,1,0,0,0.0,-452.06948881047805,1
0,1,1,0,1,1,0,1,0,0,0,1,0,0,0,1,1,1,0,1,0,1,1,0,0,0,0,1,0,0,1,0,0,1,1,1,0,1,0,0,0,0,0,0,1,0,0,1,0,1,0,0,0,1,0,1,1,1,1,1,1,1,1,0,0.0,-452.0693412127665,1
1,1,1,0,1,1,1,1,1,1,0,0,0,0,0,1,0,1,0,0,0,1,0,0,0,0,1,1,0,0,1,1,1,0,1,1,0,1,0,0,1,1,1,0,1,1,0,1,0,1,1,1,0,1,0,0,1,0,1,0,0,0,1,1,0.0,-452.0690242497123,1
1,1,1,0,1,1,1,1,0,0,1,0,1,0,1,0,0,0,0,0,0,1,0,0,0,0,0,1,0,0,1,1,1,1,0,0,1,1,0,0,0,0,0,0,0,1,0,1,0,1,0,1,1,0,1,1,1,1,1,0,0,1,1,0,0.015625,-452.06808295443864,1
0,1,1,0,0,0,0,1,1,0,0,0,1,1,1,1,0,1,0,1,1,1,0,0,1,0,0,1,0,0,1,1,1,1,0,1,1,0,0,0,0,0,1,0,0,1,1,0,1,1,0,0,1,1,1,1,1,0,0,0,0,0,0,0,0.0,-452.06625472981756,1
1,1,1,0,0,1,0,0,1,0,0,1,0,0,1,1,0,0,0,1,1,0,0,0,0,0,1,1,0,0,1,1,1,0,0,1,1,1,1,0,1,0,1,1,1,1,0,1,0,1,0,0,1,0,0,1,0,0,1,0,0,1,0,0,0.0,-452.0642509758679,1
0,1,1,0,0,1,0,1,0,0,1,1,0,0,1,0,1,1,1,0,1,1,0,0,0,0,1,1,1,1,1,1,1,0,0,1,0,1,1,0,0,0,1,1,0,1,1,1,0,0,0,0,1,1,1,1,0,0,0,1,1,1,0,0,0.0,-452.06292008190655,1
1,0,0,1,0,1,1,1,0,0,1,0,0,0,1,0,0,0,0,1,0,1,0,0,1,0,1,0,0,0,0,1,0,1,1,1,0,0,1,1,1,1,1,1,1,1,0,1,0,1,0,1,1,1,0,1,1,0,1,0,0,1,1,1,0.0,-452.0625477687905,1
1,1,0,0,0,0,1,1,1,0,0,0,0,0,0,0,0,0,0,0,1,0,1,0,0,0,0,1,1,1,1,1,0,0,0,0,1,1,1,0,0,0,1,1,1,1,1,1,0,0,0,0,1,1,0,1,1,1,0,1,1,1,1,0,0.0,-452.06189690349186,1
1,0,1,0,1,1,0,1,0,0,0,0,1,0,1,0,1,1,0,0,1,1,1,0,1,0,1,1,0,0,0,0,0,0,1,0,1,1,1,0,1,0,0,1,0,0,1,1,0,1,0,0,1,0,1,1,1,0,0,0,1,0,1,0,0.015625,-452.06150801229956,1
1,1,1,1,1,0,0,1,1,0,1,0,1,0,0,0,1,0,0,0,1,0,0,0,1,0,0,1,0,0,1,0,0,1,1,1,0,1,1,0,0,0,1,1,0,1,1,1,0,1,0,1,1,1,1,1,0,1,0,1,1,0,1,0,0.0,-452.0611669409479,1
1,1,1,0,1,0,0,1,1,0,0,0,0,0,1,1,0,1,0,1,0,1,1,0,1,1,0,1,0,1,1,1,1,1,1,0,0,0,1,0,0,0,1,1,1,1,0,1,0,0,0,0,0,0,0,0,1,0,0,0,0,1,1,0,0.0,-452.0610783409121,1
1,1,0,1,1,0,0,0,0,0,1,0,0,0,0,0,1,1,0,1,1,1,1,0,1,1,0,1,1,0,1,1,1,0,1,1,1,1,1,0,1,1,0,1,0,1,0,1,1,1,0,1,0,0,1,0,0,0,0,0,0,1,1,0,0.0,-452.0610710542438,1
0,1,1,1,1,1,1,1,1,1,0,1,0,0,1,1,1,0,0,1,0,1,0,1,0,0,0,1,0,0,0,1,0,0,0,1,1,1,1,0,0,0,1,0,1,0,0,1,0,1,0,0,0,0,0,1,0,1,0,0,0,1,1,0,0.0,-452.0606747422381,1
0,1,0,1,1,1,0,0,0,0,1,0,0,0,1,0,0,1,1,1,0,0,0,1,0,0,0,1,0,0,1,1,0,1,1,1,1,1,0,0,1,0,1,0,1,0,1,0,0,1,0,1,1,1,0,1,1,1,0,0,0,0,1,0,0.0,-452.0605903100066,1
0,1,0,0,0,0,0,1,0,0,0,0,1,0,1,0,1,1,1,1,1,1,0,0,1,1,0,1,0,0,1,1,0,0,1,0,1,1,1,0,1,0,1,0,1,1,0,1,0,1,0,1,1,0,0,1,1,0,0,0,0,0,1,0,0.0,-452.06049869336084,1
1,1,1,0,1,0,0,1,0,0,1,0,0,0,1,1,1,0,0,0,1,1,1,0,1,1,0,1,1,1,0,1,1,1,0,0,0,0,0,0,0,0,1,1,1,1,0,1,0,1,0,0,1,0,1,1,0,0,0,0,0,1,0,0,0.0,-452.0598151374312,1
1,1,0,1,0,0,0,1,0,0,1,1,1,0,0,1,1,0,0,1,1,0,0,0,0,0,1,1,0,0,0,0,1,0,1,0,1,1,1,0,1,0,1,1,1,1,1,0,0,1,0,0,0,0,0,1,1,0,1,1,0,1,0,0,0.0,-452.0577961066927,1
0,0,1,1,1,0,0,1,0,1,0,0,0,0,0,1,0,1,0,0,0,1,1,1,0,0,1,1,1,0,1,1,1,0,0,0,1,1,0,1,0,0,1,1,0,1,1,0,0,1,0,0,1,0,0,1,1,1,0,0,0,1,1,0,0.0,-452.0565223807739,1
0,0,1,1,1,1,1,1,1,0,0,0,1,1,1,0,1,1,0,0,1,1,1,0,1,1,0,0,0,0,1,0,1,0,0,1,0,1,0,0,0,0,0,1,1,0,1,1,1,1,0,0,1,1,1,1,0,0,0,0,1,1,1,0,0.0,-452.0554283874322,1
1,1,1,0,0,1,0,0,0,0,1,0,0,0,0,1,0,1,0,1,1,0,1,1,1,1,1,0,1,0,1,1,1,1,0,0,0,1,0,0,1,1,1,1,1,1,1,1,0,1,0,0,1,1,0,0,1,0,1,0,0,1,0,0,0.0,-452.05416884596843,1
1,1,0,1,1,1,1,1,0,0,0,0,0,1,0,0,1,1,0,0,0,1,0,0,0,0,0,1,0,0,1,0,1,1,0,0,0,1,1,0,1,1,0,0,0,0,0,1,0,1,0,0,1,1,1,1,1,1,0,0,1,1,1,0,0.0,-452.05399339751466,1
0,0,0,0,0,1,0,0,1,1,1,0,0,0,0,0,1,1,1,1,0,1,1,1,0,0,0,1,0,0,0,1,1,0,0,0,1,1,0,0,1,1,1,1,0,1,0,1,0,0,1,1,1,1,0,1,0,1,1,0,0,0,1,0,0.0,-452.0512978191819,1
0,1,1,0,0,0,1,1,0,0,1,0,0,0,0,1,0,0,0,1,1,1,0,0,1,1,0,1,1,1,1,1,0,0,0,1,1,0,1,0,1,0,1,1,1,1,1,1,1,1,0,1,1,1,0,0,0,0,1,0,0,1,0,1,0.0,-452.05085498456873,1
1,0,0,1,0,1,1,1,0,0,0,0,0,0,0,0,1,0,1,0,0,1,0,0,1,0,1,1,0,0,1,1,1,0,1,1,1,1,1,0,1,0,1,1,1,1,1,0,0,1,0,1,1,0,0,0,1,1,1,0,0,1,1,1,0.0,-452.0491276635214,1
1,0,1,1,1,1,1,1,1,1,1,0,0,1,1,0,0,0,0,0,1,1,0,0,1,1,1,1,0,0,0,1,1,0,1,1,0,0,1,0,1,0,0,1,1,1,1,1,0,1,0,0,0,1,0,1,0,0,0,0,0,1,0,1,0.0,-452.048259188614,1
1,0,0,0,1,1,0,1,0,0,0,0,0,1,0,0,0,1,0,0,1,1,0,0,0,0,0,1,0,1,1,1,1,1,0,1,0,0,1,0,1,1,1,1,1,1,0,1,0,1,0,0,0,1,0,0,1,1,1,1,0,1,0,0,0.015625,-452.0480199429458,1
1,0,1,0,0,1,0,1,0,1,0,0,1,0,0,1,0,0,1,1,0,0,1,0,0,1,0,0,0,0,1,0,1,0,1,0,1,1,1,0,1,0,0,1,1,1,1,1,1,0,0,0,0,0,0,1,1,1,0,0,1,1,1,0,0.0,-452.0478192211441,1
0,1,1,1,0,0,0,1,0,0,0,0,1,1,0,1,1,0,0,0,1,1,0,0,0,0,0,1,0,1,0,1,1,0,0,0,0,1,1,1,1,0,1,1,0,1,0,1,1,0,0,0,1,0,1,1,0,1,1,1,0,0,1,0,0.015625,-452.04708445850827,1
1,0,1,1,1,0,0,0,0,1,1,1,0,1,0,1,0,1,1,0,1,1,0,1,1,0,0,0,1,0,1,1,1,0,1,1,1,1,1,1,0,1,1,0,1,1,0,0,0,1,0,1,0,0,0,1,1,0,0,1,0,0,0,0,0.015625,-452.0464737446977,1
1,0,1,1,1,0,0,0,0,0,0,1,1,1,0,1,0,0,0,0,0,1,0,0,0,0,0,1,0,1,1,0,1,0,0,1,1,0,1,1,1,0,1,1,1,0,0,0,0,0,0,1,1,1,0,1,1,0,0,0,1,1,1,1,0.015625,-452.04612493448377,1
1,1,0,0,1,0,1,1,1,1,1,0,0,0,1,0,0,1,0,0,0,1,0,0,1,0,1,1,1,0,0,1,0,1,0,1,1,1,0,0,0,0,1,1,0,1,0,1,1,1,1,1,0,1,0,1,1,1,1,0,0,1,0,0,0.015625,-452.0452065171911,1
0,1,0,1,0,1,0,1,0,1,1,0,1,0,0,1,0,1,0,0,1,0,0,0,1,0,0,0,0,0,1,0,1,0,1,1,1,1,0,0,1,0,1,1,1,1,1,0,0,1,1,1,1,1,1,1,0,0,0,0,0,0,0,0,0.0,-452.043816644928,1
1,1,1,1,1,0,1,0,0,0,0,0,0,0,1,1,0,1,0,0,1,0,1,1,1,0,0,1,0,1,0,1,1,0,1,1,0,1,1,0,1,0,1,0,1,1,0,1,1,1,0,0,0,0,0,1,1,1,1,0,1,0,0,1,0.0,-452.043554276339,1
1,1,1,0,1,0,0,1,0,0,0,0,0,0,1,1,0,1,0,1,1,1,0,0,0,0,1,1,0,0,0,1,0,0,1,0,0,1,0,0,1,0,1,1,1,1,0,1,1,1,0,0,1,1,0,1,1,1,0,0,0,0,0,1,0.0,-452.0426586358676,1
1,1,1,0,1,0,1,1,1,1,0,1,0,1,0,0,0,0,1,0,0,0,1,0,1,1,0,1,1,0,1,0,1,0,1,1,1,0,1,0,1,0,0,1,1,0,1,0,1,1,0,0,0,1,0,0,1,0,0,0,1,1,1,1,0.0,-452.04079529545345,1
0,0,1,1,1,0,1,0,0,0,0,1,0,1,1,0,0,1,0,0,1,0,0,1,0,1,0,1,1,0,1,1,0,1,1,1,1,1,0,0,0,0,1,0,1,1,0,1,1,1,1,1,0,0,1,0,1,1,1,0,1,1,0,0,0.0,-452.0405596920006,1
0,0,0,1,0,1,1,1,0,1,0,0,0,0,0,0,1,0,1,1,1,1,0,0,1,0,1,0,0,1,1,1,1,1,0,0,1,0,1,0,0,1,1,1,1,1,0,1,0,1,0,1,0,1,0,1,1,1,1,0,1,1,0,0,0.0,-452.0370729706189,1
1,0,0,1,0,1,0,1,0,0,1,1,0,0,0,0,1,0,1,0,0,1,0,0,0,0,0,1,0,0,1,1,1,1,0,0,1,1,0,1,0,0,1,1,1,1,0,0,1,0,0,0,1,1,1,1,1,1,0,0,0,1,1,0,0.0,-452.0368975938382,1
1,1,1,1,1,0,0,1,1,1,1,0,1,0,0,0,1,0,0,1,1,1,0,0,1,0,0,1,0,0,0,1,0,0,0,1,1,0,0,0,1,0,1,1,0,0,0,1,0,1,1,1,1,0,1,1,1,0,1,0,1,1,1,0,0.0,-452.03535290392335,1
0,1,1,1,1,1,0,1,0,0,1,0,1,0,0,1,0,0,0,0,0,1,1,0,0,0,0,1,1,1,0,0,0,0,0,0,0,1,1,0,1,1,1,1,0,1,0,0,1,1,0,1,1,0,0,1,0,1,0,0,0,1,1,1,0.0,-452.0349040517778,1
0,1,1,0,0,0,0,1,0,1,1,1,1,0,1,0,1,1,0,0,1,0,0,0,0,0,0,1,0,0,0,1,0,0,0,1,0,1,0,0,1,0,1,1,1,1,0,0,1,1,1,0,1,1,0,1,1,0,1,0,0,1,1,0,0.0,-452.0347953103124,1
0,1,0,1,1,1,1,1,1,0,1,0,1,1,0,0,0,0,0,0,1,0,1,0,1,0,0,0,1,0,1,0,0,1,0,0,1,1,1,0,1,0,1,1,1,1,0,0,1,1,0,0,0,1,0,0,1,1,0,0,0,0,1,0,0.0,-452.0323081571725,1
1,1,0,1,1,0,0,1,1,1,0,0,0,0,1,1,1,1,1,0,1,0,1,0,0,0,0,0,0,1,1,0,0,1,0,1,1,1,0,0,0,1,1,1,0,1,1,1,0,0,1,1,0,1,0,0,0,1,0,0,0,0,0,0,0.0,-452.0318243753938,1
1,0,1,1,1,1,0,0,1,1,0,0,0,0,0,0,0,1,0,1,0,1,0,0,1,0,0,1,0,0,1,1,1,0,1,0,1,0,1,0,0,0,1,0,1,0,0,0,0,1,1,1,0,1,0,1,0,1,1,1,0,1,1,0,0.015625,-452.03084612271834,1
1,1,1,1,0,0,0,0,1,0,1,1,0,0,1,0,0,1,1,1,0,0,1,0,0,1,0,1,1,0,1,1,1,0,1,1,1,0,0,0,0,0,1,0,1,1,0,1,0,1,0,1,1,1,0,1,1,1,0,0,0,1,1,0,0.0,-452.02768671876544,1
1,1,1,0,0,1,0,0,1,1,1,0,0,1,1,1,1,1,0,0,1,1,1,0,0,1,0,1,0,0,1,1,0,0,0,0,0,0,0,0,1,1,1,0,0,1,1,0,0,1,0,1,1,1,1,0,1,0,0,1,1,0,1,1,0.015625,-452.02729378041994,1
1,1,0,0,0,0,1,1,0,0,0,1,0,0,0,0,0,1,0,1,1,0,1,0,1,0,0,1,0,0,1,0,1,1,0,1,1,0,1,0,0,0,1,1,1,1,1,0,0,1,0,0,1,0,0,1,1,1,1,0,0,1,1,0,0.0,-452.025177049758,1
0,1,0,0,1,1,1,1,0,1,0,0,1,1,0,1,0,0,0,0,1,0,0,0,0,0,0,1,0,1,0,1,0,0,0,0,1,1,0,0,1,1,1,1,0,0,1,0,0,1,0,1,1,1,0,1,1,1,1,1,0,0,1,0,0.0,-452.0242408539749,1
1,1,0,1,1,0,0,1,0,0,0,0,1,0,0,1,0,0,0,1,1,1,0,0,0,0,0,1,0,0,1,0,1,1,0,1,1,1,1,0,1,0,1,1,1,1,0,0,0,1,1,0,0,0,1,0,1,0,0,0,1,1,1,0,0.0,-452.02225266667006,1
1,1,1,1,0,1,0,1,1,0,1,0,0,1,0,0,1,1,0,0,1,1,1,0,1,0,0,1,0,1,0,1,0,0,0,1,0,1,1,0,0,0,1,1,1,1,0,1,1,1,0,0,0,1,0,1,1,1,0,0,0,1,0,1,0.0,-452.0220497435788,1
1,1,0,0,1,1,0,1,0,0,0,0,1,0,1,0,0,1,0,0,0,0,1,0,0,1,0,1,1,0,1,1,1,1,0,1,1,1,1,0,0,0,1,0,1,1,0,1,0,1,0,1,0,1,1,1,0,1,1,0,1,1,1,0,0.0,-452.0166985708071,1
1,1,1,1,0,0,0,1,1,0,1,0,1,1,1,1,1,0,0,1,0,1,0,0,0,0,1,0,0,0,0,1,0,0,1,1,1,1,0,0,1,0,0,0,1,1,1,0,0,1,0,1,1,1,1,1,1,0,0,1,0,0,1,1,0.015625,-452.0153512661647,1
0,1,1,0,0,1,1,1,1,0,0,0,1,1,1,0,1,0,1,0,0,1,0,0,1,0,1,1,0,0,0,1,0,1,0,0,1,1,0,0,1,0,1,1,1,1,1,0,0,1,0,0,0,1,1,0,0,1,0,0,0,0,1,0,0.0,-452.01384575696056,1
0,1,1,1,1,0,0,0,1,0,1,1,0,1,1,1,1,0,0,0,1,1,0,0,0,0,0,1,1,0,1,1,1,1,0,1,1,1,0,0,1,0,1,0,1,0,1,0,1,0,0,1,1,0,1,1,1,0,1,0,0,0,1,0,0.0,-452.0111972759227,1
0,1,0,0,0,1,0,1,0,1,0,0,0,1,1,0,1,0,1,0,1,0,1,1,0,1,1,1,0,0,1,0,1,0,1,1,1,0,0,0,0,0,1,1,1,1,1,0,0,0,0,0,1,0,1,1,0,1,0,0,1,1,0,0,0.0,-452.0092273407848,1
1,1,0,1,0,1,1,1,0,0,0,0,1,1,0,1,1,0,0,0,1,1,0,0,0,0,1,1,0,0,1,0,1,0,0,0,0,1,0,0,1,1,1,1,1,0,1,0,1,1,0,1,1,1,0,0,1,0,1,0,1,1,1,1,0.0,-452.0086757878384,1
0,1,1,1,0,1,0,1,0,0,1,0,1,0,1,0,1,0,0,0,0,0,0,0,0,0,0,1,0,0,1,0,1,0,0,1,1,1,1,1,1,1,1,1,1,1,1,0,0,0,0,0,0,1,0,0,0,1,1,0,1,1,1,0,0.0,-452.00813827293706,1
0,0,0,1,0,0,0,1,1,1,0,1,0,1,0,1,1,0,1,0,1,1,1,0,0,0,0,1,0,0,1,1,0,1,0,0,1,1,0,0,0,0,0,1,0,1,0,1,0,0,0,1,1,1,1,1,0,1,0,0,1,1,1,0,0.015625,-452.0078964733728,1
0,0,1,0,0,0,0,1,1,0,1,0,1,1,1,1,0,0,0,1,1,0,0,0,1,0,0,0,0,0,1,1,0,0,1,0,1,1,0,0,1,1,1,1,0,1,0,0,0,1,1,1,0,0,0,1,1,0,1,0,1,1,1,0,0.015625,-452.0057210729341,1
1,0,0,0,0,0,1,1,1,1,1,1,1,0,1,1,0,0,0,0,1,0,0,0,1,0,1,1,1,0,0,1,1,0,1,0,1,1,0,0,1,0,1,1,1,1,0,1,0,1,0,1,1,1,1,1,1,0,0,0,0,1,0,0,0.0,-452.0025386170502,1
0,1,1,1,0,0,0,1,1,0,0,0,1,1,0,1,0,0,1,0,1,0,0,0,1,0,0,1,0,0,0,0,1,0,0,1,0,1,0,0,1,1,1,1,0,1,1,0,0,1,1,0,1,0,1,1,0,1,1,0,0,1,0,1,0.0,-451.99931646652306,1
1,0,1,1,0,0,0,1,1,0,1,0,1,1,1,0,0,0,0,0,1,1,0,0,1,1,0,1,0,0,0,1,1,0,1,0,1,1,0,0,0,0,1,1,1,1,0,1,0,0,1,1,1,0,1,0,0,1,0,0,0,1,0,0,0.0,-451.99853655630267,1
1,1,0,0,1,0,1,1,1,1,0,0,0,1,1,1,1,0,0,1,1,1,0,0,0,0,0,1,0,0,1,1,1,0,0,1,0,1,0,0,0,0,1,1,0,1,0,1,0,0,1,0,0,1,0,1,1,0,0,0,0,1,1,0,0.0,-451.99766915349386,1
0,1,0,1,1,0,1,1,0,0,1,0,0,0,1,1,1,1,1,1,1,0,0,0,0,1,1,1,1,0,0,1,1,0,0,1,1,0,0,0,0,1,1,1,1,1,0,1,1,1,0,0,1,0,0,0,1,0,1,0,0,1,1,0,0.0,-451.9954843978423,1
1,0,1,1,0,0,1,1,1,0,0,1,1,1,0,0,0,0,1,1,0,1,0,0,0,1,1,1,0,0,1,0,1,0,0,0,1,1,0,0,0,1,1,1,1,0,1,1,0,1,0,1,1,0,1,1,1,0,0,0,1,1,1,0,0.0,-451.99402571487883,1
1,0,0,0,0,0,0,0,1,1,1,0,0,1,1,0,0,0,0,1,1,1,0,1,0,1,0,1,1,0,0,1,0,0,1,0,1,1,0,1,0,0,0,0,1,1,0,0,0,1,1,1,0,1,0,0,1,1,1,1,0,1,1,0,0.0,-451.9934711423639,1
0,0,1,0,0,1,1,1,1,0,1,0,0,1,1,1,1,0,1,0,1,0,1,0,0,0,1,1,0,0,0,1,0,0,0,1,1,1,1,0,1,0,1,0,1,0,1,0,0,1,0,0,1,0,1,0,1,1,0,1,0,0,0,0,0.0,-451.9915800337832,1
0,1,1,0,1,0,1,1,1,0,1,1,0,1,0,0,1,0,0,1,1,0,1,0,0,0,0,1,0,0,0,0,0,0,0,0,0,1,1,0,1,0,1,1,1,1,1,0,0,1,1,0,0,0,0,1,1,0,1,0,1,1,1,0,0.0,-451.991516153142,1
1,1,1,0,1,0,0,1,0,0,0,0,0,0,0,1,1,1,0,1,0,0,0,0,0,0,0,1,0,0,1,1,1,1,0,1,1,1,0,0,1,1,1,1,1,1,0,1,0,1,0,0,1,0,0,1,1,0,1,1,1,1,1,1,0.0,-451.99045843234774,1
1,1,1,0,1,0,0,1,1,0,1,0,0,0,0,0,1,0,0,1,1,1,1,1,1,1,0,1,0,0,1,0,1,0,1,1,1,1,0,0,1,1,1,0,1,1,0,0,0,1,0,1,1,0,0,1,0,1,0,0,0,1,1,0,0.015625,-451.98870274111783,1
1,1,1,0,0,1,1,1,1,1,1,0,1,1,1,1,0,0,0,1,0,0,0,0,1,1,0,1,0,0,1,0,1,0,0,0,1,1,0,0,1,0,1,1,0,1,0,1,0,0,0,0,1,0,0,0,1,1,0,0,1,0,0,0,0.0,-451.9871776855621,1
1,1,0,1,1,1,1,1,0,1,1,0,1,0,1,0,0,0,0,0,1,0,0,0,0,0,1,0,1,0,1,0,1,1,0,1,0,1,1,0,1,1,0,1,1,1,0,1,0,1,0,0,0,1,1,0,1,1,0,0,1,0,1,1,0.015625,-451.9831804909634,1
1,0,1,0,1,1,0,1,0,1,0,0,0,1,0,0,1,0,0,1,1,1,0,1,0,1,0,1,0,0,1,1,0,0,0,1,1,0,1,0,1,1,1,1,1,1,1,1,0,0,0,0,1,1,0,1,1,0,0,1,0,1,0,1,0.0,-451.98130810514033,1
0,1,1,0,1,1,1,1,1,0,0,0,1,0,1,1,0,1,0,1,1,1,0,0,0,0,0,1,0,0,0,1,0,0,0,0,1,1,0,0,0,0,1,0,1,0,0,1,0,1,1,0,1,1,0,1,1,0,1,0,0,1,1,0,0.0,-451.98102607887824,1
1,0,1,1,1,0,0,1,1,1,1,0,0,0,0,0,0,1,0,0,0,0,1,1,0,0,0,1,0,0,0,1,1,0,1,1,1,0,1,1,0,0,1,1,1,1,0,0,0,1,1,1,0,1,1,1,0,1,0,0,0,0,0,0,0.0,-451.9787212108376,1
0,1,1,0,0,0,0,1,1,1,1,0,0,1,1,0,0,1,0,0,1,1,1,0,0,0,0,1,1,0,0,1,1,0,0,0,0,1,0,0,1,0,0,1,1,0,1,1,1,1,1,0,0,0,1,1,0,0,1,0,1,0,1,0,0.0,-451.97776456345906,1
1,0,1,0,0,1,0,1,1,0,1,0,1,1,1,1,1,1,0,0,0,1,0,0,0,0,1,1,0,0,0,1,1,0,0,1,1,1,1,0,0,0,1,0,1,1,0,0,1,0,0,1,1,1,1,1,1,1,0,0,1,0,1,0,0.015625,-451.9766083457901,1
0,1,0,0,1,0,0,0,1,0,1,0,0,1,1,1,1,1,0,1,0,0,1,0,0,0,0,0,0,0,1,0,0,0,0,0,1,1,1,0,1,0,1,1,1,1,0,1,1,1,0,1,1,1,0,1,1,1,1,0,0,0,0,0,0.015625,-451.9759618967209,1
1,1,1,1,1,1,0,1,0,0,0,0,0,0,1,0,0,0,1,0,0,0,0,0,0,0,0,1,0,1,1,1,1,0,0,0,1,1,1,1,0,0,1,1,1,0,1,1,0,0,0,0,1,1,1,1,1,1,0,0,0,0,1,0,0.0,-451.9702834771481,1
1,1,1,1,1,0,1,1,0,1,1,1,1,1,1,1,0,0,0,0,0,1,0,0,0,1,1,1,0,0,0,0,1,0,1,0,1,0,1,0,0,0,1,0,1,1,1,0,0,1,0,0,1,0,1,1,1,0,1,0,1,0,1,0,0.0,-451.968585094679,1
0,0,1,1,0,0,0,1,1,0,1,0,0,0,1,1,1,1,1,0,0,0,1,0,1,0,1,1,0,1,1,1,0,0,0,0,1,1,0,0,1,0,1,0,1,1,1,1,1,1,0,1,0,0,0,1,1,1,0,0,1,1,1,0,0.0,-451.96664069166303,1
1,0,1,0,0,1,0,1,1,1,0,1,1,0,1,0,1,1,0,0,1,1,1,0,1,1,0,1,0,1,1,1,0,1,0,0,1,1,0,0,0,0,1,0,1,1,0,1,0,1,0,0,0,0,1,1,1,1,0,0,0,0,1,1,0.015625,-451.9649424314253,1
0,0,1,0,0,1,1,0,0,0,1,0,0,1,1,0,0,0,0,1,1,1,1,0,1,0,0,1,0,0,1,1,1,1,0,0,0,1,1,0,1,1,1,0,1,0,0,1,0,1,0,0,1,1,0,0,1,0,1,0,1,1,0,0,0.03125,-451.9639837777646,1
0,1,1,0,0,0,0,1,0,0,0,1,1,0,0,1,1,1,1,0,0,1,1,0,1,1,1,1,0,0,1,1,1,0,0,1,1,0,1,0,0,1,0,0,0,0,0,0,1,1,1,1,1,1,1,1,1,0,1,0,1,0,1,0,0.0,-451.96126897516325,1
1,0,1,0,1,0,0,1,1,0,1,0,1,1,1,0,0,0,0,1,1,1,0,0,1,0,0,0,0,1,0,1,1,0,0,1,0,1,1,0,1,0,0,1,0,0,1,1,0,1,1,0,1,1,1,1,1,0,1,0,0,1,1,1,0.0,-451.9575076374965,1
1,1,0,0,1,0,1,1,1,0,1,1,1,0,0,1,1,0,0,1,0,0,1,0,0,0,0,1,1,0,0,1,1,0,1,0,1,1,0,1,1,0,1,1,0,1,1,0,0,1,0,1,1,0,1,1,1,1,1,0,0,0,0,0,0.0,-451.9536125497205,1
0,1,0,0,1,0,0,1,1,0,1,0,0,1,1,1,0,0,1,0,0,0,0,1,1,0,0,1,0,1,0,1,1,0,1,0,1,1,1,0,0,0,1,0,1,0,1,1,0,1,1,1,0,0,0,1,0,1,0,0,0,0,1,1,0.0,-451.9532920170398,1
1,0,1,1,1,1,0,1,0,0,1,0,0,1,1,0,1,0,0,1,0,0,1,0,0,0,0,0,0,0,1,1,0,0,0,1,1,1,1,1,1,1,1,1,1,1,1,1,0,1,0,0,0,0,0,1,0,0,0,0,0,0,1,0,0.0,-451.9529487622824,1
1,1,1,1,0,1,0,0,0,0,1,0,0,1,1,0,0,1,1,1,1,1,0,0,0,0,1,1,1,0,1,1,1,1,0,0,0,1,1,0,1,0,1,1,1,1,0,1,0,1,0,0,0,0,1,0,1,0,0,0,1,0,1,1,0.015625,-451.95257771644793,1
1,1,0,0,1,0,0,1,1,1,0,0,0,1,0,0,1,0,0,0,0,1,1,0,0,0,1,0,1,0,1,0,1,0,0,0,1,1,1,1,1,1,1,1,1,1,0,0,0,0,1,0,1,0,0,0,1,1,0,0,1,1,0,0,0.0,-451.95169915435355,1
0,0,1,0,0,1,0,1,0,0,1,0,1,1,1,1,1,0,1,1,1,1,1,0,1,0,1,1,0,0,0,1,1,1,0,0,1,1,0,0,0,0,1,1,1,1,0,0,1,0,0,1,1,1,0,1,1,0,1,1,0,0,0,0,0.0,-451.9513243418536,1
1,0,0,0,1,1,1,0,0,1,0,0,1,1,1,0,0,1,0,0,0,0,0,0,0,0,0,1,1,1,1,0,0,0,1,1,1,1,1,1,1,0,1,1,0,1,1,1,0,1,0,1,1,1,0,1,1,0,0,0,1,1,1,0,0.015625,-451.9510354538007,1
1,1,0,1,0,0,0,1,0,1,0,1,0,1,0,0,0,0,1,1,1,1,0,1,0,0,0,1,0,0,1,0,1,0,1,1,1,1,1,0,1,1,1,0,0,1,1,1,0,0,1,0,1,1,1,0,1,1,0,0,1,0,0,1,0.0,-451.9476057022679,1
0,0,0,0,1,1,0,0,0,0,1,1,1,0,1,0,0,1,0,1,0,1,0,0,1,0,0,1,0,0,1,1,1,1,1,0,1,1,0,1,1,1,1,0,1,1,0,1,0,0,1,1,0,1,1,1,1,0,0,0,1,1,1,0,0.015625,-451.9454818449197,1
0,1,1,1,1,0,0,0,1,1,0,0,1,1,0,1,0,0,1,0,0,1,0,0,0,0,1,1,1,1,1,1,1,1,0,1,1,0,1,0,1,1,0,1,1,1,1,0,0,1,0,0,1,1,1,0,0,0,0,0,1,0,0,1,0.0,-451.9397020615713,1
1,0,1,1,0,0,0,1,1,1,1,0,0,0,0,0,1,1,1,1,0,0,1,0,1,0,1,1,0,1,1,0,1,0,1,0,0,1,0,1,1,0,1,0,0,0,0,0,0,1,0,0,1,0,1,1,1,1,1,1,1,1,1,0,0.0,-451.938745473382,1
1,1,1,1,0,0,0,1,1,0,1,0,0,0,1,1,1,0,1,0,0,0,0,0,0,0,0,1,1,0,1,1,0,1,1,1,1,1,0,0,1,0,1,1,1,1,1,0,1,1,0,0,1,1,1,1,0,0,0,0,0,1,1,0,0.0,-451.9386301963724,1
1,0,0,1,1,0,0,1,0,0,0,0,1,1,1,1,0,1,0,1,0,1,0,1,1,0,1,1,1,0,1,1,0,0,0,0,1,1,0,1,0,0,1,1,1,1,0,1,0,0,0,1,1,0,0,1,1,0,0,1,1,1,1,0,0.0,-451.93721809708677,1
1,1,1,1,0,1,0,1,0,0,0,0,0,1,1,0,1,1,1,0,1,1,1,0,0,1,0,1,0,1,0,1,0,1,0,1,1,1,1,0,1,0,1,1,0,0,1,1,0,1,0,0,1,0,1,1,1,0,0,0,0,0,1,0,0.0,-451.9369472771459,1
1,0,1,0,0,1,0,1,0,0,0,0,1,1,1,0,0,1,1,0,0,1,0,1,1,0,1,1,0,0,0,1,0,0,1,0,1,1,1,1,0,0,1,1,1,0,1,1,0,1,0,1,1,1,0,1,0,1,1,0,0,1,0,1,0.0,-451.9366815554438,1
1,0,1,1,1,1,0,0,0,0,1,0,1,1,0,0,1,0,1,1,1,0,0,0,1,0,0,0,1,0,1,0,0,1,0,0,0,1,0,0,1,1,1,1,1,1,0,1,0,1,1,0,0,0,0,1,1,1,0,0,0,1,0,0,0.0,-451.9362134189464,1
1,0,1,1,0,1,0,1,1,0,0,0,0,0,0,0,1,1,0,0,1,0,1,0,0,0,1,1,0,1,1,1,1,0,1,0,1,1,0,1,1,0,0,1,1,0,0,1,0,1,0,0,1,1,0,1,0,1,0,0,0,1,0,0,0.0,-451.9341429353472,1
0,1,1,0,0,1,0,1,0,0,1,0,0,1,0,0,1,1,0,0,0,1,0,0,1,0,1,1,1,1,1,1,1,1,1,0,1,1,0,0,1,0,1,1,1,1,0,1,0,0,0,0,1,0,1,1,1,1,0,1,0,0,0,1,0.015625,-451.93123807766295,1
0,1,1,1,0,1,0,1,0,1,0,0,1,1,1,0,1,1,0,1,1,0,0,0,1,0,1,1,0,0,1,0,1,0,0,1,1,1,0,0,0,0,1,1,1,0,0,1,1,1,0,1,1,1,0,1,1,1,0,1,0,0,0,0,0.0,-451.92905151307247,1
0,0,0,1,0,1,1,1,1,0,1,0,1,1,1,0,1,1,1,1,1,0,0,0,1,0,0,1,0,0,1,1,0,1,0,1,0,1,0,0,1,1,1,0,0,1,1,0,0,1,0,0,0,1,1,1,1,1,0,0,1,0,1,0,0.0,-451.92525659765147,1
0,1,1,0,1,0,1,1,1,0,0,1,0,1,1,0,0,0,1,1,0,1,0,0,0,0,1,1,0,1,1,0,0,0,0,1,0,1,0,0,1,1,1,1,1,1,0,1,0,1,0,1,1,1,0,0,1,0,1,1,0,1,1,0,0.0,-451.9248211390771,1
1,0,1,1,0,0,0,1,0,0,1,1,1,0,1,1,0,1,0,0,1,1,1,0,1,0,0,1,1,1,0,0,1,1,0,0,1,1,0,1,0,0,1,1,1,1,1,0,0,1,0,1,1,0,1,0,1,0,0,0,0,1,0,1,0.015625,-451.9193826089218,1
0,0,1,0,1,1,0,1,1,0,1,0,1,0,0,1,0,1,1,1,0,1,0,0,0,0,0,1,1,1,1,0,0,0,0,1,1,1,0,1,1,0,1,0,1,1,0,1,0,1,0,0,1,0,0,0,1,1,1,1,1,1,1,0,0.03125,-451.9125972518012,1
0,1,0,1,1,0,0,0,0,1,1,0,1,0,0,0,1,0,0,1,0,0,0,0,1,0,0,1,0,0,1,1,0,1,1,0,1,1,1,1,1,0,1,1,1,0,0,0,0,1,1,0,0,0,0,1,1,1,0,1,1,0,1,0,0.0,-451.9115537409508,1
0,0,1,0,1,1,1,1,0,0,0,1,0,1,1,1,1,1,1,1,0,0,0,0,0,0,0,1,0,1,0,1,1,0,0,0,0,1,0,0,1,0,1,1,1,1,0,1,1,1,1,1,0,1,1,1,1,0,0,0,1,1,0,0,0.015625,-451.90787278508895,1
0,0,1,0,1,1,1,0,1,1,0,0,1,1,1,0,1,0,1,0,0,0,0,0,0,0,0,1,0,1,1,1,0,1,0,0,1,0,1,0,1,0,1,1,0,1,1,1,1,1,0,0,1,0,1,1,1,1,0,0,1,1,1,0,0.015625,-451.90357143785957,1
1,1,1,0,1,1,1,1,0,0,0,0,0,1,0,1,0,0,0,1,1,0,0,0,1,0,0,1,0,1,1,1,1,0,1,0,1,0,0,0,1,1,0,1,1,1,0,1,1,1,0,1,0,0,1,0,1,1,1,1,0,1,0,0,0.0,-451.8967674803756,1
0,1,1,0,1,0,0,0,1,0,1,0,0,0,1,1,1,1,0,1,1,1,1,0,0,0,0,1,1,0,0,1,1,0,0,1,1,1,1,0,0,0,0,1,1,0,0,0,1,1,0,0,1,1,1,1,1,1,1,0,0,1,1,0,0.0,-451.883520223411,1
1,0,1,1,0,0,1,1,0,0,0,1,1,0,1,1,1,1,0,0,0,0,1,0,1,0,0,1,0,0,1,1,0,0,0,0,1,1,1,0,0,1,1,0,0,1,1,1,0,1,1,0,0,1,0,1,1,1,1,0,1,1,1,0,0.0,-451.8701860545237,1
0,1,0,1,0,0,0,0,0,1,1,0,0,1,1,1,1,1,1,0,1,1,0,0,1,1,0,1,0,0,1,1,1,0,1,1,1,0,1,1,0,0,1,1,0,0,0,0,0,1,1,1,0,0,0,1,1,1,0,0,1,0,1,1,0.0,-451.8549744090131,1
1,1,1,1,0,0,1,1,1,1,1,0,0,1,1,0,0,0,0,0,1,1,0,0,1,0,0,1,0,0,1,0,1,0,0,1,1,1,0,0,0,1,0,1,1,1,0,1,0,1,1,1,0,0,0,1,0,1,1,0,1,1,1,0,0.015625,-451.8303024237701,1
1,1,1,0,0,0,1,1,0,1,1,0,0,0,1,1,0,0,0,1,1,1,1,0,0,0,0,0,1,0,1,1,1,1,0,0,1,1,1,0,0,1,1,1,1,1,0,0,0,0,0,0,1,1,1,1,1,1,0,0,0,1,1,0,0.015625,-451.8232812286799,1
0,0,0,1,0,0,0,1,0,0,0,0,0,0,1,1,1,1,0,1,1,1,0,0,0,1,1,1,1,1,0,1,1,0,0,0,0,1,1,0,1,1,0,1,1,1,1,0,0,1,1,0,1,1,0,1,1,0,1,0,1,1,1,0,0.0,-451.8191733490691,1
1,1,1,1,0,1,1,0,1,1,1,0,1,0,1,1,1,1,0,1,1,1,1,0,0,1,0,1,0,1,1,0,0,0,0,0,0,1,0,0,0,0,0,0,1,1,0,0,1,0,1,1,0,0,1,1,0,1,1,1,0,1,0,0,0.0,-451.81207443968884,1
0,1,1,1,1,0,0,0,1,1,1,0,1,1,1,1,0,0,0,0,1,1,1,0,1,0,0,1,0,0,1,1,1,1,0,0,0,1,0,1,1,0,1,1,0,1,0,1,0,1,1,0,1,1,0,0,1,1,0,0,0,0,1,0,0.0,-451.80947419424785,1
1,0,0,1,1,0,1,1,0,1,0,0,1,0,0,0,0,0,0,0,1,1,0,1,1,0,0,1,1,1,1,1,0,0,0,1,1,1,0,1,1,1,0,0,1,1,1,0,0,1,1,0,1,0,0,1,0,1,1,0,1,1,1,0,0.0,-451.80822922587816,1
1,1,1,1,0,0,0,0,0,0,0,0,1,1,1,1,1,1,0,1,1,1,1,0,0,0,1,1,0,0,1,1,1,1,0,1,1,1,1,0,0,1,0,1,1,1,0,0,0,1,0,0,1,1,0,0,1,0,1,0,0,0,1,0,0.015625,-451.8040360599291,1
1,1,1,1,1,0,0,1,1,0,0,0,0,1,1,1,0,0,0,0,1,1,1,0,0,0,0,1,0,1,1,1,0,0,0,0,1,1,1,0,0,0,0,0,1,1,1,0,1,1,0,1,1,1,1,1,0,1,1,0,0,1,1,0,0.015625,-451.7855020893079,1
1,0,1,1,1,1,1,1,0,0,0,0,0,0,0,1,1,0,0,0,0,1,0,0,0,0,0,0,1,1,0,1,0,1,1,0,1,1,1,0,0,0,1,0,0,1,1,0,0,1,0,1,0,1,0,1,1,0,0,0,0,1,1,1,0.0,-450.0307340519398,1
1,1,0,1,0,1,0,1,0,1,1,1,0,0,0,0,0,0,1,0,0,1,0,0,1,0,1,0,0,0,1,1,1,0,0,1,1,1,1,0,1,0,0,1,0,1,0,1,0,1,0,0,1,1,0,0,0,0,1,0,1,1,0,0,0.015625,-450.0220837015838,1
1,0,1,1,0,0,0,0,0,0,0,1,0,0,0,1,0,0,0,0,1,1,1,0,0,0,0,0,0,1,1,1,1,1,1,1,0,1,0,1,0,0,1,0,0,1,1,0,0,1,0,1,0,1,0,1,1,1,0,1,0,1,0,1,0.0,-450.011862581213,1
1,0,1,1,1,0,0,1,0,0,1,0,0,0,0,0,0,1,0,0,1,1,0,0,0,0,1,0,0,0,0,0,1,0,0,1,0,1,1,0,0,0,1,1,1,1,1,1,1,1,0,0,0,1,1,1,1,1,1,0,0,0,1,0,0.0,-450.0061975278715,1
1,0,1,0,0,0,0,1,1,1,0,1,1,0,0,0,1,0,0,0,0,1,0,0,1,1,0,1,0,0,0,0,1,0,0,1,1,0,1,0,0,1,1,1,0,0,0,0,1,1,0,1,0,1,0,0,1,1,1,0,1,0,1,1,0.0,-450.0001060041975,1
1,1,0,0,1,1,0,1,0,0,1,0,0,0,1,0,0,1,0,0,1,1,0,0,1,1,1,1,0,0,0,1,1,1,1,1,0,0,0,0,0,0,1,1,1,1,1,0,0,1,0,0,0,0,0,1,1,0,0,0,1,0,0,1,0.015625,-449.9910835590113,1
1,0,1,1,0,0,1,1,1,0,0,0,1,0,0,0,1,0,0,0,1,1,0,0,1,1,0,1,1,1,0,1,0,0,1,1,1,0,0,0,1,0,0,0,1,1,0,0,1,1,0,1,0,0,0,0,0,1,1,0,0,1,0,1,0.0,-449.9846315465737,1
1,0,0,0,0,1,0,1,1,0,1,0,0,0,0,0,0,0,1,0,1,1,0,0,0,0,0,1,0,0,0,1,0,1,1,1,1,1,1,0,1,0,1,1,1,0,0,1,1,0,0,1,1,1,0,0,0,0,1,0,1,1,1,0,0.015625,-449.9833070171575,1
1,0,1,1,0,1,1,1,1,0,1,1,0,0,0,0,1,1,0,0,1,0,0,0,1,0,0,1,0,0,1,1,1,0,0,0,0,1,1,0,0,0,1,1,0,1,0,1,0,1,0,1,0,1,0,1,0,1,0,0,1,0,0,0,0.0,-449.981771207504,1
1,1,0,1,1,0,0,1,1,0,0,0,0,0,0,1,0,0,1,1,1,1,1,0,0,0,0,1,0,0,1,1,0,0,0,1,1,1,0,0,1,0,1,0,0,1,1,1,0,0,0,1,1,1,0,0,1,0,0,0,0,0,1,1,0.0,-449.97689167685394,1
0,1,1,1,0,0,1,0,1,0,0,0,0,1,0,1,1,0,0,0,1,0,0,0,1,1,0,0,0,1,1,1,0,0,0,0,1,1,1,0,0,0,1,0,1,1,0,0,0,1,0,0,1,1,1,1,1,0,0,0,1,1,0,1,0.0,-449.9730771963099,1
1,0,1,1,1,0,0,0,1,0,1,0,0,0,1,1,0,1,0,1,0,1,0,0,0,0,0,0,1,0,0,1,0,1,0,1,0,1,0,0,1,0,1,1,1,1,1,0,0,1,0,0,1,1,0,0,1,0,1,0,1,1,0,0,0.0,-449.97303533762044,1
1,0,0,1,0,1,0,1,1,0,0,0,1,0,1,1,1,1,0,0,1,0,0,0,1,0,0,0,1,0,1,0,1,0,0,1,0,1,1,0,0,0,1,1,1,1,0,0,0,0,0,1,0,0,0,1,1,0,1,0,1,1,1,0,0.0,-449.9715984892758,1
1,0,0,0,0,1,0,1,0,0,0,0,1,0,0,0,0,0,1,0,1,0,0,0,1,0,0,0,0,1,0,1,1,0,1,1,1,1,1,0,0,0,1,1,1,1,1,1,0,1,0,0,1,1,0,0,1,1,1,0,0,1,1,0,0.0,-449.967620746819,1
1,1,1,0,0,1,0,1,1,0,0,1,0,0,1,1,1,1,0,0,0,0,0,1,0,0,1,1,0,0,0,1,1,0,0,0,0,1,0,1,0,0,1,1,1,1,0,1,0,1,0,1,0,1,0,1,1,0,0,0,0,1,0,0,0.0,-449.9667219421528,1
1,1,0,0,1,0,1,0,0,0,1,1,1,0,0,1,0,1,0,0,1,1,0,0,1,1,0,1,0,0,0,0,0,0,1,1,1,1,1,0,1,0,0,1,0,0,1,0,1,1,0,0,0,1,1,1,0,0,1,1,0,0,0,0,0.015625,-449.96640622203984,1
1,0,1,0,1,1,1,1,0,0,1,0,0,0,0,1,0,0,0,1,1,1,0,0,1,0,1,1,0,0,1,1,0,0,0,1,1,1,0,0,1,0,0,0,0,1,0,0,1,0,0,0,1,1,0,1,0,0,0,1,1,1,0,1,0.0,-449.96500950421773,1
0,0,1,0,1,0,0,1,1,0,1,0,1,0,0,1,1,0,0,1,0,1,0,0,1,1,0,1,0,0,0,0,0,1,1,0,1,0,0,0,0,0,1,1,1,1,1,1,1,0,0,1,1,1,1,0,1,0,0,0,0,1,0,0,0.0,-449.9627465358024,1
0,1,1,1,1,1,0,1,0,0,0,0,1,0,1,0,0,1,0,0,1,0,0,0,1,0,1,1,1,0,0,0,0,0,0,1,1,1,0,0,1,0,1,0,0,1,0,0,0,1,0,1,1,1,1,1,0,0,1,0,0,1,1,0,0.0,-449.9616181286228,1
0,0,1,1,0,1,0,1,1,0,1,0,1,0,1,0,1,1,0,0,0,1,0,1,1,1,1,1,0,0,1,1,0,0,0,1,1,0,0,0,0,0,1,1,1,1,1,0,0,0,0,0,0,1,0,1,1,0,0,0,0,1,0,0,0.015625,-449.96146884638875,1
0,1,0,1,0,0,0,1,1,0,1,0,1,0,1,1,1,0,1,0,1,1,0,0,0,0,1,0,0,0,0,0,0,0,0,1,1,1,0,0,1,0,1,1,1,0,0,1,1,1,0,0,0,1,0,1,1,0,1,0,1,1,0,0,0.0,-449.95843203635985,1
1,0,0,1,0,1,0,1,1,0,0,0,0,1,0,0,0,0,0,0,1,0,0,0,1,0,0,0,1,1,1,1,0,0,0,1,1,1,0,1,0,0,1,1,1,1,0,1,0,1,0,1,1,1,0,1,1,0,1,0,0,1,0,0,0.015625,-449.9552253501138,1
0,1,0,1,0,1,0,0,0,0,0,0,0,1,1,1,1,1,1,0,0,0,0,0,1,0,1,1,0,0,0,1,1,1,1,1,1,0,1,0,1,0,0,1,0,1,0,1,1,1,0,0,0,1,0,0,1,0,0,0,1,0,0,1,0.015625,-449.95423434576185,1
1,1,0,1,0,0,0,1,1,0,1,0,0,0,1,1,1,0,0,1,1,1,1,0,0,0,0,1,1,0,0,1,1,1,0,1,1,0,0,0,0,0,1,1,0,1,0,0,0,0,0,1,0,1,0,1,1,0,1,0,0,1,0,0,0.0,-449.95360213029426,1
1,1,0,0,1,1,1,1,0,0,1,0,0,1,0,0,0,1,0,0,1,0,0,0,1,0,1,1,0,0,1,1,1,1,0,1,0,1,1,0,1,0,1,0,1,1,1,1,0,1,0,0,0,0,0,0,0,0,0,0,1,1,0,0,0.0,-449.9534036635724,1
1,1,0,0,1,1,1,1,0,1,0,1,0,0,0,0,0,1,1,0,0,1,1,0,0,1,1,1,1,0,0,1,0,0,0,0,1,1,0,0,0,0,1,0,1,0,0,1,0,1,0,0,1,0,0,1,1,0,0,0,1,1,1,0,0.0,-449.9522867028298,1
1,1,1,1,1,0,0,1,1,0,0,0,0,0,1,1,0,1,0,1,1,1,0,0,0,0,0,0,0,0,0,1,1,1,0,0,1,1,0,1,1,0,1,0,1,1,0,1,0,1,0,0,0,1,0,1,0,0,0,1,1,0,0,0,0.015625,-449.9504379102573,1
0,0,1,1,1,0,0,1,1,0,0,0,0,0,1,1,1,0,0,0,1,1,0,1,1,0,0,1,0,0,0,1,1,1,1,0,0,1,1,0,1,0,1,1,0,1,1,0,0,1,0,0,1,0,0,0,0,1,1,0,0,0,0,1,0.0,-449.947055238964,1
0,1,1,0,0,1,0,1,1,0,1,1,0,0,0,0,0,0,1,1,1,1,0,1,0,0,0,1,0,0,0,1,0,0,0,1,1,0,0,0,1,1,0,1,0,1,0,1,1,0,0,0,1,1,1,1,0,1,0,1,1,0,0,0,0.015625,-449.9469894470995,1
1,1,0,1,0,1,0,1,1,0,0,1,1,0,1,0,0,1,0,0,1,0,0,0,0,0,1,1,1,0,0,0,1,0,0,1,0,1,0,0,1,0,0,0,1,1,1,1,0,1,0,0,1,1,0,1,1,0,0,0,1,1,0,0,0.015625,-449.9463552795458,1
1,1,1,0,0,0,1,0,0,0,0,1,1,1,0,1,1,0,0,0,0,0,1,0,1,0,1,1,1,0,1,1,1,0,1,1,1,1,1,0,1,0,1,1,0,0,1,1,0,0,0,0,0,0,0,0,0,0,1,1,0,0,0,0,0.0,-449.9458000261664,1
0,0,1,0,1,1,1,1,0,1,0,0,0,1,0,0,0,0,0,1,1,0,0,0,1,0,0,1,1,0,0,1,0,1,0,0,1,0,0,0,0,0,1,1,0,1,1,0,1,1,0,1,1,1,0,1,1,0,1,0,0,1,1,0,0.0,-449.9455336190376,1
1,1,1,0,0,0,0,1,0,1,0,0,0,1,0,0,0,1,0,0,1,1,1,0,0,0,1,0,1,0,1,1,1,1,0,1,0,1,0,0,1,0,1,1,1,0,0,1,1,1,0,0,0,0,0,0,1,1,0,1,0,1,0,0,0.0,-449.93663763651875,1
1,1,1,1,0,0,0,1,1,0,0,0,0,0,0,0,0,0,0,1,1,1,0,0,0,0,0,1,0,0,1,1,0,1,0,1,0,1,0,0,0,0,1,1,0,1,1,1,0,0,1,1,1,0,0,1,0,1,1,1,0,1,0,1,0.0,-449.9359945664937,1
0,0,1,0,1,0,1,1,1,0,0,1,0,0,1,1,0,1,0,0,0,0,0,0,1,1,1,1,0,0,1,0,1,0,0,0,1,0,0,0,1,0,1,1,1,0,0,1,0,0,0,1,0,1,1,1,1,0,1,1,0,0,1,0,0.015625,-449.93564237307976,1
0,1,1,0,1,1,0,1,1,0,0,0,0,1,1,1,1,1,0,1,1,1,0,0,0,0,0,1,0,0,0,0,1,0,0,0,1,1,0,0,1,0,1,1,0,1,0,1,0,1,0,1,0,1,0,0,0,0,1,0,1,1,0,0,0.0,-449.9340619279408,1
0,1,0,0,0,1,1,1,0,0,1,0,1,0,1,1,0,1,0,0,1,1,0,0,1,1,0,1,0,0,0,1,1,1,0,1,0,1,1,0,1,0,1,0,1,1,0,1,0,1,0,0,0,1,0,0,1,0,0,0,0,1,0,0,0.0,-449.9338137094912,1
0,1,1,0,0,1,1,0,1,0,1,0,0,0,0,0,0,0,1,0,0,1,0,0,1,1,1,1,0,0,0,0,0,0,1,0,1,0,0,0,1,0,0,1,1,0,0,1,1,1,0,0,1,1,1,1,1,1,0,0,1,1,0,1,0.0,-449.9335257327581,1
0,0,1,1,0,1,0,0,1,0,0,0,0,0,1,1,0,1,0,0,1,1,0,0,1,0,1,0,0,0,1,0,0,1,0,1,1,1,1,0,0,0,0,0,1,1,1,0,1,1,1,1,0,0,1,1,1,0,0,0,1,1,0,0,0.0,-449.9293573740648,1
1,0,1,0,0,0,0,1,0,1,1,1,1,0,1,0,1,0,0,0,1,0,0,1,1,1,1,1,0,1,1,1,0,0,0,1,1,0,0,0,1,1,1,0,1,1,0,0,0,1,0,1,0,0,0,0,0,0,1,0,0,1,0,0,0.0,-449.92405618989704,1
1,1,1,0,1,0,0,1,1,1,1,0,1,0,0,1,1,0,0,0,0,1,0,0,1,0,1,0,1,0,0,0,0,1,0,0,1,0,1,0,0,0,1,1,1,1,1,1,0,1,0,0,0,0,0,1,0,1,0,0,1,0,1,0,0.0,-449.92304841981274,1
0,0,1,0,0,1,0,1,0,1,1,0,1,0,1,0,0,1,0,1,1,1,0,0,1,1,1,0,0,0,1,1,1,0,0,1,0,1,0,0,1,0,1,1,1,0,0,1,0,1,0,0,0,1,0,1,1,0,1,0,0,0,0,0,0.0,-449.92222764958217,1
0,0,1,0,1,1,0,1,0,0,1,1,1,0,1,0,1,0,0,1,1,1,0,1,0,1,1,1,0,0,0,1,1,0,0,0,1,1,0,0,0,0,1,1,0,1,0,0,0,1,0,0,1,1,1,0,0,1,0,0,0,0,1,0,0.015625,-449.92129109303414,1
0,1,1,0,1,0,0,1,1,1,1,1,1,0,1,0,0,1,0,0,1,1,0,0,1,0,0,1,0,1,0,1,0,0,1,0,1,1,1,0,0,0,1,1,0,0,0,0,0,1,0,0,0,1,0,1,0,0,1,0,0,1,0,1,0.0,-449.91839935182537,1
1,1,0,1,0,0,1,1,1,0,1,0,1,0,0,0,0,0,0,1,1,0,1,0,0,1,0,0,1,0,0,1,1,0,0,0,1,0,0,0,0,1,1,1,1,0,0,1,0,1,0,0,1,0,1,1,1,1,0,0,0,1,1,0,0.015625,-449.91312585468,1
0,0,1,1,1,1,0,1,1,0,0,0,0,1,0,1,1,0,0,0,1,0,0,0,0,0,0,1,1,0,0,0,1,1,0,0,1,0,0,1,1,0,1,0,1,0,1,1,1,1,0,0,0,0,1,1,1,0,1,0,0,1,1,0,0.0,-449.91270006980443,1
0,0,1,1,1,1,0,0,0,0,0,0,0,0,1,1,1,0,0,0,0,1,0,0,1,0,1,1,1,0,0,1,1,0,1,1,1,0,1,1,1,0,0,1,0,1,0,0,0,1,0,1,1,0,1,1,0,0,1,1,0,0,0,0,0.015625,-449.91202626685043,1
1,1,1,1,0,1,1,1,1,0,1,0,0,0,0,1,0,0,1,0,1,1,0,0,0,1,1,0,0,0,1,0,0,1,1,1,1,1,0,1,1,0,1,1,0,1,0,1,1,1,0,1,0,1,0,0,1,1,1,0,0,1,0,0,0.0,-449.91202107521735,1
1,0,0,1,1,1,0,1,1,0,0,0,0,1,1,0,1,1,1,0,0,0,0,0,0,0,0,1,0,1,1,1,0,0,0,1,1,1,0,0,0,0,0,1,0,1,1,1,0,1,0,1,0,0,0,1,0,0,1,0,0,1,1,1,0.0,-449.9108549106433,1
0,0,1,1,1,1,0,1,0,0,0,1,0,0,0,1,1,0,0,1,0,1,1,1,0,0,0,1,0,0,1,1,1,0,0,1,1,1,0,0,0,0,0,0,1,1,0,1,0,1,0,1,1,0,0,1,0,1,0,0,1,1,0,0,0.015625,-449.9078915950013,1
1,0,0,1,0,1,0,1,1,1,1,0,0,1,1,0,0,1,0,0,1,1,0,0,1,0,1,0,0,0,1,1,0,0,1,1,1,0,1,0,1,0,0,1,1,1,0,1,0,1,0,0,0,1,0,0,1,0,1,0,0,0,0,0,0.0,-449.9049999268445,1
1,1,1,0,0,0,0,1,1,1,0,0,0,0,0,1,1,0,0,0,0,0,0,1,0,0,1,1,0,0,1,1,1,0,0,1,1,1,0,0,1,1,0,1,0,0,0,0,0,1,0,1,1,0,1,1,1,0,0,0,1,1,1,0,0.015625,-449.90269924346546,1
0,1,0,0,0,1,0,1,1,1,1,0,0,0,0,1,0,1,0,1,1,1,0,0,0,0,0,1,1,0,1,0,0,1,0,1,0,1,1,1,1,0,1,1,0,1,1,0,0,0,0,0,0,0,1,1,1,0,0,1,0,1,0,0,0.0,-449.90214061103137,1
0,1,0,0,1,1,0,1,1,0,0,1,0,0,1,0,1,0,1,0,0,0,0,1,1,0,0,1,0,0,1,1,1,1,1,0,1,1,0,0,1,1,1,1,1,1,0,0,1,1,0,0,0,0,0,0,1,0,0,0,0,0,1,0,0.0,-449.9003097479437,1
1,0,1,1,0,0,0,0,0,1,1,1,0,0,0,0,1,1,1,1,1,1,0,1,0,0,0,0,1,0,1,1,0,1,1,1,0,1,0,0,1,1,1,1,1,1,0,0,1,1,0,1,1,0,0,0,1,0,1,1,0,1,0,1,0.0,-449.8985400194646,1
1,1,1,0,0,0,0,0,1,0,0,0,0,0,1,0,0,1,1,1,1,1,0,0,0,0,1,1,0,0,1,1,1,1,0,0,0,1,1,0,0,0,0,0,1,0,1,1,1,1,0,1,0,0,0,1,0,1,0,1,0,1,1,0,0.0,-449.89627745423644,1
1,0,1,1,0,0,1,1,1,0,0,0,1,1,0,1,1,0,0,0,0,0,0,0,1,0,1,0,1,0,1,1,1,0,1,0,0,1,0,0,0,1,0,0,1,1,1,0,1,1,1,0,1,1,1,0,1,0,0,0,0,0,0,0,0.0,-449.89612969811424,1
0,1,1,0,0,1,0,1,0,0,1,1,0,1,1,1,0,0,0,0,1,0,1,0,1,1,0,1,0,1,1,0,1,0,0,1,1,1,0,0,0,0,1,1,0,1,0,0,0,1,0,1,0,0,1,0,1,0,0,0,1,1,0,0,0.0,-449.89153769388633,1
1,0,0,1,1,1,1,1,1,0,1,0,1,1,0,1,0,0,0,0,1,1,0,0,0,1,0,0,1,0,1,1,1,0,1,1,1,1,0,0,0,0,1,0,1,0,0,1,1,1,0,0,0,1,1,0,1,1,0,1,1,1,1,0,0.0,-449.8912151919909,1
0,0,1,0,1,1,0,1,0,0,0,1,1,0,0,0,1,0,0,0,1,0,1,0,0,0,1,1,1,0,1,0,1,0,0,1,1,1,0,1,1,0,1,1,1,0,0,1,0,0,0,0,0,1,1,1,1,0,0,0,0,1,1,0,0.0,-449.8890530260116,1
0,0,1,0,0,0,0,1,0,0,0,0,1,1,1,1,1,0,0,0,0,1,0,0,1,0,1,1,1,0,1,1,1,0,0,0,1,1,1,0,1,0,1,1,0,1,0,1,1,1,0,1,0,0,0,0,0,1,0,1,1,0,0,0,0.0,-449.8870009794797,1
0,0,1,0,0,1,0,1,1,0,0,0,1,0,1,1,0,0,0,0,1,1,0,0,1,1,1,1,0,1,1,0,0,0,1,0,1,1,1,0,1,0,1,1,0,1,0,0,0,0,0,0,0,0,1,1,1,0,1,0,0,1,1,0,0.015625,-449.88345963412166,1
1,1,1,1,1,0,0,1,1,1,1,0,0,0,0,1,1,0,0,0,1,0,0,0,0,0,0,1,0,0,0,1,1,0,0,0,0,0,1,0,0,0,1,1,1,1,0,0,0,0,0,1,1,1,0,1,1,1,1,1,0,0,1,0,0.015625,-449.88264112436775,1
0,1,0,1,0,1,0,1,0,1,1,1,0,0,0,0,1,0,1,0,1,1,0,0,1,0,0,1,0,0,1,0,1,0,0,0,1,1,0,0,1,0,1,0,1,1,0,1,0,1,1,0,0,1,0,1,1,0,0,0,1,1,0,0,0.0,-449.87935512891136,1
1,0,1,0,1,0,0,1,0,0,1,1,0,0,0,1,0,0,0,0,0,0,1,0,1,0,1,1,1,0,1,0,1,0,1,1,1,1,0,0,1,0,0,1,0,0,1,0,0,1,0,1,1,1,0,1,0,0,1,0,0,1,1,0,0.0,-449.87810982901186,1
1,1,0,0,0,0,0,1,0,0,1,1,0,0,1,1,1,0,0,0,1,1,0,1,0,1,1,1,0,0,1,1,1,1,0,0,1,1,1,0,0,0,1,0,1,0,0,0,0,0,0,0,1,1,1,1,0,0,1,1,0,0,0,0,0.0,-449.87807390915464,1
1,1,1,1,1,1,0,1,0,1,0,1,0,0,1,0,0,1,0,0,0,0,0,0,0,0,0,1,0,1,1,1,1,0,0,1,0,1,0,0,1,1,1,1,1,0,0,1,0,1,0,0,1,0,0,0,1,0,0,0,0,1,0,1,0.015625,-449.87784896461073,1
1,0,0,1,0,1,0,1,1,0,0,1,0,0,0,0,0,1,0,1,1,0,0,0,1,0,0,1,0,0,1,1,1,0,1,1,0,0,0,0,1,0,1,0,1,0,0,1,0,1,1,0,1,1,0,1,1,1,1,0,0,0,0,1,0.0,-449.8761555508444,1
1,0,0,1,1,0,1,1,0,0,1,0,0,0,0,1,0,0,0,0,1,0,0,0,1,0,1,1,1,0,1,1,0,0,0,1,1,1,0,1,0,0,1,1,1,1,0,1,0,0,0,0,1,0,0,1,1,1,0,0,1,0,1,0,0.0,-449.87615060654576,1
0,1,0,1,1,0,0,1,1,0,0,0,1,0,0,1,1,1,0,1,1,0,0,0,0,0,1,0,0,1,1,1,0,0,0,1,0,1,0,0,1,1,0,0,1,0,0,1,0,1,0,0,1,1,0,0,0,1,1,1,0,1,1,0,0.015625,-449.8759076964526,1
1,1,1,1,0,0,0,0,0,0,0,0,0,0,1,1,0,0,0,1,0,1,0,0,1,0,0,0,1,1,1,1,1,0,1,0,1,1,1,0,1,0,1,1,1,1,1,0,0,1,0,1,0,1,0,1,0,0,0,0,0,1,0,0,0.0,-449.87536487297774,1
0,1,1,1,1,0,1,1,1,0,1,1,0,0,0,1,1,0,0,0,1,0,1,1,0,0,0,1,1,0,0,1,1,0,1,1,1,0,0,0,1,0,1,0,1,1,0,1,0,1,0,1,1,1,1,1,0,0,1,1,0,1,0,0,0.0,-449.86907370120264,1
1,0,1,0,1,0,0,0,1,0,0,0,1,0,0,1,1,1,0,0,1,0,0,0,0,0,0,1,0,0,1,0,1,0,1,0,1,0,0,0,1,1,1,1,1,1,1,0,1,1,0,0,0,1,1,1,1,0,0,0,1,0,1,0,0.03125,-449.86610315841654,1
0,0,0,1,1,0,1,1,0,0,0,0,1,1,1,1,1,0,0,0,0,0,0,1,0,0,1,0,0,1,1,0,1,0,1,1,1,0,0,1,0,0,1,0,1,1,0,1,0,0,1,1,0,1,0,1,1,0,0,0,1,0,1,0,0.0,-449.86298703745143,1
1,1,1,0,1,1,1,1,0,0,0,0,1,1,0,0,1,0,0,0,1,0,0,0,1,0,1,1,0,0,1,1,0,1,0,0,1,0,0,1,1,0,1,1,0,1,0,0,0,0,1,1,0,0,0,1,0,0,0,1,1,0,1,0,0.0,-449.86172476298907,1
1,1,1,1,0,0,0,1,1,1,1,0,0,0,0,1,0,0,0,0,0,0,0,0,0,0,0,1,0,1,1,0,1,1,0,1,1,1,0,0,0,1,1,0,0,0,0,1,1,1,0,0,1,1,0,1,0,1,1,0,0,1,1,0,0.0,-449.8580125923172,1
0,0,1,1,1,0,1,1,1,1,1,0,0,1,0,1,0,1,0,0,0,1,0,0,0,0,0,1,0,0,1,1,1,0,0,0,1,1,0,0,1,0,0,1,1,0,0,0,0,1,0,1,0,0,0,1,0,0,1,0,1,1,1,1,0.0,-449.85758639594565,1
0,0,0,1,0,1,0,1,0,1,1,1,0,0,1,1,0,1,1,0,0,0,1,0,0,0,0,1,0,0,1,0,1,1,0,1,0,1,0,0,0,0,1,1,1,0,0,1,1,1,0,0,0,1,0,1,1,1,0,0,1,1,0,0,0.0,-449.8553561777032,1
1,1,0,0,0,1,0,1,0,0,1,0,0,0,0,0,1,0,0,0,1,0,0,1,1,0,1,1,1,0,1,0,0,0,0,1,1,1,1,0,1,0,1,1,1,1,1,1,0,1,1,0,0,1,0,1,0,0,0,0,1,0,0,0,0.0,-449.8536688864509,1
0,1,1,1,1,0,0,1,0,0,1,0,0,1,1,0,0,0,0,1,0,0,0,1,0,1,0,1,0,0,1,0,1,0,0,0,1,0,0,0,0,1,1,1,1,1,0,1,0,0,0,1,1,1,0,0,1,1,0,1,0,1,0,1,0.0,-449.852784833121,1
0,1,1,0,1,0,0,1,0,1,1,0,1,1,0,0,1,0,1,1,1,0,1,0,0,0,0,0,1,0,1,1,1,0,0,0,1,1,0,0,1,0,0,0,1,1,0,0,0,1,0,1,0,1,1,1,0,0,0,0,1,1,0,0,0.0,-449.85069074976303,1
0,1,1,0,1,0,1,1,0,0,0,0,1,1,1,1,1,0,0,1,0,0,0,0,1,0,0,0,1,0,0,1,1,0,1,1,1,0,1,1,0,0,0,1,0,0,0,1,0,1,0,1,0,0,0,1,1,1,1,0,0,0,1,0,0.015625,-449.8499219203598,1
1,0,1,1,0,1,0,1,1,1,0,1,0,0,1,0,1,0,0,0,1,0,1,0,1,0,0,1,0,0,1,0,0,0,0,1,1,0,0,0,1,0,1,1,1,1,1,0,0,1,0,0,0,1,0,1,1,1,0,0,1,0,0,0,0.0,-449.84815792015496,1
1,1,0,0,0,0,1,1,1,0,0,1,1,1,0,0,0,1,0,1,1,0,0,0,0,0,0,1,0,1,1,1,0,0,1,0,1,1,0,1,1,0,1,1,0,1,0,0,0,1,0,1,0,0,0,1,1,1,0,0,0,1,0,0,0.0,-449.84807061965665,1
0,0,1,1,1,1,0,0,1,1,1,0,1,0,1,1,0,0,0,0,1,0,0,0,1,0,0,1,0,0,1,1,1,1,1,0,1,0,1,0,1,1,0,0,1,1,0,1,0,1,0,0,1,0,0,0,0,0,0,0,1,0,1,0,0.0,-449.84563417439006,1
1,0,1,1,0,0,0,0,0,0,1,0,0,0,0,1,0,0,1,0,1,1,1,1,0,1,0,1,0,1,0,1,1,1,0,0,0,1,1,0,0,1,0,1,1,1,1,0,0,0,0,0,1,0,0,1,0,0,0,1,0,1,1,1,0.0,-449.83900064528547,1
0,1,1,0,1,0,1,1,1,1,1,1,1,0,0,1,0,0,0,0,1,0,0,0,0,1,1,1,0,0,1,1,1,1,0,1,1,0,1,0,1,0,0,1,0,1,1,1,0,1,0,1,0,1,0,1,0,1,1,0,1,1,0,0,0.0,-449.8354534883796,1
1,1,1,0,1,1,1,1,1,1,0,0,0,1,1,0,0,0,1,0,1,0,0,0,1,1,1,1,0,0,1,1,1,0,0,1,0,0,0,0,0,1,1,1,0,0,0,1,0,0,1,0,0,0,1,0,0,1,0,0,0,0,1,0,0.0,-449.8292716169544,1
1,1,0,0,0,1,1,1,0,0,1,0,1,1,1,0,1,1,0,0,0,0,0,0,0,0,1,1,0,0,0,1,1,0,0,0,0,1,0,0,0,1,1,1,1,1,0,1,0,1,0,0,0,1,0,1,0,1,1,0,1,0,1,0,0.0,-449.8274320460932,1
0,0,1,1,1,0,0,1,1,0,0,0,1,0,0,1,1,1,0,0,1,1,0,0,0,1,1,1,0,1,1,1,0,1,0,1,0,1,0,1,1,1,1,0,1,0,1,1,1,1,0,1,0,0,0,1,1,0,1,0,0,1,1,0,0.0,-449.8270270932196,1
1,1,0,1,0,0,0,0,0,0,0,1,0,1,0,1,0,1,0,0,1,1,0,1,1,0,0,1,0,1,1,1,1,1,1,1,0,1,0,0,0,1,1,1,1,1,1,1,0,1,0,1,1,1,0,1,1,0,0,0,1,0,1,0,0.015625,-449.82441347190775,1
1,1,1,1,1,0,0,1,1,0,1,0,0,0,1,0,1,1,0,1,0,1,0,0,0,0,0,1,0,0,0,0,0,0,0,1,0,0,1,0,0,1,1,1,1,0,0,1,0,1,1,0,1,1,0,0,1,0,0,1,0,1,1,0,0.015625,-449.8216730219982,1
0,0,1,0,0,1,0,1,0,0,0,1,1,0,1,0,0,1,0,1,1,1,0,0,0,0,0,1,0,0,1,1,1,0,0,1,1,1,1,0,0,1,1,1,0,0,0,0,0,1,1,0,1,1,0,0,1,0,0,0,0,1,1,1,0.0,-449.8198231141849,1
0,1,0,1,1,0,1,1,0,1,1,0,0,0,0,0,1,1,0,0,1,0,0,0,1,0,0,1,0,1,1,1,1,1,0,1,0,1,0,0,1,1,1,1,1,1,0,1,1,0,0,1,0,1,1,1,0,1,0,0,1,1,1,0,0.0,-449.8144114082745,1
1,1,1,0,1,0,0,1,0,0,0,0,0,0,0,0,0,0,0,1,1,1,1,0,0,1,0,0,0,1,1,0,1,1,0,1,1,1,1,0,1,1,1,1,0,1,1,0,0,0,1,0,0,1,0,1,0,1,1,0,0,0,0,0,0.0,-449.8138355779234,1
1,0,1,0,0,0,1,1,1,1,1,0,1,0,1,1,0,1,1,0,1,1,0,0,0,0,0,1,0,0,1,0,0,0,0,1,1,0,0,0,1,1,1,0,1,0,0,1,1,1,0,0,1,0,0,0,0,0,1,0,0,1,1,0,0.0,-449.808623136981,1
0,1,1,1,1,0,0,0,1,0,0,0,1,0,1,1,0,0,0,1,1,0,1,0,0,0,0,1,1,0,1,1,1,0,0,0,0,1,1,1,0,0,0,1,1,1,0,1,0,1,0,0,0,1,0,1,1,0,0,1,0,0,1,0,0.015625,-449.806776728358,1
1,1,1,1,1,1,0,0,0,0,1,1,0,0,0,1,1,0,0,1,0,1,0,1,0,1,1,1,0,0,1,0,0,1,0,0,1,1,1,0,1,0,1,1,1,1,0,1,0,1,0,1,1,0,0,1,1,0,1,0,1,1,0,0,0.0,-449.8043856519024,1
0,0,1,1,1,0,0,1,0,1,0,0,0,1,1,0,1,1,0,0,1,1,0,0,1,0,1,1,0,0,1,0,1,0,1,1,1,1,0,0,1,0,1,0,1,1,1,1,1,1,0,0,0,0,1,1,1,0,1,0,1,1,1,0,0.015625,-449.80286791091737,1
0,0,1,1,1,1,1,1,1,0,0,0,1,1,0,1,0,1,0,0,1,1,0,0,0,1,0,1,0,0,1,0,1,0,0,1,1,1,1,0,1,1,1,0,0,1,0,1,0,1,0,0,1,1,1,1,1,0,0,1,0,1,1,0,0.015625,-449.8023723470533,1
0,0,0,1,1,1,1,1,0,0,1,1,1,1,0,0,1,0,0,1,0,1,0,0,1,1,0,0,1,0,1,0,0,0,1,0,1,1,0,0,1,0,1,1,1,0,1,1,0,1,0,1,1,1,0,1,1,1,1,0,1,1,0,0,0.0,-449.80223362686525,1
1,1,0,0,1,0,1,1,0,0,1,1,0,1,0,1,1,0,0,0,0,0,0,0,0,1,1,1,1,0,1,0,0,0,1,0,0,1,1,1,1,1,0,0,1,1,0,0,0,1,0,0,0,0,0,1,1,0,0,1,0,1,1,0,0.0,-449.80141759673035,1
0,1,1,0,1,1,0,1,0,1,1,0,0,0,0,0,0,0,1,1,1,0,1,0,0,0,0,1,1,0,1,0,0,0,1,1,0,0,0,0,0,1,1,1,1,1,1,0,1,0,1,1,0,1,0,0,1,1,1,0,0,0,0,0,0.0,-449.80138927285424,1
1,1,1,0,0,1,0,1,0,1,0,1,0,1,0,1,1,0,0,0,1,1,0,0,0,0,1,1,0,0,1,1,0,1,1,1,1,0,1,0,0,0,1,1,1,1,1,1,0,1,0,0,0,1,1,1,1,0,0,0,1,1,0,1,0.0,-449.78810817899216,1
0,1,0,0,0,0,0,1,0,0,1,0,1,0,1,0,0,1,0,1,1,0,0,0,1,1,0,1,0,0,0,0,0,1,1,0,1,1,0,0,1,0,1,1,1,0,1,1,0,1,1,0,1,0,0,1,1,0,0,0,0,1,1,1,0.015625,-449.7825839862138,1
1,0,0,1,0,1,0,1,1,0,1,0,0,1,1,1,0,1,0,1,1,1,1,0,0,0,0,1,0,0,1,0,0,1,0,1,1,0,0,0,0,1,1,1,1,1,0,0,0,1,0,0,0,1,0,0,0,0,0,1,1,1,0,0,0.0,-449.7790526808681,1
0,0,1,0,1,0,0,1,0,0,1,1,1,1,0,1,0,1,0,1,1,0,0,0,1,0,1,1,1,0,0,1,1,0,1,1,1,1,0,0,1,1,0,1,1,1,0,1,0,1,0,1,1,1,0,0,1,0,1,0,1,1,0,0,0.0,-449.7752426661232,1
1,1,1,0,1,1,0,0,1,1,0,0,1,1,0,0,0,0,0,0,1,1,1,1,1,0,0,1,1,0,0,1,0,0,0,1,1,1,0,1,0,1,1,1,0,1,0,1,1,1,0,0,0,0,0,1,1,1,1,0,0,1,1,1,0.0,-449.7720283181237,1
1,0,1,0,1,1,0,1,0,0,1,0,1,0,1,1,0,0,1,1,1,0,1,1,1,1,0,1,0,0,1,1,1,0,0,1,0,1,1,1,0,0,1,0,1,1,0,0,1,0,0,1,0,1,1,0,1,0,1,0,0,1,1,0,0.0,-449.7701450514925,1
0,0,1,1,1,0,0,1,0,0,0,0,1,0,1,1,1,0,0,1,1,1,0,0,1,0,0,1,1,1,0,1,0,1,1,0,1,1,1,0,0,0,0,1,1,1,0,1,0,0,0,0,1,0,0,1,0,1,0,0,1,0,0,0,0.03125,-449.7665853359427,1
1,1,1,0,1,0,1,1,1,0,0,0,0,1,1,1,0,1,0,0,0,0,1,0,0,0,0,1,0,0,0,1,1,0,1,0,0,1,1,1,1,0,1,1,1,1,0,0,0,1,0,0,0,0,0,1,0,1,1,0,0,0,1,0,0.0,-449.76529080240414,1
1,1,1,1,0,1,0,1,0,1,0,1,0,0,0,0,0,1,0,0,0,0,0,0,0,1,1,1,0,0,1,0,1,0,0,1,0,1,1,1,1,1,1,1,1,1,1,0,0,1,1,1,0,0,1,0,1,0,1,1,0,1,1,1,0.0,-449.75585802699106,1
1,1,1,0,1,1,0,1,1,1,0,0,0,1,0,0,0,0,1,1,0,0,1,0,1,0,0,1,1,0,1,0,1,0,1,1,1,0,1,0,0,0,1,1,1,1,1,0,1,1,0,1,0,1,1,1,1,0,1,0,1,0,0,0,0.0,-449.7541128912462,1
0,1,1,1,0,1,1,0,1,1,0,1,1,1,1,0,1,0,0,0,1,0,0,0,1,1,1,1,0,1,1,0,1,0,0,0,0,1,1,0,1,0,0,0,1,1,1,0,0,1,0,1,0,1,1,1,1,0,1,0,0,1,1,0,0.015625,-449.75298539078244,1
1,1,0,1,0,1,0,1,0,1,0,0,0,1,1,1,1,1,0,0,0,0,0,0,0,0,1,1,1,0,0,1,1,0,1,1,0,1,0,0,1,0,1,1,1,1,0,1,0,1,0,0,1,1,1,1,1,0,1,0,0,1,1,1,0.0,-449.75005792861054,1
1,0,1,0,1,1,0,1,1,1,1,1,0,0,1,1,1,0,1,0,1,1,0,0,1,0,0,1,0,0,0,1,0,1,0,0,1,1,1,0,1,0,0,1,0,1,1,1,1,1,0,1,1,1,0,1,1,1,0,0,0,0,0,0,0.0,-449.7453061356083,1
1,0,0,1,1,1,1,1,0,0,1,0,1,1,1,1,1,0,0,0,1,0,0,0,0,0,0,1,1,0,1,0,1,0,0,1,1,0,0,0,1,0,1,0,1,1,1,1,0,1,0,1,0,0,1,1,1,0,1,0,1,1,1,1,0.015625,-449.74392202733566,1
0,1,1,1,1,0,0,1,1,1,1,0,1,0,1,0,0,0,0,0,1,0,1,0,0,0,0,0,0,0,0,1,0,0,0,1,1,1,0,0,1,0,1,1,1,1,1,0,1,1,1,1,1,1,1,1,0,1,0,0,1,1,1,1,0.0,-449.7377201480173,1
1,1,1,0,1,0,1,1,0,1,1,1,0,1,1,0,0,1,0,1,0,1,0,1,1,0,0,1,0,0,0,1,1,1,0,0,1,1,0,0,1,1,1,0,0,0,1,0,0,1,0,0,0,1,1,1,1,0,1,0,1,1,1,0,0.0,-449.7369233434076,1
1,0,0,0,1,1,1,0,0,0,0,0,1,1,0,1,0,0,0,1,1,1,0,0,0,1,1,1,1,0,1,0,1,1,1,1,1,1,1,0,1,0,1,0,1,1,1,0,0,1,0,0,1,1,1,1,1,0,1,0,0,1,0,0,0.015625,-449.73528009335587,1
1,1,1,1,0,0,1,1,1,0,0,0,1,0,1,1,1,0,0,1,1,1,0,0,1,0,0,1,0,0,1,0,1,1,1,1,1,1,1,0,0,1,0,0,1,1,1,0,1,0,0,0,1,1,1,0,1,0,1,0,1,0,0,0,0.015625,-449.7327143716626,1
0,1,1,0,0,0,0,0,0,1,0,0,0,0,1,1,0,0,0,1,0,0,1,0,0,0,0,1,0,0,1,1,1,0,0,1,1,1,1,1,1,0,0,1,1,1,1,0,0,1,1,1,0,1,0,0,1,0,1,0,0,1,1,0,0.0,-449.7326303269724,1
1,0,1,0,0,1,1,1,0,0,1,1,1,0,0,0,1,0,0,1,1,0,0,0,0,0,1,1,1,1,1,1,0,0,0,0,1,1,1,0,1,1,1,0,1,1,0,1,0,1,0,1,1,1,0,1,1,0,1,1,0,1,0,0,0.0,-449.7285917706,1
1,0,0,1,1,1,0,1,0,1,1,0,1,1,1,0,0,1,1,1,1,1,0,0,1,0,0,1,0,0,1,0,1,0,0,0,0,1,0,0,0,0,1,0,0,0,1,0,0,1,1,0,0,1,0,1,0,1,0,0,0,1,1,0,0.0,-449.72264955510127,1
0,1,1,1,1,0,0,1,1,1,1,1,1,0,1,1,1,0,0,0,0,0,1,0,1,0,1,1,0,0,1,0,0,0,0,1,1,1,0,0,0,1,0,1,0,1,1,1,0,1,0,1,1,0,1,0,0,1,1,0,1,1,0,1,0.0,-449.7220410291744,1
1,1,0,1,0,0,0,1,0,0,1,0,0,1,1,1,0,1,1,0,1,1,0,0,0,0,1,1,1,0,0,1,0,1,1,1,0,0,1,0,1,1,1,1,1,1,0,1,1,0,0,1,0,0,0,1,1,1,1,0,1,0,1,0,0.0,-449.7195913722153,1
1,1,0,1,0,1,1,1,0,0,1,0,0,1,1,1,1,1,1,0,1,1,0,0,1,0,0,1,0,0,0,0,1,0,0,1,1,0,0,1,1,0,0,1,1,1,0,1,1,1,0,1,0,0,1,1,1,0,0,0,1,1,1,0,0.015625,-449.71673777562785,1
1,1,0,1,1,1,1,1,0,0,0,0,1,0,1,0,1,0,0,0,0,1,0,0,0,1,0,1,1,0,0,0,0,0,0,1,1,1,1,0,0,0,1,1,1,1,0,1,1,1,1,1,1,1,1,1,0,1,1,0,1,1,0,0,0.0,-449.71104140243597,1
1,1,1,1,1,0,0,1,1,0,1,0,0,0,0,1,0,1,1,0,0,0,1,0,1,1,0,1,0,0,1,1,1,1,1,0,0,1,1,1,1,0,1,1,1,0,0,1,0,1,1,1,0,1,0,0,1,0,1,0,0,0,1,0,0.0,-449.7075152258319,1
1,0,0,0,1,0,0,1,1,1,0,1,0,0,0,0,0,0,1,0,1,0,1,0,0,0,0,1,0,0,1,1,1,0,1,1,1,1,1,0,1,0,1,1,1,1,1,1,0,1,0,1,1,1,1,1,0,1,0,1,1,1,0,0,0.0,-449.70414690528844,1
0,0,0,1,1,1,1,1,1,0,1,1,1,1,0,1,1,1,0,0,0,0,0,1,0,0,0,1,1,0,1,0,1,0,0,0,1,1,1,0,1,0,1,0,0,1,1,0,1,1,1,1,1,0,1,1,0,0,1,0,0,1,1,0,0.015625,-449.6984628911207,1
0,0,1,1,1,1,1,1,1,1,1,0,1,1,0,0,0,1,1,0,0,0,0,1,1,1,0,1,1,1,0,1,0,0,1,1,1,1,0,0,1,0,0,0,1,0,1,0,0,1,1,0,0,0,0,1,0,1,0,1,1,1,0,1,0.0,-449.6804922131738,1
1,0,1,1,0,0,1,1,0,1,0,0,0,0,1,1,1,0,1,0,1,1,1,0,1,0,0,1,0,0,1,1,1,1,0,1,1,1,0,0,1,1,1,1,1,1,0,1,0,0,0,0,1,1,1,1,0,0,0,0,0,1,1,0,0.0,-449.67607716126247,1
1,1,1,0,0,1,1,1,1,0,1,0,0,0,0,1,1,1,0,1,0,1,0,0,1,0,1,1,1,0,1,1,1,1,0,0,0,1,1,0,1,0,1,1,1,1,0,1,0,1,1,0,1,0,0,1,0,0,0,1,0,1,0,0,0.0,-449.6676342778228,1
0,1,0,0,1,0,1,1,1,0,0,1,0,0,1,1,0,0,1,0,0,1,0,0,1,0,1,1,0,0,1,0,0,0,0,1,1,1,0,0,1,1,1,1,1,1,0,1,0,1,1,1,1,1,1,1,1,0,1,0,0,1,1,0,0.015625,-449.66468602094426,1
0,1,0,1,1,0,1,1,0,0,1,0,0,1,1,1,1,0,1,0,1,1,0,0,0,1,0,1,1,1,0,1,1,0,0,0,1,1,0,0,1,1,1,0,1,1,0,0,1,1,1,1,0,1,0,1,1,0,1,0,0,1,0,0,0.0,-449.66216670249935,1
0,1,0,1,0,0,1,1,1,0,0,0,1,0,1,1,1,0,0,1,1,1,0,0,0,0,1,1,0,0,1,0,1,0,1,1,1,1,0,1,1,0,1,1,1,0,0,1,0,1,0,1,1,0,1,1,1,1,0,0,1,0,1,0,0.0,-449.65922628540386,1
1,0,0,0,1,1,0,1,1,0,1,1,0,0,1,1,0,1,1,0,1,1,1,0,1,0,0,1,0,0,1,1,0,1,0,0,0,1,1,1,1,0,1,1,1,1,0,1,0,1,0,1,1,0,1,1,0,0,0,1,0,1,0,0,0.0,-449.65803628319327,1
0,0,1,0,0,1,0,1,1,0,0,0,0,0,1,1,1,0,1,1,1,1,0,0,1,0,0,1,0,0,1,1,0,1,0,1,1,0,0,1,1,0,1,1,1,1,0,0,1,1,0,0,1,0,1,1,1,1,1,0,1,1,1,0,0.0,-449.6579400503257,1
1,0,1,1,0,0,1,1,0,1,0,0,0,1,1,1,1,1,0,1,0,1,0,0,1,0,0,0,1,0,1,0,1,1,0,0,1,1,0,1,1,1,1,1,1,1,0,0,0,1,0,1,0,1,1,0,1,1,0,1,0,1,0,0,0.0,-449.6520889239507,1
0,1,1,0,1,0,0,1,1,0,1,0,1,1,1,1,1,1,1,1,1,1,1,0,1,0,0,1,0,0,1,0,1,0,0,1,1,1,1,0,1,0,1,0,0,0,0,0,0,1,0,1,0,0,0,1,0,1,1,1,0,1,1,0,0.0,-449.64727305992085,1
0,1,1,1,0,0,0,1,0,0,1,1,1,1,1,1,1,0,0,1,1,1,0,0,0,0,1,1,1,0,1,0,1,0,1,1,1,1,1,0,1,0,1,1,0,1,0,1,0,1,0,0,0,1,1,1,0,1,0,0,0,0,1,0,0.0,-449.6319148492008,1
0,0,1,1,1,0,1,0,0,1,1,1,1,1,1,1,1,1,0,0,0,1,1,0,0,1,0,1,1,0,1,0,1,0,0,1,0,0,1,0,0,0,0,1,1,0,1,1,1,1,1,1,0,1,0,0,1,1,0,0,0,1,1,0,0.0,-449.6289718241835,1
0,1,0,1,1,0,1,1,0,0,0,0,0,1,0,1,1,0,0,1,1,0,1,0,1,0,0,1,1,0,1,1,1,0,0,0,1,1,1,0,1,0,1,1,1,1,1,1,0,1,1,0,0,1,0,1,1,0,1,1,0,0,0,1,0.0,-449.610822860996,1
0,1,1,1,0,0,1,1,0,1,1,0,1,0,0,0,1,0,1,0,0,0,0,0,1,0,1,1,0,1,1,1,0,1,1,0,1,1,1,1,1,0,0,1,1,1,0,1,1,1,1,1,1,0,1,0,0,0,1,0,0,0,1,0,0.0,-449.5993503943514,1
0,1,0,1,0,0,0,1,0,0,1,0,1,1,1,0,1,1,1,1,1,1,0,0,1,0,0,1,0,0,1,0,0,1,0,1,1,1,0,0,0,1,1,1,1,1,0,0,0,0,1,1,1,1,0,1,1,0,1,0,1,1,1,0,0.0,-449.5894830269225,1
0,1,1,1,1,1,0,1,1,1,1,0,1,0,1,0,1,0,0,0,0,0,0,0,0,0,0,1,1,1,1,1,0,1,1,1,1,1,0,0,1,0,1,0,1,1,1,1,0,1,1,0,1,1,0,1,0,1,1,0,0,0,0,0,0.015625,-449.5875111329466,1
1,0,1,0,1,0,1,1,0,1,0,0,0,1,1,0,1,1,0,1,0,1,0,0,1,0,0,1,0,0,1,1,0,0,1,1,0,1,1,0,1,1,1,1,1,0,1,0,0,1,1,1,0,1,0,1,1,0,1,1,0,0,1,0,0.0,-449.5864558110072,1
1,0,1,0,1,0,0,1,0,1,0,1,1,0,1,1,0,0,1,0,0,1,1,1,1,0,1,1,0,0,1,0,0,0,0,1,1,1,0,0,0,0,1,1,1,0,0,1,1,1,1,0,1,1,0,1,0,1,0,1,1,1,1,0,0.0,-449.5853295645512,1
0,1,1,0,0,1,0,1,1,0,1,0,0,0,1,1,0,0,0,0,0,1,1,0,0,0,1,1,1,0,1,1,1,0,0,0,1,0,1,0,1,0,1,1,1,0,1,1,0,1,1,0,1,1,0,1,1,1,1,0,0,1,1,1,0.0,-449.5370922335669,1
1,1,1,0,0,0,0,1,0,0,0,1,1,0,0,1,1,1,0,0,1,1,1,0,0,0,0,1,1,0,1,0,1,0,0,0,1,1,1,1,1,0,1,1,1,1,1,0,0,1,1,1,1,0,1,1,1,0,1,0,0,0,1,0,0.015625,-449.4951758089128,1
1,1,0,0,1,1,1,1,0,0,0,0,1,0,0,0,1,1,0,0,1,1,0,1,0,1,0,0,1,0,1,1,1,1,0,1,1,0,0,0,0,0,1,0,0,0,0,1,1,0,0,0,0,0,1,1,0,0,1,0,1,1,0,0,0.0,-447.00921240436634,1
0,0,0,1,0,0,0,1,0,1,0,1,1,0,0,1,1,1,0,0,1,1,0,0,0,1,1,1,0,0,0,1,1,0,0,1,0,1,0,0,0,0,1,0,1,1,0,1,1,1,0,1,0,1,0,0,1,0,1,0,0,0,1,0,0.0,-446.96409961353015,1
1,0,0,1,0,0,0,1,1,0,1,0,0,0,1,0,0,0,0,0,1,0,0,1,1,0,0,0,1,0,1,0,1,0,0,1,1,1,0,0,1,0,1,1,0,0,1,1,0,0,0,1,0,1,1,1,1,0,1,0,1,0,1,0,0.0,-446.93784542382167,1
1,0,0,0,1,1,0,1,1,0,1,0,1,0,1,0,1,0,0,0,0,0,0,0,0,1,0,0,1,0,0,0,1,0,1,1,1,1,1,1,0,0,1,1,0,0,0,1,1,1,0,0,1,1,1,0,0,0,0,1,0,0,0,1,0.015625,-446.9347661648176,1
0,1,0,1,0,0,0,1,0,1,0,1,0,0,0,0,0,1,1,0,0,1,0,1,1,1,0,1,0,0,1,1,1,0,0,1,0,1,1,0,1,0,1,0,1,1,1,0,0,1,0,0,0,0,1,1,1,0,0,0,0,1,0,0,0.0,-446.9334186795648,1
1,1,1,0,0,0,1,0,0,0,1,1,1,1,0,0,1,1,0,0,0,0,1,0,1,0,0,0,0,0,1,1,1,0,0,1,0,0,1,0,0,1,1,0,0,1,1,1,0,1,0,0,0,1,0,1,1,0,0,1,0,1,0,0,0.0,-446.92339913803045,1
1,0,1,0,1,1,1,0,1,1,0,0,1,1,0,0,0,1,1,1,1,1,0,0,0,0,0,1,1,0,1,0,0,0,0,1,0,1,0,0,0,0,1,0,0,1,0,0,0,1,0,1,0,1,0,0,0,0,1,0,1,1,0,1,0.015625,-446.91663652715096,1
0,1,0,1,0,0,1,1,0,0,1,0,1,0,0,0,1,0,0,0,1,0,0,0,0,0,1,1,0,0,0,1,1,0,1,1,0,1,0,0,1,0,0,0,1,1,0,1,0,1,0,0,0,1,1,1,1,0,0,1,1,1,1,0,0.0,-446.9066929417784,1
1,1,1,1,0,1,0,0,1,0,0,1,0,0,0,0,0,1,0,0,0,1,0,0,1,0,0,1,0,0,1,0,0,0,1,1,1,0,0,0,1,0,1,0,1,0,1,1,0,0,0,0,0,0,1,1,1,1,1,0,1,1,1,0,0.015625,-446.904727977379,1
1,0,1,0,1,1,0,1,1,0,0,0,0,0,0,1,0,0,0,1,1,1,0,0,0,0,0,0,1,0,0,1,0,0,0,1,1,1,0,0,1,1,0,0,1,1,0,1,0,1,0,1,1,1,0,1,1,0,0,0,0,1,0,1,0.0,-446.90224424249317,1
0,0,1,0,0,1,0,1,0,0,1,0,0,0,0,0,1,0,1,0,0,1,0,0,1,0,1,1,0,0,1,1,1,0,0,1,1,1,0,0,1,0,1,1,1,1,1,1,0,1,0,1,0,0,0,0,0,0,1,0,0,1,1,0,0.0,-446.8973674667128,1
1,0,1,0,0,1,0,1,1,0,1,0,1,0,0,1,1,0,0,0,0,0,0,0,1,1,0,1,0,1,0,1,1,0,0,1,1,0,1,0,1,0,1,1,0,1,0,1,1,1,0,1,0,0,0,1,0,0,1,0,0,0,0,0,0.0,-446.8952553015368,1
1,1,1,0,0,0,1,1,0,0,0,0,1,0,1,0,1,0,0,0,0,0,0,0,1,1,0,0,0,0,1,0,1,1,0,1,0,1,0,0,0,0,1,1,1,1,0,0,0,1,0,1,0,1,0,1,1,1,1,0,0,0,1,1,0.0,-446.8910695618196,1
1,1,1,0,1,0,0,1,1,0,1,0,0,0,0,0,1,1,0,0,1,0,0,0,0,0,1,1,0,0,1,1,0,0,0,0,0,1,0,0,1,0,1,1,1,0,1,1,0,0,0,1,0,1,0,1,1,0,0,1,1,1,0,0,0.015625,-446.88393475132966,1
1,0,0,1,0,0,0,1,0,0,0,0,0,0,0,1,1,1,1,0,0,1,1,0,1,0,0,1,0,0,0,0,0,1,0,1,0,1,0,0,0,0,1,1,0,1,1,1,1,1,0,1,1,0,1,0,1,1,0,0,1,1,0,0,0.015625,-446.88257830950056,1
0,1,1,1,1,0,0,0,1,0,1,0,0,1,0,0,0,0,0,0,1,1,1,0,0,0,1,1,0,1,0,1,0,0,0,0,1,1,0,0,1,0,1,1,0,1,1,1,0,1,0,1,0,0,0,1,1,0,0,0,0,1,1,0,0.0,-446.8801113161285,1
0,0,0,1,0,1,1,1,0,1,0,0,0,0,1,0,1,0,0,0,0,1,0,0,1,0,0,1,0,1,0,1,0,1,0,0,1,1,1,0,0,0,1,0,0,1,1,0,1,1,0,1,1,0,1,1,1,0,0,0,1,1,0,0,0.0,-446.87992150965715,1
1,0,1,1,0,1,1,0,0,0,1,0,0,0,0,0,0,0,0,1,0,1,0,0,1,0,1,1,0,0,1,1,1,0,1,1,1,1,0,0,0,1,1,0,1,1,0,1,1,1,1,1,0,0,0,0,0,0,0,0,0,1,0,0,0.0,-446.87464634002407,1
0,1,1,1,0,1,1,1,0,0,1,0,0,0,0,0,1,1,0,0,1,1,1,0,0,1,1,0,0,0,0,0,1,0,1,0,1,0,0,0,0,1,0,0,1,1,0,0,0,1,0,0,1,1,1,0,1,1,0,0,1,1,0,0,0.0,-446.8742011463615,1
0,1,1,0,1,0,0,1,1,0,1,0,0,0,0,1,0,1,0,0,1,0,0,1,0,0,0,1,0,1,1,1,0,1,0,0,1,1,0,0,1,0,1,1,0,1,1,1,1,0,0,1,1,0,0,1,0,0,0,0,0,1,0,0,0.0,-446.87079991501355,1
0,1,1,0,1,0,0,1,1,1,0,0,0,1,0,0,0,1,1,0,1,0,0,1,1,0,0,0,1,0,1,1,1,0,1,0,1,1,0,0,0,1,0,1,0,1,0,0,0,1,0,0,0,0,1,1,0,0,1,0,1,1,0,0,0.0,-446.8679960496986,1
0,1,1,1,0,0,0,1,0,0,1,0,0,0,0,1,1,1,0,1,1,1,0,0,0,0,1,0,0,0,1,0,0,1,0,0,0,0,1,0,1,0,1,1,0,1,1,0,1,0,0,0,1,1,0,1,1,0,0,0,1,1,1,0,0.015625,-446.8572543489751,1
0,1,1,0,1,0,0,1,0,0,1,0,0,0,0,0,0,0,0,0,1,1,0,0,0,0,0,1,0,1,0,1,0,0,0,1,1,1,1,0,1,0,1,1,1,1,0,0,1,1,0,1,1,1,0,1,1,0,0,1,0,0,1,0,0.0,-446.8547346299213,1
1,1,0,0,0,1,0,1,1,0,0,0,1,1,1,0,0,1,0,0,1,1,0,1,1,0,0,1,0,0,0,0,0,1,1,0,0,0,1,0,1,0,1,1,1,1,0,1,1,0,0,1,0,1,0,0,0,0,1,1,0,0,0,0,0.0,-446.85432724903086,1
0,1,0,1,0,0,0,0,1,1,1,0,1,0,1,1,0,0,1,1,0,1,0,0,0,0,0,0,0,0,0,0,1,0,0,1,1,1,1,1,0,0,1,1,1,1,0,1,0,1,0,0,0,1,0,0,1,0,0,0,1,1,1,0,0.0,-446.853370614232,1
0,1,1,1,0,1,1,1,0,1,0,0,0,0,0,1,0,0,1,0,0,0,1,0,1,0,1,1,0,1,0,1,1,0,1,0,0,1,1,0,1,0,1,1,0,0,0,1,0,1,0,0,0,1,0,0,0,0,1,0,1,0,1,0,0.0,-446.85276862836497,1
1,1,1,0,1,0,0,1,0,0,1,0,0,0,0,0,0,0,0,1,1,1,0,0,1,0,1,1,0,0,1,0,1,0,0,1,1,1,1,0,1,0,1,1,1,1,0,1,0,0,0,0,1,1,0,0,0,0,0,0,1,1,0,0,0.015625,-446.8485642166342,1
1,1,1,1,0,1,0,1,0,0,0,0,0,0,1,1,0,1,0,1,0,0,0,0,1,0,0,0,1,0,1,1,0,0,0,0,1,0,1,0,1,0,1,0,1,1,0,1,0,1,0,1,0,0,1,0,0,0,1,0,1,1,0,1,0.0,-446.84653439529325,1
0,0,1,1,0,0,0,1,1,0,0,0,1,1,0,1,0,1,0,0,1,1,0,0,0,0,1,1,0,0,1,1,0,0,0,1,1,1,0,0,1,0,1,1,0,1,0,1,1,1,0,0,0,0,0,0,1,1,1,0,0,1,0,0,0.0,-446.84602126201014,1
1,1,1,1,0,0,0,0,0,0,1,0,1,1,0,1,0,0,0,1,1,0,0,0,1,0,0,1,0,1,1,0,1,1,0,0,1,0,0,0,0,0,1,0,0,1,0,0,1,1,0,1,1,1,0,0,0,0,1,0,1,1,1,0,0.0,-446.8440237040514,1
0,0,1,1,0,1,1,0,0,1,0,0,1,1,1,0,1,1,0,0,0,1,0,0,1,0,0,1,1,0,0,1,0,0,0,0,0,1,0,0,1,1,1,1,0,0,0,1,0,1,0,1,1,1,0,0,1,0,0,0,1,1,0,0,0.03125,-446.83989348872205,1
0,0,1,0,1,0,0,1,1,0,1,0,0,0,1,0,0,0,0,0,0,0,0,0,1,0,0,1,1,0,1,1,1,0,0,1,1,1,1,0,0,1,1,1,1,1,1,0,0,0,0,0,0,1,1,1,1,0,0,0,0,1,0,1,0.0,-446.83875692938096,1
1,0,1,1,0,0,0,0,0,0,1,0,1,0,0,0,1,0,0,1,1,1,0,0,0,1,1,1,0,0,1,0,0,1,0,0,1,1,0,1,0,0,1,1,1,0,0,0,1,1,0,1,0,0,1,0,1,0,0,1,1,1,0,0,0.03125,-446.82888234307944,1
1,1,0,1,1,0,0,1,0,0,0,0,1,0,0,0,1,0,0,0,0,1,0,0,0,0,1,1,0,0,1,1,1,0,0,1,1,1,0,0,0,1,1,1,1,1,0,0,0,1,0,0,1,1,0,1,1,0,1,0,0,1,0,0,0.0,-446.8151817134562,1
1,1,1,1,0,1,1,1,1,0,1,0,0,0,0,1,0,0,0,1,1,0,0,1,0,0,0,1,0,0,0,0,1,0,1,0,1,1,0,0,1,1,0,1,1,1,1,0,0,1,0,0,0,1,1,0,0,0,0,0,1,0,0,0,0.0,-446.81336553956584,1
0,0,1,1,1,0,0,1,1,0,1,0,0,0,0,0,0,1,1,0,1,1,1,0,0,1,0,1,0,0,1,1,1,0,0,0,1,0,0,0,1,1,1,1,0,1,0,0,0,1,0,1,0,0,1,0,1,1,0,0,0,0,1,0,0.015625,-446.81197658622415,1
1,1,1,1,1,0,1,1,1,0,0,0,0,0,1,0,0,0,0,1,1,0,0,0,0,1,0,1,0,0,1,1,0,0,0,1,1,1,1,0,0,0,1,1,0,1,1,1,0,0,0,0,1,0,0,1,0,1,1,0,0,0,0,0,0.0,-446.8101774347881,1
0,0,0,0,0,1,0,1,1,0,0,0,1,1,1,1,1,1,0,1,1,1,0,0,0,0,1,0,0,1,0,1,1,0,1,0,1,1,0,0,1,0,1,0,1,1,1,0,0,0,0,0,1,0,0,1,0,0,0,1,1,0,0,0,0.0,-446.8093200935155,1
1,1,1,0,1,1,1,1,0,1,0,1,0,0,0,0,0,0,0,0,0,1,1,0,0,0,1,1,1,0,1,0,0,1,0,0,1,1,1,0,1,0,1,0,0,1,0,1,0,1,0,0,1,1,0,0,0,1,0,0,0,1,0,0,0.0,-446.8066941851209,1
0,1,1,1,0,0,1,0,1,0,1,0,0,1,0,1,0,0,0,0,1,1,0,0,0,0,0,1,1,0,0,1,0,1,0,1,1,1,1,0,1,0,0,1,0,1,0,0,0,1,0,1,1,0,0,1,0,1,1,0,0,1,0,0,0.0,-446.806420343706,1
1,1,0,1,0,1,1,0,0,0,1,1,0,0,0,0,0,0,0,0,0,1,0,0,0,1,0,0,1,0,1,1,1,0,0,0,1,0,1,0,1,0,1,1,1,0,0,1,0,1,1,0,1,1,0,0,0,1,1,0,0,1,1,0,0.0,-446.80165723128124,1
1,1,0,0,0,0,1,1,0,1,1,0,0,0,1,1,1,1,0,0,1,0,0,0,1,0,0,0,1,0,0,1,1,0,1,0,0,1,0,0,0,0,1,1,1,1,0,1,0,1,0,0,1,0,1,1,0,1,0,0,0,0,1,0,0.0,-446.8007157408173,1
0,0,1,0,1,0,0,1,0,1,0,0,1,1,1,0,1,0,0,0,0,1,1,1,1,0,1,1,0,1,1,1,1,0,0,0,1,0,0,0,0,1,0,0,1,0,0,1,0,0,0,1,0,1,0,0,0,0,0,0,1,1,1,1,0.0,-446.7910006429975,1
1,1,0,0,0,1,1,1,0,1,1,1,0,1,1,1,0,1,0,0,1,0,0,0,0,0,0,1,0,0,0,1,1,1,0,1,1,0,0,0,0,0,1,0,1,1,1,0,0,1,0,0,0,1,0,1,1,0,0,0,0,0,1,0,0.0,-446.790785371152,1
1,0,1,1,0,1,0,1,0,0,1,0,0,0,1,1,1,1,0,1,1,0,0,0,1,0,1,1,0,0,0,1,0,0,0,1,0,1,0,1,0,0,1,0,0,0,1,0,1,1,1,0,0,1,0,1,0,0,0,0,0,1,1,0,0.0,-446.78892108129594,1
0,0,1,0,1,1,0,1,0,0,1,0,1,0,0,0,1,1,0,1,0,0,0,0,0,0,1,1,0,1,1,1,1,0,0,1,0,0,0,1,0,0,1,1,1,0,0,1,0,1,0,0,0,1,0,1,0,1,1,1,0,1,0,0,0.015625,-446.7780934264819,1
0,1,1,0,1,0,0,1,1,0,0,1,0,1,1,0,1,0,0,1,1,0,0,0,1,0,0,1,0,0,0,1,0,0,1,0,1,1,0,0,0,0,1,0,0,1,0,1,0,1,1,0,1,1,0,0,0,1,0,1,0,0,1,1,0.0,-446.77748023445713,1
1,0,1,1,1,0,0,0,1,0,1,0,0,0,0,1,0,1,0,1,0,1,0,0,0,0,1,1,1,0,1,1,0,0,0,0,1,0,0,0,1,0,1,1,0,0,1,0,1,1,1,1,0,0,0,1,1,1,0,0,1,0,0,0,0.015625,-446.77718891156144,1
0,1,1,0,0,0,0,1,1,0,1,0,0,0,0,0,0,1,1,0,0,1,0,0,0,0,1,1,0,1,1,1,0,0,0,1,1,1,1,0,1,0,1,1,1,1,0,1,1,1,1,0,0,0,0,1,1,0,0,0,0,0,0,0,0.0,-446.7646112185219,1
1,1,1,0,0,1,0,1,1,0,0,1,0,0,0,0,1,1,0,0,1,0,1,0,0,0,0,1,0,0,1,0,1,0,0,1,0,0,0,0,0,1,1,1,1,0,0,0,0,1,0,0,1,1,1,1,1,1,1,0,1,0,0,0,0.0,-446.760409877244,1
1,0,1,1,1,0,0,1,0,1,0,0,1,1,0,0,1,0,0,1,1,0,1,0,0,0,1,1,0,0,1,1,0,1,0,1,1,1,0,0,1,0,0,1,0,0,0,1,0,0,0,0,1,0,1,1,0,0,0,0,0,1,1,0,0.015625,-446.7552867748408,1
1,1,0,0,0,1,0,0,1,0,0,1,0,1,0,1,1,0,1,0,1,1,0,0,0,0,1,1,0,1,1,0,0,0,0,1,1,1,0,0,0,0,0,1,1,1,0,1,0,1,0,1,1,0,0,1,0,0,1,0,0,1,0,0,0.0,-446.745622610417,1
1,0,0,0,1,0,1,1,0,1,0,0,0,1,0,1,0,0,0,0,1,1,1,0,1,1,0,1,0,0,1,0,0,0,0,0,1,1,0,0,1,0,0,1,1,1,0,0,1,1,0,1,0,0,1,1,1,0,0,0,1,1,0,0,0.0,-446.74501114574065,1
1,1,1,1,1,0,1,1,1,0,0,0,0,0,1,1,1,0,0,1,1,0,0,0,1,1,1,1,0,1,0,1,1,0,1,1,0,1,0,0,0,1,1,1,0,1,0,1,0,1,0,0,0,1,1,0,1,0,1,0,1,1,0,1,0.0,-446.74373753701286,1
1,0,1,1,1,1,0,0,0,0,0,0,1,0,1,1,0,0,0,0,1,1,0,0,1,1,0,1,1,0,0,1,1,1,0,1,1,0,0,0,0,0,1,1,1,1,0,1,0,1,0,1,1,1,1,1,1,0,1,1,1,1,1,0,0.015625,-446.73690028896965,1
0,1,1,1,0,1,0,1,0,0,1,0,1,0,0,0,1,0,0,1,1,1,1,0,0,1,0,1,0,0,1,0,0,1,0,0,0,1,1,0,1,0,0,0,1,1,1,1,0,1,1,0,0,0,0,0,1,0,0,0,0,1,1,0,0.0,-446.729425486266,1
1,0,1,1,1,0,0,0,0,0,0,0,1,0,1,0,1,0,0,0,1,1,0,0,0,1,0,1,1,0,1,1,1,0,1,0,0,1,0,0,0,1,0,1,1,0,0,1,0,1,0,0,0,1,0,1,0,1,1,0,1,0,1,0,0.0,-446.72874427829817,1
0,1,1,0,1,1,1,1,0,0,1,1,0,1,0,0,1,0,1,1,1,0,1,1,0,0,1,1,0,0,0,1,1,0,0,0,1,1,1,0,1,0,1,0,1,1,0,0,1,0,0,1,0,1,0,1,0,0,1,1,1,1,1,1,0.0,-446.7281050406415,1
1,0,1,0,1,0,0,0,0,0,0,0,1,0,1,0,1,0,1,0,0,1,1,0,1,0,0,1,1,0,0,0,0,0,0,0,1,0,1,0,0,0,1,1,1,1,1,0,0,1,1,0,1,1,0,1,1,0,0,1,1,1,0,0,0.0,-446.7195934969241,1
1,1,1,1,1,1,1,0,1,1,1,1,0,0,0,0,1,0,0,1,1,1,0,0,0,1,1,1,1,0,1,1,1,0,0,0,1,1,0,0,1,0,0,0,1,1,1,0,0,1,0,1,0,1,1,1,1,0,1,0,0,1,0,0,0.0,-446.71565813367533,1
0,0,1,1,0,1,0,0,0,0,1,0,1,0,0,1,1,0,0,0,1,1,0,0,0,1,0,1,0,0,1,1,0,0,1,0,1,1,0,0,0,0,1,1,1,1,0,0,0,1,0,1,1,1,1,0,0,1,1,0,0,0,1,0,0.0,-446.712343674242,1
1,1,1,1,0,0,0,1,1,1,1,0,1,0,0,1,0,0,0,0,1,0,0,0,0,0,0,1,1,0,1,1,1,0,0,1,1,0,1,0,1,1,0,1,1,0,1,0,0,1,0,0,1,1,0,1,0,0,0,0,0,0,0,0,0.0,-446.69591050823,1
1,1,1,0,1,1,1,1,1,1,0,0,1,0,1,1,0,0,0,0,1,0,0,0,0,1,1,1,0,0,1,1,1,1,1,1,0,0,1,0,1,0,1,0,0,1,0,0,1,1,0,0,1,1,1,0,1,1,1,0,0,1,1,0,0.0,-446.68868388062253,1
1,0,0,0,1,0,0,1,0,0,0,1,0,1,0,1,0,0,0,0,1,0,1,0,1,0,0,1,0,1,1,0,1,0,0,1,1,0,0,0,1,0,1,1,1,0,0,1,0,1,0,0,0,0,1,1,1,1,1,0,0,1,1,0,0.0,-446.68864229969654,1
1,0,0,1,0,0,1,1,0,1,1,1,0,1,0,1,1,1,0,0,1,1,1,0,0,1,0,1,0,1,0,0,1,1,0,1,0,1,0,1,0,1,1,0,1,1,1,1,1,1,0,1,1,0,0,0,1,0,0,0,1,1,1,0,0.0,-446.6855569516265,1
0,0,0,1,1,1,1,0,0,0,1,0,0,1,0,0,1,0,0,1,1,1,1,1,1,0,1,0,1,0,1,1,0,0,1,1,1,1,0,1,1,1,1,1,0,1,0,1,1,1,0,0,0,1,1,1,1,0,0,0,1,1,0,0,0.015625,-446.6829416019598,1
1,1,0,1,1,0,1,1,1,0,0,0,1,0,1,0,1,1,0,1,0,0,0,0,1,0,1,1,1,1,1,1,1,0,1,1,1,1,0,1,0,0,1,1,0,1,0,0,1,0,0,1,0,0,0,1,1,1,0,0,1,1,1,0,0.0,-446.6776566304452,1
1,0,0,0,1,0,1,1,1,1,1,0,0,1,0,1,0,0,0,1,0,0,0,0,0,1,1,1,1,0,0,0,0,0,1,0,1,0,1,0,0,0,1,1,1,0,1,0,0,1,0,0,1,0,1,1,1,1,1,0,0,0,0,0,0.0,-446.6723237020022,1
1,1,1,1,1,1,0,1,1,0,1,0,1,0,1,1,0,1,0,0,1,1,0,0,0,0,0,0,0,0,1,1,1,0,1,1,0,1,0,0,0,0,1,1,0,1,0,1,0,1,1,1,1,1,0,1,1,1,0,0,1,1,1,0,0.015625,-446.6719774452108,1
1,1,1,0,1,1,0,1,1,0,1,1,0,1,1,0,1,1,0,0,1,0,0,0,0,1,0,1,1,0,0,0,1,1,1,0,1,0,1,0,1,0,1,1,0,1,1,1,0,1,0,1,0,1,0,1,1,1,0,0,0,1,1,0,0.0,-446.66409928443034,1
0,1,1,0,1,1,1,1,1,1,0,0,1,0,0,1,0,0,1,1,1,1,0,0,1,1,0,1,1,1,1,1,0,0,1,1,1,1,1,0,0,0,1,1,0,1,0,0,1,1,0,0,0,0,0,0,1,0,1,0,1,1,1,0,0.0,-446.664014254304,1
1,0,1,1,1,1,1,1,1,0,1,0,0,0,1,1,1,0,0,1,1,1,0,0,1,0,0,1,0,1,0,1,1,1,0,0,1,1,0,0,1,1,1,0,1,1,0,0,0,1,0,1,1,1,0,0,1,0,1,0,0,1,0,1,0.0,-446.6464295802043,1
1,0,0,1,1,1,0,0,1,0,1,0,1,1,0,0,1,1,0,0,1,1,0,0,1,0,0,1,0,0,1,1,1,0,1,0,1,1,1,0,0,1,1,1,1,1,0,1,1,1,0,1,1,1,0,1,1,0,0,0,1,0,1,0,0.0,-446.6446733491814,1
1,1,1,1,0,0,1,1,1,0,1,0,0,0,0,1,1,1,0,0,1,0,1,0,0,1,0,1,0,1,1,0,0,0,0,1,1,1,0,0,1,0,1,1,1,1,1,1,1,1,0,1,1,1,0,1,1,0,1,0,0,0,1,0,0.0,-446.6406921978049,1
0,1,1,0,0,1,1,1,1,1,1,1,0,1,0,1,0,1,0,0,1,1,0,1,1,0,0,1,1,0,1,1,1,0,1,1,1,1,0,0,1,0,1,1,1,1,1,0,0,1,0,0,0,1,0,1,1,0,1,0,0,0,0,0,0.0,-446.62858368225886,1
1,1,1,1,1,0,0,1,1,0,0,0,1,0,0,1,0,0,1,1,1,1,0,0,1,0,1,0,0,1,1,1,1,0,0,1,1,1,0,0,1,0,1,1,1,1,0,0,0,1,1,1,0,0,1,1,1,0,0,1,0,1,1,0,0.0,-446.62383697289977,1
1,1,1,1,0,1,0,1,1,0,0,0,0,0,0,1,0,1,1,0,1,1,1,0,0,0,0,1,1,0,1,1,0,0,1,1,1,1,1,0,1,0,1,1,1,1,0,1,0,1,0,0,0,0,1,1,1,0,1,1,1,0,1,0,0.0,-446.6090936111535,1
1,0,0,1,1,0,1,1,0,0,0,1,0,1,1,0,0,0,1,0,1,1,1,0,1,0,0,1,0,0,1,1,1,0,0,1,1,1,1,0,1,0,1,1,0,1,1,1,0,0,0,0,1,1,1,1,1,1,1,0,1,0,1,0,0.0,-446.6051581365151,1
1,1,1,1,0,0,0,1,0,0,1,0,1,1,1,1,1,1,0,1,1,0,0,0,1,1,0,1,0,0,1,1,0,1,0,1,0,1,1,0,0,1,1,1,1,0,1,1,1,1,0,1,0,1,0,0,0,0,1,0,1,1,0,0,0.0,-446.60304532431473,1
1,1,0,1,0,0,1,1,1,1,0,1,1,0,1,0,0,0,1,0,0,0,0,0,1,1,1,1,1,0,1,1,1,0,0,1,1,1,1,0,1,0,0,0,1,0,1,0,1,1,0,0,1,1,0,1,1,1,1,0,0,1,1,0,0.0,-446.6026580273789,1
1,0,1,0,1,0,0,1,0,1,1,0,0,1,1,0,0,1,0,1,1,0,0,0,0,1,1,1,1,0,1,1,1,0,1,1,0,1,1,0,1,1,0,1,1,1,1,1,0,1,0,1,0,1,1,0,0,0,1,0,1,1,0,0,0.015625,-446.58837929032904,1
0,1,1,0,0,0,1,0,1,0,0,0,1,1,1,0,1,1,1,1,0,1,0,1,1,1,1,1,0,0,0,0,0,1,1,0,1,1,0,1,1,0,1,0,0,1,1,1,0,1,1,1,0,1,1,1,1,0,0,0,1,0,1,0,0.0,-446.58253842897614,1
1,0,0,1,0,0,1,1,1,1,1,0,0,0,0,1,0,0,1,1,1,1,0,1,0,1,0,1,0,1,1,1,0,0,1,0,1,1,0,1,0,1,1,0,1,1,0,1,0,1,0,1,0,0,0,1,1,1,1,0,1,1,1,0,0.0,-446.56434722191614,1
1,1,1,0,0,1,0,1,1,1,0,0,1,1,0,1,1,0,0,0,1,1,0,0,0,0,0,1,1,0,0,1,0,0,1,0,0,1,1,0,1,1,1,1,1,1,1,1,1,1,1,0,0,0,0,0,1,0,1,1,1,0,1,1,0.0,-446.56029335933226,1
1,1,1,0,1,1,0,1,1,1,1,0,0,1,1,0,0,0,0,1,1,1,1,0,1,0,1,0,1,0,1,0,0,1,0,1,1,1,0,0,1,1,1,1,1,1,0,1,1,1,0,1,0,1,0,1,1,0,0,0,0,0,0,0,0.015625,-446.5577642682132,1
1,1,1,1,1,1,0,0,1,0,0,0,1,1,0,1,0,0,1,1,1,1,0,0,1,0,1,1,1,0,1,1,1,0,0,0,1,1,0,0,1,0,1,0,1,1,1,1,1,1,1,0,0,1,0,0,0,1,1,0,0,1,0,0,0.0,-446.55229440379514,1
1,0,1,1,1,0,0,1,1,0,1,0,1,0,0,1,1,1,1,0,1,1,0,0,1,0,0,1,0,1,0,1,0,1,1,0,1,1,0,0,1,1,1,1,1,1,0,1,0,0,1,1,0,1,1,0,1,1,0,0,0,0,1,0,0.0,-446.5162337066499,1
0,0,1,1,1,1,1,1,0,0,1,0,1,0,1,1,0,1,0,0,0,0,1,0,1,0,0,1,1,0,0,1,1,0,0,0,1,1,1,1,1,0,1,1,1,1,0,0,0,1,1,0,0,1,0,1,1,0,1,1,1,1,1,0,0.0,-446.48353636330114,1
1,0,1,1,0,1,1,1,1,1,0,0,1,1,0,1,1,0,1,0,0,0,1,0,0,0,1,1,1,0,0,0,0,0,1,0,1,1,0,0,1,0,1,1,1,1,1,1,0,1,1,0,0,1,0,1,0,1,0,1,1,1,1,0,0.0,-446.4330317416817,1
1,0,1,1,0,0,1,1,1,0,0,0,0,0,0,0,0,1,1,1,1,1,1,0,1,0,0,0,0,0,0,1,0,0,0,1,0,0,0,0,0,0,1,1,1,1,0,0,0,1,0,1,0,0,0,1,1,0,1,1,1,1,0,0,0.0,-442.9943949484366,1
0,0,1,0,1,0,1,1,0,0,0,0,0,0,0,0,0,1,1,0,0,0,1,1,0,0,0,0,1,0,1,0,1,0,0,1,0,1,0,0,0,1,1,0,0,1,0,1,0,1,0,1,0,1,0,1,1,1,1,0,1,1,1,0,0.0,-442.9749184074043,1
1,0,1,1,1,1,1,0,1,0,0,0,0,0,1,0,1,0,0,0,1,1,0,0,1,0,0,0,0,0,0,0,1,1,1,1,1,1,0,0,1,0,0,0,1,1,0,0,0,1,0,0,0,1,0,0,0,0,0,0,1,1,1,1,0.0,-442.9705521529783,1
1,1,0,0,0,1,0,1,0,0,1,1,0,0,0,1,1,0,0,0,1,1,0,0,1,0,1,1,0,0,0,1,1,0,0,0,0,1,0,0,1,0,1,1,0,0,1,1,0,0,0,1,0,1,0,1,0,0,1,0,1,0,0,1,0.0,-442.9565072383724,1
1,1,1,0,1,1,1,0,1,0,0,0,0,0,0,0,1,0,0,0,1,1,0,0,1,0,1,1,0,0,1,1,0,0,0,1,1,0,0,0,0,0,1,0,1,0,0,1,0,1,0,1,1,1,0,1,1,0,0,1,0,0,0,0,0.0,-442.94216146416437,1
0,0,0,0,0,0,0,1,0,0,1,1,0,0,0,0,0,0,0,1,1,1,0,0,1,0,1,0,0,0,0,0,1,1,1,0,0,0,0,1,0,1,1,1,1,1,0,1,0,1,0,1,1,1,1,1,1,0,1,0,1,0,0,0,0.0,-442.9260604832296,1
1,1,0,0,0,1,0,0,0,0,0,0,0,0,0,0,1,1,0,1,1,1,0,0,1,1,0,1,0,0,1,1,0,0,0,1,0,0,1,0,0,0,1,1,1,1,0,1,0,0,0,0,1,1,0,1,1,0,0,1,1,0,1,0,0.03125,-442.92420746632877,1
0,1,0,1,1,0,0,1,0,1,0,0,0,1,0,1,0,1,0,1,0,0,0,0,1,0,0,0,1,0,0,0,1,0,0,0,1,1,0,0,0,0,0,1,0,0,1,0,1,1,0,1,1,1,0,0,0,1,1,1,1,1,0,1,0.015625,-442.92339582836155,1
1,1,1,0,0,1,0,1,1,0,1,0,0,0,0,1,0,0,1,0,0,1,0,0,0,1,0,0,0,0,0,1,1,0,0,1,1,0,0,0,0,1,0,0,0,1,0,1,0,0,0,1,1,0,1,1,1,1,1,0,0,1,1,0,0.015625,-442.9209089717844,1
0,1,1,0,1,1,0,1,1,0,0,1,1,0,0,0,0,0,0,0,1,1,0,0,0,0,1,0,0,1,0,0,1,1,0,0,1,1,0,0,1,1,0,1,0,1,0,1,0,1,0,0,0,1,1,0,0,1,1,0,0,0,0,1,0.0,-442.9130114269458,1
1,1,0,1,1,1,0,1,0,0,0,1,0,0,0,1,1,1,0,0,1,0,0,0,0,0,0,0,0,0,1,0,1,0,0,0,1,0,0,0,1,1,1,0,1,1,1,0,0,1,0,1,1,0,0,0,1,0,1,0,1,0,1,0,0.015625,-442.8999995489649,1
0,1,1,1,1,0,0,1,0,0,1,0,0,0,0,0,1,0,0,0,1,1,1,0,0,1,0,1,0,0,0,0,1,0,1,0,0,0,0,1,1,0,1,1,0,1,0,0,1,0,0,1,0,0,1,0,1,1,0,1,1,0,1,0,0.015625,-442.89243715111763,1
0,0,1,0,1,1,0,1,1,0,1,0,1,0,0,1,0,0,0,0,1,0,1,0,1,1,0,1,0,0,0,1,0,0,0,0,1,0,1,0,0,0,0,1,0,1,1,1,0,0,0,0,1,1,0,0,1,1,0,0,0,1,1,1,0.015625,-442.89216874608417,1
0,0,1,0,0,1,0,1,0,0,1,0,0,1,1,1,0,1,0,0,1,1,0,0,1,1,0,1,0,0,0,1,1,0,0,1,1,1,1,0,0,0,1,0,1,1,0,0,0,1,0,0,0,0,1,0,1,0,0,1,0,0,0,1,0.0,-442.8907445918925,1
0,0,1,0,0,1,0,1,1,0,0,0,1,1,0,0,1,0,0,0,0,0,0,1,0,1,0,1,0,0,0,1,1,0,0,0,1,1,1,0,0,0,1,1,0,0,1,1,1,1,1,0,0,1,1,1,0,0,0,0,0,1,0,1,0.0,-442.8903150225989,1
1,0,0,1,1,1,1,1,0,0,1,1,0,1,1,0,0,0,0,0,1,1,0,0,1,0,0,1,0,0,1,0,0,1,0,0,0,1,0,0,0,0,1,0,1,1,0,0,1,0,0,1,0,1,1,0,0,0,1,0,1,1,0,0,0.0,-442.88994077703643,1
1,1,0,1,1,0,0,1,0,0,0,0,0,0,0,1,1,0,0,1,1,0,0,0,1,0,0,1,0,0,1,0,0,0,0,1,1,0,0,0,0,0,1,1,1,1,1,1,0,1,0,1,0,1,0,1,0,0,1,0,1,0,0,1,0.0,-442.87539722198323,1
1,0,0,0,0,1,0,1,1,0,1,0,0,0,1,1,1,1,0,0,0,1,0,0,0,0,0,1,1,0,0,1,1,1,1,1,0,1,1,0,0,0,0,0,1,1,0,0,0,1,0,0,0,0,1,1,1,0,0,0,0,1,0,1,0.0,-442.8702516220009,1
0,0,1,0,1,0,1,1,0,0,0,0,1,0,0,0,1,0,0,1,1,0,0,0,1,0,0,1,1,0,0,1,1,0,1,0,1,1,0,1,1,0,1,1,1,1,1,0,1,1,0,0,0,0,0,1,0,0,0,0,0,0,0,1,0.0,-442.8528759316794,1
0,0,1,1,0,0,0,1,0,0,1,0,1,1,0,0,0,0,0,0,1,1,1,0,0,0,0,1,0,0,0,1,0,0,0,0,1,1,0,0,1,1,1,1,0,1,1,0,1,1,0,1,1,0,0,1,1,0,1,0,0,1,0,0,0.0,-442.8450783675364,1
1,0,1,0,0,0,0,0,0,0,1,0,1,1,0,0,0,0,1,1,0,1,1,0,0,0,1,0,0,1,0,1,0,1,0,1,1,1,0,0,1,0,1,0,1,1,1,1,0,1,0,0,1,1,0,0,1,0,0,0,0,0,1,0,0.015625,-442.8421926092619,1
1,0,0,0,0,0,0,1,0,0,1,0,1,0,1,0,0,0,0,0,1,1,0,0,0,0,0,1,0,1,1,0,0,0,1,1,0,1,1,0,1,1,1,0,1,0,0,1,1,1,0,0,0,0,1,0,1,0,0,0,1,1,1,1,0.0,-442.8271510400221,1
1,0,1,0,0,1,0,1,0,0,1,0,1,0,0,1,1,1,1,0,1,0,0,0,0,1,0,1,0,1,0,1,0,0,0,1,0,1,0,1,1,0,0,1,1,1,0,1,1,1,0,0,0,1,0,0,0,0,0,0,0,1,0,0,0.0,-442.82701543161363,1
0,1,0,1,0,1,1,0,1,0,0,0,0,1,1,0,0,0,1,0,1,0,0,0,0,0,0,1,0,1,0,0,1,0,0,1,1,1,0,0,0,0,1,1,0,0,0,1,0,0,1,1,1,0,0,1,0,1,1,0,1,0,1,1,0.0,-442.81302968085237,1
1,0,1,0,1,0,1,0,1,1,1,1,0,1,0,0,0,1,0,1,1,1,1,1,1,1,0,0,0,0,1,1,0,1,1,1,1,0,0,0,1,1,1,0,0,1,1,1,1,1,0,1,0,0,0,1,0,0,1,0,0,1,1,1,0.015625,-442.80828702110625,1
1,1,0,1,0,0,0,1,1,0,0,0,0,0,0,1,1,0,1,0,1,1,0,0,0,0,0,1,1,0,0,0,1,0,0,1,0,1,1,0,0,0,1,0,1,0,0,0,0,1,0,1,1,1,1,1,1,1,0,0,0,0,1,0,0.015625,-442.8034245773267,1
0,0,1,0,1,0,0,1,0,0,0,0,1,1,0,0,1,0,0,1,1,1,1,0,0,0,1,1,0,0,1,0,1,0,0,0,0,1,0,0,0,0,1,1,1,1,1,0,0,1,0,1,0,0,0,0,1,1,1,0,0,1,1,0,0.0,-442.80319725061224,1
0,0,1,1,1,1,1,1,1,0,0,0,1,1,0,1,0,0,0,1,0,0,1,0,0,0,0,0,0,0,1,1,1,0,0,0,0,1,1,0,0,0,1,1,1,0,0,1,0,1,0,0,0,0,1,1,0,1,0,0,0,1,1,0,0.0,-442.79285657605095,1
0,0,1,0,0,1,0,0,0,1,1,0,1,1,0,0,0,1,0,1,0,1,0,0,0,0,0,0,0,0,1,1,1,0,1,0,0,0,0,0,0,0,1,1,1,1,0,1,0,1,1,0,0,0,1,1,1,1,1,1,0,1,0,0,0.03125,-442.783454751413,1
1,0,1,1,0,1,0,1,1,0,0,0,0,1,0,1,1,0,1,0,1,1,0,0,0,0,0,1,0,0,1,1,0,0,0,1,1,0,1,1,1,0,1,1,0,0,0,0,1,1,0,0,1,0,1,1,0,0,0,0,0,0,0,0,0.0,-442.780467062168,1
1,0,1,0,1,1,0,1,1,0,0,1,1,0,1,1,0,1,0,0,0,1,0,0,0,0,0,1,0,0,0,1,0,0,1,0,0,1,0,0,1,0,1,0,1,1,0,1,0,1,1,0,0,0,0,1,1,1,0,0,0,0,1,0,0.015625,-442.77748850415804,1
0,1,1,1,0,1,0,1,1,0,1,0,0,0,1,1,0,1,0,1,0,0,0,0,1,0,1,1,0,0,0,1,0,0,0,0,1,0,0,0,1,0,0,1,1,0,0,1,0,1,0,1,1,0,1,1,1,0,1,0,0,0,0,0,0.0,-442.776207540629,1
1,0,0,1,0,0,0,1,1,0,1,0,1,0,1,1,1,0,0,0,1,0,0,0,0,0,0,1,0,0,0,0,0,0,0,1,1,1,0,0,0,0,1,1,1,0,0,1,0,0,0,1,0,1,1,1,1,1,1,1,0,1,0,0,0.0,-442.765749410861,1
0,1,1,0,0,1,0,1,0,1,1,0,1,0,1,0,0,0,0,0,1,0,1,0,0,0,0,0,0,1,0,0,0,1,0,1,0,1,0,1,0,0,1,1,1,1,1,0,0,0,0,0,1,0,0,1,1,1,1,0,0,1,1,0,0.0,-442.76493379453245,1
1,0,1,1,0,1,0,1,1,1,1,0,1,0,1,0,1,0,0,1,0,0,0,0,1,0,1,1,0,1,1,0,0,0,0,0,0,1,1,0,0,0,0,0,1,1,0,1,0,1,0,0,0,0,0,1,1,0,1,0,0,0,1,0,0.0,-442.7541421684509,1
1,0,0,1,1,1,0,1,0,1,0,0,1,1,1,1,0,1,0,0,0,1,0,0,0,0,0,1,0,0,1,1,0,0,0,0,0,1,0,0,0,1,1,0,1,1,1,0,0,1,0,0,0,0,1,1,0,0,0,1,0,1,1,0,0.0,-442.7474842768343,1
0,0,1,0,0,0,0,1,0,0,1,1,0,1,0,0,1,1,0,0,0,1,0,1,0,0,0,1,0,0,1,1,1,0,0,0,0,1,1,1,1,0,1,1,0,0,0,0,1,1,1,1,0,0,0,1,0,1,0,0,0,1,1,0,0.0,-442.7427945187294,1
1,0,1,1,1,1,0,1,1,0,1,1,1,0,0,1,1,0,0,0,1,0,0,1,1,1,1,0,0,0,1,1,1,0,1,1,1,1,1,0,0,0,1,1,1,1,1,0,0,0,0,0,1,1,1,1,1,1,0,0,0,0,1,0,0.0,-442.6964439595116,1
1,1,1,1,0,1,0,1,1,0,1,1,1,0,1,0,1,0,0,1,1,1,0,0,1,0,0,1,0,0,1,1,1,1,0,0,1,0,0,0,1,0,1,0,1,1,1,1,1,0,0,1,1,1,1,1,1,0,0,0,1,0,1,0,0.0,-442.66851528608413,1
0,1,0,1,0,1,1,1,1,1,0,0,1,0,0,0,0,1,1,0,1,1,1,0,1,0,1,1,0,0,1,1,0,0,1,1,0,1,1,0,1,0,0,1,1,1,0,1,0,1,0,0,1,1,1,0,1,0,1,1,1,0,1,1,0.0,-442.667682222796,1
0,1,1,1,0,1,0,1,1,1,1,0,1,1,0,0,0,0,0,1,0,1,0,0,1,0,1,1,0,0,1,0,0,1,0,1,0,1,0,0,0,0,1,1,1,1,1,1,1,1,0,1,0,1,1,1,1,1,1,0,1,1,1,0,0.0,-442.6455189351989,1
0,1,1,1,0,0,1,0,0,1,1,0,0,0,1,1,1,0,0,1,1,1,0,0,1,1,0,1,0,0,0,1,1,0,1,1,1,1,0,0,0,0,1,1,0,1,0,1,1,1,1,1,1,0,0,1,1,1,0,1,0,1,1,1,0.03125,-442.6442035830661,1
0,0,1,0,0,1,0,0,1,1,1,0,0,0,1,0,1,0,1,0,1,1,1,1,0,0,1,1,1,0,1,1,1,0,0,0,1,1,0,0,1,1,1,1,1,1,0,0,0,1,0,1,1,1,0,0,1,0,1,1,1,1,1,1,0.015625,-442.63685017345347,1
1,1,1,1,1,1,1,1,1,1,1,0,0,0,1,1,1,0,0,0,1,0,0,0,0,1,0,1,1,0,0,0,1,0,1,1,0,1,0,0,1,0,0,1,1,1,0,1,0,1,0,1,0,1,1,1,1,1,1,0,0,0,1,1,0.0,-442.6099875004762,1
1,1,0,1,1,1,1,0,0,1,1,0,1,1,0,0,0,1,1,1,1,1,0,0,1,0,0,1,0,1,0,1,1,1,1,1,1,1,0,0,1,0,1,0,0,1,1,1,1,1,1,0,0,1,1,0,1,0,0,0,0,0,0,1,0.015625,-442.6053178160412,1
1,1,1,1,1,1,0,0,0,1,1,1,1,0,0,0,1,1,0,1,1,0,0,0,1,0,1,1,1,0,0,1,1,1,0,0,1,1,0,0,1,0,0,1,1,1,0,1,0,1,0,1,1,1,1,1,0,1,0,0,0,1,1,0,0.03125,-442.6032988983578,1
1,1,0,1,0,1,0,1,1,0,0,0,1,1,1,1,0,0,0,0,1,0,0,1,1,0,0,0,1,0,1,0,1,0,0,0,0,1,1,1,1,1,1,1,1,1,1,0,0,1,0,1,0,1,1,0,1,1,0,1,1,1,1,1,0.0,-442.58457429579846,1
1,1,0,0,1,1,1,1,0,1,0,1,0,0,0,1,1,0,0,0,1,0,1,0,0,1,1,1,1,0,0,1,0,0,1,1,1,1,0,0,0,0,0,0,0,0,0,1,1,0,0,1,0,0,0,0,0,0,0,0,0,0,1,1,0.0,-438.113864874758,1
0,0,1,1,1,0,1,0,0,0,1,0,0,0,1,0,1,0,0,0,0,0,0,0,0,0,0,0,1,0,1,1,0,1,0,0,0,1,0,0,1,1,1,1,0,1,0,1,0,1,0,1,1,1,0,0,1,0,0,1,0,1,1,0,0.015625,-438.0628208509945,1
0,1,0,1,0,1,0,1,1,1,1,0,1,0,1,0,1,1,1,0,1,0,1,0,0,0,0,1,0,0,0,0,1,0,0,0,0,1,0,1,0,0,1,0,0,1,0,0,1,1,0,1,0,0,0,0,1,0,1,0,0,1,0,0,0.015625,-438.0547487878205,1
1,0,1,1,1,1,0,1,0,0,1,0,0,0,0,0,0,0,1,0,1,0,0,1,0,0,0,1,0,0,0,1,1,0,0,1,1,1,0,0,1,0,0,1,1,1,0,0,0,1,0,0,1,1,0,0,0,0,0,1,1,0,0,1,0.0,-438.0337487239578,1
0,1,1,0,0,0,1,1,1,0,0,0,0,0,0,1,1,1,1,1,1,0,1,1,0,0,0,0,0,1,0,1,0,0,0,0,1,0,0,0,1,0,1,1,0,0,0,0,0,1,0,1,1,0,1,1,0,0,0,0,0,1,1,0,0.015625,-438.0032279418347,1
1,0,1,1,0,1,0,0,0,0,1,1,0,0,1,1,0,0,0,1,0,0,0,0,1,1,0,1,0,1,0,0,0,1,1,0,0,0,1,0,1,0,1,0,0,0,0,1,0,1,0,1,1,0,1,0,1,0,1,0,0,1,0,0,0.015625,-437.9967402976111,1
0,0,0,1,0,1,0,0,0,0,1,0,0,0,0,0,1,0,0,1,1,1,1,0,1,0,0,1,1,0,0,0,0,0,1,0,1,1,0,0,0,1,1,1,1,1,1,1,0,0,0,0,0,0,0,1,1,0,1,0,1,1,0,0,0.0,-437.99497533366787,1
0,1,1,1,0,0,0,1,1,0,1,0,0,0,0,1,0,0,0,0,1,1,1,0,1,0,0,1,1,0,1,0,1,1,0,0,1,0,0,1,1,0,0,0,0,1,0,1,0,0,0,0,0,1,1,1,1,1,0,0,0,0,0,0,0.03125,-437.9667751574341,1
1,0,1,0,0,0,1,0,1,0,0,0,0,0,1,0,0,1,0,0,1,0,0,0,1,0,0,0,0,0,0,1,0,0,1,1,1,1,1,0,1,1,1,1,1,1,0,0,0,1,1,0,0,1,0,0,0,1,1,0,1,0,0,0,0.0,-437.9640732398845,1
0,0,1,0,0,1,0,1,1,1,0,0,0,0,1,1,0,0,0,1,1,1,0,0,0,0,0,1,0,0,0,1,1,0,0,1,1,0,0,1,0,0,1,1,1,1,0,0,0,1,0,1,0,0,0,1,0,1,0,0,1,0,1,0,0.0,-437.9433266302565,1
0,1,1,1,0,1,1,1,0,0,0,0,0,0,1,0,1,0,0,0,1,0,0,0,1,0,0,1,1,0,0,1,0,0,0,0,1,0,0,0,1,0,1,1,1,1,0,1,0,1,0,0,1,1,0,1,0,1,1,0,0,0,0,0,0.0,-437.92596360282795,1
0,0,1,0,1,1,0,0,1,1,0,0,1,1,1,0,1,0,0,1,0,1,1,0,1,0,0,1,0,0,0,0,0,0,1,1,1,0,1,0,1,0,0,1,0,1,1,0,0,1,0,1,0,0,0,0,1,1,0,0,0,0,0,0,0.0,-437.89596766453747,1
0,1,0,1,0,0,0,1,0,0,0,0,1,0,1,1,0,0,0,0,1,1,0,0,0,0,0,1,0,0,1,1,1,0,0,1,1,0,1,0,1,1,0,0,1,0,1,0,0,0,0,0,1,1,1,1,0,0,1,0,0,1,1,0,0.0,-437.89167435828324,1
1,1,1,0,1,1,0,1,1,0,0,1,1,0,0,0,1,1,0,0,1,1,0,0,1,1,1,1,0,1,1,1,0,0,0,0,1,1,1,0,1,1,1,1,1,0,1,0,1,1,0,1,1,1,0,0,0,1,1,0,0,0,1,1,0.015625,-437.7018223344379,1
1,0,1,1,1,0,0,1,1,0,0,0,0,0,0,0,1,1,1,0,1,1,1,0,0,1,1,1,1,0,1,0,1,0,1,0,1,0,0,0,1,1,1,1,1,1,0,1,0,1,0,1,1,1,1,1,1,1,1,0,0,1,1,0,0.0,-437.5905925352546,1
1,1,0,0,0,1,0,1,1,1,1,0,1,0,1,0,0,0,0,1,1,1,0,0,0,0,0,1,1,0,1,1,1,0,1,0,1,1,1,1,0,0,1,1,1,1,0,1,0,1,1,0,0,1,1,1,1,0,1,1,1,1,1,0,0.015625,-437.54840232952733,1
0,0,1,0,0,0,1,0,0,0,0,1,0,0,1,1,1,0,1,0,1,0,0,0,0,0,1,0,0,0,0,0,1,0,1,1,1,1,0,0,0,0,0,1,0,1,0,1,1,1,0,0,1,1,1,0,0,0,0,0,1,1,1,0,0.015625,-432.3503406629459,1
1,1,1,0,0,1,1,1,1,0,0,1,0,0,0,0,1,0,0,1,0,1,0,0,0,0,0,1,0,0,1,1,1,0,0,0,1,1,0,0,1,0,0,1,0,0,0,0,1,1,0,1,0,0,0,0,1,0,0,0,1,0,1,0,0.0,-432.31254625289307,1
1,1,1,1,0,1,1,1,1,1,0,0,1,0,0,1,1,0,0,0,0,0,0,0,0,0,0,0,1,1,1,1,0,0,0,1,0,0,0,0,1,0,1,1,0,1,0,0,0,1,0,1,0,1,0,1,0,0,0,0,0,0,0,0,0.0,-432.2901143758869,1
0,0,0,0,0,1,0,0,1,0,1,0,0,0,1,1,0,1,0,0,0,0,0,0,1,0,0,1,1,0,0,1,0,0,1,0,0,0,1,0,1,0,1,0,0,1,1,0,0,0,0,1,0,1,1,1,1,1,0,1,0,1,1,0,0.0,-432.2724974167779,1
0,1,1,1,0,0,1,1,0,1,0,0,0,1,0,1,0,0,0,1,1,0,0,0,0,1,0,1,0,0,0,0,1,0,1,0,0,0,0,0,1,1,1,0,0,1,0,1,0,1,1,0,0,0,0,0,1,0,1,0,0,1,1,0,0.0,-432.2084244550025,1
0,1,1,1,1,0,1,1,0,1,0,1,1,0,0,1,0,0,0,0,0,1,0,0,0,0,0,0,0,1,0,1,0,1,0,1,1,0,1,0,0,0,1,1,1,0,0,0,0,0,0,0,0,0,1,1,1,0,0,0,0,0,1,0,0.0,-425.62411550188784,1
