
#parameters    
param n, integer, > 0; /* number of assets */    
param B, >= 0;      
param mu{i in 1..n};                          
param sigma{i in 1..n, j in 1..n};    
param q;    
                                              
#variables                                    
var y{i in 1..n, j in 1..n}, binary;    
var x{i in 1..n}, binary;                     
    
#capacity constraint    
s.t. card0: sum{i in 1..n} x[i] = B ;    
#constraints to link x and y                   
s.t. card1{i in 1..n,j in 1..n}: y[i,j] <= x[i] ;    
s.t. card2{i in 1..n,j in 1..n}: y[i,j] <= x[j] ;    
s.t. card3{i in 1..n,j in 1..n}: y[i,j] >= x[i]+x[j]-1 ;    
    
#objective function    
minimize obj: sum{i in 1..n, j in 1..n} y[i,j] * sigma[i,j] * q - sum{i in 1..n} mu[i]*x[i];    

solve;
printf: "{ ""solution"": [%d", x[1] > "results/scenarioA2_N64_B0.7_classical/IPL_linearized_N64q80.00B44_solution.json";
printf{i in 2..n}: ",%d", x[i] >> "results/scenarioA2_N64_B0.7_classical/IPL_linearized_N64q80.00B44_solution.json";
printf: "]}" >> "results/scenarioA2_N64_B0.7_classical/IPL_linearized_N64q80.00B44_solution.json";

#data:
data;

param n := 64;
param q := 80;
param B := 44;
param mu :=
1 0.006672863194472878
2 -0.0024260348807121413
3 -0.0005657719597152611
4 0.007216187053817697
5 0.00011199769027088191
6 0.004340523231458148
7 9.163352244409562e-05
8 9.667140929613405e-05
9 0.007349654915453152
10 -0.0013502236473571182
11 0.002564918493923302
12 0.0065942639571386075
13 0.0037952256466226076
14 -0.0018301496411297913
15 -0.004712361595109215
16 0.0017170712217501384
17 0.003489847958281456
18 0.007147740896610022
19 0.0021259089662375497
20 -0.005415057018813707
21 0.0022647542380288656
22 0.005774694612511622
23 -0.00020799173173521868
24 0.005964006043966902
25 -0.0011796755440926232
26 0.009079078599423047
27 -0.00045081850406758495
28 -0.0033729039853611087
29 0.004566694088427104
30 0.0009230141671536851
31 -0.005965365925735949
32 0.002337570869249178
33 0.006715254704204215
34 -0.002328457841864956
35 0.002744681055228582
36 0.0014891758118807607
37 0.001028279087513434
38 0.01038110306973226
39 0.005874309530234883
40 0.007671757326134243
41 -0.001516429900924665
42 -0.005366814548175702
43 -0.0016278513140929706
44 -6.95198101419714e-06
45 0.001310926444599836
46 0.0062501751461676415
47 0.00332716695413785
48 0.0010050317366574525
49 0.006482666437239109
50 0.0023468359083123
51 -0.005425395827227925
52 -0.01365081530750653
53 0.0020528428121833974
54 0.003623946172634657
55 0.004195681047600336
56 -0.0006370785148941182
57 -0.0008633775255719011
58 -0.0024027953340109765
59 0.00562873389312421
60 0.003968321102908406
61 0.007466162717324426
62 0.005176210986128543
63 0.00869773875033351
64 0.003992522253681197;
param sigma : 1 2 3 4 5 6 7 8 9 10 11 12 13 14 15 16 17 18 19 20 21 22 23 24 25 26 27 28 29 30 31 32 33 34 35 36 37 38 39 40 41 42 43 44 45 46 47 48 49 50 51 52 53 54 55 56 57 58 59 60 61 62 63 64 :=
1 0.0003137773405389041 -0.00017105053386198138 -3.397586440000851e-05 0.00016417263883816737 -2.261669458425324e-05 -2.7516311416434847e-05 -0.00022016846133650575 0.00012409239083781658 7.053870259276937e-05 1.1601658415451156e-05 0.0002142941990439731 0.0001548545476864349 6.78651821310544e-05 1.6721406782219745e-06 -6.891395864226503e-05 0.0003510253588091557 0.00015436400482111292 0.00014086605577226673 0.0001465673852126817 -0.00019134330707746422 0.00012807392565083146 3.074905865871445e-05 0.0001870615775053052 -0.00015314636926057522 -0.00013848442579565928 0.0001475789306370623 5.287010663360725e-06 0.0003325277170398765 8.974576109845859e-05 6.904170406850843e-05 0.00015183613818268277 1.4242332855320428e-05 0.00013565523182695785 -0.00014262550778720983 0.00012149190786716242 -0.00011420586202613168 0.00024134714574660962 0.0001694353879045256 0.0001918114345060399 0.00022280567954626376 -4.021374516857892e-07 0.00017933066651777392 -9.356138307162413e-05 0.00015708516949650874 0.00026459336817443135 3.38717574133563e-05 5.781788665796084e-05 -4.122544055837238e-05 3.3204203330152346e-05 0.0001453028162048566 0.00029639431011593755 0.00023777731786884837 0.00020265341615752452 1.3940095332543851e-05 0.00023631536929252765 0.0002239663560843527 -0.0001366516116612839 0.00024224044272782243 0.00019148372220643124 7.080409151548514e-05 7.469145836292205e-05 0.0001238401911435847 0.00015771547990512083 9.3016738993861e-05
2 -0.00017105053386198138 0.0004395534847259624 0.00018219266418142486 -2.5776416956889407e-05 0.00018376554046096674 0.00013024514658635132 0.00042251469983022266 5.212461023005494e-05 -2.6613409680936603e-05 0.00017294996755272516 -6.367137168388497e-05 -0.00010258363514785186 0.00017022619284240705 0.000316275007620181 0.0005773810497758083 -6.123278410502559e-05 -7.469525881233885e-05 -3.971252999779628e-05 2.072424097572359e-05 0.0005919349370234168 -3.728223793418839e-05 0.00013905405350412837 4.0641151619718977e-05 0.00025860171774137194 0.00028052703245491314 -0.0001526789286336444 8.783683063936219e-05 -4.826922419852525e-05 5.1581161039238185e-05 0.000220217126733053 7.824799301412287e-05 6.997603988457504e-05 -9.685954945897768e-05 0.00035695053140619853 -6.888425108079575e-05 0.000204191246512362 -0.00014561446935481168 -3.318188888793198e-05 1.8373443277789182e-05 6.789376876451423e-05 0.00020662725000192072 -2.223905369413863e-05 0.00016690099771512156 2.7114769178140504e-05 -8.218484871859003e-05 4.595432582666381e-05 9.48157594568776e-05 0.0001258254357304634 2.681052970916127e-05 -2.3868053118003227e-05 5.727485824004271e-05 -0.0003298925802924998 -5.749760673792729e-05 0.0001191541145482112 -0.00017138720959579136 -0.00011590587157909661 0.0002772016157597017 -0.00011864144199023652 -0.00017454470122962116 -1.4765480625306317e-05 -1.695277178672593e-05 -6.416714242403322e-05 1.730035139293951e-05 -5.511835827204675e-05
3 -3.397586440000851e-05 0.00018219266418142486 0.0002805810190156016 2.599475728616549e-05 0.00012180283043136964 8.244037315944874e-05 0.0001583823208990194 6.0976916496970764e-05 3.0109939081075467e-05 0.0001515219506696335 -3.0399047058759557e-06 -2.777539591956723e-05 0.0001328471233052973 0.0001239947356829563 0.0002014471016109546 -3.8929995190796036e-05 3.386883529373954e-05 5.0306139352219524e-05 4.958244782718809e-05 0.00019828079300114747 6.759676137426189e-05 7.368096462638058e-05 2.1813576622366408e-05 0.0001389267059943598 4.385183132336219e-05 -1.8006936581745346e-05 5.4802730866882404e-05 -2.783184026645277e-05 0.00012453099874482017 0.00013677197498399113 -5.4728007022296544e-05 4.468319741094683e-05 4.644716421350731e-05 0.00015146434334108177 5.284992725868713e-05 0.00010065556037014316 -3.2936032912771085e-05 0.00010362471724654129 -2.2978205709742567e-05 0.0001763705018108545 0.00015454250648250237 -6.922283752757339e-05 7.768224598195152e-05 4.976515742891937e-05 8.935506181188839e-06 0.00012630663496872977 8.088552394766432e-05 3.712312842040472e-05 0.00011947779236821917 7.303742063780716e-06 0.00010037524287601506 -0.00016809153234183515 -8.17258207783414e-05 0.00011173634881878526 8.357346012549079e-05 5.336330733614255e-05 6.189080795110786e-05 3.787445459175702e-05 -5.548920823781283e-05 5.723926559517738e-05 8.803739947597197e-05 1.6916360011137043e-05 0.00010742893087175654 1.7103351871458388e-05
4 0.00016417263883816737 -2.5776416956889407e-05 2.599475728616549e-05 0.0001917653543631277 1.9859529638437838e-05 3.334830632543393e-05 -6.352008463979417e-05 9.370897513449475e-05 4.595244277485051e-05 8.720030498194785e-05 0.00011898614361640736 9.493401622077789e-05 4.0917647089507094e-05 8.077721609743509e-05 -5.118086869372003e-06 0.0001981664781418102 7.542634236575305e-05 9.035726187871942e-05 0.00010149187420252493 -1.0962477817890104e-05 7.685610704424591e-05 4.146079629073543e-05 0.000140331451849626 -5.701148649168192e-05 -3.0080747230902516e-05 4.62599723614147e-05 3.097725538872601e-05 -2.732317898604078e-05 7.95945599639605e-05 0.0001046013827083433 8.612853006241123e-05 5.522073617134291e-05 2.0288053347184688e-05 -6.097858096473596e-06 7.793075789999231e-05 -6.37961225348799e-06 8.071663344767604e-05 9.431267337405033e-05 0.00017778770568825493 0.00014150677583103574 4.5714547579401774e-05 0.00010883945718228302 7.880887342494966e-05 5.399049776800421e-05 0.00010164293045611396 1.82249267815648e-05 5.9687617073094174e-05 -2.3327529838885618e-05 2.9620728576647934e-05 6.575043509114562e-05 0.0001434379267113465 -7.17889649200614e-05 0.0001217369938077073 3.4054298323897835e-05 2.9961529871509886e-05 8.227290410749189e-05 -9.750328930905636e-05 1.5479806612050456e-05 4.9777005650729316e-05 1.936475868671764e-05 4.034360816594901e-05 6.399829357138703e-05 0.00016897153458650152 3.1986970618946594e-05
5 -2.261669458425324e-05 0.00018376554046096674 0.00012180283043136964 1.9859529638437838e-05 0.00020914057806726075 0.0001585692575994167 0.0002541502441245048 8.38361121666086e-05 -6.336506226854907e-06 0.00010940578855163461 3.2911791828731355e-06 -1.509040036834864e-05 0.00015244708520428357 0.00022562448095539132 0.00037151130264989423 1.0644918597004277e-05 -2.00978390460177e-05 1.2567503823471148e-05 3.957657250860395e-05 0.00030057023878865427 3.997372198883663e-05 0.0001127917121219536 0.00011644908474547403 0.00018039796235744596 0.00012248542917546316 -4.521453918815154e-05 6.60131701602193e-05 -5.656762923837449e-05 0.00012948404392392745 0.00020021588385420842 5.1302402478293224e-05 2.8200082762708448e-05 -3.117465648177206e-05 0.00019261588415991245 -3.751538129109304e-05 7.312154819797443e-05 -5.9751173883584754e-05 6.395913158102806e-05 -3.8789076469927474e-05 0.00020611993707974127 0.00010047168051564696 -1.672629405814176e-05 3.734847783976332e-05 8.245793532779167e-05 4.051862655320014e-05 8.326358512796051e-05 8.542137865803046e-05 1.43429810552481e-06 7.923897678933091e-05 -4.2313429272907585e-05 6.118825327174213e-05 -0.000352126471361048 4.041755397112894e-06 6.334512836617018e-05 -5.522020988875276e-05 -6.213458157582912e-05 0.00010758832691171767 -0.00012816941755505114 -0.00010077348093745008 2.050637337824721e-05 -1.1411648410841123e-05 -6.577647294242292e-06 9.4091212533738e-05 -4.670661495234626e-05
6 -2.7516311416434847e-05 0.00013024514658635132 8.244037315944874e-05 3.334830632543393e-05 0.0001585692575994167 0.0002770802010175615 0.00026056822525207955 0.00013955935652754304 1.157574144069746e-05 0.0001526136036440178 5.511086501688993e-05 4.648809677014344e-06 9.509234332365434e-05 0.000336050160172333 0.00030981928969102504 -1.3035735617364712e-05 5.443955739045557e-05 4.6663840939024176e-05 5.737263177877296e-05 0.0002680541361834656 9.149515065079887e-05 8.826770028612505e-05 0.00014850984773782174 0.00023820667957307468 9.871016249132685e-05 -2.6434993823600432e-05 7.159448344743701e-05 -4.715758547604924e-05 0.00013051270300471404 0.00026299906370589395 0.0001576390197825954 3.7436329133257567e-05 -5.958052565070988e-05 0.00015770418079510818 5.804028168234424e-05 6.74900810322771e-05 1.1185092855641188e-05 7.01060129294668e-05 4.697468856623898e-05 9.698389289205244e-05 0.00012377336422794642 0.0001237437034909965 6.392139733810281e-05 0.0001704388818049739 0.00013014499059648522 4.280746724825987e-05 6.757012488932424e-05 -2.0221424685878148e-05 1.560081490352257e-05 4.777822005181106e-05 0.00016146916644188184 -0.0007441082677160896 7.217116224210187e-05 9.77074710395466e-05 -0.0002064211661741993 5.0658125894833426e-05 8.002371691598874e-05 -4.311299260842166e-05 -3.0267230831571136e-05 9.345466835274337e-06 -1.5438535486900285e-05 3.869816636995296e-05 0.00012650912378113204 -4.5085631873566667e-05
7 -0.00022016846133650575 0.00042251469983022266 0.0001583823208990194 -6.352008463979417e-05 0.0002541502441245048 0.00026056822525207955 0.0005679751426197252 6.317730540254257e-05 -3.292913355570834e-05 0.00017544447049601652 -0.00010284065874604404 -0.00012104425127483472 0.00018635480913643392 0.0003970052978319672 0.0006716430485273866 -0.00017744662384606676 -0.0001039767840179027 -6.123970953737796e-05 2.1332134295167934e-05 0.0006379849500068805 -1.1062720653074728e-05 0.0001288066238294899 4.9287492873127745e-05 0.00038107219165340223 0.00033217064054614224 -0.00017964241357689792 0.00011972983927714617 -9.48146046154646e-05 0.00011485961113968385 0.0002491217786381996 5.432410647528249e-05 3.363590775731775e-05 -0.00014639188758711188 0.00040385920632486394 -0.00010231753295454968 0.00024055371771556755 -0.00018671968823432585 -3.7383030352471056e-05 -5.176877529087769e-05 7.153112933356308e-05 0.0002084583288779341 1.9985693447100336e-05 0.0001712543472173083 8.106380314702802e-05 -0.00011645445097314994 6.47505529756925e-05 0.00010446375347403272 0.00011425432037830499 3.150304205913265e-05 -1.3595387095717753e-05 5.597081435640535e-06 -0.0009040392046987635 -5.548912989503146e-05 0.00011803917690397335 -0.0003558960233246336 -0.00017719014212804696 0.00030775248610056085 -0.00019598215931831286 -0.0001558579904562971 -1.0538712963619432e-05 -5.176094420333206e-05 -9.445106632560117e-05 1.4172921959413821e-05 -9.895954031431078e-05
8 0.00012409239083781658 5.212461023005494e-05 6.0976916496970764e-05 9.370897513449475e-05 8.38361121666086e-05 0.00013955935652754304 6.317730540254257e-05 0.00019543889138266924 3.901966646606013e-05 0.00012832604145476508 0.0001543265153882274 9.479313730736739e-05 0.00010731762724987731 0.00022499187505682495 0.00017482607538820585 0.00013482947370814188 0.00012043254419377768 0.00011871515240541776 0.00014121216360706883 0.00011070221471785143 0.00011140642869021426 9.329182415537877e-05 0.00018639587650345657 3.348756640131006e-05 5.12281101814542e-06 6.331373259651308e-05 8.260378617799313e-05 0.00022184868591949248 0.00013167451621964347 0.0002126087449102765 0.0001876493026308764 4.9041099272375395e-05 5.197182832949461e-05 6.23254587194582e-05 8.0307935947162e-05 -3.0604712502574214e-05 0.00015464765345827376 0.0001407774248787947 8.338733499873882e-05 0.00015095231483265698 0.00012777831118528524 0.0001325092040396317 -1.967637651002611e-05 0.0001587751471340553 0.0002254771935576875 5.177135882152026e-05 8.258620456982046e-05 -1.4255446290673e-06 3.410380239240146e-05 0.00013985079057838754 0.0002931693207196494 -0.0003281769941848313 0.0001714598671023154 7.193025277031981e-05 6.828008952909748e-05 0.00016213177633772694 4.2969918918656447e-05 0.00014452128225990772 3.732733868612443e-05 4.999304261344672e-05 2.8467924359450816e-05 8.432435075675439e-05 0.00014398053565828307 4.22443296490541e-05
9 7.053870259276937e-05 -2.6613409680936603e-05 3.0109939081075467e-05 4.595244277485051e-05 -6.336506226854907e-06 1.157574144069746e-05 -3.292913355570834e-05 3.901966646606013e-05 0.00012350171487378661 4.395115034578469e-05 4.6362249244164723e-05 6.55882531645511e-05 3.955218021474124e-05 9.039768173599001e-06 -1.81492155725821e-06 4.84020717884512e-05 6.324048629003538e-05 3.827789760989547e-05 4.0008252225945385e-05 -4.64035395846272e-05 2.0945628267419887e-05 -1.7265946004547204e-05 5.446617485931182e-06 -1.8272203819265106e-05 -3.455869389270507e-06 4.5168316542538036e-05 3.1482985262610635e-05 3.7654726765587634e-05 1.8364407885753387e-05 2.2185686624351558e-05 -1.2593797081099506e-05 1.3471868095350033e-05 6.830023646736187e-05 -1.3098404201091706e-05 3.120751994518184e-05 7.639349833017067e-05 4.644684015171131e-07 5.1964988264568785e-05 2.561690683537168e-05 5.378889189546673e-05 0.00010120112333552443 1.4727296769900012e-05 1.7640694539767e-05 1.3330938114035013e-05 5.422010297531233e-05 4.973770688818905e-05 3.9581139370002693e-05 4.3778978647845176e-05 -3.193950465796393e-05 4.535362424924355e-05 2.878023959666637e-05 0.00014893111433958675 -2.0012664306808666e-05 2.845802712115707e-05 1.150768118379051e-09 2.147060110849462e-05 -4.631940188509266e-06 1.9166697277622762e-05 3.5180939141865625e-05 4.3528621761859244e-05 0.0001296573833556534 4.403970726930865e-05 3.556514916578186e-06 1.7851392466983377e-05
10 1.1601658415451156e-05 0.00017294996755272516 0.0001515219506696335 8.720030498194785e-05 0.00010940578855163461 0.0001526136036440178 0.00017544447049601652 0.00012832604145476508 4.395115034578469e-05 0.0004412248739170243 7.333357963643814e-05 -2.4543125168819874e-07 7.747245254788584e-05 0.0003136322815087571 0.00034773092620634906 0.00014876902277578488 4.8612554750590837e-05 -1.3830009001074213e-05 8.750229737864404e-05 0.00036671176600302423 -2.0938044973363346e-05 1.9059146253489e-05 0.00011873179479967243 0.00011004429988116903 0.00012949194590203592 -5.503493680433516e-05 2.5454760812191368e-05 -2.8161277397139764e-05 0.00013038468456347924 0.0002257367713942237 0.0001654254078023113 6.794367208783689e-05 -4.764400514663159e-05 0.00020789856430171184 8.17438826031087e-05 1.654550942436907e-05 3.46680037193572e-05 5.640761768486737e-05 0.0002764584569245451 0.00012460701909711006 6.638751375097209e-05 4.978147551102448e-05 0.00010160970453984585 8.527216604380816e-05 0.00016843669627560878 4.933986704129884e-05 0.00012074535897073181 -7.018548728862612e-05 -5.032107138761173e-05 9.566523572399876e-05 0.0003518301726065203 -0.0002834799528394178 -1.0047061559557765e-05 3.2327896274369626e-05 -6.323267418295353e-05 0.00015817888524712753 5.430180338211267e-05 0.00016937341480225847 -4.873388782989205e-05 -7.631979844017427e-06 5.23347379425829e-05 -2.0125358983416535e-05 0.00012064596494005808 -5.003429547483909e-05
11 0.0002142941990439731 -6.367137168388497e-05 -3.0399047058759557e-06 0.00011898614361640736 3.2911791828731355e-06 5.511086501688993e-05 -0.00010284065874604404 0.0001543265153882274 4.6362249244164723e-05 7.333357963643814e-05 0.0002088151815624795 0.00010830347856852896 7.000518998081146e-05 0.00012417623498565966 4.234498158047595e-05 0.0002696862876812955 0.0001583951268517934 0.0001199434056090127 0.00014226892724870965 -4.5110644972346466e-05 0.00011435616269959628 4.867864091183297e-05 0.000194681244683838 -5.4376469649481546e-05 -7.774049049115695e-05 0.00011074550484260049 2.1829279026115263e-05 0.0002881094045161162 6.25510493355035e-05 0.00014134723736336944 0.00021849978418671126 2.8950245412762275e-05 7.935009462106114e-05 -5.3098036005703084e-05 0.0001334345779426864 -7.751597847480086e-05 0.0002350273685204802 0.00013944109311256068 0.00021791818372503984 0.00014573041110365213 5.084128519340825e-05 0.00018748545095671572 -6.942280576028942e-05 0.00019073570248231462 0.0002877895613360338 2.9726699575904957e-05 5.384414240020564e-05 -4.952545778020909e-05 1.757403317022974e-05 0.00014953581623560348 0.00035180182293495136 8.914231381226072e-06 0.0001979294263335478 4.479506229734339e-05 0.00012838668163798567 0.00024033130136201598 -5.303450969897586e-05 0.000248319518913184 0.00013638198817321614 4.849757279895283e-05 4.222329570258302e-05 0.00011963262549362719 0.00013966781920255055 6.926986621138339e-05
12 0.0001548545476864349 -0.00010258363514785186 -2.777539591956723e-05 9.493401622077789e-05 -1.509040036834864e-05 4.648809677014344e-06 -0.00012104425127483472 9.479313730736739e-05 6.55882531645511e-05 -2.4543125168819874e-07 0.00010830347856852896 0.00018000773568752496 -1.18044253929113e-06 2.8224839083180216e-05 -6.359490177436757e-05 0.0001031847871636564 8.178029152428997e-05 3.749903577354544e-05 6.418903957748683e-05 -0.00013777048071320465 7.001858141170534e-05 2.0082084377528915e-05 0.00011467453339650594 -0.00010078340642161862 -8.31651318888617e-05 8.833284901206593e-05 8.186617532315894e-06 0.0001359216795552657 3.688840680541828e-05 2.48102630899756e-05 7.676943653286575e-05 -3.6706956721742718e-06 8.099745437063556e-05 -0.0001027581245447361 2.517253669137837e-05 -6.417953665180987e-05 8.830644097662879e-05 7.825662363515338e-05 4.413410247518047e-05 9.334574108360424e-05 2.9789650764031298e-05 7.090019966865326e-05 -6.513973343045634e-05 5.854460756951629e-05 0.0001366215732495047 -1.133194594663208e-05 6.11114994890668e-05 -8.318486979103105e-06 5.526069570350522e-06 6.902815180373525e-05 0.0001323662287326838 8.973782095029037e-05 7.247946768867926e-05 -1.4561006550147569e-06 4.187673246235214e-05 8.71836957146976e-05 -6.589260898560368e-05 0.00010092427352266417 6.154705060027741e-05 2.9461428820107913e-05 5.2790229592137336e-05 8.396927636561328e-05 8.732076432126879e-05 4.553608157478921e-05
13 6.78651821310544e-05 0.00017022619284240705 0.0001328471233052973 4.0917647089507094e-05 0.00015244708520428357 9.509234332365434e-05 0.00018635480913643392 0.00010731762724987731 3.955218021474124e-05 7.747245254788584e-05 7.000518998081146e-05 -1.18044253929113e-06 0.00024817175296148997 0.00014733688782931625 0.00035968369511248625 0.00015228331000332842 3.0637502994035466e-05 9.079371710900373e-05 0.00011073152134189317 0.00024584536311667373 8.019706257560279e-05 0.00013691986481383802 0.00012024047864794988 0.0001358214865100771 0.00011379446602188893 1.9787511438376237e-05 9.8339553673686e-05 0.0003298592460417429 0.00013418538498604764 0.00018477919754940832 1.6405885296842646e-05 2.961217692600665e-05 3.108744036482862e-05 0.0001639940596599597 -4.237870579998118e-06 0.00011039244068476878 4.9407337584948876e-05 0.00011529172788482222 -3.758682246652563e-05 0.000238948888754614 0.0001556121379796788 9.929376580908506e-05 1.1619073483178294e-05 0.00011653466806491837 0.00016037108507507158 0.00010756513351507317 8.007673045663353e-05 6.45020035116434e-05 8.372365750159073e-05 9.471353892989034e-05 0.0001363550386062188 -0.0003025785705216055 6.246494765331149e-05 9.120811348867007e-05 -1.899957021406723e-06 3.379426125499705e-05 0.00013541746290771344 4.142652540260601e-05 4.87460100983879e-05 9.162147818857241e-05 7.119156035774773e-05 3.154472615874591e-05 0.0001081397626453305 3.0435683599656173e-05
14 1.6721406782219745e-06 0.000316275007620181 0.0001239947356829563 8.077721609743509e-05 0.00022562448095539132 0.000336050160172333 0.0003970052978319672 0.00022499187505682495 9.039768173599001e-06 0.0003136322815087571 0.00012417623498565966 2.8224839083180216e-05 0.00014733688782931625 0.0008155747829608139 0.0007884046622015402 9.42605280267054e-05 5.007724878008414e-05 8.42693146267717e-06 0.00011822795729924422 0.0005998364828745227 7.84252106989854e-05 0.00014816616534595086 0.00028861303801398645 0.0002692204552707326 0.00024050206030668464 -0.00011091731686286492 5.674841095103025e-05 0.00016186978217044135 0.00019969971431614284 0.00042044700412400225 0.0004867141073308885 7.182659178069431e-05 -8.838231303517594e-05 0.0002760091938517489 5.889018098165326e-05 6.6299141054645e-05 8.6040411105556e-05 0.0001048386220462087 0.00032285203403054394 0.00021272238800223019 0.00019740820329617844 0.00016275321816156262 5.0201838025123236e-05 0.0002943653528518532 0.00029055135748952594 1.6194204282022773e-05 0.00014191981151232732 7.33947677697624e-05 -3.7130294775578044e-05 0.00012211109373984629 0.0005249940423170136 -0.00038112648418879916 0.000249192630450569 0.00010243998770385937 -1.2438640165250156e-05 7.951806031774842e-05 0.00027481931900169164 0.00015658658077287145 1.6862625661625585e-05 -1.7251851666106743e-05 -7.937446724789783e-05 5.784309042315914e-05 0.00011932682429685503 -8.151052387280696e-05
15 -6.891395864226503e-05 0.0005773810497758083 0.0002014471016109546 -5.118086869372003e-06 0.00037151130264989423 0.00030981928969102504 0.0006716430485273866 0.00017482607538820585 -1.81492155725821e-06 0.00034773092620634906 4.234498158047595e-05 -6.359490177436757e-05 0.00035968369511248625 0.0007884046622015402 0.0013432374446205415 0.00011636115068296457 -7.577700738971963e-05 -0.00012610289343643264 8.512857429473468e-05 0.0009556762515433552 -2.9144089650159472e-05 0.00020224480034535105 0.0002597570535092552 0.0003885822732544845 0.00040812269047804526 -0.0001334460078128144 0.00011430043126008128 0.00041051801212424677 0.00018650351342549743 0.0004602017963648367 0.00030960712124960545 6.105119355319513e-05 -8.343396596262148e-05 0.0004995237514445343 -0.00012018130328003793 0.0002668283747053792 -3.959967036320949e-05 4.070731685053459e-05 0.00014503012076886454 0.00028980615345636533 0.000241484717284843 7.947571581158052e-05 8.456290611945729e-05 0.0002918237685324889 0.00010551039104571715 6.114493967628163e-05 0.0002674452917237179 0.0001283032408843112 -7.686314871873833e-05 9.514825251885755e-05 0.00036922981910955037 -0.000612525378587429 4.221532178998308e-05 0.0001283448255023761 -0.0001970148842498832 -7.927213520003031e-05 0.0005044161586832227 -2.3323779057538654e-06 -5.6142885325475256e-05 -1.6635380913287304e-05 -4.13670544990112e-05 -3.456117957570964e-05 3.96013505583312e-05 -0.00013113788623654813
16 0.0003510253588091557 -6.123278410502559e-05 -3.8929995190796036e-05 0.0001981664781418102 1.0644918597004277e-05 -1.3035735617364712e-05 -0.00017744662384606676 0.00013482947370814188 4.84020717884512e-05 0.00014876902277578488 0.0002696862876812955 0.0001031847871636564 0.00015228331000332842 9.42605280267054e-05 0.00011636115068296457 0.0008242640943190924 0.00019728642373139976 0.00018726924472623065 0.00020744447742953968 -4.381398276488326e-06 0.0001277255365031748 9.724079187708146e-05 0.00027832994597777524 -9.186185141869503e-05 -8.484076384179702e-05 4.0982101614861194e-05 -7.45582339891355e-05 0.0003938570629272493 5.5598785704255216e-05 0.00020051791164476867 0.00037627773009700515 0.00011608307501685583 6.437716144003798e-05 -0.00011664618041840697 0.0002484581309860141 -0.00018643363583934912 0.0002840736876369321 0.00010091644494478667 0.0003504471128214486 0.0002792862810932959 -7.246980699819693e-05 0.0002884621362386819 -3.532497914478893e-05 0.00028934406946588327 0.0005385450770125984 -2.193358158740283e-05 3.9209709683412273e-05 -0.0001445126017993034 -1.6302407427803352e-05 0.0001319432467234239 0.0005534433433101184 0.00022775725741053812 0.0002467595073859988 -2.178001324487608e-05 0.00017684694254341214 0.0003223170893723765 -0.00017052037794566125 0.00032211044518725145 0.00021796824316287194 0.00010510287591949258 9.022564580831488e-05 0.00015550827569575266 0.00027242214462724684 8.265645857656492e-05
17 0.00015436400482111292 -7.469525881233885e-05 3.386883529373954e-05 7.542634236575305e-05 -2.00978390460177e-05 5.443955739045557e-05 -0.0001039767840179027 0.00012043254419377768 6.324048629003538e-05 4.8612554750590837e-05 0.0001583951268517934 8.178029152428997e-05 3.0637502994035466e-05 5.007724878008414e-05 -7.577700738971963e-05 0.00019728642373139976 0.0001762957623765608 0.00013021502923230076 0.00011937601014109627 -0.00010094364349622755 0.0001225629037045022 1.9697034827033067e-05 0.00010760014789204281 -3.9889157450883823e-05 -0.00010800786841446589 8.015755265466991e-05 1.3906829692191065e-05 0.00015240944191971311 4.140240251665428e-05 0.00010152359147940458 0.0001702599158795967 3.0998123840995385e-05 9.947507675923347e-05 -7.520898938427511e-05 0.00016288039493609225 -7.913025425387479e-05 0.00017537790860013624 0.00011712562408912919 0.00016407393958843945 7.411567035007838e-05 7.082464091022753e-05 0.00014558462821432337 -4.3352269004433435e-05 0.00016895334450384034 0.00023650211929102327 3.978286519382304e-05 3.699568933832621e-05 -4.412806303711025e-05 2.2851788603472168e-05 0.00011268092876993363 0.000274325330389241 2.4070542059113943e-06 0.00013013564097822387 4.664784866663114e-05 0.00013780659819815998 0.00021392227303074975 -8.274747133057452e-05 0.00020508036013675837 9.982190580475097e-05 5.898183219720438e-05 7.404443617627092e-05 0.00011705607997230814 0.00011069600816720283 7.520294128280805e-05
18 0.00014086605577226673 -3.971252999779628e-05 5.0306139352219524e-05 9.035726187871942e-05 1.2567503823471148e-05 4.6663840939024176e-05 -6.123970953737796e-05 0.00011871515240541776 3.827789760989547e-05 -1.3830009001074213e-05 0.0001199434056090127 3.749903577354544e-05 9.079371710900373e-05 8.42693146267717e-06 -0.00012610289343643264 0.00018726924472623065 0.00013021502923230076 0.00024740916878731895 0.0001088227428798927 -7.182631420959511e-05 0.0001364355123131145 9.217353812324029e-05 8.356139932343364e-05 1.215642200007786e-05 -6.591021007706037e-05 7.200144429078365e-05 7.156542851902826e-05 0.00013433149850283256 0.00011286777085404374 0.00012259093333998164 7.454860222189773e-05 6.63872277249368e-05 8.12328932170994e-05 -1.582243181120446e-05 0.00011244901265811549 -2.722833295945982e-05 0.0001368509263885027 0.00015263326250765025 2.3229398635833308e-05 0.0001077607746367798 0.00010114153307317653 0.00012523170837188522 -3.5623315314700295e-05 9.774471130903708e-05 0.00017905195497171976 6.587447289177184e-05 -1.3121927965587759e-05 3.310716001021702e-05 9.795335420352043e-05 9.61292445115402e-05 0.00013481642723515064 -0.00021001210729505162 0.00020998827994831405 8.106437925501474e-05 0.00013945982704817786 0.00013757546826525678 -5.5017886398452574e-05 0.0001052014487677826 9.281862376316455e-05 9.636954931938968e-05 5.4555582424557275e-05 7.992187065405861e-05 0.00012681311456069408 8.042973851529379e-05
19 0.0001465673852126817 2.072424097572359e-05 4.958244782718809e-05 0.00010149187420252493 3.957657250860395e-05 5.737263177877296e-05 2.1332134295167934e-05 0.00014121216360706883 4.0008252225945385e-05 8.750229737864404e-05 0.00014226892724870965 6.418903957748683e-05 0.00011073152134189317 0.00011822795729924422 8.512857429473468e-05 0.00020744447742953968 0.00011937601014109627 0.0001088227428798927 0.0002229829226066151 3.4138650085431325e-05 0.00014425888774130435 5.37964391840524e-05 0.00015805671076282252 -3.564836944593615e-05 1.36915835402129e-05 4.975697102815018e-06 5.573623088345641e-05 0.00026595811190341037 0.00010402990419567157 0.000108210664393998 0.0001887100177859481 1.5614900060308904e-05 4.351284715397761e-05 2.5237256583181526e-05 0.00011746861615532778 -5.9409419206552555e-05 0.00017682577282903655 0.00011709242782049462 0.00016856561373134696 0.00016996890356523917 0.00010369805873133317 0.00019681463706794835 3.1963063003373635e-05 0.00016251627829206677 0.0002452653898203485 7.275789253483118e-05 5.2601588153723424e-05 6.438119925194874e-07 7.052875656853461e-05 0.000173979096979684 0.00035087076417421743 -0.0002520929438680018 0.00018061270225703862 2.2250096066460724e-05 0.00011005490748212687 0.00016168696787370845 -1.2574851591166166e-05 0.000240940161907049 0.00012693148900023933 9.092176912415336e-05 4.29514976330298e-05 7.808818784745362e-05 0.0001457545369824133 8.630734862192003e-05
20 -0.00019134330707746422 0.0005919349370234168 0.00019828079300114747 -1.0962477817890104e-05 0.00030057023878865427 0.0002680541361834656 0.0006379849500068805 0.00011070221471785143 -4.64035395846272e-05 0.00036671176600302423 -4.5110644972346466e-05 -0.00013777048071320465 0.00024584536311667373 0.0005998364828745227 0.0009556762515433552 -4.381398276488326e-06 -0.00010094364349622755 -7.182631420959511e-05 3.4138650085431325e-05 0.0009481774679392229 -6.182240646771304e-05 0.0001950721676902323 0.0001323406848932945 0.00040702405991609544 0.00044451156515587417 -0.0002213435483141012 0.00011592688438949411 -3.3720020784488286e-06 0.00014025396568061882 0.00038740538282528 0.0002295413764740515 7.38015880170719e-05 -0.00017575979389029839 0.0005467254505520169 -0.00010269224582323113 0.0002363528623348112 -0.00015869396254132378 -1.7486511398496878e-05 0.0002072974620115795 0.00014054885260494392 0.00023989159549365644 8.397355918393466e-05 0.00018788956781378186 0.00010674355401457443 1.2817170184436291e-06 4.618124846227068e-05 0.00017111570378100874 0.00013040628714283575 -7.779805046659728e-06 1.7304415537301155e-05 0.0002076059685934299 -0.0005780182656999304 6.422922764739557e-06 0.0001418575289387791 -0.0002824753333790178 -0.00012187915954775054 0.0003990816086308815 -9.530232063013094e-05 -0.00019467728070804118 -4.817432851315114e-05 -7.480347405319719e-05 -0.00010983097623476498 4.2034157003643164e-05 -0.00012159568662124692
21 0.00012807392565083146 -3.728223793418839e-05 6.759676137426189e-05 7.685610704424591e-05 3.997372198883663e-05 9.149515065079887e-05 -1.1062720653074728e-05 0.00011140642869021426 2.0945628267419887e-05 -2.0938044973363346e-05 0.00011435616269959628 7.001858141170534e-05 8.019706257560279e-05 7.84252106989854e-05 -2.9144089650159472e-05 0.0001277255365031748 0.0001225629037045022 0.0001364355123131145 0.00014425888774130435 -6.182240646771304e-05 0.00021566069613589793 8.650046677658868e-05 0.00016089221865803134 2.1530489369728618e-05 -5.816698879141451e-05 3.9024968513998355e-05 3.522295577600812e-05 0.00019772950025729973 0.00012425079240965185 0.00012343791480099706 0.0001488006974475836 -1.2953626891308793e-05 6.667564978811606e-05 -3.2770064315234534e-05 0.00012153679054705769 -5.443065483461994e-05 0.00014945097911267774 0.00015672569119024705 5.032017976526141e-05 0.00015158892833579745 7.336826510188174e-05 0.0002247817337254306 9.412413481268333e-07 0.0001618368761919261 0.00023300755184970526 5.1120459919497e-05 1.8491511226207685e-05 4.049509146092777e-06 8.649586743913898e-05 0.00012129217287510592 0.0002283259735202594 -0.0004242827562322438 0.00015517995685824972 6.190878768128727e-05 1.0754710501381666e-05 0.0001677446941738828 -7.370131253630122e-05 0.0002026605857773949 0.00015385698529457066 9.675638049673211e-05 2.575748894186905e-05 0.00011819710388309518 0.00016880665013723815 7.963314853300575e-05
22 3.074905865871445e-05 0.00013905405350412837 7.368096462638058e-05 4.146079629073543e-05 0.0001127917121219536 8.826770028612505e-05 0.0001288066238294899 9.329182415537877e-05 -1.7265946004547204e-05 1.9059146253489e-05 4.867864091183297e-05 2.0082084377528915e-05 0.00013691986481383802 0.00014816616534595086 0.00020224480034535105 9.724079187708146e-05 1.9697034827033067e-05 9.217353812324029e-05 5.37964391840524e-05 0.0001950721676902323 8.650046677658868e-05 0.00015129696410317808 0.0001263877864510383 0.0001060723468304086 7.258171420139615e-05 -6.097434258742709e-06 6.151479783499881e-05 0.00014555993493564986 0.00010109414932213166 0.0001748732646945182 8.973696453859591e-05 3.2263681414799145e-05 -2.2723802763599243e-06 0.00011319250875173911 -6.4815013788992265e-06 2.661519581896964e-05 2.5250063977450765e-05 8.557137671378423e-05 -3.2791455087456555e-05 0.00014233304040847872 9.756769234761706e-05 0.00010118665546969076 4.22656914883988e-06 6.941151242268487e-05 0.00013711391599551394 2.8081031496369865e-05 3.585163326394304e-05 5.0077361018593054e-05 7.463180659009544e-05 3.0958687603230875e-05 8.902278175679823e-05 -0.000266643977331026 0.00010227541645898868 7.549642895357418e-05 -2.8583699414433935e-05 1.8712907742335166e-05 7.742287958247271e-05 1.5792566509851386e-06 -7.122357013423585e-06 4.5619520656782436e-05 -1.4034636806833065e-05 3.8727325496441944e-05 0.0001122154171179775 1.786215395119929e-05
23 0.0001870615775053052 4.0641151619718977e-05 2.1813576622366408e-05 0.000140331451849626 0.00011644908474547403 0.00014850984773782174 4.9287492873127745e-05 0.00018639587650345657 5.446617485931182e-06 0.00011873179479967243 0.000194681244683838 0.00011467453339650594 0.00012024047864794988 0.00028861303801398645 0.0002597570535092552 0.00027832994597777524 0.00010760014789204281 8.356139932343364e-05 0.00015805671076282252 0.0001323406848932945 0.00016089221865803134 0.0001263877864510383 0.0003185664426764016 4.5017726817901985e-05 9.474024146372968e-06 5.191794586425457e-05 2.614636957574765e-05 0.0002328885675707728 0.00013294893322105198 0.0002583318094930369 0.0003082447449551462 2.7598039912060235e-05 1.0823993226783626e-05 3.97412240144834e-05 0.00010144990985974004 -5.663952325982234e-05 0.00019645923886772403 0.00015046075313768836 0.0001798679408410165 0.00025263568061468177 4.5065930510752546e-05 0.0002295708096351835 -1.0098812230208456e-05 0.00022422520232012053 0.00031757437060121453 2.0163981757677236e-05 7.519422476466429e-05 -5.738752240470879e-05 3.0659889260660984e-05 0.00011608619266546595 0.0004036877231945965 -0.0003684754390753617 0.00020515739998065092 6.097951391192169e-05 -4.878949112128946e-05 0.00020999193056196443 -2.0363956259104224e-05 0.00020358130137732708 0.00010377258022252145 4.552299751499174e-05 -1.6927860874824456e-05 0.00012187073347230948 0.000223161029901006 2.5307131534324767e-05
24 -0.00015314636926057522 0.00025860171774137194 0.0001389267059943598 -5.701148649168192e-05 0.00018039796235744596 0.00023820667957307468 0.00038107219165340223 3.348756640131006e-05 -1.8272203819265106e-05 0.00011004429988116903 -5.4376469649481546e-05 -0.00010078340642161862 0.0001358214865100771 0.0002692204552707326 0.0003885822732544845 -9.186185141869503e-05 -3.9889157450883823e-05 1.215642200007786e-05 -3.564836944593615e-05 0.00040702405991609544 2.1530489369728618e-05 0.0001060723468304086 4.5017726817901985e-05 0.00039566059647436024 0.00019982820147374292 -9.10497466853943e-05 5.6054699571973466e-05 -0.0001478466202183689 7.203787825800116e-05 0.0002134411254499769 2.2212150614551606e-05 3.6838992172824736e-05 -0.00012041852960435544 0.00025483871568845367 -2.8938497001815103e-06 0.00021203503919737737 -0.00012510698900947362 -7.422669005330792e-06 -2.1683048907438726e-05 8.07465904658041e-05 0.00013954099645583344 3.849410040875849e-05 8.761662318122648e-05 0.00011278348475386448 -3.440456626482299e-05 6.185794798615185e-05 2.5464543514346816e-05 4.5290765908274074e-05 6.914446569537919e-05 -5.113060259287931e-05 1.2183718104043241e-05 -0.0006839134724748806 -6.02381970534867e-05 0.00015372045481965244 -0.00035734414616831367 -4.393457239163186e-05 0.0001535348529908321 -0.00012093491611031374 -8.315311126914034e-05 4.904775250260226e-06 -7.50675115924553e-06 -3.9567154586000876e-05 5.824206722445394e-05 -7.610886659309684e-05
25 -0.00013848442579565928 0.00028052703245491314 4.385183132336219e-05 -3.0080747230902516e-05 0.00012248542917546316 9.871016249132685e-05 0.00033217064054614224 5.12281101814542e-06 -3.455869389270507e-06 0.00012949194590203592 -7.774049049115695e-05 -8.31651318888617e-05 0.00011379446602188893 0.00024050206030668464 0.00040812269047804526 -8.484076384179702e-05 -0.00010800786841446589 -6.591021007706037e-05 1.36915835402129e-05 0.00044451156515587417 -5.816698879141451e-05 7.258171420139615e-05 9.474024146372968e-06 0.00019982820147374292 0.00029436951076713995 -0.00014988994744217048 6.639349991293083e-05 -9.34888863744043e-06 4.5437382453236065e-05 0.0001045510987240723 4.1659957750482e-05 1.5437258559809326e-06 -0.0001366318127903298 0.00027665294176764527 -0.00010446189549782397 0.00016800566946318586 -0.00014014439339298738 -5.358547520946122e-05 5.701585310578054e-05 4.6588416734308976e-05 0.000130988701632163 4.930452999590598e-05 0.00012636909601183144 -3.2277875345617696e-05 -4.4505462819264224e-05 2.5575402717170584e-05 3.541840996283e-05 0.00012401652344763044 -2.6348755296416275e-06 8.772147100803821e-06 3.362573115882404e-06 -0.0002202082201458188 -1.8165675374944646e-05 4.539751027958594e-05 -0.00021964856443555756 -0.00015182842654342852 0.00022036340879907275 -8.89206611839585e-05 -8.241355285362726e-05 -1.5034161501697056e-05 -2.875151601029167e-05 -9.453303612595935e-05 -3.4606585148939143e-05 -6.267148763030835e-05
