0,1,2,3,4,5,6,7,8,9,10,11,12,13,14,15,chain_break_fraction,energy,num_occurrences
1,1,0,1,0,0,1,1,0,0,1,0,0,1,1,0,0.0,-59.429549958721445,1
0,1,0,0,0,0,1,1,0,1,1,0,0,1,1,1,0.0,-59.270094731258396,1
1,1,0,0,0,0,1,0,0,0,1,1,1,1,1,0,0.0,-59.2044181985247,1
1,0,1,0,0,0,1,0,0,0,1,1,0,1,1,1,0.0,-59.16518379684616,1
1,0,1,0,0,0,1,1,0,0,1,0,1,1,1,0,0.0,-59.13462660243045,2
1,1,0,0,0,1,1,1,0,0,0,0,0,1,1,1,0.0,-59.12719256730246,1
1,1,1,0,0,1,1,1,0,0,0,0,0,1,1,0,0.0,-59.11745894238571,1
1,1,0,0,1,0,1,1,0,0,1,1,0,0,1,0,0.0,-59.093374994279614,1
1,1,1,0,0,1,1,0,0,0,1,0,0,1,1,0,0.0,-59.084325461634734,1
1,1,0,1,0,0,1,1,0,1,1,0,0,1,0,0,0.0,-59.05628553971428,1
1,0,0,0,1,1,1,0,0,0,1,1,0,1,1,0,0.0,-59.04031029743459,1
1,0,1,1,0,0,1,0,0,0,1,1,0,1,1,0,0.0,-59.027512356152556,1
1,1,0,0,0,0,1,0,0,1,1,0,1,1,1,0,0.0,-59.025409828224205,1
1,0,0,1,0,0,1,1,0,0,1,0,1,1,1,0,0.0,-59.01819392761904,1
1,1,0,1,0,0,1,0,0,1,1,0,0,1,1,0,0.0,-59.000947640750816,1
1,0,0,1,0,1,1,1,0,1,1,0,0,1,0,0,0.0,-59.0008192431491,1
1,0,0,0,0,1,1,1,0,0,1,0,1,1,1,0,0.0,-58.99448370108218,1
0,1,1,0,0,0,1,1,0,0,1,0,1,1,1,0,0.0,-58.97589411042483,1
1,0,1,0,0,0,1,0,0,0,1,1,1,1,1,0,0.0,-58.972606101793026,1
1,1,0,1,1,0,1,0,0,0,1,0,0,1,1,0,0.0,-58.964211831613866,1
0,1,1,1,0,0,1,1,0,0,1,0,0,1,1,0,0.0,-58.957213160350484,1
1,1,1,0,0,1,1,1,0,0,1,1,0,0,0,0,0.0,-58.94519586803138,1
1,1,0,0,0,1,0,1,0,1,1,0,0,1,0,1,0.0,-58.944356071907265,1
1,0,1,1,0,1,0,1,0,0,1,1,0,0,1,0,0.0,-58.927668110844856,1
0,1,0,0,0,1,1,1,0,0,1,0,1,1,0,1,0.0,-58.9272269232261,1
0,1,0,0,0,0,1,1,0,1,1,1,1,0,1,0,0.0,-58.89836933321827,1
0,1,0,0,0,0,1,0,0,1,1,0,1,1,1,1,0.0,-58.87676827961437,1
1,0,1,0,0,1,1,0,0,0,1,1,0,1,0,1,0.0,-58.86901385578918,1
1,0,1,1,0,1,0,0,0,0,1,1,0,1,1,0,0.0,-58.863245771169424,1
1,1,0,0,1,1,0,1,0,0,0,0,0,1,1,1,0.0,-58.84085015411475,1
0,1,0,1,0,0,1,1,0,0,1,1,1,0,1,0,0.0,-58.836154534465635,1
1,0,1,0,1,0,1,0,0,0,1,0,0,1,1,1,0.0,-58.824270370031016,1
1,0,1,0,0,1,1,1,0,1,0,1,0,0,1,0,0.0,-58.821561145708415,1
1,1,0,0,0,1,1,1,0,0,1,1,1,0,0,0,0.0,-58.82069794765617,1
0,1,1,0,0,0,1,0,0,1,1,0,1,1,1,0,0.0,-58.82055692331925,1
0,1,0,0,0,0,1,1,0,1,1,0,0,1,1,0,0.0,-58.8189069705296,1
1,0,0,0,1,0,1,1,0,0,1,1,1,0,1,0,0.0,-58.817327856658565,1
0,1,0,0,1,1,1,1,0,0,1,0,1,0,1,0,0.0,-58.81601681329424,1
0,1,1,0,0,1,1,0,0,0,1,0,1,1,1,0,0.0,-58.81221935632518,1
1,0,0,1,0,1,1,1,0,1,1,1,0,0,0,0,0.0,-58.808465416162484,1
0,1,0,1,0,1,1,1,0,0,1,0,1,1,0,0,0.0,-58.79978489762982,1
1,0,0,0,1,0,1,1,0,0,1,1,0,1,0,1,0.0,-58.795758697688825,1
1,1,1,1,0,1,0,1,0,0,1,0,0,1,0,0,0.0,-58.79074980112099,1
1,1,1,0,0,0,0,1,0,0,1,1,0,0,1,1,0.0,-58.78959258766254,1
0,1,0,0,1,0,1,0,0,0,1,1,1,1,1,0,0.0,-58.785325061169495,1
1,1,0,0,0,0,1,1,0,1,1,0,0,1,0,0,0.0,-58.75713954213845,1
0,1,0,0,1,1,0,0,0,1,1,0,1,1,1,0,0.0,-58.75708803443635,1
1,1,0,0,0,1,1,1,0,0,0,0,0,1,1,0,0.0,-58.75559662213847,1
0,0,1,0,1,1,0,1,0,1,1,0,0,1,1,0,0.0,-58.75551630859644,1
1,0,1,1,0,1,1,1,0,0,1,0,0,0,1,0,0.0,-58.74608055671599,1
1,1,0,0,1,1,1,1,0,0,1,1,0,0,0,0,0.0,-58.74355339167828,1
1,1,1,1,0,1,0,1,0,0,0,0,0,1,1,0,0.0,-58.743482986529365,1
0,0,1,0,0,1,1,0,0,0,1,1,1,1,1,0,0.0,-58.74271207534607,1
1,1,0,0,1,1,0,1,0,0,1,0,1,0,1,0,0.0,-58.74044166305008,1
1,0,0,1,0,0,0,0,0,1,1,1,1,1,1,0,0.0,-58.737961809531804,1
1,0,0,1,0,1,1,1,0,0,0,0,0,1,1,1,0.0,-58.737795741569386,1
1,0,0,1,1,1,0,0,0,0,1,1,0,1,1,0,0.0,-58.73314048167028,1
0,1,0,0,0,1,1,0,0,1,1,1,1,0,1,0,0.0,-58.72996285490895,1
1,1,1,0,0,1,0,0,0,1,1,1,0,0,1,0,0.0,-58.729927845573954,1
0,1,0,0,0,1,1,0,0,0,1,1,0,1,1,0,0.0,-58.72040043402467,1
0,1,0,1,0,1,1,1,0,0,0,1,0,1,1,0,0.0,-58.71583993594348,1
1,0,0,1,0,1,0,1,0,0,1,0,0,1,1,0,0.0,-58.70183057809612,1
0,1,0,0,0,1,1,1,0,0,1,0,1,0,1,1,0.0,-58.70128637296549,2
1,1,0,0,0,1,1,0,0,1,1,0,1,1,0,0,0.0,-58.700997149958475,1
1,1,0,1,0,1,1,0,0,1,1,0,0,1,0,0,0.0,-58.68223386398113,1
1,0,1,1,0,0,1,1,0,1,1,1,0,0,0,0,0.0,-58.67313557124289,1
0,1,1,0,0,0,1,1,0,0,1,1,1,0,1,0,0.0,-58.668104793934106,1
0,1,1,1,0,0,1,0,0,0,1,0,1,1,1,0,0.0,-58.6635882593403,2
1,0,1,0,1,1,0,0,0,0,1,0,0,1,1,1,0.0,-58.66268278023908,1
0,1,0,0,1,0,0,1,0,1,1,0,1,1,1,0,0.0,-58.658942602008324,1
1,0,0,1,0,0,1,1,0,1,1,1,0,0,0,1,0.0,-58.65451376923353,1
1,0,1,0,0,0,1,0,0,1,1,0,0,1,1,0,0.0,-58.654470743953155,1
1,1,1,0,1,0,1,0,0,0,1,0,0,1,0,1,0.0,-58.630959300661964,1
0,1,0,1,0,1,1,1,0,1,1,1,0,0,0,0,0.0,-58.630147555823534,1
1,1,1,0,0,1,1,1,0,0,1,0,1,0,0,0,0.0,-58.629025908786126,1
1,1,0,0,0,1,1,1,0,0,0,1,0,0,1,0,0.0,-58.61870572023631,1
1,0,0,0,0,0,1,0,0,0,1,1,1,1,1,0,0.0,-58.617283718925584,1
0,1,1,0,1,0,1,1,0,0,1,0,1,0,1,0,0.0,-58.61292186693788,1
1,1,0,1,1,1,1,1,0,0,1,0,0,0,0,0,0.0,-58.60731244122563,1
0,0,0,0,0,1,1,1,0,0,0,1,1,1,1,1,0.0,-58.60141936454923,1
1,0,1,0,1,1,1,1,0,0,1,1,0,0,0,0,0.0,-58.598914183343624,1
1,0,0,0,0,0,0,1,0,0,1,0,1,1,1,1,0.0,-58.588500063030494,1
0,1,0,0,0,0,1,1,0,1,1,1,0,0,1,0,0.0,-58.58154586759506,1
1,1,0,0,0,1,1,1,0,1,1,0,0,0,0,0,0.0,-58.58132295567685,1
1,0,1,0,0,0,1,1,0,0,0,0,1,1,1,1,0.0,-58.580100722357216,3
1,0,0,1,0,1,1,1,0,1,0,1,0,1,0,0,0.0,-58.57910604690487,1
1,0,0,0,1,1,1,1,0,0,1,0,0,1,0,0,0.0,-58.56900266807797,1
1,0,1,0,0,1,1,1,0,0,1,0,0,0,1,0,0.0,-58.56646266228203,1
1,0,0,0,0,0,1,0,0,1,1,0,1,1,1,1,0.0,-58.56526546166333,1
1,0,0,1,0,0,1,1,0,0,0,1,0,1,1,0,0.0,-58.56459299723113,1
1,0,1,0,0,1,1,1,0,0,1,1,0,0,0,0,0.0,-58.558343362271806,1
1,1,1,0,0,0,0,0,0,1,1,0,0,1,1,0,0.0,-58.55470798950217,1
1,0,0,1,1,1,1,0,0,0,1,0,0,1,1,0,0.0,-58.551473962056825,1
0,1,1,1,0,1,1,1,0,1,1,0,0,0,0,0,0.0,-58.546763029432164,1
1,0,0,0,1,1,1,1,0,1,0,0,0,1,0,1,0.0,-58.542386944318,1
0,1,0,0,0,1,1,1,0,0,1,0,1,0,1,0,0.0,-58.54237812220506,1
1,1,0,0,0,1,0,1,0,0,1,0,1,0,1,1,0.0,-58.54188441402727,1
1,0,0,0,0,1,0,1,0,0,1,0,1,1,1,0,0.0,-58.540664345566015,1
1,1,0,0,0,0,1,1,0,1,0,1,0,0,1,0,0.0,-58.5355998405022,1
0,1,0,0,0,1,1,1,0,0,1,0,1,1,0,0,0.0,-58.53170771242439,1
1,0,1,0,1,1,0,1,0,0,0,1,0,1,1,0,0.0,-58.52563050889164,1
0,1,0,0,0,1,1,0,0,0,0,1,1,1,1,1,0.0,-58.52240862212162,1
1,0,0,1,0,0,1,1,0,0,1,1,0,1,0,0,0.0,-58.52204759740998,1
1,0,0,1,0,0,0,1,0,1,1,0,1,1,0,1,0.0,-58.519609100014094,1
1,1,1,0,0,0,1,1,0,0,0,1,1,0,1,0,0.0,-58.519538997915305,1
0,1,1,0,0,1,1,1,0,1,1,0,1,0,0,0,0.0,-58.51607473184102,1
0,0,1,0,1,0,1,1,0,1,0,0,0,1,1,1,0.0,-58.51211592507143,1
0,0,0,1,0,1,1,1,0,0,1,1,1,1,0,0,0.0,-58.511959421787196,1
1,0,1,1,0,0,1,0,0,0,1,1,1,1,0,0,0.0,-58.509493068286076,1
1,1,0,1,0,1,0,0,0,1,0,1,0,1,1,0,0.0,-58.505302501468904,1
0,0,0,0,0,1,1,0,0,1,1,0,0,1,1,1,0.0,-58.496983437628884,1
1,1,0,1,0,1,1,1,0,0,1,0,1,0,0,0,0.0,-58.49655887599349,1
1,0,1,1,0,0,1,1,0,0,0,1,0,1,0,1,0.0,-58.4924995150165,1
0,1,0,0,0,1,0,0,0,1,1,0,1,1,1,0,0.0,-58.49003133064016,1
1,1,1,1,0,0,0,0,0,1,1,1,0,0,1,0,0.0,-58.490003276398994,1
1,0,0,0,1,1,1,0,0,0,1,0,1,1,1,0,0.0,-58.48788193042766,1
1,0,1,0,0,1,1,0,0,0,1,0,0,1,1,0,0.0,-58.48381647478739,1
1,0,1,0,0,0,1,1,0,0,1,0,1,1,0,0,0.0,-58.48298771725337,1
1,1,1,0,0,1,1,1,0,0,0,0,1,1,0,0,0.0,-58.482057480578646,1
1,1,0,1,1,0,1,0,0,0,0,0,0,1,1,1,0.0,-58.47705979419733,1
0,1,0,1,0,0,1,0,0,0,1,0,1,1,1,0,0.0,-58.47616716952715,1
0,1,1,0,0,0,0,0,0,1,1,0,1,1,1,1,0.0,-58.47466967977496,1
0,1,0,0,0,1,1,1,0,1,1,0,1,0,0,1,0.0,-58.47013434885289,1
0,1,0,0,0,0,1,1,0,0,1,0,1,1,0,1,0.0,-58.462036154513,1
1,1,0,0,1,1,1,1,0,0,0,0,0,0,1,1,0.0,-58.4607891880805,1
1,0,0,1,1,1,1,0,0,0,0,1,0,1,1,0,0.0,-58.45947847922376,1
1,0,1,1,0,0,1,0,0,1,1,0,0,1,0,1,0.0,-58.44751257007584,1
0,1,0,0,0,1,0,0,0,1,1,1,0,1,1,0,0.0,-58.44666070098102,1
0,0,1,0,0,1,1,0,0,0,1,0,1,1,1,1,0.0,-58.44399150688842,1
1,1,1,0,0,0,1,1,0,0,0,0,1,1,0,1,0.0,-58.44070683617784,1
1,1,0,1,0,1,1,0,0,1,0,0,0,1,1,0,0.0,-58.44036807851682,1
1,0,0,1,0,1,1,1,0,0,1,0,0,0,1,1,0.0,-58.43840290630009,2
0,0,1,0,0,0,1,1,0,1,1,0,1,0,1,1,0.0,-58.43727215453567,1
0,1,0,0,0,1,1,0,0,0,1,1,0,1,0,1,0.0,-58.434057919382504,1
1,1,0,1,0,0,0,1,0,0,1,0,1,0,1,0,0.0,-58.430988680138384,1
1,1,1,1,0,1,0,0,0,0,1,0,0,1,0,1,0.0,-58.42471322857172,1
1,0,1,1,0,0,1,1,0,1,1,0,0,0,0,1,0.0,-58.40597490151251,1
0,1,0,0,0,1,1,1,0,1,0,0,1,1,0,1,0.0,-58.398488226646585,1
1,1,1,0,1,1,0,0,0,0,0,0,0,1,1,1,0.0,-58.3980227986749,1
0,1,1,1,0,0,1,0,0,0,1,0,0,1,1,0,0.0,-58.3970630619517,1
0,0,0,1,1,1,1,0,0,0,1,0,1,1,1,0,0.0,-58.389566730332355,1
1,1,0,0,1,0,1,1,0,1,1,0,0,0,0,0,0.0,-58.353600282089154,1
0,0,1,0,0,0,1,0,0,1,1,0,1,1,1,0,0.0,-58.35174564172036,1
1,1,1,1,1,0,0,0,0,0,1,1,0,0,1,0,0.0,-58.34965726931763,1
1,1,1,0,0,0,0,0,0,1,1,0,1,1,0,1,0.0,-58.349624023813256,1
0,0,0,0,0,1,1,0,0,1,1,0,1,1,1,0,0.0,-58.344930332976666,1
0,1,0,1,1,1,1,1,0,0,1,0,1,0,0,0,0.0,-58.34339312552046,1
1,0,1,1,0,1,0,0,0,0,1,0,1,1,1,0,0.0,-58.33756360136259,1
1,1,0,0,1,0,0,0,0,1,0,1,0,1,1,1,0.0,-58.33251948690654,1
1,1,0,0,1,1,1,0,0,1,0,1,0,1,0,0,0.0,-58.3317005402442,1
0,1,1,0,1,0,1,1,0,0,0,0,1,1,1,0,0.0,-58.32834684521467,1
0,0,0,1,1,1,1,0,0,0,0,1,0,1,1,1,0.0,-58.3278737321744,1
0,1,1,1,0,1,0,0,0,1,1,1,0,0,1,0,0.0,-58.32712234941933,1
1,0,1,0,0,0,1,0,0,0,1,1,1,1,0,0,0.0,-58.324146318749854,1
1,0,0,0,1,1,1,0,0,0,1,1,0,0,1,1,0.0,-58.32173920294029,1
1,1,0,0,0,0,1,1,0,0,0,1,0,1,0,1,0.0,-58.31997556373046,1
0,1,1,0,0,1,1,0,0,1,1,0,1,0,1,0,0.0,-58.31622069130947,1
1,1,1,0,1,0,1,1,0,0,1,0,0,0,0,0,0.0,-58.31025216991972,1
1,0,0,1,0,1,1,1,0,0,0,0,1,1,1,0,0.0,-58.308990963971375,1
1,1,1,0,0,1,1,0,0,0,0,0,1,1,1,0,0.0,-58.3026366618081,1
0,0,1,0,0,1,1,1,0,0,0,1,0,1,1,0,0.0,-58.29759251076524,1
0,0,1,0,0,1,1,0,0,1,1,0,1,1,0,1,0.0,-58.29469981027816,1
1,1,1,0,1,0,1,1,0,0,0,0,1,1,0,0,0.0,-58.294016346487155,1
0,1,1,0,1,1,0,1,0,0,1,1,0,0,1,0,0.0,-58.29283510836117,1
1,0,0,0,0,1,0,1,0,1,1,1,1,0,0,1,0.0,-58.28373919429802,1
0,0,1,0,0,1,1,1,0,0,1,0,1,1,0,0,0.0,-58.27746174949017,1
0,1,1,0,0,1,0,0,0,0,1,1,0,1,1,0,0.0,-58.27150999546435,1
1,1,0,1,0,1,1,0,0,0,1,1,1,0,0,0,0.0,-58.2700019685181,2
0,0,0,1,0,0,0,0,0,1,1,1,0,1,1,1,0.0,-58.26705988909041,1
0,0,0,0,1,1,0,0,0,1,1,0,1,1,1,0,0.0,-58.26269473946882,1
1,1,1,1,0,0,1,0,0,0,0,1,0,1,0,1,0.0,-58.26157590644868,1
1,1,1,0,0,0,0,1,0,0,1,1,1,1,0,0,0.0,-58.259302482204895,1
1,1,1,1,0,0,0,1,0,1,1,0,1,0,0,0,0.0,-58.25624081081021,1
0,0,1,1,0,1,1,1,0,0,0,0,1,1,1,0,0.0,-58.25553636866463,1
0,1,1,1,1,1,1,0,0,0,0,0,0,1,1,0,0.0,-58.25302878975402,1
1,0,1,1,0,1,1,1,0,0,1,0,0,0,0,0,0.0,-58.25246673845868,1
1,1,1,1,0,1,0,0,0,1,1,0,0,0,1,0,0.0,-58.25086139202088,1
0,1,1,0,0,1,1,0,0,1,0,0,0,1,1,0,0.0,-58.24764675869693,1
0,1,1,0,0,1,1,0,0,0,1,0,1,1,0,0,0.0,-58.24437376042256,1
1,1,1,0,0,1,0,0,0,0,1,0,1,1,0,0,0.0,-58.2439932668725,2
0,1,1,0,0,0,0,1,0,0,1,0,1,1,1,0,0.0,-58.24363811635283,1
0,1,0,0,1,0,1,1,0,0,1,0,0,1,0,1,0.0,-58.242448332066736,1
0,1,0,0,0,1,0,1,0,1,1,0,1,1,0,0,0.0,-58.23863209535706,1
0,1,1,0,0,1,1,0,0,1,1,1,1,0,0,0,0.0,-58.22792967595247,1
0,0,1,0,0,0,1,1,0,0,1,0,1,1,0,1,0.0,-58.22743536267115,1
0,0,1,0,0,1,0,0,0,0,1,1,1,1,1,0,0.0,-58.22174100186492,1
0,0,1,1,1,0,1,1,0,0,1,0,0,0,1,0,0.0,-58.21865507576944,1
0,1,1,0,0,0,0,0,0,0,1,0,1,1,1,1,0.0,-58.21829847230598,1
0,1,0,1,0,1,1,1,0,0,1,0,1,0,0,0,0.0,-58.21820583486949,1
0,1,0,0,1,0,0,1,0,1,1,1,1,0,1,0,0.0,-58.21778632790728,1
1,1,0,0,1,0,0,1,1,0,1,1,0,0,1,0,0.0,-58.21579197310588,1
1,0,1,1,1,1,0,0,0,1,1,0,0,1,0,0,0.0,-58.21526046959644,1
0,1,1,0,0,0,1,1,0,1,1,0,1,0,0,1,0.0,-58.21056906660309,1
1,1,1,0,1,1,0,0,0,0,1,0,1,0,1,0,0.0,-58.20794971188889,1
1,1,1,1,1,0,0,0,0,0,0,0,0,1,1,1,0.0,-58.207446478583684,1
1,0,0,0,1,1,0,1,0,0,1,0,0,0,1,1,0.0,-58.206481737989,1
1,1,0,0,0,1,1,1,0,0,0,0,1,1,0,0,0.0,-58.20525315622052,1
1,1,1,0,1,0,0,0,0,1,0,0,1,1,1,0,0.0,-58.20521770093889,1
0,0,1,0,0,1,0,1,0,1,1,0,1,0,1,0,0.0,-58.20476211406989,1
1,1,0,1,1,0,0,1,0,1,1,0,1,0,0,0,0.0,-58.20246436190971,1
1,1,1,0,0,1,1,0,0,0,0,1,0,1,0,0,0.0,-58.19872355814182,1
1,0,1,1,0,0,1,0,0,0,1,0,0,1,0,1,0.0,-58.19750253405569,1
1,0,0,0,1,1,0,0,0,1,1,1,0,0,1,0,0.0,-58.196996897693445,1
0,0,0,0,1,0,1,1,0,0,1,0,1,1,0,1,0.0,-58.18970939896682,1
0,1,1,0,1,0,1,0,0,1,0,0,1,1,1,0,0.0,-58.18457148670038,1
0,0,0,1,1,0,1,0,0,1,1,1,0,0,1,1,0.0,-58.18130436726365,1
1,0,0,0,1,1,1,0,0,0,1,0,1,1,0,1,0.0,-58.16887226369086,1
1,1,1,0,0,0,0,0,0,1,1,0,1,1,0,0,0.0,-58.16799922278686,1
1,1,0,1,1,0,1,1,0,0,0,1,0,1,0,0,0.0,-58.167844448194174,1
0,1,0,1,0,1,0,1,0,0,0,1,1,1,1,0,0.0,-58.16693885598543,1
1,1,0,1,0,0,0,1,0,1,1,0,1,0,0,1,0.0,-58.161631411617066,1
1,1,0,0,1,1,1,0,0,0,1,0,1,0,1,0,0.0,-58.16123584529269,1
1,1,0,1,0,1,0,1,0,1,0,1,0,1,0,0,0.0,-58.15082594214549,1
1,1,1,0,0,0,0,1,0,1,1,0,1,0,0,1,0.0625,-58.14750079135496,1
0,1,1,0,1,1,1,0,0,0,1,0,0,1,0,0,0.0,-58.1469199068095,1
1,1,0,1,0,1,0,1,0,0,1,0,0,0,0,1,0.0,-58.14490760047391,1
1,0,1,1,0,0,0,1,0,1,1,1,1,0,0,0,0.0,-58.14387290116806,1
1,0,1,0,0,0,0,0,0,1,1,1,0,0,1,1,0.0,-58.14113415897555,1
0,1,1,0,0,0,1,0,1,0,1,0,0,1,1,1,0.0,-58.14056763798396,1
1,1,1,1,0,0,0,1,0,0,1,0,1,0,0,1,0.0,-58.14020856066861,1
1,1,1,0,0,0,1,0,0,1,0,1,1,0,1,0,0.0,-58.13961023414592,1
0,1,0,1,0,0,0,1,0,1,1,1,0,0,1,0,0.0,-58.13792654660638,1
0,1,0,0,1,1,0,1,0,1,0,0,0,1,1,0,0.0,-58.134755699352375,1
0,0,1,1,0,0,1,1,0,0,1,1,1,1,0,0,0.0,-58.133396937239816,1
0,1,0,0,1,1,1,1,0,0,0,0,1,0,1,1,0.0,-58.132672143615174,1
1,0,0,0,1,1,1,0,0,0,1,0,0,1,0,1,0.0,-58.13164898841983,1
1,1,1,1,1,0,0,0,0,0,0,0,1,1,1,0,0.0,-58.130033998170056,1
0,0,0,1,1,1,0,1,0,0,0,0,1,1,1,1,0.0,-58.13001411403556,1
0,1,1,0,1,0,1,1,0,1,1,0,1,0,0,0,0.0,-58.12585030829903,1
1,1,0,1,0,1,1,1,0,0,0,0,1,0,1,0,0.0,-58.12546443349688,1
0,1,0,0,0,0,1,1,0,1,1,0,1,0,0,1,0.0,-58.120529139174295,1
0,1,1,0,1,1,1,1,0,1,0,0,0,1,0,0,0.0,-58.1185175473552,1
0,0,1,1,0,0,1,0,0,1,1,0,1,1,0,1,0.0,-58.11788584587747,1
1,0,1,0,1,1,0,1,0,1,1,0,1,0,0,0,0.0,-58.11479986158943,1
0,1,0,0,0,1,0,0,0,1,0,1,0,1,1,1,0.0,-58.1136501920656,1
1,0,1,0,1,0,0,1,0,0,0,1,1,1,1,0,0.0,-58.11318410088203,1
0,1,0,1,1,1,0,0,0,1,1,0,1,0,1,0,0.0,-58.112308150343154,1
1,0,0,0,1,1,0,0,0,1,1,1,0,1,0,0,0.0,-58.11046305321574,1
0,1,1,0,1,1,1,1,0,0,1,0,0,0,0,0,0.0,-58.1090156711596,1
1,1,0,0,1,0,1,0,0,1,0,1,1,1,0,0,0.0,-58.103681272445755,1
0,1,1,0,1,1,1,0,0,0,1,0,0,0,1,0,0.0,-58.103566708697116,1
0,1,0,0,1,0,1,0,0,1,0,0,1,1,1,0,0.0,-58.10329851543066,1
0,1,0,1,0,0,1,1,0,0,1,1,0,0,0,1,0.0,-58.09828881232667,1
1,0,0,1,1,1,1,0,0,0,1,0,1,1,0,0,0.0,-58.096389637271464,1
0,1,0,0,0,1,1,0,0,1,1,0,1,0,1,0,0.0,-58.0948171135475,1
0,1,0,0,0,1,0,0,0,0,1,1,1,0,1,1,0.0,-58.0870720118559,1
0,1,0,1,1,0,1,0,0,0,0,0,0,1,1,1,0.0,-58.08563867142656,1
1,1,1,1,0,1,1,0,0,1,1,0,0,0,0,0,0.0,-58.08548493364947,1
0,0,0,1,0,1,1,1,0,1,1,0,1,0,0,1,0.0,-58.08148040082952,1
0,0,1,0,0,1,1,1,0,0,0,0,1,1,1,0,0.0,-58.078264107078766,1
0,1,0,1,0,0,1,1,0,0,1,0,1,0,0,1,0.0,-58.07760026646145,1
1,1,0,1,0,1,1,0,0,0,0,1,0,0,1,1,0.0,-58.07701727993919,1
1,0,1,1,0,0,1,0,0,1,0,0,0,1,1,0,0.0,-58.07463620335608,1
0,1,1,0,0,0,1,0,0,1,1,0,1,0,1,1,0.0,-58.07134237836666,1
0,1,0,1,0,1,1,0,0,0,1,1,1,0,0,1,0.0,-58.06902822400076,1
1,1,0,0,0,0,1,0,0,1,1,0,1,0,1,0,0.0,-58.06768601655117,2
1,1,1,1,0,1,0,1,0,0,0,1,0,1,0,0,0.0,-58.06618555567327,1
1,1,1,0,0,1,0,1,0,1,0,1,0,1,0,0,0.0,-58.06576820136705,1
0,1,0,1,1,0,1,1,0,0,1,1,1,0,0,0,0.0,-58.064796152781845,1
1,0,1,0,0,1,0,0,0,1,1,0,1,1,0,0,0.0,-58.06049014351059,1
0,1,1,1,0,0,1,0,0,0,1,0,1,1,0,0,0.0,-58.0604343887008,1
0,0,0,1,1,0,1,1,0,0,1,0,1,1,0,0,0.0,-58.05887516922486,1
1,0,0,1,0,0,1,1,0,1,1,0,1,0,0,0,0.0,-58.057777888350884,1
1,0,1,0,1,0,1,0,0,1,1,0,0,0,1,0,0.0,-58.043686385279734,1
1,0,1,0,0,1,0,1,0,1,0,0,1,1,0,1,0.0,-58.03641724695766,1
1,1,1,0,0,0,1,0,0,0,0,1,0,0,1,1,0.0,-58.03579591559706,1
0,1,1,0,1,0,1,0,0,0,1,1,0,0,1,0,0.0,-58.03252614824258,1
0,1,1,0,0,1,1,1,1,0,1,0,0,1,0,0,0.0,-58.0318834631569,1
0,0,1,1,0,0,0,0,0,1,1,1,0,1,1,0,0.0,-58.02666286436426,1
0,1,1,0,1,0,1,0,0,0,1,0,1,0,1,1,0.0,-58.02297179056372,1
0,0,0,1,0,1,1,1,0,1,1,0,1,0,0,0,0.0,-58.01547385601953,1
1,1,1,0,0,0,0,0,0,0,0,1,1,1,1,0,0.0,-58.00964051374812,1
1,1,1,0,1,0,0,1,0,0,0,1,1,0,1,0,0.0,-58.00948259718361,1
1,1,1,1,0,1,0,0,0,0,1,0,1,0,1,0,0.0,-58.00905973223444,1
0,0,0,0,1,1,1,0,0,0,1,1,1,1,0,0,0.0,-58.00885997005798,1
1,0,0,1,0,1,1,1,0,0,1,0,0,0,0,1,0.0,-58.008286627619825,2
0,0,1,0,0,0,1,1,0,1,0,1,1,0,1,1,0.0,-58.00781746803199,1
0,1,1,1,0,0,0,1,0,1,1,0,1,1,0,0,0.0,-58.0005343880899,1
0,1,1,0,1,0,1,0,0,1,0,0,0,1,1,0,0.0,-57.99836589417348,1
0,0,0,0,0,1,0,1,0,0,0,1,1,1,1,1,0.0,-57.997708943201594,1
0,1,1,1,0,0,1,1,0,0,0,0,1,1,0,1,0.0,-57.99107606845109,1
0,0,0,1,0,0,1,0,0,1,1,0,1,1,0,1,0.0,-57.990048959800646,1
0,0,1,0,1,0,0,1,1,0,1,0,0,1,1,1,0.0,-57.989976727748726,1
0,0,1,0,0,1,1,0,0,0,1,0,1,1,0,1,0.0,-57.98486886669406,1
1,0,0,0,1,1,0,0,0,1,1,0,1,1,0,0,0.0,-57.984593151042866,1
1,0,1,0,1,0,1,1,1,0,1,1,0,0,0,0,0.0,-57.984350767042,1
1,1,1,1,0,0,1,1,0,0,0,1,0,0,0,0,0.0,-57.98023965093744,1
1,1,1,0,0,1,0,0,0,0,1,1,1,0,0,0,0.0,-57.97976159755504,1
0,1,1,0,0,1,1,0,0,0,1,0,1,0,1,1,0.0,-57.97940627650018,1
1,1,1,0,1,0,1,0,0,0,0,0,0,1,0,1,0.0,-57.97610540103965,1
0,1,1,0,0,1,1,0,0,0,0,1,1,1,0,1,0.0,-57.97463664320705,1
0,1,1,1,1,0,1,0,0,0,0,1,0,1,1,0,0.0,-57.97356087846474,1
0,1,1,1,0,1,1,0,0,0,0,1,0,0,1,1,0.0,-57.97200307476496,1
1,0,1,0,1,0,0,0,0,1,1,0,1,1,0,0,0.0,-57.96909011151065,1
0,1,1,0,0,0,1,0,0,1,1,0,0,0,1,1,0.0,-57.96863637593518,1
1,0,1,1,0,1,1,0,0,0,1,1,1,0,0,0,0.0,-57.94874198163943,1
1,0,1,1,1,0,1,1,0,0,0,0,1,0,1,0,0.0,-57.948257512871315,1
0,1,1,1,0,1,1,0,0,0,1,1,0,0,0,0,0.0,-57.94794220470211,1
1,0,1,1,0,0,1,1,0,1,0,1,0,0,0,0,0.0,-57.9447493406779,1
1,0,1,0,0,1,0,1,0,1,0,1,1,1,0,0,0.0,-57.94397137526471,1
0,1,1,0,0,0,0,1,0,0,1,1,1,0,1,0,0.0,-57.94335879330535,1
0,1,1,0,1,1,1,0,0,1,1,0,1,0,0,0,0.0,-57.941987996704235,1
0,0,1,0,0,1,0,0,1,0,1,1,0,1,1,1,0.0,-57.94112247479058,1
0,1,1,0,1,0,1,1,0,0,0,1,0,1,1,0,0.0,-57.94002882090395,1
1,1,0,1,1,0,1,1,0,1,0,0,0,0,0,1,0.0,-57.93924901415117,1
1,1,1,0,0,0,1,0,1,0,1,1,0,0,0,1,0.0,-57.928327448198196,1
1,0,1,0,1,0,1,0,0,0,0,0,1,1,1,0,0.0,-57.92186116568997,1
1,1,1,1,0,0,1,1,0,1,0,0,1,0,0,0,0.0,-57.91513793571849,1
1,1,1,0,1,1,1,0,0,0,1,0,0,0,0,1,0.0,-57.91484710795772,1
1,1,1,1,0,0,0,1,0,0,0,1,0,1,0,1,0.0,-57.90961323946146,1
0,0,1,1,0,1,0,0,0,0,1,1,1,0,1,1,0.0,-57.90373688882684,1
1,0,1,1,1,0,0,1,0,1,0,0,0,1,0,1,0.0,-57.90245090391262,1
1,1,1,0,0,0,1,0,0,1,1,0,1,0,0,0,0.0,-57.9016935866196,1
1,1,1,1,0,1,1,0,0,0,0,0,1,1,0,0,0.0,-57.90146256728036,1
0,0,0,0,0,0,1,1,1,0,1,0,0,1,1,1,0.0,-57.89749959309647,1
1,1,1,0,1,0,1,0,0,1,1,0,0,0,0,1,0.0,-57.893956087614534,1
1,1,1,0,0,1,0,0,0,0,1,0,0,0,1,1,0.0,-57.890998785499214,1
0,0,1,0,1,0,0,1,1,0,1,1,0,0,1,1,0.0,-57.89012904666103,1
1,1,0,0,0,1,1,0,1,0,1,1,0,1,0,0,0.0,-57.88951636505519,1
0,1,1,0,0,0,1,1,1,0,1,0,1,0,1,0,0.0,-57.88759360227797,1
1,1,1,0,0,1,1,0,1,0,1,1,0,0,0,0,0.0,-57.883022224571604,1
1,1,1,0,0,1,0,0,0,0,0,1,0,0,1,1,0.0,-57.88064677384763,1
0,1,0,1,1,1,0,1,0,0,1,1,1,0,0,0,0.0,-57.87292853536007,1
0,0,1,1,1,1,0,0,0,1,1,0,1,1,0,0,0.0,-57.87191230223235,1
1,1,0,1,1,0,1,1,0,1,0,0,0,0,0,0,0.0,-57.87045383592011,1
1,0,1,1,0,1,1,1,0,0,0,1,1,0,0,0,0.0,-57.870070542372126,1
0,1,0,0,0,1,0,1,1,0,1,1,0,0,1,0,0.0,-57.86815206902823,1
0,1,0,1,1,1,0,0,0,0,1,0,1,0,1,0,0.0,-57.867733886756454,1
0,1,1,0,0,1,0,1,0,1,1,1,0,1,0,0,0.0,-57.86659926423104,1
1,0,1,1,0,0,1,1,0,1,0,1,1,0,0,0,0.0,-57.85697138348907,1
0,0,0,0,1,1,0,0,0,1,1,0,1,1,0,1,0.0,-57.85310470885141,1
1,1,1,0,0,1,1,1,0,0,0,0,1,0,0,1,0.0,-57.8524519370128,1
0,0,1,0,0,1,0,0,0,1,1,1,1,1,0,0,0.0,-57.84726694633352,1
0,1,0,0,0,1,1,1,1,1,0,1,0,0,1,0,0.0,-57.84688596922916,1
1,1,1,0,0,1,1,0,0,0,0,0,1,1,0,0,0.0,-57.8428534951408,1
0,1,0,1,0,1,1,0,0,0,1,0,1,0,1,1,0.0,-57.841910027608016,1
1,0,0,0,1,0,0,1,0,0,1,1,1,1,0,0,0.0,-57.84116236123252,1
0,1,1,0,0,0,1,1,1,1,1,0,0,1,0,0,0.0,-57.83557623639331,1
1,1,1,0,0,1,0,0,0,1,0,0,0,1,0,1,0.0,-57.82609921874799,1
1,0,0,1,1,0,0,1,0,0,1,1,0,0,0,1,0.0,-57.81442645261335,1
0,1,1,0,0,1,1,1,0,0,0,1,0,0,0,1,0.0,-57.814275793890666,1
1,0,1,1,0,1,0,0,0,0,0,1,0,1,0,1,0.0,-57.81384068386391,1
1,0,1,0,1,1,1,1,0,0,0,1,1,0,0,0,0.0,-57.81089511869987,1
1,1,0,1,0,0,1,1,1,0,1,0,0,0,0,1,0.0,-57.808078433677004,1
1,1,1,0,0,1,1,1,0,0,0,0,1,0,0,0,0.0,-57.80346823554385,1
1,1,1,0,0,0,1,0,1,1,1,0,0,1,0,0,0.0,-57.80077990287342,1
0,1,1,0,1,0,1,1,1,1,1,0,0,0,0,0,0.0,-57.800599525039225,1
1,0,0,1,0,1,1,0,0,0,1,0,1,1,0,0,0.0,-57.798133070413876,2
1,1,1,0,1,0,0,1,0,1,0,0,1,1,0,0,0.0,-57.7948920688027,1
0,0,0,1,0,1,1,1,1,0,1,1,0,0,0,1,0.0,-57.79482230036252,1
1,1,1,1,0,1,0,1,0,0,0,1,0,0,0,0,0.0,-57.792365421144225,1
1,0,0,0,0,1,0,0,0,0,1,1,1,0,1,1,0.0,-57.7895660801004,1
1,1,1,0,0,1,0,0,0,1,0,0,1,1,0,1,0.0,-57.78868572682866,2
1,1,1,0,0,1,1,0,0,1,0,1,1,0,0,0,0.0,-57.78630673589641,1
1,1,1,0,0,1,0,1,0,1,0,1,0,0,0,0,0.0,-57.785636304185246,1
1,0,0,0,1,0,0,1,0,1,1,1,0,0,0,1,0.0,-57.78372155221184,1
0,1,0,1,0,1,0,0,0,1,1,1,1,0,0,0,0.0,-57.77959153125335,1
1,1,1,1,0,1,0,1,0,0,0,1,1,0,0,0,0.0,-57.77853065492507,1
0,1,1,1,0,0,1,1,1,0,1,0,0,1,0,0,0.0,-57.77637381836884,1
0,0,1,0,0,0,1,0,0,1,0,0,1,1,1,1,0.0,-57.77273907257539,1
0,1,0,1,1,1,0,1,0,0,0,0,1,0,1,0,0.0625,-57.7624572552681,1
0,1,1,1,0,1,1,1,0,0,0,0,0,0,0,1,0.0,-57.76216987380626,1
1,0,0,0,1,1,1,0,0,1,1,0,1,0,1,0,0.0,-57.76198601494667,1
1,1,1,0,1,0,0,0,0,0,1,1,0,1,0,0,0.0,-57.759362488449256,1
0,1,1,1,1,1,1,0,0,0,1,0,1,0,0,0,0.0,-57.758193322387235,2
0,0,1,0,0,1,0,1,0,1,1,1,1,0,0,0,0.0,-57.75191842411171,1
1,1,0,1,0,1,1,0,0,1,0,1,0,0,0,0,0.0,-57.75137284604889,1
0,1,1,1,0,0,1,0,0,1,0,1,0,0,1,0,0.0,-57.74652019606904,1
1,1,1,1,0,0,0,0,0,0,0,1,1,1,0,1,0.0,-57.74628494286801,1
1,1,1,1,0,0,1,1,0,0,0,0,1,0,0,0,0.0,-57.74296265299621,1
0,0,0,1,0,1,1,1,0,1,0,0,1,0,1,1,0.0,-57.74091395717898,1
0,1,1,0,1,0,0,1,1,0,1,0,0,0,1,0,0.0625,-57.74045981273495,1
0,0,0,1,1,0,1,0,0,1,1,0,1,0,1,0,0.0,-57.73376084297084,1
0,1,0,0,0,0,1,1,1,0,1,0,1,1,0,1,0.0,-57.73188153243212,1
1,0,0,0,1,1,1,0,0,0,1,1,1,0,0,0,0.0,-57.728687352649956,1
1,0,1,0,1,0,0,0,1,1,1,0,0,1,1,0,0.0,-57.725467194834856,1
0,0,1,0,1,1,0,0,0,1,0,1,0,1,1,0,0.0,-57.723830773985696,1
1,1,1,0,1,0,1,1,0,0,0,0,1,0,0,0,0.0,-57.722763414533446,1
1,0,1,1,0,0,1,1,0,0,0,0,1,0,1,0,0.0,-57.716393946274984,1
1,1,0,1,0,1,1,1,0,0,0,0,1,0,0,1,0.0,-57.714170050589864,1
0,1,1,1,1,0,1,1,0,0,0,0,1,1,0,0,0.0,-57.71401159269344,1
1,1,1,1,0,0,1,0,0,0,1,0,1,0,0,1,0.0,-57.71155271759495,1
1,1,0,0,0,1,1,0,0,1,1,0,0,0,0,1,0.0,-57.70802299912423,1
0,1,1,0,1,1,1,0,0,0,0,1,1,1,0,0,0.0,-57.705890360925075,1
1,0,0,0,0,0,1,1,1,0,1,0,0,1,1,0,0.0,-57.70277686082055,1
0,0,1,0,0,0,1,0,1,0,1,1,0,0,1,1,0.0,-57.70001189713666,1
0,1,1,1,1,0,1,0,1,0,1,0,0,0,1,0,0.0,-57.69820692436952,1
1,0,1,0,1,0,0,1,0,0,0,1,1,0,1,0,0.0,-57.69700151738489,1
0,1,1,0,1,1,1,0,0,0,1,0,1,0,0,1,0.0,-57.689401365398304,1
1,1,1,0,1,0,0,1,1,0,1,1,0,0,0,0,0.0,-57.689029223918574,1
1,1,1,0,1,1,1,0,0,0,0,1,1,0,0,0,0.0,-57.67996113561508,1
0,0,1,1,0,0,0,1,0,1,0,1,1,1,1,0,0.0,-57.67747591032026,1
1,0,0,0,1,1,1,1,0,1,0,0,0,0,0,1,0.0,-57.66608645015327,1
0,1,1,1,0,0,1,0,1,0,1,0,0,1,0,1,0.0,-57.65342247626157,1
0,0,0,1,1,1,1,1,0,0,0,0,1,1,0,0,0.0,-57.648189027802616,1
1,1,1,0,1,1,1,0,0,0,0,0,1,0,1,0,0.0,-57.64469871469021,1
0,1,1,1,0,0,0,0,0,0,0,0,1,1,1,1,0.0,-57.6313005145895,1
0,0,1,1,1,0,1,0,0,0,0,0,1,1,1,0,0.0,-57.63128545325795,1
0,1,0,0,1,1,0,0,0,1,1,1,1,0,0,0,0.0,-57.63046478365185,1
1,1,0,1,1,0,1,0,0,0,1,0,0,0,0,1,0.0,-57.624428096279445,1
0,1,1,1,1,1,1,1,0,0,0,0,1,0,0,0,0.0,-57.62030257331494,1
0,1,1,1,0,1,1,0,0,0,1,0,0,0,0,1,0.0,-57.618815310494234,1
1,1,0,1,0,0,0,1,0,1,0,1,1,0,0,1,0.0,-57.618303965167044,1
0,1,1,0,1,0,1,0,0,1,1,1,0,0,0,1,0.0,-57.61547721593061,1
0,1,0,0,0,0,1,1,1,0,0,0,0,1,1,1,0.0,-57.61229918648009,1
0,1,1,0,0,0,1,1,1,0,1,1,0,1,0,0,0.0,-57.602584026192886,1
1,1,0,0,0,0,1,0,1,1,0,1,0,1,1,0,0.0,-57.602401175769,1
1,1,1,1,1,0,0,0,0,0,1,0,1,0,0,0,0.0,-57.6019271642984,1
0,0,1,0,0,1,1,0,0,1,0,1,1,0,1,0,0.0,-57.60042589558965,1
0,1,1,0,1,0,1,0,1,1,1,0,0,1,0,0,0.0,-57.59804753872035,1
1,0,0,1,0,0,0,0,1,1,1,1,0,1,1,0,0.0,-57.59696629138617,1
1,0,1,0,0,0,1,0,0,1,0,0,1,1,0,1,0.0,-57.593094240135834,1
1,1,0,1,1,0,1,0,0,1,0,1,1,0,0,0,0.0,-57.58729916563656,1
1,1,0,1,0,0,1,1,1,0,1,0,0,0,0,0,0.0,-57.58709620523977,1
0,1,0,0,0,0,1,0,1,1,1,0,1,1,1,0,0.0,-57.58277761916067,1
0,1,1,0,0,1,1,0,0,0,1,0,1,0,0,1,0.0,-57.57960393060285,1
0,1,0,0,0,1,1,0,1,0,1,1,1,0,1,0,0.0,-57.574003026912536,1
0,1,1,0,0,0,1,1,1,0,1,1,1,0,0,0,0.0,-57.56776614115313,1
0,0,1,0,0,1,1,1,0,0,0,0,1,0,1,1,0.0,-57.56168639062091,1
1,1,1,0,1,0,0,0,0,0,1,1,0,0,0,1,0.0,-57.56159693417745,1
1,1,0,0,1,0,1,1,1,0,0,1,0,0,0,1,0.0,-57.560562317300885,1
1,1,1,0,1,0,0,0,1,0,1,1,0,0,0,1,0.0,-57.55659604161425,1
0,0,0,1,1,1,1,0,0,0,0,1,0,0,1,1,0.0,-57.55404582523073,1
1,0,1,0,1,1,1,0,0,0,0,0,1,1,0,0,0.0,-57.54556340569401,1
1,1,1,0,1,0,0,0,0,1,0,1,0,1,0,1,0.0,-57.54547369300902,1
1,0,1,0,0,1,1,0,0,0,1,0,0,0,1,1,0.0,-57.5410024211774,1
1,0,1,0,1,0,0,1,0,0,0,0,1,0,1,1,0.0,-57.53960867161506,1
1,0,1,1,0,1,0,1,0,0,0,0,1,0,1,1,0.0,-57.53806138285092,1
0,1,0,0,0,0,0,1,1,1,1,0,1,0,1,1,0.0,-57.536423440814026,1
1,1,1,1,0,1,0,1,0,0,0,0,1,0,0,0,0.0,-57.53555336489587,1
1,1,1,0,1,0,1,0,0,0,0,0,1,0,1,1,0.0,-57.53532095162207,1
0,1,1,0,1,0,0,0,1,0,1,1,0,0,1,0,0.0,-57.53330858086396,1
1,1,1,1,1,0,1,0,0,0,0,1,1,0,0,0,0.0,-57.531888980203775,1
0,1,0,0,0,1,0,1,0,0,0,1,1,1,0,1,0.0,-57.52750165014792,1
1,0,1,1,0,0,1,0,1,0,1,0,0,1,1,0,0.0,-57.527226964260755,1
1,0,1,0,0,1,1,0,0,0,0,1,1,0,1,0,0.0,-57.525486156171084,1
0,0,1,1,0,0,1,1,0,0,0,0,1,0,1,1,0.0,-57.52253614880919,1
1,0,0,1,1,1,1,1,0,0,0,0,0,0,0,1,0.0,-57.52194788776135,1
1,0,1,0,0,1,0,0,1,1,1,1,0,1,0,0,0.0,-57.52193348824672,1
0,1,1,0,0,1,1,0,0,1,0,1,0,0,0,1,0.0,-57.514090427994915,1
1,0,0,1,0,1,0,1,0,1,0,0,1,0,1,1,0.0,-57.51058440146352,1
0,1,1,0,0,1,0,0,1,0,1,1,1,0,1,0,0.0,-57.50944404305144,1
1,1,1,0,0,0,1,0,1,0,1,1,1,0,0,0,0.0,-57.508963958227014,1
0,1,0,1,0,1,1,1,0,0,1,0,1,1,1,0,0.0,-57.50829238842799,1
1,1,0,1,0,0,1,0,0,0,1,0,1,0,0,1,0.0,-57.50428790569848,1
1,0,1,0,1,0,1,1,1,1,0,0,0,0,1,0,0.0,-57.4976735902753,1
1,1,1,0,0,0,1,0,1,0,1,0,0,0,1,0,0.0,-57.49626677476548,1
1,0,1,1,0,0,1,1,0,1,0,0,1,0,0,1,0.0,-57.49445677261343,1
0,0,0,0,1,1,0,1,1,0,1,0,0,0,1,1,0.0,-57.49290361971125,1
1,1,1,0,0,1,0,0,1,0,0,1,0,1,1,0,0.0,-57.49232488336034,1
1,1,1,0,1,1,1,0,0,1,0,0,0,0,0,0,0.0,-57.48914687520444,1
0,1,0,1,0,1,0,0,0,0,0,1,1,0,1,1,0.0,-57.48733628829075,1
1,0,1,0,0,0,0,0,0,1,1,0,1,0,1,1,0.0,-57.48692856477654,1
1,1,0,1,0,1,0,0,0,1,1,0,0,0,0,1,0.0,-57.48377972145804,1
1,1,1,0,1,0,0,0,1,0,0,0,0,1,1,1,0.0,-57.48290759629474,1
0,0,0,0,1,1,1,0,1,1,1,1,0,1,0,0,0.0,-57.47783993327748,1
1,0,0,1,0,1,0,1,1,1,1,1,0,0,0,0,0.0,-57.47773604800308,1
0,1,0,0,1,1,1,1,1,0,1,0,1,0,0,0,0.0,-57.47767323154491,1
0,1,0,0,0,1,1,0,1,0,1,0,0,1,0,1,0.0,-57.47519615861824,1
0,1,1,0,1,1,0,0,1,0,1,0,0,0,1,0,0.0,-57.466882381992214,1
1,0,1,0,1,0,1,1,0,0,1,0,1,1,1,0,0.0,-57.46433070960826,1
1,0,0,1,0,0,1,1,0,1,1,0,1,1,1,0,0.0,-57.463888084530836,1
1,0,0,1,0,0,0,1,0,1,1,1,0,1,1,1,0.0,-57.456446873964865,1
0,1,1,0,0,0,1,0,1,0,1,0,1,1,0,1,0.0,-57.45441493515485,1
0,0,0,1,0,0,1,1,0,1,0,1,1,0,0,1,0.0,-57.45305275503701,1
1,1,0,0,1,1,0,0,1,0,1,1,0,0,0,1,0.0,-57.45231323521206,1
1,0,1,0,0,1,1,0,0,0,0,0,1,1,0,1,0.0,-57.44693624851864,2
1,0,0,1,0,1,1,1,0,0,0,0,1,0,1,1,0.0,-57.44373372707053,1
0,0,1,0,1,1,1,0,0,0,0,1,1,0,1,0,0.0,-57.443619757350675,1
1,1,1,0,1,1,1,0,1,0,1,0,0,0,0,0,0.0,-57.4426178133814,2
0,1,0,0,0,1,1,0,1,0,1,1,1,1,0,0,0.0,-57.43149180410223,1
1,1,0,0,0,1,0,0,0,1,1,0,1,0,0,1,0.0,-57.43131994400848,2
1,1,0,1,0,0,1,0,0,0,0,1,1,0,0,1,0.0,-57.42983605818239,1
0,1,1,1,0,1,0,0,0,1,1,0,0,0,0,1,0.0,-57.42980757914612,1
1,0,0,1,1,0,0,0,0,0,1,1,1,0,0,1,0.0,-57.42850042867058,1
1,1,0,1,1,0,0,0,0,0,1,0,1,0,0,1,0.0,-57.42121570256434,1
0,0,1,1,1,1,0,1,0,0,0,0,1,0,1,0,0.0,-57.42035106193206,1
1,1,1,0,1,0,0,1,1,0,1,0,1,0,0,0,0.0,-57.41817298399574,1
1,1,1,0,0,0,1,1,1,0,0,1,0,0,0,0,0.0,-57.41799366806799,1
1,1,0,0,0,0,0,0,1,0,1,1,1,1,0,1,0.0,-57.4101108588948,2
1,1,1,0,0,1,0,1,1,0,0,1,0,0,0,1,0.0,-57.40829355628877,1
0,1,0,1,1,1,0,1,1,0,1,0,0,1,0,0,0.0,-57.40729777141234,1
0,1,0,0,0,1,1,0,1,0,1,0,1,1,1,0,0.0,-57.40018203882199,1
1,1,1,1,1,0,0,0,0,0,0,0,1,0,1,0,0.0,-57.398282572167915,1
1,1,1,1,0,0,1,0,0,0,0,0,1,0,1,0,0.0,-57.39549752617417,1
1,0,1,0,0,1,0,0,0,1,0,0,1,1,0,1,0.0,-57.393706872761584,1
0,0,1,0,0,1,1,0,1,0,1,1,0,1,0,0,0.0,-57.38817733223944,1
0,0,1,0,0,1,1,0,0,0,0,1,1,0,1,1,0.0,-57.3862918820789,1
0,1,1,0,0,1,1,0,1,0,1,1,1,0,0,0,0.0,-57.377019458829885,1
1,1,0,0,0,1,0,1,1,0,0,1,0,1,0,1,0.0,-57.37681034820395,1
0,0,1,0,0,1,1,0,1,1,0,1,0,1,1,0,0.0,-57.375205358663365,1
1,0,0,0,0,1,0,1,1,1,1,1,0,0,0,0,0.0,-57.36976282614055,1
1,0,1,0,0,0,1,0,1,0,1,1,1,1,0,0,0.0,-57.36929076279897,1
0,1,0,0,0,0,1,0,1,1,1,1,1,1,0,0,0.0,-57.367681985968964,1
0,1,1,0,1,0,0,1,0,1,0,1,1,0,1,0,0.0,-57.36505685925093,1
0,0,0,1,1,1,0,0,1,1,1,1,0,0,1,0,0.0,-57.36345007491441,1
0,1,1,0,1,1,0,0,0,0,0,1,1,1,0,1,0.0,-57.36025470988776,1
1,0,0,0,1,0,1,1,1,0,1,0,1,1,0,0,0.0,-57.352499720322406,1
1,1,0,0,1,1,1,1,0,0,1,0,1,1,0,0,0.0,-57.35017460095236,1
0,0,1,0,0,0,1,0,1,0,0,1,0,1,1,1,0.0,-57.34640333103024,1
0,1,0,1,0,1,0,1,0,1,0,0,1,0,0,1,0.0,-57.34223349081332,1
0,0,1,0,0,0,1,1,0,1,0,1,1,1,0,0,0.0,-57.34178912312889,1
0,1,1,0,0,0,0,1,0,1,1,1,1,0,0,0,0.0,-57.33814330643586,1
1,1,0,0,0,1,0,0,1,0,1,1,0,1,0,0,0.0,-57.338134245486614,1
1,0,1,1,0,0,0,0,0,0,1,0,1,0,1,1,0.0,-57.337092785921556,1
0,0,0,0,1,1,1,0,1,1,1,1,0,0,0,1,0.0,-57.33490936531784,1
1,1,1,0,1,0,1,1,0,0,1,1,0,0,1,0,0.0,-57.33426652294692,1
1,1,1,0,0,1,0,1,1,0,1,0,1,0,0,0,0.0,-57.33146134674058,1
0,1,1,1,1,0,0,1,0,0,0,0,1,1,0,1,0.0,-57.32947440600889,1
0,1,0,0,1,1,0,0,1,1,1,0,0,0,1,0,0.0,-57.32828703004664,1
0,0,0,0,1,0,1,1,1,0,1,1,1,0,0,1,0.0,-57.31928818278222,1
1,0,1,0,1,0,1,0,1,0,0,1,0,0,1,1,0.0,-57.31777400673228,1
1,0,0,1,0,1,0,0,0,1,0,1,1,0,1,1,0.0,-57.31713047610869,1
0,0,0,0,1,0,0,1,0,1,1,1,1,0,0,1,0.0,-57.3159177074814,1
1,0,1,0,1,0,1,1,1,0,0,0,0,0,1,0,0.0,-57.3123502947815,1
1,1,1,1,0,1,0,0,0,0,0,0,0,0,1,1,0.0,-57.31083608234509,1
1,1,1,1,0,1,0,0,0,0,0,1,1,0,0,0,0.0,-57.308629595961264,1
0,1,0,0,1,1,1,0,1,0,1,0,1,1,0,0,0.0,-57.305575301209885,1
0,1,1,1,0,1,0,1,0,1,0,1,1,0,0,0,0.0,-57.300954077127,1
1,0,1,0,0,0,1,1,0,1,1,1,1,0,1,0,0.0625,-57.29899230327224,1
0,0,1,0,0,1,0,1,1,1,1,0,1,0,1,0,0.0,-57.29331717951935,1
1,1,1,0,1,1,1,0,0,0,0,0,0,0,0,1,0.0,-57.29152690033857,1
1,1,0,1,1,1,0,0,0,0,0,0,0,0,1,1,0.0,-57.290691446620876,1
1,0,0,1,0,0,0,0,0,1,0,1,1,0,1,1,0.0,-57.289839518730936,1
0,0,0,0,0,0,1,0,1,1,1,1,1,1,0,1,0.0,-57.288700735115725,1
1,0,0,1,1,1,1,1,0,0,0,0,1,0,0,1,0.0,-57.28003179297338,1
1,0,1,1,0,0,1,0,0,1,0,1,1,0,0,0,0.0,-57.2798436786122,1
0,1,0,0,0,1,1,1,1,0,0,1,1,0,1,0,0.0,-57.27823946093613,1
1,1,1,0,0,1,0,1,1,0,0,0,0,0,1,0,0.0,-57.27781309039878,1
0,0,1,1,1,0,1,0,0,1,1,0,1,0,0,1,0.0,-57.27759509239914,1
0,1,1,0,0,1,0,1,1,0,1,0,1,1,0,0,0.0,-57.27646965461561,1
0,0,0,1,0,0,1,1,1,1,1,0,0,1,0,0,0.0,-57.27608433837214,1
1,0,0,1,1,1,1,1,0,0,0,0,1,0,0,0,0.0,-57.27465118222089,1
0,0,0,0,0,1,1,1,1,0,1,1,1,1,0,0,0.0,-57.27384595938501,1
1,0,0,1,0,1,0,1,0,0,0,0,1,0,1,1,0.0,-57.27280480395568,1
0,1,0,1,0,0,0,1,1,0,1,0,1,1,0,1,0.0,-57.26852346961563,1
0,1,1,0,1,1,0,0,1,1,1,1,0,0,0,0,0.0,-57.264500243909985,1
1,1,1,0,0,1,1,0,0,1,1,1,0,1,0,0,0.0,-57.26212932303332,1
1,0,0,1,1,1,1,1,1,0,1,0,0,0,0,0,0.0,-57.261201210056704,1
0,0,0,1,0,1,0,0,0,1,0,1,1,0,1,1,0.0,-57.25986265911025,1
0,1,1,1,1,1,1,0,0,0,0,1,0,0,0,0,0.0,-57.258961534108835,1
0,1,0,0,1,1,0,1,1,0,1,1,0,0,0,0,0.0,-57.23987660795422,1
1,0,0,0,0,1,1,0,0,0,0,1,1,0,1,1,0.0,-57.23934670501355,1
1,1,1,0,0,1,0,0,1,0,0,0,0,1,1,1,0.0,-57.23628651851375,1
1,0,0,0,1,1,1,0,1,0,1,0,0,1,0,1,0.0,-57.23533395589995,1
1,1,1,0,0,1,1,0,0,1,0,0,1,0,0,0,0.0,-57.23063697336661,1
0,1,1,0,1,1,0,1,0,1,0,0,1,0,0,1,0.0,-57.23053916073491,1
0,0,1,1,0,1,1,1,1,0,0,1,0,0,0,1,0.0,-57.22935590350165,1
1,1,1,0,0,1,0,1,0,0,1,1,1,0,1,0,0.0,-57.226097695628454,1
1,1,0,1,0,1,0,0,0,0,1,1,1,1,1,0,0.0,-57.223623328047594,1
0,1,1,1,0,1,0,0,0,1,0,1,0,1,0,0,0.0,-57.220096491937156,1
0,0,0,0,1,0,1,1,1,0,1,0,1,0,1,0,0.0,-57.218599895156515,1
1,0,1,1,1,0,1,0,1,0,1,0,0,0,1,0,0.0,-57.21769985670121,1
1,0,1,1,0,0,0,1,1,1,1,0,0,0,0,0,0.0,-57.21309223785897,1
1,1,1,0,0,1,1,0,0,0,1,0,1,1,1,0,0.0,-57.20830372018514,1
1,1,1,1,1,1,1,0,0,0,0,0,1,0,0,0,0.0,-57.20389561414154,1
0,0,1,0,1,1,1,1,0,0,1,0,1,1,1,0,0.0,-57.20128038627402,1
0,0,1,0,1,1,1,0,0,1,0,0,1,0,1,0,0.0,-57.20088102630333,1
1,1,1,0,0,1,1,1,0,0,1,0,1,0,1,0,0.0,-57.19347184876919,1
1,1,0,0,1,1,1,0,1,1,1,0,0,0,0,0,0.0,-57.188816297444106,1
1,1,0,1,0,0,0,0,0,0,1,1,1,1,1,1,0.0,-57.17965919201782,1
0,0,1,0,0,1,1,0,1,0,1,1,1,1,0,0,0.0,-57.17947965761669,1
0,1,0,1,0,1,1,0,1,0,1,0,0,1,0,0,0.0,-57.17652590251871,1
1,0,1,1,0,0,1,0,1,0,0,1,0,1,0,1,0.0,-57.17120947239105,1
1,0,1,0,0,0,1,0,1,0,0,1,0,1,0,1,0.0,-57.1698882543104,1
0,0,1,0,1,0,1,0,1,0,1,0,1,1,0,1,0.0,-57.167617461420036,1
0,0,0,1,1,1,1,0,1,0,1,1,0,0,0,1,0.0,-57.15625245723896,1
0,0,1,1,1,0,1,0,1,0,1,0,0,0,1,0,0.0,-57.146645013561425,1
1,1,1,0,0,1,1,0,1,0,1,0,0,0,0,0,0.0,-57.14581598976362,1
0,0,1,0,1,0,1,0,1,0,0,0,0,1,1,1,0.0,-57.14479791558906,1
0,0,1,0,0,1,1,0,0,1,0,1,1,0,0,1,0.0,-57.14473105411176,1
0,0,1,1,0,1,0,1,1,1,1,0,0,0,0,0,0.0,-57.14462035265489,1
1,1,1,1,0,0,1,1,1,0,0,0,0,0,0,0,0.0,-57.14426403210613,1
0,0,1,0,1,1,0,0,1,0,1,0,0,1,0,1,0.0,-57.14365776965881,1
0,1,0,0,1,1,1,0,1,0,1,0,0,0,0,1,0.0,-57.13426142976532,1
0,1,0,1,0,1,0,1,1,0,1,0,1,1,0,0,0.0,-57.12969889374413,1
0,0,0,1,0,1,1,0,1,1,1,0,0,1,0,1,0.0,-57.126216079984715,1
1,1,1,1,0,0,0,0,1,0,1,1,1,0,0,0,0.0,-57.12499097522748,1
0,0,1,0,1,0,0,0,1,1,1,1,0,1,0,1,0.0,-57.118826863200134,1
1,1,0,0,1,0,1,0,1,1,0,0,0,1,0,1,0.0,-57.117879875125176,1
1,1,0,0,1,1,1,0,0,1,1,1,0,1,0,0,0.0,-57.11709317715959,1
1,0,0,0,0,1,0,0,0,1,1,1,1,1,1,1,0.0,-57.10482858039066,1
0,1,1,1,1,0,0,0,1,0,1,1,0,0,0,1,0.0,-57.10372075880128,1
0,1,0,0,0,0,1,0,1,1,1,0,1,0,1,1,0.0,-57.10238999252224,1
1,1,1,0,0,0,0,0,1,1,0,1,0,0,1,0,0.0,-57.10051991836422,1
1,1,0,1,0,0,1,0,0,0,0,0,1,0,1,1,0.0,-57.09744681321369,1
1,0,0,1,0,1,1,1,1,0,0,1,0,0,0,1,0.0,-57.096232103193,2
1,1,0,1,1,1,1,0,0,0,0,0,0,0,0,1,0.0,-57.09268543334939,1
0,0,0,0,1,1,1,0,1,1,1,0,0,1,0,0,0.0,-57.08808168372761,1
0,0,1,1,1,1,0,1,1,0,1,0,0,0,0,0,0.0,-57.086921608371995,1
1,1,0,1,0,0,0,1,1,1,1,0,1,0,0,0,0.0,-57.083419011103466,1
1,1,0,0,0,0,1,1,0,1,1,0,1,0,1,1,0.0,-57.08283428110083,1
0,0,1,0,1,0,1,1,1,0,0,0,0,1,0,1,0.0,-57.08238163924137,1
1,0,0,1,0,1,1,0,0,0,1,0,1,0,1,0,0.0,-57.07797887484488,1
1,1,0,0,1,1,1,0,1,0,1,0,0,0,0,1,0.0,-57.07616624396384,1
0,1,1,1,1,0,0,1,1,0,0,0,0,0,1,0,0.0,-57.07451161970269,1
0,1,1,0,1,1,0,0,0,0,0,1,1,1,0,0,0.0,-57.0653582351693,1
0,0,1,1,0,0,1,1,1,0,1,0,1,0,0,1,0.0,-57.064233285403866,1
0,0,0,0,1,1,1,0,1,1,0,0,0,1,1,1,0.0,-57.062309509983656,1
0,0,1,0,1,0,1,0,1,1,1,0,1,1,0,0,0.0,-57.060458154036,1
1,0,1,1,0,0,0,0,1,0,1,0,0,1,0,1,0.0,-57.057692923291036,1
0,1,0,0,1,1,0,0,1,1,1,0,1,1,0,0,0.0,-57.04748703635286,1
0,0,1,0,1,0,1,0,0,1,0,0,1,0,1,1,0.0,-57.042604443796236,1
1,1,0,0,1,0,1,0,1,0,0,1,0,1,0,0,0.0,-57.040879618756236,1
1,0,1,1,1,1,0,0,0,0,0,0,0,0,1,1,0.0,-57.03873465736966,1
0,1,1,1,0,1,1,1,1,0,0,0,0,0,0,0,0.0,-57.033523729488685,1
0,1,0,0,0,0,1,0,1,1,1,0,1,0,1,0,0.0,-57.02637006753788,1
1,0,0,0,0,0,1,0,1,0,1,1,1,0,1,1,0.0,-57.02560362107133,1
0,1,1,0,1,0,1,1,0,1,0,1,0,0,0,0,0.0,-57.024039359198646,1
0,1,1,1,0,1,0,1,1,0,0,1,0,0,0,1,0.0,-57.0233018697741,1
1,1,0,0,0,1,0,1,0,1,1,1,1,1,0,0,0.0,-57.022592206826616,1
0,1,0,0,1,1,0,0,1,0,1,0,1,0,1,1,0.0,-57.02114696498588,1
0,1,0,0,0,1,0,1,1,0,1,0,1,0,0,1,0.0,-57.01532164758826,1
0,1,1,0,0,0,1,1,1,0,0,0,1,1,0,1,0.0,-57.01280113429268,1
1,1,0,0,0,0,0,0,1,1,1,1,1,0,0,1,0.0,-57.01106097789806,1
0,0,0,0,1,0,0,0,1,0,1,0,1,1,1,1,0.0,-57.01080279271033,1
0,1,1,1,0,0,1,0,1,0,0,0,0,1,1,0,0.0,-57.00996653735157,1
1,0,0,0,1,1,0,0,0,0,1,1,1,1,1,1,0.0,-57.00896038941485,1
0,1,0,1,0,0,0,1,1,1,1,0,1,1,0,0,0.0,-57.002888551281764,1
1,1,1,0,0,0,0,0,1,0,1,0,1,1,0,0,0.0,-56.99823582837513,1
0,1,0,0,1,0,0,1,1,0,0,1,1,0,1,1,0.0,-56.99488878289478,1
1,0,1,1,1,0,1,1,1,0,0,0,0,0,0,1,0.0,-56.99139937459927,1
1,1,0,0,0,1,0,0,0,1,1,0,1,1,1,1,0.0625,-56.98947712303335,1
0,0,0,0,1,0,0,0,1,0,1,1,1,0,1,1,0.0,-56.98732514386561,1
0,1,0,0,1,1,0,0,1,1,1,1,1,0,0,0,0.0,-56.98463250692882,1
0,1,1,1,1,1,0,0,0,0,0,1,0,1,0,0,0.0,-56.979254923947806,1
1,1,0,0,1,0,0,0,1,0,1,1,1,0,0,0,0.0,-56.97839856464272,1
0,1,0,0,1,0,1,1,1,0,0,0,1,0,1,0,0.0,-56.97739849055376,1
0,0,1,0,1,1,1,0,1,0,1,0,1,1,0,0,0.0,-56.975996087479956,1
1,0,1,0,1,1,1,0,0,1,1,1,0,1,0,0,0.0,-56.97547407760288,1
0,1,1,1,0,1,1,1,0,0,1,0,1,0,1,0,0.0,-56.97449776622028,1
0,0,0,0,0,0,0,0,1,1,1,1,1,1,1,0,0.0,-56.97147088462409,1
1,1,1,1,0,1,1,0,0,1,1,0,0,1,0,0,0.0,-56.965826310434025,1
0,0,1,0,0,1,0,0,1,0,1,1,1,0,1,0,0.0,-56.9634469760992,1
0,1,1,0,0,0,1,0,1,1,1,0,1,0,0,1,0.0,-56.96306895530352,1
1,1,1,0,1,1,0,0,0,1,0,0,1,0,0,1,0.0,-56.95908583371166,1
0,0,1,1,1,1,1,1,1,0,0,0,0,1,0,0,0.0,-56.95866829124223,1
1,1,0,0,0,1,0,0,1,0,1,0,1,1,0,1,0.0,-56.95835059074743,1
1,1,1,0,0,0,0,0,1,0,1,0,1,0,1,0,0.0,-56.9569815704647,1
0,0,0,1,1,0,1,0,1,1,1,0,0,1,0,0,0.0,-56.95632222857127,1
1,1,0,0,0,0,0,0,1,1,0,1,0,0,1,1,0.0,-56.9548206953277,1
0,1,1,1,1,0,0,0,0,1,1,1,0,0,0,0,0.0,-56.95165705578513,1
1,1,0,0,1,1,1,0,0,0,0,0,1,0,0,1,0.0,-56.947951829778006,1
0,1,1,1,0,0,0,1,1,0,0,0,0,1,1,0,0.0,-56.944957897051104,1
1,1,0,1,0,0,0,1,1,0,1,0,1,0,0,0,0.0,-56.942459582029485,1
1,0,1,1,0,1,0,1,0,0,1,1,1,0,1,0,0.0,-56.941012254071396,1
1,1,1,1,0,1,0,1,0,0,1,0,1,0,1,0,0.0,-56.94024573190539,1
1,1,0,1,0,0,1,0,1,1,1,0,0,0,0,1,0.0,-56.93944231733384,1
0,0,0,0,1,0,1,1,1,0,1,0,1,0,0,1,0.0,-56.93743158028146,1
0,1,1,0,0,0,1,0,1,1,0,1,1,0,1,0,0.0,-56.93734782581529,1
0,1,0,1,0,1,1,0,0,0,1,0,1,1,1,1,0.0,-56.93588513479726,1
0,1,1,0,1,0,1,1,1,0,0,0,0,1,0,0,0.0,-56.933868108098345,2
1,0,1,1,0,0,0,0,1,0,1,0,1,1,1,0,0.0,-56.92976796175387,1
1,0,0,1,0,1,0,0,0,1,1,0,1,0,0,1,0.0,-56.919563709350484,1
1,1,1,1,1,0,0,1,0,1,1,0,0,0,1,0,0.0,-56.916654567184665,1
1,0,1,0,1,1,1,1,0,1,1,1,0,0,0,0,0.0,-56.9146597771271,1
1,0,1,0,0,0,0,1,1,0,0,1,1,1,1,0,0.0,-56.91113743082308,1
0,0,0,0,0,0,1,0,1,1,1,0,1,1,1,0,0.0,-56.899494193235284,1
0,1,1,1,0,0,0,0,1,0,1,0,1,0,1,0,0.0,-56.898275342721234,1
1,1,1,0,0,1,1,0,0,0,0,1,1,1,1,0,0.0,-56.89734159605172,1
1,0,1,0,0,1,1,0,1,0,1,1,1,0,0,0,0.0,-56.89659066093244,1
0,0,1,0,0,0,1,0,1,1,1,1,1,0,0,0,0.0,-56.894122933533396,1
0,1,1,1,0,1,1,0,0,0,0,0,1,0,0,1,0.0,-56.89189523691565,1
0,0,1,0,1,1,0,0,1,0,1,0,1,1,0,1,0.0,-56.89109248537052,1
0,1,1,1,0,0,0,1,0,0,0,1,1,0,0,1,0.0,-56.89063229787086,1
1,1,0,0,1,1,1,0,1,0,0,1,0,0,0,0,0.0,-56.88064514079013,1
1,1,1,0,0,0,1,0,0,1,1,0,1,1,0,1,0.0,-56.87621325598407,1
1,0,1,1,1,0,1,0,1,0,1,0,0,0,0,1,0.0,-56.86770775602916,1
0,1,1,1,1,0,1,0,0,0,0,0,1,0,0,1,0.0,-56.86069666711068,1
0,0,1,0,1,1,1,1,1,1,0,0,0,0,0,0,0.0,-56.8576585059626,1
1,0,1,1,1,0,1,0,0,0,1,0,1,1,1,0,0.0,-56.852235256277936,1
1,1,1,0,0,0,1,0,1,0,1,0,1,0,0,0,0.0,-56.84891213002852,1
0,1,1,1,1,1,0,0,0,0,0,1,1,0,0,0,0.0,-56.841043750446595,1
1,0,1,1,1,0,0,0,0,0,0,1,1,0,0,1,0.0,-56.83926815856846,1
1,1,0,1,0,1,0,1,0,1,0,0,1,1,1,0,0.0,-56.83133571448933,1
1,0,0,1,0,0,0,1,1,0,1,1,1,0,0,0,0.0,-56.82856210833978,1
0,1,1,1,0,0,1,0,1,0,0,1,1,0,1,0,0.0,-56.82822613282514,1
1,0,1,0,1,0,1,1,0,0,0,1,1,1,1,0,0.0,-56.820339708495396,1
0,0,0,0,0,1,0,1,1,1,1,1,1,0,0,0,0.0,-56.814684672562755,1
1,0,1,1,0,0,1,0,1,0,0,1,0,1,0,0,0.0,-56.81209120350189,1
1,1,0,1,1,1,0,1,0,0,0,0,1,1,1,0,0.0,-56.81018518772332,1
0,1,1,0,0,1,0,0,1,0,0,1,1,1,1,0,0.0,-56.80803221288978,1
1,1,0,0,1,0,1,0,1,0,1,0,1,0,0,0,0.0,-56.80134197722578,1
1,1,0,0,0,1,0,1,1,1,0,0,0,1,0,0,0.0,-56.79754399647175,1
1,1,0,0,0,0,1,0,1,0,0,1,1,0,1,1,0.0,-56.795960638339906,1
1,0,1,1,0,0,0,1,1,0,0,1,1,0,1,0,0.0,-56.79195985776063,1
0,1,1,0,1,0,1,1,1,0,0,0,1,1,0,0,0.0,-56.79064925240463,1
1,1,1,1,0,0,0,0,0,1,0,0,1,0,0,1,0.0,-56.785683590697545,1
0,0,1,1,0,0,0,1,1,1,1,0,1,0,0,1,0.0,-56.785574054998584,1
0,1,1,1,0,0,1,0,1,0,1,0,1,0,0,0,0.0,-56.78462152252556,1
0,1,1,0,1,1,0,0,1,0,0,0,1,1,1,0,0.0,-56.78038868919535,1
0,0,1,0,1,0,0,1,0,1,1,0,1,1,1,1,0.0,-56.77882858753952,1
1,0,0,0,0,1,1,0,1,0,1,1,1,0,1,0,0.0,-56.777005193008335,1
1,0,0,1,0,0,0,1,0,1,1,1,1,1,0,1,0.0,-56.775110863472975,1
1,1,0,1,0,0,0,0,1,0,0,1,1,1,1,0,0.0,-56.76913815812605,1
1,1,1,1,0,1,1,1,0,0,1,0,1,0,0,0,0.0,-56.768200964150495,1
1,0,1,1,0,1,0,1,0,0,1,1,1,1,0,0,0.0,-56.76805275543026,1
1,1,0,1,1,0,0,1,0,0,1,0,1,0,1,1,0.0,-56.76558915020051,1
0,1,0,1,0,1,1,1,1,0,0,0,1,0,1,0,0.0,-56.76139509382374,1
1,1,1,0,0,1,0,1,1,0,0,1,1,0,0,0,0.0,-56.75619192055774,1
1,0,1,1,0,1,1,1,1,0,0,0,0,0,0,1,0.0,-56.74263105887016,1
1,0,1,0,0,0,1,1,1,1,0,1,1,0,0,0,0.0,-56.738998368115084,1
0,1,1,0,1,0,0,0,1,1,1,0,1,0,0,1,0.0,-56.73863120264032,1
0,1,0,0,1,1,1,1,1,0,0,0,1,0,0,1,0.0,-56.73111664674533,1
0,1,0,1,1,1,0,1,1,0,0,0,0,0,0,1,0.0,-56.72703180460386,1
1,1,0,1,0,1,1,0,0,0,0,0,1,0,0,1,0.0,-56.72645068638865,1
0,1,1,0,0,0,1,1,1,1,0,1,1,0,0,0,0.0,-56.72198832666754,1
1,0,1,0,0,1,1,0,1,1,1,0,0,0,0,1,0.0,-56.71389014264735,1
1,0,1,1,1,1,1,0,1,0,1,0,0,0,0,0,0.0,-56.71378264204908,1
0,1,1,0,0,0,1,1,1,1,0,0,1,0,0,1,0.0,-56.7129629204863,1
0,1,1,1,1,1,0,0,1,0,1,0,1,0,0,0,0.0,-56.7128229015583,1
0,1,1,0,1,1,1,0,0,1,1,0,1,1,0,0,0.0,-56.70767250041585,2
0,1,0,0,0,1,1,1,1,0,0,0,1,0,1,0,0.0,-56.70733222590234,1
0,1,0,0,1,1,1,1,1,1,0,0,1,0,0,0,0.0,-56.703060558407664,1
0,0,1,1,0,0,0,1,1,0,1,0,1,0,0,1,0.0,-56.70135612763279,1
1,1,1,0,0,1,1,1,1,0,0,0,1,0,0,0,0.0,-56.699896465501794,1
0,1,1,0,0,1,0,0,1,1,1,0,1,0,0,1,0.0,-56.69624742334118,1
0,0,0,1,0,1,1,0,1,1,1,1,1,0,0,0,0.0,-56.69487200848521,1
1,0,1,0,1,0,0,0,1,0,1,0,1,0,1,0,0.0,-56.691529246891236,1
1,1,0,1,0,0,1,0,1,0,0,1,1,0,1,0,0.0,-56.688401419170745,1
0,1,1,0,0,1,0,0,1,1,1,0,1,0,0,0,0.0,-56.67332581654367,1
1,1,0,0,0,1,1,1,1,0,1,0,0,1,1,0,0.0,-56.660931199872024,1
1,0,1,0,0,1,1,0,0,0,1,0,1,1,1,1,0.0,-56.660263413893816,1
0,0,1,0,0,0,1,1,1,0,0,0,1,1,1,0,0.0,-56.65697797721903,1
1,1,0,0,0,0,0,1,1,1,0,0,1,1,0,1,0.0,-56.6524976169079,1
1,0,1,0,0,1,0,0,1,0,1,1,1,0,0,0,0.0,-56.64810194044968,1
0,1,1,0,1,0,1,0,1,0,0,0,1,0,1,1,0.0,-56.64659677991495,1
1,0,1,1,0,1,0,0,1,0,0,1,0,0,1,0,0.0,-56.64400347920612,1
1,1,1,1,0,0,0,0,1,1,0,1,0,0,0,1,0.0,-56.63771945973639,1
0,0,1,0,0,0,1,1,1,1,0,1,1,0,0,1,0.0,-56.63360421322774,1
0,1,1,1,0,0,0,0,0,0,1,1,1,1,1,1,0.0,-56.631252738168655,1
0,1,1,0,0,1,1,1,1,1,1,0,0,0,1,0,0.0,-56.62965426050634,1
1,0,0,0,0,1,0,0,1,0,1,1,1,1,0,0,0.0,-56.62338961064222,1
1,1,0,1,1,1,1,1,0,0,0,0,1,1,0,0,0.0,-56.61726652539842,1
0,1,1,1,0,1,0,1,1,0,0,1,0,1,0,0,0.0,-56.60233269114636,1
0,0,1,1,1,1,0,0,1,0,1,0,1,1,0,0,0.0,-56.602329765592515,1
0,1,1,0,1,0,1,0,1,0,0,0,1,0,1,0,0.0,-56.60010771305208,1
0,0,0,0,1,1,0,0,1,0,1,0,1,1,0,1,0.0,-56.59918333252642,1
0,1,1,0,0,0,0,0,1,0,0,1,1,0,1,1,0.0,-56.59772691109274,1
1,1,1,0,1,0,1,1,0,0,1,0,1,0,0,1,0.0,-56.59719871225394,1
1,0,1,0,1,1,0,0,1,0,0,0,0,1,0,1,0.0,-56.589116256413924,1
1,1,0,1,0,1,0,0,0,1,0,1,1,1,1,0,0.0,-56.578777388465056,1
1,1,0,0,1,1,1,0,1,0,0,0,0,0,1,0,0.0,-56.575607117722754,1
1,1,1,0,0,0,1,0,1,0,0,1,1,0,0,0,0.0,-56.573048276693726,1
1,1,0,0,1,1,1,0,0,1,1,1,1,0,0,0,0.0,-56.56685564238762,1
1,0,1,0,1,1,0,0,0,1,0,0,1,0,0,1,0.0,-56.56603802716662,1
0,0,1,1,0,0,1,0,1,1,0,1,0,0,0,1,0.0,-56.56425500063803,1
1,0,0,1,1,1,1,0,0,0,0,0,1,0,1,1,0.0,-56.55910970284803,1
0,0,0,0,0,1,1,0,1,0,1,0,1,1,0,1,0.0,-56.558862763206044,1
0,0,1,0,0,0,1,1,1,0,0,0,1,0,1,1,0.0,-56.555428469619095,1
0,0,0,1,0,1,0,0,1,1,0,1,0,0,1,1,0.0,-56.547631224537916,1
1,0,1,0,0,1,0,0,1,1,1,0,0,0,0,1,0.0,-56.547165215072205,1
0,0,0,1,0,1,1,0,1,1,1,0,1,1,0,0,0.0,-56.54640881369267,1
1,0,1,0,0,1,1,1,1,0,0,0,1,1,0,0,0.0,-56.541179367948345,1
0,1,0,0,0,0,1,1,1,1,0,0,1,0,0,1,0.0,-56.538216785624165,1
1,1,1,1,0,1,1,1,0,0,0,1,0,0,0,1,0.0,-56.5367978173429,1
1,1,0,0,0,0,0,1,1,1,1,1,0,0,1,1,0.0,-56.52198277972988,1
1,1,0,1,0,0,0,0,1,0,0,1,1,0,1,1,0.0,-56.51469378684559,1
0,1,0,1,1,0,0,1,1,0,0,0,1,1,0,1,0.0,-56.51067016709711,1
1,1,0,0,1,0,1,0,1,0,0,1,1,0,0,0,0.0,-56.505848667327804,1
1,1,1,0,1,1,1,0,0,0,1,1,1,0,0,0,0.0,-56.5033571520261,1
0,1,0,0,1,1,1,1,0,0,0,1,1,0,1,1,0.0,-56.50262955534238,1
1,0,0,0,0,1,1,1,0,1,0,1,1,0,1,1,0.0,-56.49074823643902,1
0,1,0,0,0,1,1,0,1,1,0,0,1,1,0,1,0.0,-56.48603115787476,1
0,1,1,0,1,0,0,1,1,0,0,1,0,1,0,1,0.0,-56.46391581451257,1
1,1,0,1,0,0,0,1,1,0,0,1,1,1,0,0,0.0,-56.46174362149123,1
0,0,1,0,0,0,1,0,1,0,0,1,1,1,0,1,0.0,-56.454573714079835,1
0,1,1,1,0,1,1,1,0,0,1,0,1,0,0,1,0.0,-56.453090758523985,1
1,1,1,1,0,0,0,1,1,0,1,0,0,1,1,0,0.0,-56.45206208926653,1
0,0,0,1,1,0,1,0,1,0,0,0,1,1,1,1,0.0,-56.449432615273466,1
1,0,1,1,0,0,0,0,0,1,1,1,1,1,0,1,0.0,-56.44661912254256,1
1,0,0,0,1,0,1,1,0,1,0,1,1,0,1,1,0.0,-56.443595765424405,1
1,1,0,1,1,1,0,0,1,0,0,0,0,1,0,0,0.0,-56.435300566115686,1
0,1,0,1,1,1,1,1,0,1,0,0,1,0,1,0,0.0,-56.433458318705576,1
1,1,1,0,0,1,1,0,1,0,1,1,0,0,1,0,0.0,-56.4010670256189,1
1,1,0,1,0,1,1,0,0,0,0,1,1,1,0,1,0.0,-56.39391877069478,1
1,1,0,0,1,1,1,1,1,0,1,0,0,1,0,0,0.0,-56.39253510364186,2
1,1,1,1,1,0,0,0,1,0,0,0,0,0,0,1,0.0,-56.38137077142814,1
1,1,1,0,0,0,1,0,1,1,0,0,1,0,1,0,0.0,-56.37646081325856,1
1,1,1,0,0,1,0,0,1,0,0,0,1,1,0,1,0.0,-56.37554228820944,1
1,1,1,1,0,0,1,1,1,0,1,0,0,1,0,0,0.0,-56.37205452689895,1
0,1,1,1,0,1,1,0,0,1,1,0,1,0,1,0,0.0,-56.36861208155341,1
0,1,0,1,0,0,1,1,1,1,1,0,0,0,1,1,0.0,-56.35770397645365,1
0,0,1,0,0,1,1,0,1,1,1,0,1,0,0,0,0.0,-56.35746426883321,1
1,0,0,1,0,1,1,1,1,1,0,0,0,0,0,0,0.0,-56.35409942548789,1
1,1,0,1,0,0,1,0,0,1,1,1,1,0,0,1,0.0,-56.353455253377504,1
1,1,0,1,0,0,0,0,1,1,0,0,1,1,1,0,0.0,-56.35189562937463,1
0,0,1,0,0,1,0,0,1,0,1,0,1,0,1,1,0.0,-56.34515883401992,1
1,1,1,0,1,0,1,1,1,0,1,0,0,0,0,1,0.0,-56.33079650378937,1
1,0,0,1,1,0,1,0,1,0,0,1,1,0,1,0,0.0,-56.327654835800104,1
0,0,0,0,1,1,0,0,1,0,0,1,1,1,1,0,0.0,-56.32441064541663,1
0,1,0,1,1,0,1,0,1,0,0,1,1,0,0,0,0.0,-56.32196706610775,1
1,0,1,1,0,0,0,0,1,0,0,1,1,1,0,1,0.0,-56.3207165520753,1
1,0,1,1,1,0,0,0,1,0,0,0,0,0,1,1,0.0,-56.31465420810355,1
0,1,0,0,0,1,1,1,1,0,1,1,1,0,1,0,0.0,-56.31129619673871,1
1,1,0,0,0,1,0,0,1,1,1,0,1,0,0,0,0.0,-56.3078098829798,1
0,1,0,1,0,1,1,0,1,0,0,0,1,1,0,1,0.0,-56.307155032130225,1
1,1,0,0,0,1,1,1,1,0,0,0,1,0,0,0,0.0,-56.29576851198956,1
1,1,1,1,0,0,0,0,1,0,0,1,1,0,0,1,0.0,-56.28412668071662,1
0,1,0,0,1,1,1,0,1,0,0,0,1,0,1,0,0.0,-56.28301615501883,1
0,1,1,0,1,0,1,1,1,0,1,0,0,1,0,1,0.0,-56.28217478314838,1
1,0,1,1,0,1,1,0,0,0,1,0,1,1,0,1,0.0,-56.27469204804436,1
1,1,1,0,0,1,0,0,1,0,0,1,1,0,0,0,0.0,-56.2718912700165,1
0,1,1,0,1,1,0,0,0,0,1,1,1,0,1,1,0.0,-56.27144353963084,1
1,1,1,0,1,0,1,0,1,0,0,0,1,0,0,1,0.0,-56.26492775142287,1
1,0,1,0,1,0,1,0,1,0,0,1,1,0,0,0,0.0,-56.249055829245755,1
0,0,1,1,1,0,0,0,1,0,1,0,1,0,0,1,0.0,-56.24758015157933,1
0,0,1,0,0,0,0,0,1,1,0,0,1,1,1,1,0.0,-56.242682138384,1
0,1,1,0,1,1,1,0,1,1,0,0,1,0,0,0,0.0,-56.241107897638855,1
0,1,1,1,0,1,0,1,0,0,0,1,1,1,1,0,0.0,-56.22632521811562,1
0,1,1,1,0,1,0,1,0,0,1,1,1,1,0,0,0.0,-56.220901953031714,1
1,0,1,1,0,0,1,1,1,0,1,1,0,1,0,0,0.0,-56.21698785966721,1
1,0,1,0,1,0,1,0,1,0,0,0,1,1,0,0,0.0,-56.21170401055436,1
1,0,0,0,1,0,1,0,1,0,0,0,1,1,1,0,0.0,-56.20444843388845,1
0,0,1,1,0,0,0,1,1,1,0,0,1,1,0,1,0.0,-56.188712312655994,1
1,1,0,0,0,0,1,0,0,1,1,0,0,1,0,0,0.0,-56.18639280830226,1
1,1,0,0,1,1,0,0,1,0,0,1,1,0,0,0,0.0,-56.180621023113304,1
1,1,1,1,1,0,1,0,1,0,0,0,1,0,0,0,0.0,-56.17965084340355,1
0,1,0,1,1,0,0,0,1,1,0,0,1,1,0,1,0.0,-56.16519779928088,1
1,1,1,1,0,1,0,0,0,0,0,0,1,1,1,1,0.0,-56.160118598138254,1
0,1,1,1,0,0,0,1,1,1,0,0,1,1,0,0,0.0,-56.15484979360684,1
1,1,1,1,0,0,1,1,1,1,1,0,0,0,0,0,0.0,-56.152990119700846,1
1,0,1,0,0,1,0,0,1,0,1,0,1,0,1,0,0.0,-56.151808889063226,1
1,0,1,1,1,0,1,0,0,1,0,1,0,1,0,1,0.0,-56.13828537523683,1
1,1,1,1,0,1,0,1,1,0,1,1,0,0,0,0,0.0,-56.108741047120645,1
1,0,0,0,0,1,1,1,1,1,0,0,1,0,1,0,0.0,-56.10715210443012,1
1,0,0,1,0,0,1,0,1,1,1,1,0,1,1,0,0.0,-56.0994930825085,1
1,1,0,0,0,1,1,1,1,0,0,0,0,1,1,1,0.0,-56.097127392369984,1
0,1,0,0,0,1,1,1,0,0,0,1,0,0,1,0,0.0,-56.09609618155136,1
0,0,1,0,0,0,0,1,1,0,0,1,1,1,0,1,0.0,-56.094952772551835,1
1,0,1,0,1,0,0,1,1,1,0,0,1,0,0,0,0.0,-56.09459383389967,1
1,0,0,1,0,1,1,0,0,0,1,1,1,0,1,1,0.0,-56.094249592416745,1
0,1,0,0,0,1,1,0,1,1,0,0,1,0,1,0,0.0,-56.073836278274705,1
0,1,0,0,1,1,0,0,1,1,1,1,0,1,1,0,0.0,-56.0727104798318,1
1,0,0,0,1,1,1,1,1,1,1,1,0,0,0,0,0.0,-56.067657313581904,1
1,0,1,1,0,1,0,0,1,0,0,1,1,0,1,0,0.0,-56.05994054138765,1
1,1,0,0,0,1,1,1,0,0,0,0,0,0,1,0,0.0,-56.05621359753847,1
1,1,0,0,0,0,0,1,1,1,1,0,1,1,1,0,0.0,-56.022105180271666,1
1,0,1,0,1,0,1,1,1,1,0,0,0,1,1,0,0.0,-55.99943928919765,1
0,0,1,1,0,0,0,0,1,1,0,0,1,1,1,0,0.0,-55.98545823216124,1
1,1,0,0,0,0,1,0,0,1,1,1,0,0,0,0,0.0,-55.98524215534467,1
1,1,1,0,1,1,0,0,1,0,0,0,1,0,0,0,0.0,-55.97026009600241,1
0,0,0,1,0,1,1,0,1,0,1,0,1,0,1,1,0.0,-55.9638897589979,1
1,1,0,0,0,0,0,0,0,1,1,0,1,1,0,0,0.0,-55.94260414382099,1
1,1,1,0,0,1,1,1,1,0,0,1,0,0,0,1,0.0,-55.94254373433192,1
0,1,1,0,0,0,1,0,1,0,1,1,1,0,1,1,0.0,-55.93662939026845,1
1,0,1,0,0,0,0,0,0,0,1,1,0,1,0,1,0.0,-55.92195601509666,1
1,1,1,0,1,1,0,0,1,0,1,1,0,1,0,0,0.0,-55.918776630911125,1
0,1,1,0,0,1,1,1,1,0,1,0,1,1,0,0,0.0,-55.9067196195858,1
0,1,1,1,0,0,0,0,1,1,0,1,1,0,0,0,0.0,-55.90486837119749,1
0,1,0,0,0,1,0,1,0,1,1,0,0,1,0,0,0.0,-55.886075726034456,1
1,0,0,0,0,0,0,0,0,0,1,0,1,1,1,1,0.0,-55.878143669399556,1
1,0,1,1,1,0,0,0,1,1,0,1,1,0,0,0,0.0,-55.87508888286787,1
0,1,1,0,0,0,1,0,0,0,1,0,1,1,0,0,0.0,-55.86420748420426,1
0,1,1,1,0,1,1,0,1,0,0,0,1,0,0,0,0.0,-55.861528133275414,1
1,0,0,0,0,1,1,1,1,1,0,0,1,0,0,1,0.0,-55.85123528854327,2
0,1,0,1,0,1,0,0,1,1,0,0,1,0,1,0,0.0,-55.84706379687888,1
1,1,0,0,1,1,0,1,0,1,0,1,1,0,0,1,0.0,-55.812435418765105,1
1,0,0,0,1,1,0,1,1,1,0,0,1,0,0,0,0.0,-55.80976852220951,1
1,0,1,1,0,0,1,0,1,0,1,0,0,1,1,1,0.0,-55.805658968953864,1
1,1,1,0,0,1,1,0,1,0,0,0,1,0,0,1,0.0,-55.803241797490955,1
0,1,1,0,1,0,0,1,1,0,1,1,1,0,1,0,0.0,-55.80291726853271,1
1,1,1,0,0,0,1,1,0,1,0,0,0,0,0,0,0.0,-55.80198009780485,1
0,0,1,0,0,0,1,0,0,1,1,0,1,1,0,0,0.0,-55.79030487692587,1
0,0,1,1,0,1,0,1,0,0,0,0,0,1,1,0,0.0,-55.78846416122057,1
0,1,1,0,0,1,0,0,0,0,0,0,0,1,1,1,0.0,-55.7646887985602,1
0,1,1,0,0,1,1,1,1,1,0,0,0,1,0,1,0.0,-55.759175427755935,1
0,1,1,0,0,1,1,1,1,1,1,0,1,0,0,0,0.0,-55.75479667994348,1
0,1,0,1,0,0,1,0,1,1,1,1,1,0,1,0,0.0,-55.7537640537641,1
0,1,1,0,1,0,0,0,0,0,1,0,0,1,1,0,0.0,-55.75076952535852,1
0,0,0,0,0,1,1,0,0,1,1,1,0,0,0,1,0.0,-55.74875976421738,1
1,0,1,1,0,1,1,1,0,0,0,0,1,0,1,1,0.0,-55.746308384233444,1
0,0,1,1,1,1,0,1,0,0,0,1,1,0,1,1,0.0,-55.73194114046659,1
1,0,0,0,0,1,0,1,0,0,0,0,1,1,1,0,0.0,-55.72321395594426,1
1,0,1,1,1,1,1,1,1,0,1,0,0,0,0,0,0.0,-55.709929489104695,1
0,1,0,1,1,1,0,0,1,1,0,0,1,0,0,0,0.0,-55.709692648647376,1
1,0,0,1,0,0,0,0,0,1,1,0,1,1,0,0,0.0,-55.69572185090722,1
0,0,1,0,0,1,0,0,1,0,1,1,1,1,1,1,0.0,-55.69403156262334,1
0,1,1,0,1,0,1,1,1,1,1,0,1,0,0,0,0.0,-55.68076471344334,1
0,1,1,1,1,1,0,1,1,0,1,0,0,0,0,1,0.0,-55.68034798057805,1
1,0,1,0,1,1,1,0,0,0,1,0,1,0,1,1,0.0,-55.67870683532183,1
1,1,1,0,1,1,1,0,0,0,0,1,1,0,0,1,0.0,-55.66396440560078,1
0,0,1,1,0,1,0,0,0,0,1,0,0,1,0,1,0.0,-55.66312411401973,1
1,1,1,0,0,0,1,0,1,1,1,1,1,0,0,0,0.0,-55.645253735116796,1
0,0,0,0,0,1,1,1,0,1,0,0,1,1,0,0,0.0,-55.64504981028926,1
0,0,1,1,0,0,0,0,0,0,1,1,0,0,1,1,0.0,-55.60165182618265,1
0,0,1,0,0,0,0,1,0,0,1,0,1,1,0,1,0.0,-55.60071120715338,1
1,0,0,0,0,0,1,0,0,1,0,1,1,1,0,0,0.0,-55.59607170176149,1
0,1,1,0,0,0,1,0,1,1,1,1,1,1,0,0,0.0,-55.58406387953285,1
0,1,1,0,0,1,1,0,0,1,0,0,0,0,1,0,0.0,-55.58123799494015,1
0,0,1,1,1,1,1,0,0,1,0,0,1,1,0,1,0.0,-55.565310430077375,1
0,1,0,1,1,0,1,0,0,0,0,1,0,0,1,0,0.0,-55.54835505688005,1
1,0,1,0,0,0,1,1,1,0,0,1,1,1,1,0,0.0,-55.514478636368025,1
1,1,0,0,0,1,1,0,1,1,0,0,1,0,0,1,0.0,-55.50927721096047,1
1,1,1,1,0,0,1,0,0,0,0,0,0,0,1,0,0.0,-55.49738860592347,1
1,0,1,0,0,1,0,1,1,1,0,1,0,1,0,1,0.0,-55.475932404846546,1
0,0,1,0,0,1,0,1,0,0,1,0,1,0,0,1,0.0,-55.46892377269218,1
0,1,1,0,1,0,1,1,0,1,0,1,1,1,0,0,0.0,-55.459093531768076,1
1,0,1,1,0,0,0,0,0,0,0,0,1,1,1,0,0.0,-55.43054028959831,1
1,0,0,0,0,0,1,0,0,1,1,0,0,0,1,1,0.0,-55.427000821033204,1
1,0,1,1,0,0,1,0,1,0,0,0,1,0,1,1,0.0,-55.42548392231701,1
0,0,0,0,0,1,1,0,0,0,0,0,1,1,1,1,0.0,-55.40950792622053,1
0,1,1,0,1,1,0,0,1,0,1,0,1,1,0,1,0.0,-55.40311944610379,1
0,0,1,1,0,0,1,0,0,0,1,0,1,0,1,0,0.0,-55.39860474533368,1
0,1,0,0,1,1,0,1,1,0,0,0,1,1,1,1,0.0,-55.39252084680362,1
0,1,1,1,1,1,1,1,1,0,0,0,0,1,0,0,0.0,-55.39048751048156,1
1,0,1,1,0,1,0,1,0,0,0,0,0,0,0,1,0.0,-55.38765007852703,1
1,0,1,1,0,0,0,0,0,1,0,0,0,1,0,1,0.0,-55.380215900661,1
0,0,0,1,0,1,0,0,0,1,0,0,1,1,1,0,0.0,-55.37761182144288,1
1,1,1,0,0,0,0,1,0,1,0,0,0,0,0,1,0.0,-55.37215071699424,1
1,1,1,1,1,1,0,0,0,1,0,1,1,0,0,0,0.0,-55.36385322876568,1
0,1,1,1,0,1,1,0,1,0,1,1,1,0,0,0,0.0,-55.36114303222932,1
1,1,0,1,1,1,1,0,1,0,0,1,0,0,1,0,0.0,-55.34999704924279,1
1,0,0,1,0,1,1,0,1,0,0,0,0,0,1,1,0.0,-55.34973344074852,1
1,0,1,1,1,0,0,0,1,1,0,0,1,0,0,1,0.0,-55.349456613105716,1
1,0,1,0,0,0,0,0,1,1,1,1,1,0,1,1,0.0,-55.33665340771124,1
1,0,0,1,1,0,0,0,0,0,1,0,0,0,1,1,0.0,-55.328548932465665,1
0,1,0,1,0,1,0,0,0,0,0,0,1,1,0,1,0.0,-55.31819536234582,1
1,0,1,1,0,0,0,1,1,0,1,0,1,0,1,1,0.0,-55.316927048706646,1
1,1,1,1,0,0,1,0,1,1,0,1,0,1,0,0,0.0,-55.29850471077506,1
0,1,1,1,0,0,0,0,0,1,1,0,1,0,0,0,0.0,-55.27995264872854,1
0,0,1,0,0,1,1,1,0,0,0,1,1,0,0,0,0.0,-55.27977907893872,1
1,1,1,1,0,0,0,1,1,0,0,1,1,0,1,0,0.0,-55.27749118711904,1
1,0,1,1,0,0,0,1,1,1,1,0,1,1,0,0,0.0,-55.268635697739796,1
0,0,1,1,1,0,1,0,0,1,1,0,0,0,0,0,0.0,-55.26600953705952,1
1,0,1,1,1,1,1,0,0,0,1,0,1,0,0,1,0.0,-55.2535064634514,1
1,0,1,1,1,1,0,0,1,0,0,0,1,0,0,0,0.0,-55.25327467155638,1
0,0,0,1,0,1,1,0,0,1,1,0,0,0,0,1,0.0,-55.247138625097165,1
1,0,1,0,0,0,1,0,1,1,1,0,1,1,0,1,0.0,-55.216754317662236,1
0,1,1,1,1,1,0,0,1,0,1,0,1,0,1,0,0.0,-55.20442666312691,1
0,1,0,0,0,0,1,1,0,1,0,1,0,1,0,0,0.0,-55.195640215859655,1
0,1,1,1,0,0,1,0,0,0,0,1,0,1,0,0,0.0,-55.1922925025344,1
0,1,0,0,1,0,1,0,1,0,1,1,0,0,0,0,0.0,-55.19018045658896,1
0,1,0,0,0,0,1,0,1,0,1,0,0,0,1,1,0.0,-55.16659003876052,1
0,0,1,0,0,0,1,1,1,0,1,0,0,1,0,0,0.0,-55.165879418500126,1
1,0,1,1,1,0,0,0,1,0,1,1,1,1,0,0,0.0,-55.14331950571862,1
0,1,1,0,0,0,1,0,1,1,0,0,1,1,1,1,0.0,-55.12366342956034,1
1,1,1,0,0,0,1,0,1,0,0,1,1,0,1,1,0.0,-55.122703026729354,1
1,0,1,1,0,1,0,0,0,0,0,0,1,1,0,0,0.0,-55.11903835047022,1
1,1,0,1,1,1,0,1,1,1,0,1,0,0,0,0,0.0,-55.059986708381956,1
0,0,1,1,0,1,0,0,1,1,1,0,1,1,1,0,0.0,-55.047404144713866,1
0,0,0,1,1,1,0,0,0,0,0,0,1,1,0,1,0.0,-55.04702196154203,1
0,1,0,1,0,1,1,0,1,1,1,0,1,0,1,0,0.0,-55.00043019546811,1
0,1,1,0,1,0,1,0,1,0,0,0,0,0,1,0,0.0,-54.93089302122758,1
0,1,1,1,1,0,0,1,1,0,0,1,1,0,1,0,0.0,-54.905416844582646,1
1,0,0,0,1,1,0,1,1,1,0,1,1,0,1,0,0.0,-54.8970774064978,1
0,0,0,1,1,1,0,1,0,0,0,1,0,1,0,0,0.0,-54.893935616929184,1
1,0,1,1,0,1,0,0,1,1,0,1,0,1,0,1,0.0,-54.886929106602295,1
1,1,1,0,0,1,1,1,1,1,0,0,1,0,0,0,0.0,-54.84384246404136,1
1,1,1,1,0,0,1,0,1,0,1,0,1,0,0,1,0.0,-54.82187993366803,1
0,0,1,0,1,0,0,0,1,0,0,0,0,1,1,1,0.0,-54.76759446797236,1
1,1,1,1,0,0,0,0,1,1,0,1,1,0,1,0,0.0,-54.72203148285645,1
0,0,1,1,0,0,1,1,1,0,0,1,0,0,0,0,0.0,-54.716801250392926,1
0,1,1,0,1,1,0,0,1,0,0,1,1,1,0,1,0.0,-54.62830128475602,1
1,0,1,0,0,1,0,1,1,1,0,0,1,1,0,1,0.0,-54.62518838553386,1
1,0,1,1,1,1,1,0,0,1,0,0,1,0,0,1,0.0,-54.595472370751466,1
1,0,0,0,1,0,1,0,1,1,1,0,0,0,0,0,0.0,-54.576943376698736,1
1,0,1,0,1,1,1,0,1,1,1,0,1,0,0,0,0.0,-54.522559155951726,1
0,0,1,0,1,1,1,1,1,1,0,0,1,0,0,1,0.0,-54.46199248101897,1
0,1,0,1,1,1,1,0,1,1,0,0,1,0,1,0,0.0,-54.33369319561551,1
0,1,1,1,0,1,0,0,1,1,0,1,1,1,0,0,0.0,-54.24042509788839,1
1,1,0,1,1,1,0,0,1,0,0,1,1,0,0,1,0.0,-54.164606597902875,1
1,1,1,1,1,0,1,0,1,0,0,0,1,0,0,1,0.0,-54.11869135624359,1
0,0,1,0,0,0,1,0,1,0,0,1,1,1,0,0,0.0,-54.049769572187486,1
0,0,1,0,1,1,0,0,1,0,0,1,1,0,0,0,0.0,-53.80235949756465,1
1,1,0,0,1,0,1,1,0,1,1,1,1,0,1,0,0.0,-53.715982484826384,1
1,1,1,0,1,1,0,0,0,0,1,1,0,1,1,1,0.0,-53.529314534411924,1
1,0,1,1,1,0,0,1,0,0,1,1,0,1,1,1,0.0,-53.44112946899902,1
1,0,0,0,1,1,1,1,0,0,0,1,1,1,1,1,0.0,-53.32513695684544,1
1,1,1,0,0,1,0,1,1,0,1,0,1,1,1,0,0.0,-52.44108994166247,1
1,1,1,0,1,1,0,1,0,1,0,0,1,0,1,1,0.0,-52.341260035091935,1
1,1,1,1,0,0,1,1,1,1,1,0,1,0,0,0,0.0,-51.86285688765524,1
0,1,0,0,0,0,1,0,0,0,1,0,0,1,0,1,0.0,-51.71198939247559,1
0,0,1,1,1,0,1,0,1,1,0,1,0,1,1,1,0.0,-51.6356965453092,1
1,1,1,1,1,1,0,0,1,0,1,1,1,0,0,0,0.0,-51.33314771554677,1
1,0,0,0,1,1,0,0,0,0,0,0,0,1,0,1,0.0,-51.23504715188648,1
0,1,0,1,0,0,0,0,0,1,1,0,1,0,0,0,0.0,-51.23338123774226,1
0,1,1,1,0,1,0,1,1,1,0,0,1,0,1,1,0.0,-50.89292997075937,1
